0 0.1625 0.17777777777777778 0.008333333333333333 0.01746031746031746
0 0.3075 0.1761904761904762 0.008333333333333333 0.01746031746031746
0 0.6266666666666667 0.4714285714285714 0.009166666666666667 0.023809523809523808
0 0.37583333333333335 0.326984126984127 0.009166666666666667 0.023809523809523808
0 0.5366666666666666 0.4015873015873016 0.009166666666666667 0.023809523809523808
0 0.245 0.45714285714285713 0.014166666666666666 0.03333333333333333
0 0.6 0.29523809523809524 0.009166666666666667 0.023809523809523808
0 0.0725 0.18888888888888888 0.008333333333333333 0.01746031746031746
0 0.5025 0.42857142857142855 0.014166666666666666 0.03333333333333333
0 0.24 0.26031746031746034 0.008333333333333333 0.01746031746031746
0 0.72 0.5825396825396826 0.009166666666666667 0.023809523809523808
0 0.4608333333333333 0.19682539682539682 0.008333333333333333 0.01746031746031746
0 0.31416666666666665 0.32222222222222224 0.009166666666666667 0.023809523809523808
0 0.22666666666666666 0.6714285714285714 0.019166666666666665 0.03650793650793651
0 0.8425 0.32063492063492066 0.009166666666666667 0.023809523809523808
0 0.24333333333333335 0.553968253968254 0.014166666666666666 0.03333333333333333
0 0.1675 0.1523809523809524 0.005833333333333334 0.014285714285714285
0 0.2891666666666667 0.12063492063492064 0.005833333333333334 0.014285714285714285
0 0.14333333333333334 0.08253968253968254 0.005833333333333334 0.014285714285714285
0 0.7433333333333333 0.47619047619047616 0.009166666666666667 0.023809523809523808
0 0.08916666666666667 0.20634920634920634 0.008333333333333333 0.01746031746031746
0 0.2875 0.2015873015873016 0.008333333333333333 0.01746031746031746
0 0.3616666666666667 0.23015873015873015 0.008333333333333333 0.01746031746031746
0 0.8575 0.4253968253968254 0.009166666666666667 0.023809523809523808
0 0.195 0.08095238095238096 0.005833333333333334 0.014285714285714285
0 0.6133333333333333 0.326984126984127 0.009166666666666667 0.023809523809523808
0 0.1325 0.28253968253968254 0.008333333333333333 0.01746031746031746
0 0.155 0.10952380952380952 0.005833333333333334 0.014285714285714285
0 0.43666666666666665 0.09682539682539683 0.005833333333333334 0.014285714285714285
0 0.29583333333333334 0.19523809523809524 0.008333333333333333 0.01746031746031746
0 0.9158333333333334 0.6825396825396826 0.0125 0.026984126984126985
0 0.25416666666666665 0.12380952380952381 0.005833333333333334 0.014285714285714285
0 0.255 0.46825396825396826 0.014166666666666666 0.03333333333333333
0 0.14166666666666666 0.2253968253968254 0.008333333333333333 0.01746031746031746
0 0.0675 0.5968253968253968 0.015 0.03650793650793651
0 0.7 0.5222222222222223 0.009166666666666667 0.023809523809523808
0 0.25 0.17777777777777778 0.008333333333333333 0.01746031746031746
0 0.11833333333333333 0.35873015873015873 0.009166666666666667 0.023809523809523808
0 0.33 0.0873015873015873 0.005833333333333334 0.014285714285714285
0 0.4083333333333333 0.39365079365079364 0.009166666666666667 0.023809523809523808
0 0.085 0.09206349206349207 0.005833333333333334 0.014285714285714285
0 0.5066666666666667 0.46825396825396826 0.014166666666666666 0.03333333333333333
0 0.38333333333333336 0.22857142857142856 0.008333333333333333 0.01746031746031746
0 0.17666666666666667 0.14126984126984127 0.005833333333333334 0.014285714285714285
0 0.5025 0.1126984126984127 0.005833333333333334 0.014285714285714285
0 0.35 0.24444444444444444 0.008333333333333333 0.01746031746031746
0 0.21 0.15714285714285714 0.005833333333333334 0.014285714285714285
0 0.6625 0.48095238095238096 0.009166666666666667 0.023809523809523808
0 0.7216666666666667 0.4507936507936508 0.009166666666666667 0.023809523809523808
0 0.49166666666666664 0.6285714285714286 0.014166666666666666 0.03333333333333333
0 0.4891666666666667 0.22380952380952382 0.008333333333333333 0.01746031746031746
0 0.6666666666666666 0.6365079365079365 0.009166666666666667 0.023809523809523808
0 0.32916666666666666 0.1365079365079365 0.005833333333333334 0.014285714285714285
0 0.27416666666666667 0.18888888888888888 0.008333333333333333 0.01746031746031746
0 0.395 0.4142857142857143 0.014166666666666666 0.03333333333333333
0 0.36666666666666664 0.40634920634920635 0.009166666666666667 0.023809523809523808
0 0.10333333333333333 0.19206349206349208 0.008333333333333333 0.01746031746031746
0 0.3475 0.25873015873015875 0.008333333333333333 0.01746031746031746
0 0.6658333333333334 0.0761904761904762 0.005833333333333334 0.014285714285714285
0 0.31333333333333335 0.08095238095238096 0.005833333333333334 0.014285714285714285
0 0.33666666666666667 0.15714285714285714 0.005833333333333334 0.014285714285714285
0 0.4683333333333333 0.5682539682539682 0.014166666666666666 0.03333333333333333
0 0.34833333333333333 0.6317460317460317 0.008333333333333333 0.02857142857142857
0 0.6383333333333333 0.42857142857142855 0.009166666666666667 0.023809523809523808
0 0.43666666666666665 0.2746031746031746 0.008333333333333333 0.01746031746031746
0 0.5133333333333333 0.3968253968253968 0.009166666666666667 0.023809523809523808
0 0.3925 0.4650793650793651 0.014166666666666666 0.03333333333333333
0 0.19166666666666668 0.6476190476190476 0.019166666666666665 0.03650793650793651
0 0.18916666666666668 0.17936507936507937 0.008333333333333333 0.01746031746031746
0 0.09333333333333334 0.09047619047619047 0.005833333333333334 0.014285714285714285
0 0.4166666666666667 0.10952380952380952 0.005833333333333334 0.014285714285714285
0 0.6158333333333333 0.4365079365079365 0.014166666666666666 0.03333333333333333
0 0.265 0.25396825396825395 0.008333333333333333 0.01746031746031746
0 0.2833333333333333 0.4936507936507937 0.014166666666666666 0.03333333333333333
0 0.16583333333333333 0.10158730158730159 0.005833333333333334 0.014285714285714285
0 0.185 0.35555555555555557 0.009166666666666667 0.023809523809523808
0 0.49583333333333335 0.44126984126984126 0.014166666666666666 0.03333333333333333
0 0.5083333333333333 0.5952380952380952 0.014166666666666666 0.03333333333333333
0 0.15583333333333332 0.34285714285714286 0.009166666666666667 0.023809523809523808
0 0.30416666666666664 0.10793650793650794 0.005833333333333334 0.014285714285714285
0 0.2325 0.18253968253968253 0.008333333333333333 0.01746031746031746
0 0.73 0.37777777777777777 0.009166666666666667 0.023809523809523808
0 0.11166666666666666 0.32063492063492066 0.009166666666666667 0.023809523809523808
0 0.6366666666666667 0.25873015873015875 0.008333333333333333 0.01746031746031746
0 0.7716666666666666 0.4222222222222222 0.009166666666666667 0.023809523809523808
0 0.35083333333333333 0.14761904761904762 0.005833333333333334 0.014285714285714285
0 0.545 0.6174603174603175 0.009166666666666667 0.023809523809523808
0 0.1775 0.373015873015873 0.009166666666666667 0.023809523809523808
0 0.37666666666666665 0.40634920634920635 0.009166666666666667 0.023809523809523808
0 0.15083333333333335 0.16825396825396827 0.005833333333333334 0.014285714285714285
0 0.7783333333333333 0.7095238095238096 0.0125 0.026984126984126985
0 0.185 0.4634920634920635 0.014166666666666666 0.03333333333333333
0 0.9058333333333334 0.49206349206349204 0.009166666666666667 0.023809523809523808
0 0.33 0.11904761904761904 0.005833333333333334 0.014285714285714285
0 0.3858333333333333 0.5984126984126984 0.008333333333333333 0.02857142857142857
0 0.10166666666666667 0.12063492063492064 0.005833333333333334 0.014285714285714285
0 0.009166666666666667 0.08571428571428572 0.005833333333333334 0.014285714285714285
0 0.7933333333333333 0.5571428571428572 0.009166666666666667 0.023809523809523808
0 0.42 0.173015873015873 0.008333333333333333 0.01746031746031746
0 0.6316666666666667 0.3968253968253968 0.009166666666666667 0.023809523809523808
0 0.7808333333333334 0.2984126984126984 0.009166666666666667 0.023809523809523808
0 0.06833333333333333 0.08095238095238096 0.005833333333333334 0.014285714285714285
0 0.42833333333333334 0.2571428571428571 0.008333333333333333 0.01746031746031746
0 0.24416666666666667 0.28253968253968254 0.008333333333333333 0.01746031746031746
0 0.21666666666666667 0.6412698412698413 0.019166666666666665 0.03650793650793651
0 0.395 0.13015873015873017 0.005833333333333334 0.014285714285714285
0 0.3908333333333333 0.1365079365079365 0.005833333333333334 0.014285714285714285
0 0.20333333333333334 0.6444444444444445 0.019166666666666665 0.03650793650793651
0 0.17666666666666667 0.3142857142857143 0.009166666666666667 0.023809523809523808
0 0.725 0.3349206349206349 0.009166666666666667 0.023809523809523808
0 0.3433333333333333 0.4158730158730159 0.014166666666666666 0.03333333333333333
0 0.8483333333333334 0.37936507936507935 0.009166666666666667 0.023809523809523808
0 0.0925 0.15873015873015872 0.005833333333333334 0.014285714285714285
0 0.25083333333333335 0.18253968253968253 0.008333333333333333 0.01746031746031746
0 0.4066666666666667 0.16507936507936508 0.005833333333333334 0.014285714285714285
0 0.09583333333333334 0.33174603174603173 0.009166666666666667 0.023809523809523808
0 0.6466666666666666 0.3634920634920635 0.009166666666666667 0.023809523809523808
0 0.2658333333333333 0.1634920634920635 0.005833333333333334 0.014285714285714285
0 0.1525 0.273015873015873 0.008333333333333333 0.01746031746031746
0 0.49083333333333334 0.326984126984127 0.009166666666666667 0.023809523809523808
0 0.4175 0.2698412698412698 0.008333333333333333 0.01746031746031746
0 0.3441666666666667 0.33015873015873015 0.009166666666666667 0.023809523809523808
0 0.20666666666666667 0.48095238095238096 0.014166666666666666 0.03333333333333333
0 0.6966666666666667 0.5444444444444444 0.009166666666666667 0.023809523809523808
0 0.45166666666666666 0.36984126984126986 0.009166666666666667 0.023809523809523808
0 0.36333333333333334 0.1492063492063492 0.005833333333333334 0.014285714285714285
0 0.8616666666666667 0.7206349206349206 0.0125 0.026984126984126985
0 0.2075 0.2523809523809524 0.008333333333333333 0.01746031746031746
0 0.5558333333333333 0.24444444444444444 0.008333333333333333 0.01746031746031746
0 0.3541666666666667 0.13015873015873017 0.005833333333333334 0.014285714285714285
0 0.22166666666666668 0.2492063492063492 0.008333333333333333 0.01746031746031746
0 0.73 0.6936507936507936 0.0125 0.026984126984126985
0 0.21833333333333332 0.21904761904761905 0.008333333333333333 0.01746031746031746
0 0.09166666666666666 0.10158730158730159 0.005833333333333334 0.014285714285714285
0 0.47333333333333333 0.33174603174603173 0.009166666666666667 0.023809523809523808
0 0.011666666666666667 0.07936507936507936 0.005833333333333334 0.014285714285714285
0 0.7766666666666666 0.39206349206349206 0.009166666666666667 0.023809523809523808
0 0.2775 0.32063492063492066 0.009166666666666667 0.023809523809523808
0 0.45416666666666666 0.3523809523809524 0.009166666666666667 0.023809523809523808
0 0.245 0.4873015873015873 0.014166666666666666 0.03333333333333333
0 0.675 0.5190476190476191 0.009166666666666667 0.023809523809523808
0 0.33666666666666667 0.4793650793650794 0.014166666666666666 0.03333333333333333
0 0.1625 0.25555555555555554 0.008333333333333333 0.01746031746031746
0 0.24916666666666668 0.30634920634920637 0.009166666666666667 0.023809523809523808
0 0.4225 0.12063492063492064 0.005833333333333334 0.014285714285714285
0 0.2975 0.09365079365079365 0.005833333333333334 0.014285714285714285
0 0.04666666666666667 0.13015873015873017 0.005833333333333334 0.014285714285714285
0 0.44583333333333336 0.665079365079365 0.008333333333333333 0.02857142857142857
0 0.6983333333333334 0.4936507936507937 0.009166666666666667 0.023809523809523808
0 0.3 0.2222222222222222 0.008333333333333333 0.01746031746031746
0 0.2891666666666667 0.17142857142857143 0.005833333333333334 0.014285714285714285
0 0.4866666666666667 0.45396825396825397 0.014166666666666666 0.03333333333333333
0 0.4675 0.41904761904761906 0.014166666666666666 0.03333333333333333
0 0.29333333333333333 0.46190476190476193 0.014166666666666666 0.03333333333333333
0 0.20833333333333334 0.10317460317460317 0.005833333333333334 0.014285714285714285
0 0.9558333333333333 0.5587301587301587 0.009166666666666667 0.023809523809523808
0 0.26666666666666666 0.21428571428571427 0.008333333333333333 0.01746031746031746
0 0.175 0.10158730158730159 0.005833333333333334 0.014285714285714285
0 0.225 0.49682539682539684 0.014166666666666666 0.03333333333333333
0 0.08333333333333333 0.10476190476190476 0.005833333333333334 0.014285714285714285
0 0.295 0.10476190476190476 0.005833333333333334 0.014285714285714285
0 0.47333333333333333 0.20634920634920634 0.008333333333333333 0.01746031746031746
0 0.3325 0.26825396825396824 0.008333333333333333 0.01746031746031746
0 0.5933333333333334 0.5920634920634921 0.009166666666666667 0.023809523809523808
0 0.7408333333333333 0.39206349206349206 0.009166666666666667 0.023809523809523808
0 0.4508333333333333 0.4031746031746032 0.009166666666666667 0.023809523809523808
0 0.43416666666666665 0.3873015873015873 0.009166666666666667 0.023809523809523808
0 0.5166666666666667 0.3476190476190476 0.009166666666666667 0.023809523809523808
0 0.23083333333333333 0.07777777777777778 0.005833333333333334 0.014285714285714285
0 0.12083333333333333 0.6396825396825396 0.019166666666666665 0.03650793650793651
0 0.7591666666666667 0.6095238095238096 0.009166666666666667 0.023809523809523808
0 0.5341666666666667 0.3396825396825397 0.009166666666666667 0.023809523809523808
0 0.5633333333333334 0.43333333333333335 0.014166666666666666 0.03333333333333333
0 0.4483333333333333 0.1253968253968254 0.005833333333333334 0.014285714285714285
0 0.23 0.3412698412698413 0.009166666666666667 0.023809523809523808
0 0.6558333333333334 0.10476190476190476 0.005833333333333334 0.014285714285714285
0 0.3425 0.24285714285714285 0.008333333333333333 0.01746031746031746
0 0.07166666666666667 0.28253968253968254 0.008333333333333333 0.01746031746031746
0 0.30416666666666664 0.1111111111111111 0.005833333333333334 0.014285714285714285
0 0.39666666666666667 0.6174603174603175 0.008333333333333333 0.02857142857142857
0 0.21833333333333332 0.44761904761904764 0.014166666666666666 0.03333333333333333
0 0.52 0.24761904761904763 0.008333333333333333 0.01746031746031746
0 0.5033333333333333 0.3968253968253968 0.009166666666666667 0.023809523809523808
0 0.8908333333333334 0.6523809523809524 0.009166666666666667 0.023809523809523808
0 0.4266666666666667 0.12698412698412698 0.005833333333333334 0.014285714285714285
0 0.19 0.29523809523809524 0.009166666666666667 0.023809523809523808
0 0.10083333333333333 0.08412698412698413 0.005833333333333334 0.014285714285714285
0 0.22166666666666668 0.4253968253968254 0.014166666666666666 0.03333333333333333
0 0.2175 0.346031746031746 0.009166666666666667 0.023809523809523808
0 0.38083333333333336 0.14761904761904762 0.005833333333333334 0.014285714285714285
0 0.23833333333333334 0.3619047619047619 0.009166666666666667 0.023809523809523808
0 0.025833333333333333 0.0761904761904762 0.005833333333333334 0.014285714285714285
0 0.18333333333333332 0.6428571428571429 0.019166666666666665 0.03650793650793651
0 0.0016666666666666668 0.353968253968254 0.008333333333333333 0.022222222222222223
0 0.33666666666666667 0.346031746031746 0.009166666666666667 0.023809523809523808
0 0.36833333333333335 0.28095238095238095 0.008333333333333333 0.01746031746031746
0 0.36333333333333334 0.5174603174603175 0.014166666666666666 0.03333333333333333
0 0.23666666666666666 0.24761904761904763 0.008333333333333333 0.01746031746031746
0 0.6291666666666667 0.7126984126984127 0.0125 0.026984126984126985
0 0.8491666666666666 0.4396825396825397 0.009166666666666667 0.023809523809523808
0 0.13166666666666665 0.6047619047619047 0.014166666666666666 0.03333333333333333
0 0.395 0.3047619047619048 0.009166666666666667 0.023809523809523808
0 0.10083333333333333 0.1492063492063492 0.005833333333333334 0.014285714285714285
0 0.31666666666666665 0.4 0.009166666666666667 0.023809523809523808
0 0.2808333333333333 0.37936507936507935 0.009166666666666667 0.023809523809523808
0 0.26916666666666667 0.3111111111111111 0.009166666666666667 0.023809523809523808
0 0.37833333333333335 0.2873015873015873 0.009166666666666667 0.023809523809523808
0 0.7658333333333334 0.06666666666666667 0.005833333333333334 0.014285714285714285
0 0.255 0.10952380952380952 0.005833333333333334 0.014285714285714285
0 0.1525 0.09206349206349207 0.005833333333333334 0.014285714285714285
0 0.4116666666666667 0.11904761904761904 0.005833333333333334 0.014285714285714285
0 0.7808333333333334 0.546031746031746 0.009166666666666667 0.023809523809523808
0 0.06333333333333334 0.08571428571428572 0.005833333333333334 0.014285714285714285
0 0.18 0.07777777777777778 0.005833333333333334 0.014285714285714285
0 0.33916666666666667 0.22380952380952382 0.008333333333333333 0.01746031746031746
0 0.37916666666666665 0.4603174603174603 0.014166666666666666 0.03333333333333333
0 0.4891666666666667 0.27936507936507937 0.008333333333333333 0.01746031746031746
0 0.13583333333333333 0.20952380952380953 0.008333333333333333 0.01746031746031746
0 0.24916666666666668 0.14285714285714285 0.005833333333333334 0.014285714285714285
0 0.24083333333333334 0.14603174603174604 0.005833333333333334 0.014285714285714285
0 0.1125 0.21587301587301588 0.008333333333333333 0.01746031746031746
0 0.11666666666666667 0.2904761904761905 0.009166666666666667 0.023809523809523808
0 0.26666666666666666 0.3349206349206349 0.009166666666666667 0.023809523809523808
0 0.6725 0.3682539682539683 0.009166666666666667 0.023809523809523808
0 0.245 0.13015873015873017 0.005833333333333334 0.014285714285714285
0 0.11583333333333333 0.24285714285714285 0.008333333333333333 0.01746031746031746
0 0.5133333333333333 0.5603174603174603 0.014166666666666666 0.03333333333333333
0 0.19916666666666666 0.30317460317460315 0.009166666666666667 0.023809523809523808
0 0.2775 0.12857142857142856 0.005833333333333334 0.014285714285714285
0 0.5216666666666666 0.08571428571428572 0.005833333333333334 0.014285714285714285
0 0.6941666666666667 0.35555555555555557 0.009166666666666667 0.023809523809523808
0 0.1075 0.11904761904761904 0.005833333333333334 0.014285714285714285
0 0.6408333333333334 0.2777777777777778 0.008333333333333333 0.01746031746031746
0 0.09083333333333334 0.22698412698412698 0.008333333333333333 0.01746031746031746
0 0.21 0.09047619047619047 0.005833333333333334 0.014285714285714285
0 0.4241666666666667 0.5888888888888889 0.008333333333333333 0.02857142857142857
0 0.375 0.3825396825396825 0.009166666666666667 0.023809523809523808
0 0.3 0.38095238095238093 0.009166666666666667 0.023809523809523808
0 0.5875 0.3238095238095238 0.009166666666666667 0.023809523809523808
0 0.9591666666666666 0.5841269841269842 0.009166666666666667 0.023809523809523808
0 0.13166666666666665 0.34444444444444444 0.009166666666666667 0.023809523809523808
0 0.2925 0.23015873015873015 0.008333333333333333 0.01746031746031746
0 0.47333333333333333 0.2873015873015873 0.009166666666666667 0.023809523809523808
0 0.25666666666666665 0.20952380952380953 0.008333333333333333 0.01746031746031746
0 0.10583333333333333 0.29523809523809524 0.009166666666666667 0.023809523809523808
0 0.2866666666666667 0.46984126984126984 0.014166666666666666 0.03333333333333333
0 0.795 0.30317460317460315 0.009166666666666667 0.023809523809523808
0 0.14166666666666666 0.15873015873015872 0.005833333333333334 0.014285714285714285
0 0.0975 0.1761904761904762 0.008333333333333333 0.01746031746031746
0 0.5491666666666667 0.10158730158730159 0.005833333333333334 0.014285714285714285
0 0.0016666666666666668 0.08571428571428572 0.005833333333333334 0.014285714285714285
0 0.21583333333333332 0.09523809523809523 0.005833333333333334 0.014285714285714285
0 0.30583333333333335 0.07301587301587302 0.005833333333333334 0.014285714285714285
0 0.25333333333333335 0.7126984126984127 0.019166666666666665 0.03650793650793651
0 0.37416666666666665 0.35873015873015873 0.009166666666666667 0.023809523809523808
0 0.43583333333333335 0.29365079365079366 0.009166666666666667 0.023809523809523808
0 0.285 0.15079365079365079 0.005833333333333334 0.014285714285714285
0 0.98 0.7317460317460317 0.01 0.023809523809523808
0 0.6341666666666667 0.3238095238095238 0.009166666666666667 0.023809523809523808
0 0.21666666666666667 0.06984126984126984 0.005833333333333334 0.014285714285714285
0 0.3325 0.5444444444444444 0.014166666666666666 0.03333333333333333
0 0.23 0.28888888888888886 0.009166666666666667 0.023809523809523808
0 0.0725 0.2253968253968254 0.008333333333333333 0.01746031746031746
0 0.15166666666666667 0.2126984126984127 0.008333333333333333 0.01746031746031746
0 0.7475 0.5380952380952381 0.009166666666666667 0.023809523809523808
0 0.30916666666666665 0.2841269841269841 0.008333333333333333 0.01746031746031746
0 0.12916666666666668 0.16666666666666666 0.005833333333333334 0.014285714285714285
0 0.7533333333333333 0.4380952380952381 0.009166666666666667 0.023809523809523808
0 0.32083333333333336 0.6349206349206349 0.008333333333333333 0.02857142857142857
0 0.4008333333333333 0.11587301587301588 0.005833333333333334 0.014285714285714285
0 0.5183333333333333 0.4857142857142857 0.009166666666666667 0.023809523809523808
0 0.18916666666666668 0.06984126984126984 0.005833333333333334 0.014285714285714285
0 0.3375 0.3 0.009166666666666667 0.023809523809523808
0 0.03 0.546031746031746 0.015 0.03650793650793651
0 0.2025 0.35555555555555557 0.009166666666666667 0.023809523809523808
0 0.12833333333333333 0.21904761904761905 0.008333333333333333 0.01746031746031746
0 0.5591666666666667 0.373015873015873 0.009166666666666667 0.023809523809523808
0 0.3516666666666667 0.20952380952380953 0.008333333333333333 0.01746031746031746
0 0.19583333333333333 0.33650793650793653 0.009166666666666667 0.023809523809523808
0 0.13 0.10793650793650794 0.005833333333333334 0.014285714285714285
0 0.5475 0.08095238095238096 0.005833333333333334 0.014285714285714285
0 0.415 0.12222222222222222 0.005833333333333334 0.014285714285714285
0 0.9791666666666666 0.6111111111111112 0.01 0.023809523809523808
0 0.13666666666666666 0.3634920634920635 0.009166666666666667 0.023809523809523808
0 0.1775 0.25873015873015875 0.008333333333333333 0.01746031746031746
0 0.14333333333333334 0.33650793650793653 0.009166666666666667 0.023809523809523808
0 0.07166666666666667 0.09365079365079365 0.005833333333333334 0.014285714285714285
0 0.4325 0.1619047619047619 0.005833333333333334 0.014285714285714285
0 0.07583333333333334 0.20793650793650795 0.008333333333333333 0.01746031746031746
0 0.5125 0.5222222222222223 0.014166666666666666 0.03333333333333333
0 0.815 0.30158730158730157 0.009166666666666667 0.023809523809523808
0 0.26416666666666666 0.4492063492063492 0.014166666666666666 0.03333333333333333
0 0.37333333333333335 0.2523809523809524 0.008333333333333333 0.01746031746031746
0 0.23416666666666666 0.23174603174603176 0.008333333333333333 0.01746031746031746
0 0.005833333333333334 0.11428571428571428 0.005833333333333334 0.014285714285714285
0 0.24 0.6523809523809524 0.019166666666666665 0.03650793650793651
0 0.22416666666666665 0.09206349206349207 0.005833333333333334 0.014285714285714285
0 0.2991666666666667 0.12698412698412698 0.005833333333333334 0.014285714285714285
0 0.435 0.4158730158730159 0.014166666666666666 0.03333333333333333
0 0.30083333333333334 0.3 0.009166666666666667 0.023809523809523808
0 0.8008333333333333 0.18571428571428572 0.008333333333333333 0.01746031746031746
0 0.17916666666666667 0.16507936507936508 0.005833333333333334 0.014285714285714285
0 0.7725 0.5523809523809524 0.009166666666666667 0.023809523809523808
0 0.5816666666666667 0.09841269841269841 0.005833333333333334 0.014285714285714285
0 0.08416666666666667 0.1746031746031746 0.008333333333333333 0.01746031746031746
0 0.8166666666666667 0.7365079365079366 0.0125 0.026984126984126985
0 0.5333333333333333 0.10793650793650794 0.005833333333333334 0.014285714285714285
0 0.3308333333333333 0.5888888888888889 0.008333333333333333 0.02857142857142857
0 0.3591666666666667 0.1253968253968254 0.005833333333333334 0.014285714285714285
0 0.065 0.1365079365079365 0.005833333333333334 0.014285714285714285
0 0.18083333333333335 0.273015873015873 0.008333333333333333 0.01746031746031746
0 0.5733333333333334 0.42063492063492064 0.014166666666666666 0.03333333333333333
0 0.6925 0.38095238095238093 0.009166666666666667 0.023809523809523808
0 0.5083333333333333 0.3142857142857143 0.009166666666666667 0.023809523809523808
0 0.8233333333333334 0.5587301587301587 0.009166666666666667 0.023809523809523808
0 0.20583333333333334 0.1365079365079365 0.005833333333333334 0.014285714285714285
0 0.25666666666666665 0.09365079365079365 0.005833333333333334 0.014285714285714285
0 0.4625 0.09682539682539683 0.005833333333333334 0.014285714285714285
0 0.37333333333333335 0.49206349206349204 0.014166666666666666 0.03333333333333333
0 0.31916666666666665 0.10952380952380952 0.005833333333333334 0.014285714285714285
0 0.2225 0.22063492063492063 0.008333333333333333 0.01746031746031746
0 0.105 0.3111111111111111 0.009166666666666667 0.023809523809523808
0 0.11666666666666667 0.1634920634920635 0.005833333333333334 0.014285714285714285
0 0.19666666666666666 0.07301587301587302 0.005833333333333334 0.014285714285714285
0 0.2783333333333333 0.45396825396825397 0.014166666666666666 0.03333333333333333
0 0.39 0.173015873015873 0.008333333333333333 0.01746031746031746
0 0.6133333333333333 0.3492063492063492 0.009166666666666667 0.023809523809523808
0 0.8566666666666667 0.4587301587301587 0.009166666666666667 0.023809523809523808
0 0.8891666666666667 0.553968253968254 0.009166666666666667 0.023809523809523808
0 0.17333333333333334 0.5476190476190477 0.014166666666666666 0.03333333333333333
0 0.3825 0.16031746031746033 0.005833333333333334 0.014285714285714285
0 0.3641666666666667 0.43492063492063493 0.014166666666666666 0.03333333333333333
0 0.7358333333333333 0.6031746031746031 0.009166666666666667 0.023809523809523808
0 0.049166666666666664 0.36507936507936506 0.009166666666666667 0.023809523809523808
0 0.5383333333333333 0.2365079365079365 0.008333333333333333 0.01746031746031746
0 0.9158333333333334 0.6492063492063492 0.009166666666666667 0.023809523809523808
0 0.1725 0.29365079365079366 0.009166666666666667 0.023809523809523808
0 0.11833333333333333 0.11904761904761904 0.005833333333333334 0.014285714285714285
0 0.25 0.4301587301587302 0.014166666666666666 0.03333333333333333
0 0.25583333333333336 0.2857142857142857 0.009166666666666667 0.023809523809523808
0 0.405 0.24126984126984127 0.008333333333333333 0.01746031746031746
0 0.08666666666666667 0.1253968253968254 0.005833333333333334 0.014285714285714285
0 0.6033333333333334 0.08888888888888889 0.005833333333333334 0.014285714285714285
0 0.21416666666666667 0.3142857142857143 0.009166666666666667 0.023809523809523808
0 0.8883333333333333 0.4873015873015873 0.009166666666666667 0.023809523809523808
0 0.15416666666666667 0.373015873015873 0.009166666666666667 0.023809523809523808
0 0.6525 0.27936507936507937 0.008333333333333333 0.01746031746031746
0 0.6091666666666666 0.10158730158730159 0.005833333333333334 0.014285714285714285
0 0.6183333333333333 0.2698412698412698 0.008333333333333333 0.01746031746031746
0 0.6816666666666666 0.6793650793650794 0.0125 0.026984126984126985
0 0.45916666666666667 0.546031746031746 0.014166666666666666 0.03333333333333333
0 0.4475 0.6126984126984127 0.008333333333333333 0.02857142857142857
0 0.6883333333333334 0.4650793650793651 0.009166666666666667 0.023809523809523808
0 0.24333333333333335 0.22063492063492063 0.008333333333333333 0.01746031746031746
0 0.9958333333333333 0.4222222222222222 0.009166666666666667 0.023809523809523808
0 0.5225 0.7396825396825397 0.0125 0.026984126984126985
0 0.7191666666666666 0.4888888888888889 0.009166666666666667 0.023809523809523808
0 0.15916666666666668 0.14285714285714285 0.005833333333333334 0.014285714285714285
0 0.3433333333333333 0.3952380952380952 0.009166666666666667 0.023809523809523808
0 0.745 0.4126984126984127 0.009166666666666667 0.023809523809523808
0 0.4058333333333333 0.5396825396825397 0.014166666666666666 0.03333333333333333
0 0.7266666666666667 0.3126984126984127 0.009166666666666667 0.023809523809523808
0 0.14666666666666667 0.2507936507936508 0.008333333333333333 0.01746031746031746
0 0.10833333333333334 0.14126984126984127 0.005833333333333334 0.014285714285714285
0 0.36666666666666664 0.6047619047619047 0.008333333333333333 0.02857142857142857
0 0.095 0.11904761904761904 0.005833333333333334 0.014285714285714285
0 0.44166666666666665 0.09047619047619047 0.005833333333333334 0.014285714285714285
0 0.12583333333333332 0.1365079365079365 0.005833333333333334 0.014285714285714285
0 0.23333333333333334 0.17142857142857143 0.005833333333333334 0.014285714285714285
0 0.23166666666666666 0.1126984126984127 0.005833333333333334 0.014285714285714285
0 0.535 0.1492063492063492 0.005833333333333334 0.014285714285714285
0 0.4741666666666667 0.38095238095238093 0.009166666666666667 0.023809523809523808
0 0.12 0.12698412698412698 0.005833333333333334 0.014285714285714285
0 0.9316666666666666 0.6428571428571429 0.009166666666666667 0.023809523809523808
0 0.20666666666666667 0.38412698412698415 0.009166666666666667 0.023809523809523808
0 0.4683333333333333 0.35079365079365077 0.009166666666666667 0.023809523809523808
0 0.885 0.5952380952380952 0.009166666666666667 0.023809523809523808
0 0.8425 0.40793650793650793 0.009166666666666667 0.023809523809523808
0 0.2966666666666667 0.2634920634920635 0.008333333333333333 0.01746031746031746
0 0.5475 0.21746031746031746 0.008333333333333333 0.01746031746031746
0 0.17083333333333334 0.06984126984126984 0.005833333333333334 0.014285714285714285
0 0.1975 0.17142857142857143 0.005833333333333334 0.014285714285714285
0 0.31166666666666665 0.09206349206349207 0.005833333333333334 0.014285714285714285
0 0.6416666666666667 0.6571428571428571 0.010833333333333334 0.025396825396825397
0 0.1225 0.2634920634920635 0.008333333333333333 0.01746031746031746
0 0.13333333333333333 0.23809523809523808 0.008333333333333333 0.01746031746031746
0 0.19 0.573015873015873 0.014166666666666666 0.03333333333333333
0 0.3625 0.1746031746031746 0.008333333333333333 0.01746031746031746
0 0.09083333333333334 0.08095238095238096 0.005833333333333334 0.014285714285714285
0 0.43416666666666665 0.4777777777777778 0.014166666666666666 0.03333333333333333
0 0.18583333333333332 0.08412698412698413 0.005833333333333334 0.014285714285714285
0 0.475 0.48412698412698413 0.014166666666666666 0.03333333333333333
0 0.135 0.0873015873015873 0.005833333333333334 0.014285714285714285
0 0.4675 0.19523809523809524 0.008333333333333333 0.01746031746031746
0 0.5458333333333333 0.5365079365079365 0.009166666666666667 0.023809523809523808
0 0.8175 0.4888888888888889 0.009166666666666667 0.023809523809523808
0 0.6758333333333333 0.5587301587301587 0.009166666666666667 0.023809523809523808
0 0.1475 0.4095238095238095 0.014166666666666666 0.03333333333333333
0 0.20166666666666666 0.08412698412698413 0.005833333333333334 0.014285714285714285
0 0.595 0.5031746031746032 0.009166666666666667 0.023809523809523808
0 0.5808333333333333 0.3047619047619048 0.009166666666666667 0.023809523809523808
0 0.6591666666666667 0.3968253968253968 0.009166666666666667 0.023809523809523808
0 0.18083333333333335 0.2015873015873016 0.008333333333333333 0.01746031746031746
0 0.8591666666666666 0.5666666666666667 0.009166666666666667 0.023809523809523808
0 0.44916666666666666 0.08571428571428572 0.005833333333333334 0.014285714285714285
0 0.12083333333333333 0.08412698412698413 0.005833333333333334 0.014285714285714285
0 0.12416666666666666 0.23333333333333334 0.008333333333333333 0.01746031746031746
0 0.3075 0.5031746031746032 0.014166666666666666 0.03333333333333333
0 0.0675 0.12222222222222222 0.005833333333333334 0.014285714285714285
0 0.050833333333333335 0.09841269841269841 0.005833333333333334 0.014285714285714285
0 0.3258333333333333 0.1 0.005833333333333334 0.014285714285714285
0 0.725 0.2920634920634921 0.009166666666666667 0.023809523809523808
0 0.5483333333333333 0.2111111111111111 0.008333333333333333 0.01746031746031746
0 0.32666666666666666 0.07777777777777778 0.005833333333333334 0.014285714285714285
0 0.2966666666666667 0.33174603174603173 0.009166666666666667 0.023809523809523808
0 0.31333333333333335 0.42698412698412697 0.014166666666666666 0.03333333333333333
0 0.23916666666666667 0.0746031746031746 0.005833333333333334 0.014285714285714285
0 0.24 0.7 0.019166666666666665 0.03650793650793651
0 0.44416666666666665 0.24603174603174602 0.008333333333333333 0.01746031746031746
0 0.2175 0.13015873015873017 0.005833333333333334 0.014285714285714285
0 0.49583333333333335 0.5063492063492063 0.014166666666666666 0.03333333333333333
0 0.6975 0.473015873015873 0.009166666666666667 0.023809523809523808
0 0.1875 0.26031746031746034 0.008333333333333333 0.01746031746031746
0 0.35583333333333333 0.10793650793650794 0.005833333333333334 0.014285714285714285
0 0.14666666666666667 0.6317460317460317 0.019166666666666665 0.03650793650793651
0 0.14083333333333334 0.11746031746031746 0.005833333333333334 0.014285714285714285
0 0.1675 0.11587301587301588 0.005833333333333334 0.014285714285714285
0 0.024166666666666666 0.12698412698412698 0.005833333333333334 0.014285714285714285
0 0.685 0.08888888888888889 0.005833333333333334 0.014285714285714285
0 0.215 0.6682539682539682 0.019166666666666665 0.03650793650793651
0 0.43583333333333335 0.11904761904761904 0.005833333333333334 0.014285714285714285
0 0.3525 0.273015873015873 0.008333333333333333 0.01746031746031746
0 0.52 0.0761904761904762 0.005833333333333334 0.014285714285714285
0 0.255 0.36984126984126986 0.009166666666666667 0.023809523809523808
0 0.5216666666666666 0.4523809523809524 0.014166666666666666 0.03333333333333333
0 0.25333333333333335 0.32063492063492066 0.009166666666666667 0.023809523809523808
0 0.57 0.6968253968253968 0.0125 0.026984126984126985
0 0.4091666666666667 0.2253968253968254 0.008333333333333333 0.01746031746031746
0 0.09083333333333334 0.2507936507936508 0.008333333333333333 0.01746031746031746
0 0.21833333333333332 0.2698412698412698 0.008333333333333333 0.01746031746031746
0 0.45 0.5095238095238095 0.014166666666666666 0.03333333333333333
0 0.0775 0.32063492063492066 0.009166666666666667 0.023809523809523808
0 0.5158333333333334 0.6507936507936508 0.01 0.026984126984126985
0 0.14583333333333334 0.07142857142857142 0.005833333333333334 0.014285714285714285
0 0.325 0.32222222222222224 0.009166666666666667 0.023809523809523808
0 0.33916666666666667 0.08412698412698413 0.005833333333333334 0.014285714285714285
0 0.36916666666666664 0.22698412698412698 0.008333333333333333 0.01746031746031746
0 0.4791666666666667 0.6698412698412698 0.008333333333333333 0.02857142857142857
0 0.15 0.32857142857142857 0.009166666666666667 0.023809523809523808
0 0.09583333333333334 0.36507936507936506 0.009166666666666667 0.023809523809523808
0 0.19 0.22063492063492063 0.008333333333333333 0.01746031746031746
0 0.6191666666666666 0.5317460317460317 0.009166666666666667 0.023809523809523808
0 0.16 0.4 0.009166666666666667 0.023809523809523808
0 0.5683333333333334 0.373015873015873 0.009166666666666667 0.023809523809523808
0 0.08916666666666667 0.18253968253968253 0.008333333333333333 0.01746031746031746
0 0.635 0.34444444444444444 0.009166666666666667 0.023809523809523808
0 0.9 0.5857142857142857 0.009166666666666667 0.023809523809523808
0 0.8091666666666667 0.5333333333333333 0.009166666666666667 0.023809523809523808
0 0.03666666666666667 0.09365079365079365 0.005833333333333334 0.014285714285714285
0 0.19083333333333333 0.1523809523809524 0.005833333333333334 0.014285714285714285
0 0.4633333333333333 0.4507936507936508 0.014166666666666666 0.03333333333333333
0 0.21083333333333334 0.5031746031746032 0.014166666666666666 0.03333333333333333
0 0.3 0.6301587301587301 0.008333333333333333 0.02857142857142857
0 0.8775 0.4603174603174603 0.009166666666666667 0.023809523809523808
0 0.14916666666666667 0.10317460317460317 0.005833333333333334 0.014285714285714285
0 0.4191666666666667 0.2396825396825397 0.008333333333333333 0.01746031746031746
0 0.41583333333333333 0.3238095238095238 0.009166666666666667 0.023809523809523808
0 0.4841666666666667 0.2126984126984127 0.008333333333333333 0.01746031746031746
0 0.035833333333333335 0.10952380952380952 0.005833333333333334 0.014285714285714285
0 0.29833333333333334 0.5222222222222223 0.014166666666666666 0.03333333333333333
0 0.7091666666666666 0.38412698412698415 0.009166666666666667 0.023809523809523808
0 0.08166666666666667 0.19682539682539682 0.008333333333333333 0.01746031746031746
0 0.18416666666666667 0.7158730158730159 0.019166666666666665 0.03650793650793651
0 0.2625 0.12698412698412698 0.005833333333333334 0.014285714285714285
0 0.07 0.3412698412698413 0.009166666666666667 0.023809523809523808
0 0.4525 0.4365079365079365 0.014166666666666666 0.03333333333333333
0 0.20166666666666666 0.19047619047619047 0.008333333333333333 0.01746031746031746
0 0.20083333333333334 0.20634920634920634 0.008333333333333333 0.01746031746031746
0 0.41583333333333333 0.08571428571428572 0.005833333333333334 0.014285714285714285
0 0.6533333333333333 0.5888888888888889 0.009166666666666667 0.023809523809523808
0 0.30583333333333335 0.16666666666666666 0.005833333333333334 0.014285714285714285
0 0.20083333333333334 0.2714285714285714 0.008333333333333333 0.01746031746031746
0 0.3233333333333333 0.25555555555555554 0.008333333333333333 0.01746031746031746
0 0.14666666666666667 0.12698412698412698 0.005833333333333334 0.014285714285714285
0 0.12916666666666668 0.19365079365079366 0.008333333333333333 0.01746031746031746
0 0.03166666666666667 0.08095238095238096 0.005833333333333334 0.014285714285714285
0 0.4125 0.12857142857142856 0.005833333333333334 0.014285714285714285
0 0.13833333333333334 0.6698412698412698 0.019166666666666665 0.03650793650793651
0 0.21333333333333335 0.20476190476190476 0.008333333333333333 0.01746031746031746
0 0.37166666666666665 0.42857142857142855 0.014166666666666666 0.03333333333333333
0 0.185 0.4936507936507937 0.014166666666666666 0.03333333333333333
0 0.23833333333333334 0.09841269841269841 0.005833333333333334 0.014285714285714285
0 0.835 0.5365079365079365 0.009166666666666667 0.023809523809523808
0 0.39666666666666667 0.5301587301587302 0.014166666666666666 0.03333333333333333
0 0.5975 0.4634920634920635 0.009166666666666667 0.023809523809523808
0 0.051666666666666666 0.07301587301587302 0.005833333333333334 0.014285714285714285
0 0.715 0.5349206349206349 0.009166666666666667 0.023809523809523808
0 0.3616666666666667 0.06507936507936508 0.005833333333333334 0.014285714285714285
0 0.3416666666666667 0.36666666666666664 0.009166666666666667 0.023809523809523808
0 0.20833333333333334 0.16825396825396827 0.005833333333333334 0.014285714285714285
0 0.043333333333333335 0.07936507936507936 0.005833333333333334 0.014285714285714285
0 0.7158333333333333 0.40793650793650793 0.009166666666666667 0.023809523809523808
0 0.6283333333333333 0.49206349206349204 0.009166666666666667 0.023809523809523808
0 0.67 0.46984126984126984 0.009166666666666667 0.023809523809523808
0 0.6666666666666666 0.16031746031746033 0.005833333333333334 0.014285714285714285
0 0.2816666666666667 0.2253968253968254 0.008333333333333333 0.01746031746031746
0 0.6433333333333333 0.33650793650793653 0.009166666666666667 0.023809523809523808
0 0.0925 0.2714285714285714 0.008333333333333333 0.01746031746031746
0 0.6041666666666666 0.43333333333333335 0.014166666666666666 0.03333333333333333
0 0.17166666666666666 0.39365079365079364 0.009166666666666667 0.023809523809523808
0 0.4083333333333333 0.11428571428571428 0.005833333333333334 0.014285714285714285
0 0.415 0.09841269841269841 0.005833333333333334 0.014285714285714285
0 0.33666666666666667 0.4523809523809524 0.014166666666666666 0.03333333333333333
0 0.041666666666666664 0.580952380952381 0.015 0.03650793650793651
0 0.27416666666666667 0.10158730158730159 0.005833333333333334 0.014285714285714285
0 0.5558333333333333 0.6301587301587301 0.009166666666666667 0.023809523809523808
0 0.8141666666666667 0.6619047619047619 0.0125 0.026984126984126985
0 0.9175 0.553968253968254 0.009166666666666667 0.023809523809523808
0 0.07083333333333333 0.1111111111111111 0.005833333333333334 0.014285714285714285
0 0.245 0.25396825396825395 0.008333333333333333 0.01746031746031746
0 0.205 0.07301587301587302 0.005833333333333334 0.014285714285714285
0 0.06666666666666667 0.36984126984126986 0.009166666666666667 0.023809523809523808
0 0.775 0.45396825396825397 0.009166666666666667 0.023809523809523808
0 0.4666666666666667 0.3873015873015873 0.009166666666666667 0.023809523809523808
0 0.5608333333333333 0.26825396825396824 0.008333333333333333 0.01746031746031746
0 0.09333333333333334 0.07301587301587302 0.005833333333333334 0.014285714285714285
0 0.12916666666666668 0.39365079365079364 0.009166666666666667 0.023809523809523808
0 0.27166666666666667 0.36984126984126986 0.009166666666666667 0.023809523809523808
0 0.19083333333333333 0.18888888888888888 0.008333333333333333 0.01746031746031746
0 0.5016666666666667 0.23174603174603176 0.008333333333333333 0.01746031746031746
0 0.008333333333333333 0.10158730158730159 0.005833333333333334 0.014285714285714285
0 0.25583333333333336 0.7476190476190476 0.019166666666666665 0.03650793650793651
0 0.145 0.19365079365079366 0.008333333333333333 0.01746031746031746
0 0.4166666666666667 0.48253968253968255 0.014166666666666666 0.03333333333333333
0 0.3491666666666667 0.22698412698412698 0.008333333333333333 0.01746031746031746
0 0.975 0.6698412698412698 0.0125 0.026984126984126985
0 0.16416666666666666 0.07777777777777778 0.005833333333333334 0.014285714285714285
0 0.15916666666666668 0.09523809523809523 0.005833333333333334 0.014285714285714285
0 0.48083333333333333 0.43174603174603177 0.014166666666666666 0.03333333333333333
0 0.5416666666666666 0.10793650793650794 0.005833333333333334 0.014285714285714285
0 0.4875 0.3873015873015873 0.009166666666666667 0.023809523809523808
0 0.07916666666666666 0.24761904761904763 0.008333333333333333 0.01746031746031746
0 0.20833333333333334 0.18888888888888888 0.008333333333333333 0.01746031746031746
0 0.0775 0.16666666666666666 0.005833333333333334 0.014285714285714285
0 0.10083333333333333 0.2253968253968254 0.008333333333333333 0.01746031746031746
0 0.44333333333333336 0.3142857142857143 0.009166666666666667 0.023809523809523808
0 0.40166666666666667 0.2904761904761905 0.009166666666666667 0.023809523809523808
0 0.11916666666666667 0.2015873015873016 0.008333333333333333 0.01746031746031746
0 0.5466666666666666 0.44761904761904764 0.014166666666666666 0.03333333333333333
0 0.6475 0.4492063492063492 0.009166666666666667 0.023809523809523808
0 0.515 0.43174603174603177 0.014166666666666666 0.03333333333333333
0 0.1325 0.14603174603174604 0.005833333333333334 0.014285714285714285
0 0.0575 0.09365079365079365 0.005833333333333334 0.014285714285714285
0 0.1175 0.10317460317460317 0.005833333333333334 0.014285714285714285
0 0.4475 0.3476190476190476 0.009166666666666667 0.023809523809523808
0 0.17416666666666666 0.45555555555555555 0.014166666666666666 0.03333333333333333
0 0.2608333333333333 0.3952380952380952 0.009166666666666667 0.023809523809523808
0 0.05416666666666667 0.13015873015873017 0.005833333333333334 0.014285714285714285
0 0.2791666666666667 0.09523809523809523 0.005833333333333334 0.014285714285714285
0 0.3225 0.29365079365079366 0.009166666666666667 0.023809523809523808
0 0.6583333333333333 0.42698412698412697 0.009166666666666667 0.023809523809523808
0 0.315 0.5047619047619047 0.014166666666666666 0.03333333333333333
0 0.32166666666666666 0.37777777777777777 0.009166666666666667 0.023809523809523808
0 0.0825 0.14285714285714285 0.005833333333333334 0.014285714285714285
0 0.20416666666666666 0.11428571428571428 0.005833333333333334 0.014285714285714285
0 0.5108333333333334 0.2253968253968254 0.008333333333333333 0.01746031746031746
0 0.4375 0.44761904761904764 0.014166666666666666 0.03333333333333333
0 0.5541666666666667 0.3968253968253968 0.009166666666666667 0.023809523809523808
0 0.5958333333333333 0.10634920634920635 0.005833333333333334 0.014285714285714285
0 0.9725 0.5873015873015873 0.01 0.023809523809523808
0 0.4025 0.14603174603174604 0.005833333333333334 0.014285714285714285
0 0.315 0.6333333333333333 0.008333333333333333 0.02857142857142857
0 0.36 0.2619047619047619 0.008333333333333333 0.01746031746031746
0 0.2825 0.5571428571428572 0.014166666666666666 0.03333333333333333
0 0.22166666666666668 0.4031746031746032 0.009166666666666667 0.023809523809523808
0 0.39 0.35714285714285715 0.009166666666666667 0.023809523809523808
0 0.3625 0.3126984126984127 0.009166666666666667 0.023809523809523808
0 0.1375 0.17777777777777778 0.008333333333333333 0.01746031746031746
0 0.46166666666666667 0.17777777777777778 0.008333333333333333 0.01746031746031746
0 0.6016666666666667 0.5619047619047619 0.009166666666666667 0.023809523809523808
0 0.28833333333333333 0.1 0.005833333333333334 0.014285714285714285
0 0.37333333333333335 0.1253968253968254 0.005833333333333334 0.014285714285714285
0 0.14 0.26666666666666666 0.008333333333333333 0.01746031746031746
0 0.23166666666666666 0.2634920634920635 0.008333333333333333 0.01746031746031746
0 0.4225 0.30952380952380953 0.009166666666666667 0.023809523809523808
0 0.16666666666666666 0.3682539682539683 0.009166666666666667 0.023809523809523808
0 0.3525 0.44285714285714284 0.014166666666666666 0.03333333333333333
0 0.67 0.10952380952380952 0.005833333333333334 0.014285714285714285
0 0.43583333333333335 0.33015873015873015 0.009166666666666667 0.023809523809523808
0 0.76 0.36666666666666664 0.009166666666666667 0.023809523809523808
0 0.6358333333333334 0.5380952380952381 0.009166666666666667 0.023809523809523808
0 0.12916666666666668 0.6174603174603175 0.019166666666666665 0.03650793650793651
0 0.7716666666666666 0.5793650793650794 0.009166666666666667 0.023809523809523808
0 0.24666666666666667 0.40476190476190477 0.009166666666666667 0.023809523809523808
0 0.27416666666666667 0.2492063492063492 0.008333333333333333 0.01746031746031746
0 0.31916666666666665 0.13015873015873017 0.005833333333333334 0.014285714285714285
0 0.295 0.1253968253968254 0.005833333333333334 0.014285714285714285
0 0.32 0.5841269841269842 0.008333333333333333 0.02857142857142857
0 0.10083333333333333 0.20952380952380953 0.008333333333333333 0.01746031746031746
0 0.6525 0.5603174603174603 0.009166666666666667 0.023809523809523808
0 0.5816666666666667 0.4746031746031746 0.009166666666666667 0.023809523809523808
0 0.33416666666666667 0.1873015873015873 0.008333333333333333 0.01746031746031746
0 0.26416666666666666 0.1746031746031746 0.008333333333333333 0.01746031746031746
0 0.07083333333333333 0.06349206349206349 0.005833333333333334 0.014285714285714285
0 0.17666666666666667 0.1253968253968254 0.005833333333333334 0.014285714285714285
0 0.7775 0.32857142857142857 0.009166666666666667 0.023809523809523808
0 0.47833333333333333 0.35555555555555557 0.009166666666666667 0.023809523809523808
0 0.2125 0.22857142857142856 0.008333333333333333 0.01746031746031746
0 0.18333333333333332 0.15079365079365079 0.005833333333333334 0.014285714285714285
0 0.15666666666666668 0.4365079365079365 0.014166666666666666 0.03333333333333333
0 0.18416666666666667 0.10952380952380952 0.005833333333333334 0.014285714285714285
0 0.38333333333333336 0.5761904761904761 0.008333333333333333 0.02857142857142857
0 0.16583333333333333 0.33015873015873015 0.009166666666666667 0.023809523809523808
0 0.2808333333333333 0.346031746031746 0.009166666666666667 0.023809523809523808
0 0.18833333333333332 0.3238095238095238 0.009166666666666667 0.023809523809523808
0 0.5291666666666667 0.4222222222222222 0.014166666666666666 0.03333333333333333
0 0.09166666666666666 0.19365079365079366 0.008333333333333333 0.01746031746031746
0 0.25 0.1126984126984127 0.005833333333333334 0.014285714285714285
0 0.15333333333333332 0.3111111111111111 0.009166666666666667 0.023809523809523808
0 0.16 0.11746031746031746 0.005833333333333334 0.014285714285714285
0 0.5566666666666666 0.5857142857142857 0.009166666666666667 0.023809523809523808
0 0.22583333333333333 0.6476190476190476 0.019166666666666665 0.03650793650793651
0 0.36666666666666664 0.10317460317460317 0.005833333333333334 0.014285714285714285
0 0.6366666666666667 0.6 0.009166666666666667 0.023809523809523808
0 0.5541666666666667 0.2619047619047619 0.008333333333333333 0.01746031746031746
0 0.3675 0.3492063492063492 0.009166666666666667 0.023809523809523808
0 0.10833333333333334 0.3603174603174603 0.009166666666666667 0.023809523809523808
0 0.3283333333333333 0.18095238095238095 0.008333333333333333 0.01746031746031746
0 0.31916666666666665 0.22857142857142856 0.008333333333333333 0.01746031746031746
0 0.2733333333333333 0.13968253968253969 0.005833333333333334 0.014285714285714285
0 0.315 0.2857142857142857 0.009166666666666667 0.023809523809523808
0 0.09333333333333334 0.3126984126984127 0.009166666666666667 0.023809523809523808
0 0.6941666666666667 0.6126984126984127 0.009166666666666667 0.023809523809523808
0 0.42916666666666664 0.5650793650793651 0.014166666666666666 0.03333333333333333
0 0.10666666666666667 0.3396825396825397 0.009166666666666667 0.023809523809523808
0 0.6366666666666667 0.29523809523809524 0.009166666666666667 0.023809523809523808
0 0.8666666666666667 0.3952380952380952 0.009166666666666667 0.023809523809523808
0 0.35833333333333334 0.726984126984127 0.008333333333333333 0.02857142857142857
0 0.3441666666666667 0.09523809523809523 0.005833333333333334 0.014285714285714285
0 0.4041666666666667 0.5063492063492063 0.014166666666666666 0.03333333333333333
0 0.7058333333333333 0.5841269841269842 0.009166666666666667 0.023809523809523808
0 0.21333333333333335 0.17777777777777778 0.008333333333333333 0.01746031746031746
0 0.0875 0.6238095238095238 0.015 0.03650793650793651
0 0.20083333333333334 0.44285714285714284 0.014166666666666666 0.03333333333333333
0 0.3325 0.23809523809523808 0.008333333333333333 0.01746031746031746
0 0.2758333333333333 0.28253968253968254 0.008333333333333333 0.01746031746031746
0 0.07666666666666666 0.11587301587301588 0.005833333333333334 0.014285714285714285
0 0.20083333333333334 0.22063492063492063 0.008333333333333333 0.01746031746031746
0 0.12 0.173015873015873 0.008333333333333333 0.01746031746031746
0 0.22666666666666666 0.20793650793650795 0.008333333333333333 0.01746031746031746
0 0.02 0.09841269841269841 0.005833333333333334 0.014285714285714285
0 0.13583333333333333 0.06507936507936508 0.005833333333333334 0.014285714285714285
0 0.8366666666666667 0.7 0.0125 0.026984126984126985
0 0.4525 0.18571428571428572 0.008333333333333333 0.01746031746031746
0 0.07333333333333333 0.13015873015873017 0.005833333333333334 0.014285714285714285
0 0.3375 0.10158730158730159 0.005833333333333334 0.014285714285714285
0 0.1325 0.30634920634920637 0.009166666666666667 0.023809523809523808
0 0.29083333333333333 0.5841269841269842 0.008333333333333333 0.02857142857142857
0 0.3983333333333333 0.24285714285714285 0.008333333333333333 0.01746031746031746
0 0.5583333333333333 0.20634920634920634 0.008333333333333333 0.01746031746031746
0 0.1275 0.12380952380952381 0.005833333333333334 0.014285714285714285
0 0.14166666666666666 0.20952380952380953 0.008333333333333333 0.01746031746031746
0 0.23083333333333333 0.31587301587301586 0.009166666666666667 0.023809523809523808
0 0.13916666666666666 0.10317460317460317 0.005833333333333334 0.014285714285714285
0 0.2375 0.19523809523809524 0.008333333333333333 0.01746031746031746
0 0.30416666666666664 0.32222222222222224 0.009166666666666667 0.023809523809523808
0 0.475 0.2619047619047619 0.008333333333333333 0.01746031746031746
0 0.8458333333333333 0.5920634920634921 0.009166666666666667 0.023809523809523808
0 0.19666666666666666 0.5190476190476191 0.014166666666666666 0.03333333333333333
0 0.28 0.10793650793650794 0.005833333333333334 0.014285714285714285
0 0.5641666666666667 0.33174603174603173 0.009166666666666667 0.023809523809523808
0 0.22416666666666665 0.28888888888888886 0.009166666666666667 0.023809523809523808
0 0.17083333333333334 0.08412698412698413 0.005833333333333334 0.014285714285714285
0 0.16583333333333333 0.46190476190476193 0.014166666666666666 0.03333333333333333
0 0.0033333333333333335 0.12698412698412698 0.005833333333333334 0.014285714285714285
0 0.1975 0.4142857142857143 0.014166666666666666 0.03333333333333333
0 0.14 0.38095238095238093 0.009166666666666667 0.023809523809523808
0 0.8616666666666667 0.33650793650793653 0.009166666666666667 0.023809523809523808
0 0.32666666666666666 0.22380952380952382 0.008333333333333333 0.01746031746031746
0 0.21833333333333332 0.1126984126984127 0.005833333333333334 0.014285714285714285
0 0.43833333333333335 0.07301587301587302 0.005833333333333334 0.014285714285714285
0 0.175 0.0761904761904762 0.005833333333333334 0.014285714285714285
0 0.18083333333333335 0.2253968253968254 0.008333333333333333 0.01746031746031746
0 0.2841666666666667 0.4222222222222222 0.014166666666666666 0.03333333333333333
0 0.029166666666666667 0.6174603174603175 0.015 0.03650793650793651
0 0.545 0.273015873015873 0.008333333333333333 0.01746031746031746
0 0.8658333333333333 0.6698412698412698 0.0125 0.026984126984126985
0 0.08416666666666667 0.346031746031746 0.009166666666666667 0.023809523809523808
0 0.4125 0.4507936507936508 0.014166666666666666 0.03333333333333333
0 0.23833333333333334 0.12063492063492064 0.005833333333333334 0.014285714285714285
0 0.44333333333333336 0.1634920634920635 0.005833333333333334 0.014285714285714285
0 0.7758333333333334 0.16031746031746033 0.005833333333333334 0.014285714285714285
0 0.3725 0.5206349206349207 0.014166666666666666 0.03333333333333333
0 0.16166666666666665 0.15714285714285714 0.005833333333333334 0.014285714285714285
0 0.7341666666666666 0.7158730158730159 0.0125 0.026984126984126985
0 0.3616666666666667 0.49682539682539684 0.014166666666666666 0.03333333333333333
0 0.15416666666666667 0.6365079365079365 0.019166666666666665 0.03650793650793651
0 0.4891666666666667 0.4396825396825397 0.014166666666666666 0.03333333333333333
0 0.41 0.5031746031746032 0.014166666666666666 0.03333333333333333
0 0.38666666666666666 0.38412698412698415 0.009166666666666667 0.023809523809523808
0 0.5158333333333334 0.21904761904761905 0.008333333333333333 0.01746031746031746
0 0.195 0.24444444444444444 0.008333333333333333 0.01746031746031746
0 0.5233333333333333 0.3904761904761905 0.009166666666666667 0.023809523809523808
0 0.22916666666666666 0.37936507936507935 0.009166666666666667 0.023809523809523808
0 0.2758333333333333 0.16507936507936508 0.005833333333333334 0.014285714285714285
0 0.4075 0.4936507936507937 0.014166666666666666 0.03333333333333333
0 0.2525 0.2253968253968254 0.008333333333333333 0.01746031746031746
0 0.715 0.6682539682539682 0.0125 0.026984126984126985
0 0.3308333333333333 0.42857142857142855 0.014166666666666666 0.03333333333333333
0 0.15333333333333332 0.665079365079365 0.019166666666666665 0.03650793650793651
0 0.5058333333333334 0.4492063492063492 0.014166666666666666 0.03333333333333333
0 0.245 0.35079365079365077 0.009166666666666667 0.023809523809523808
0 0.2758333333333333 0.4015873015873016 0.009166666666666667 0.023809523809523808
0 0.10833333333333334 0.16825396825396827 0.005833333333333334 0.014285714285714285
0 0.31833333333333336 0.1380952380952381 0.005833333333333334 0.014285714285714285
0 0.5683333333333334 0.4301587301587302 0.014166666666666666 0.03333333333333333
0 0.11333333333333333 0.0761904761904762 0.005833333333333334 0.014285714285714285
0 0.2275 0.12698412698412698 0.005833333333333334 0.014285714285714285
0 0.3925 0.32857142857142857 0.009166666666666667 0.023809523809523808
0 0.18833333333333332 0.09523809523809523 0.005833333333333334 0.014285714285714285
0 0.31416666666666665 0.1761904761904762 0.008333333333333333 0.01746031746031746
0 0.08 0.06666666666666667 0.005833333333333334 0.014285714285714285
0 0.6566666666666666 0.3492063492063492 0.009166666666666667 0.023809523809523808
0 0.19916666666666666 0.11428571428571428 0.005833333333333334 0.014285714285714285
0 0.2683333333333333 0.5650793650793651 0.014166666666666666 0.03333333333333333
0 0.3016666666666667 0.13968253968253969 0.005833333333333334 0.014285714285714285
0 0.48833333333333334 0.4142857142857143 0.014166666666666666 0.03333333333333333
0 0.7475 0.4507936507936508 0.009166666666666667 0.023809523809523808
0 0.34833333333333333 0.16031746031746033 0.005833333333333334 0.014285714285714285
0 0.6908333333333333 0.726984126984127 0.0125 0.026984126984126985
0 0.2683333333333333 0.10793650793650794 0.005833333333333334 0.014285714285714285
0 0.2825 0.3 0.009166666666666667 0.023809523809523808
0 0.8675 0.3619047619047619 0.009166666666666667 0.023809523809523808
0 0.7616666666666667 0.43333333333333335 0.009166666666666667 0.023809523809523808
0 0.5241666666666667 0.31587301587301586 0.009166666666666667 0.023809523809523808
0 0.17916666666666667 0.4126984126984127 0.014166666666666666 0.03333333333333333
0 0.385 0.18095238095238095 0.008333333333333333 0.01746031746031746
0 0.16166666666666665 0.28888888888888886 0.009166666666666667 0.023809523809523808
0 0.17 0.18412698412698414 0.008333333333333333 0.01746031746031746
0 0.18083333333333335 0.5714285714285714 0.014166666666666666 0.03333333333333333
0 0.19916666666666666 0.15079365079365079 0.005833333333333334 0.014285714285714285
0 0.12833333333333333 0.0761904761904762 0.005833333333333334 0.014285714285714285
0 0.10166666666666667 0.24285714285714285 0.008333333333333333 0.01746031746031746
0 0.39916666666666667 0.17142857142857143 0.005833333333333334 0.014285714285714285
0 0.625 0.2714285714285714 0.008333333333333333 0.01746031746031746
0 0.8291666666666667 0.5968253968253968 0.009166666666666667 0.023809523809523808
0 0.7925 0.4873015873015873 0.009166666666666667 0.023809523809523808
0 0.3925 0.2619047619047619 0.008333333333333333 0.01746031746031746
0 0.33666666666666667 0.4111111111111111 0.014166666666666666 0.03333333333333333
0 0.2975 0.1746031746031746 0.008333333333333333 0.01746031746031746
0 0.2841666666666667 0.07301587301587302 0.005833333333333334 0.014285714285714285
0 0.195 0.6793650793650794 0.019166666666666665 0.03650793650793651
0 0.1725 0.346031746031746 0.009166666666666667 0.023809523809523808
0 0.355 0.2 0.008333333333333333 0.01746031746031746
0 0.13833333333333334 0.14285714285714285 0.005833333333333334 0.014285714285714285
0 0.7425 0.6349206349206349 0.009166666666666667 0.023809523809523808
0 0.5925 0.4031746031746032 0.009166666666666667 0.023809523809523808
0 0.505 0.2920634920634921 0.009166666666666667 0.023809523809523808
0 0.29833333333333334 0.35079365079365077 0.009166666666666667 0.023809523809523808
0 0.5808333333333333 0.5412698412698412 0.009166666666666667 0.023809523809523808
0 0.5541666666666667 0.5507936507936508 0.009166666666666667 0.023809523809523808
0 0.18583333333333332 0.24444444444444444 0.008333333333333333 0.01746031746031746
0 0.1 0.2761904761904762 0.008333333333333333 0.01746031746031746
0 0.095 0.14603174603174604 0.005833333333333334 0.014285714285714285
0 0.13666666666666666 0.1634920634920635 0.005833333333333334 0.014285714285714285
0 0.8133333333333334 0.6190476190476191 0.009166666666666667 0.023809523809523808
0 0.5141666666666667 0.25396825396825395 0.008333333333333333 0.01746031746031746
0 0.025833333333333333 0.09682539682539683 0.005833333333333334 0.014285714285714285
0 0.15333333333333332 0.07777777777777778 0.005833333333333334 0.014285714285714285
0 0.1525 0.12063492063492064 0.005833333333333334 0.014285714285714285
0 0.4841666666666667 0.5666666666666667 0.014166666666666666 0.03333333333333333
0 0.30416666666666664 0.4523809523809524 0.014166666666666666 0.03333333333333333
0 0.8316666666666667 0.49047619047619045 0.009166666666666667 0.023809523809523808
0 0.30833333333333335 0.35555555555555557 0.009166666666666667 0.023809523809523808
0 0.2475 0.24126984126984127 0.008333333333333333 0.01746031746031746
0 0.2925 0.41904761904761906 0.014166666666666666 0.03333333333333333
0 0.17333333333333334 0.6587301587301587 0.019166666666666665 0.03650793650793651
0 0.42333333333333334 0.346031746031746 0.009166666666666667 0.023809523809523808
0 0.08583333333333333 0.6031746031746031 0.015 0.03650793650793651
0 0.49333333333333335 0.4603174603174603 0.014166666666666666 0.03333333333333333
0 0.4241666666666667 0.2873015873015873 0.009166666666666667 0.023809523809523808
0 0.56 0.49047619047619045 0.009166666666666667 0.023809523809523808
0 0.35833333333333334 0.07936507936507936 0.005833333333333334 0.014285714285714285
0 0.7508333333333334 0.26825396825396824 0.008333333333333333 0.01746031746031746
0 0.5333333333333333 0.21587301587301588 0.008333333333333333 0.01746031746031746
0 0.885 0.4015873015873016 0.009166666666666667 0.023809523809523808
0 0.4275 0.08888888888888889 0.005833333333333334 0.014285714285714285
0 0.235 0.15396825396825398 0.005833333333333334 0.014285714285714285
0 0.24416666666666667 0.7555555555555555 0.019166666666666665 0.03650793650793651
0 0.2783333333333333 0.0761904761904762 0.005833333333333334 0.014285714285714285
0 0.3983333333333333 0.15873015873015872 0.005833333333333334 0.014285714285714285
0 0.20166666666666666 0.1 0.005833333333333334 0.014285714285714285
0 0.30916666666666665 0.11428571428571428 0.005833333333333334 0.014285714285714285
0 0.5258333333333334 0.2507936507936508 0.008333333333333333 0.01746031746031746
0 0.19583333333333333 0.7206349206349206 0.019166666666666665 0.03650793650793651
0 0.5525 0.17777777777777778 0.008333333333333333 0.01746031746031746
0 0.26666666666666666 0.12857142857142856 0.005833333333333334 0.014285714285714285
0 0.555 0.5047619047619047 0.009166666666666667 0.023809523809523808
0 0.1825 0.1746031746031746 0.008333333333333333 0.01746031746031746
0 0.3775 0.25873015873015875 0.008333333333333333 0.01746031746031746
0 0.5075 0.10634920634920635 0.005833333333333334 0.014285714285714285
0 0.2275 0.5523809523809524 0.014166666666666666 0.03333333333333333
0 0.11 0.15714285714285714 0.005833333333333334 0.014285714285714285
0 0.7633333333333333 0.5412698412698412 0.009166666666666667 0.023809523809523808
0 0.4241666666666667 0.15396825396825398 0.005833333333333334 0.014285714285714285
0 0.31916666666666665 0.20476190476190476 0.008333333333333333 0.01746031746031746
0 0.23666666666666666 0.3888888888888889 0.009166666666666667 0.023809523809523808
0 0.6841666666666667 0.3634920634920635 0.009166666666666667 0.023809523809523808
0 0.22 0.14285714285714285 0.005833333333333334 0.014285714285714285
0 0.2925 0.0761904761904762 0.005833333333333334 0.014285714285714285
0 0.12083333333333333 0.2222222222222222 0.008333333333333333 0.01746031746031746
0 0.37833333333333335 0.1380952380952381 0.006666666666666667 0.015873015873015872
0 0.5541666666666667 0.3412698412698413 0.009166666666666667 0.023809523809523808
0 0.42583333333333334 0.38095238095238093 0.009166666666666667 0.023809523809523808
0 0.05583333333333333 0.06349206349206349 0.005833333333333334 0.014285714285714285
0 0.4925 0.692063492063492 0.011666666666666667 0.03015873015873016
0 0.07916666666666666 0.18253968253968253 0.008333333333333333 0.01746031746031746
0 0.5358333333333334 0.4523809523809524 0.014166666666666666 0.03333333333333333
0 0.3575 0.35873015873015873 0.009166666666666667 0.023809523809523808
0 0.8791666666666667 0.6349206349206349 0.009166666666666667 0.023809523809523808
0 0.41 0.26825396825396824 0.008333333333333333 0.01746031746031746
0 0.051666666666666666 0.11587301587301588 0.005833333333333334 0.014285714285714285
0 0.6158333333333333 0.10476190476190476 0.005833333333333334 0.014285714285714285
0 0.5391666666666667 0.5126984126984127 0.009166666666666667 0.023809523809523808
0 0.5283333333333333 0.23333333333333334 0.008333333333333333 0.01746031746031746
0 0.19083333333333333 0.10317460317460317 0.005833333333333334 0.014285714285714285
0 0.24583333333333332 0.15714285714285714 0.005833333333333334 0.014285714285714285
0 0.08916666666666667 0.11428571428571428 0.005833333333333334 0.014285714285714285
0 0.08666666666666667 0.2841269841269841 0.008333333333333333 0.01746031746031746
0 0.5616666666666666 0.10476190476190476 0.005833333333333334 0.014285714285714285
0 0.8925 0.4650793650793651 0.009166666666666667 0.023809523809523808
0 0.5875 0.10476190476190476 0.005833333333333334 0.014285714285714285
0 0.31583333333333335 0.3523809523809524 0.009166666666666667 0.023809523809523808
0 0.355 0.29365079365079366 0.009166666666666667 0.023809523809523808
0 0.36916666666666664 0.1253968253968254 0.005833333333333334 0.014285714285714285
0 0.35333333333333333 0.6603174603174603 0.008333333333333333 0.02857142857142857
0 0.2791666666666667 0.1746031746031746 0.008333333333333333 0.01746031746031746
0 0.030833333333333334 0.12857142857142856 0.005833333333333334 0.014285714285714285
0 0.155 0.19206349206349208 0.008333333333333333 0.01746031746031746
0 0.35333333333333333 0.08888888888888889 0.005833333333333334 0.014285714285714285
0 0.4608333333333333 0.3111111111111111 0.009166666666666667 0.023809523809523808
0 0.22583333333333333 0.07936507936507936 0.005833333333333334 0.014285714285714285
0 0.5708333333333333 0.3126984126984127 0.009166666666666667 0.023809523809523808
0 0.4483333333333333 0.48412698412698413 0.014166666666666666 0.03333333333333333
0 0.13916666666666666 0.29523809523809524 0.009166666666666667 0.023809523809523808
0 0.44 0.4031746031746032 0.009166666666666667 0.023809523809523808
0 0.8833333333333333 0.7238095238095238 0.0125 0.026984126984126985
0 0.5341666666666667 0.36984126984126986 0.009166666666666667 0.023809523809523808
0 0.13916666666666666 0.319047619047619 0.009166666666666667 0.023809523809523808
0 0.5675 0.4714285714285714 0.009166666666666667 0.023809523809523808
0 0.6966666666666667 0.0761904761904762 0.005833333333333334 0.014285714285714285
0 0.2625 0.4936507936507937 0.014166666666666666 0.03333333333333333
0 0.4375 0.5507936507936508 0.014166666666666666 0.03333333333333333
0 0.5508333333333333 0.2396825396825397 0.008333333333333333 0.01746031746031746
0 0.425 0.6682539682539682 0.008333333333333333 0.02857142857142857
