0 0.7353515625 0.3782581055308328 0.01806640625 0.024793388429752067
0 0.4462890625 0.8582326764144946 0.03515625 0.055944055944055944
0 0.63671875 0.42021614748887476 0.01806640625 0.024793388429752067
0 0.7353515625 0.5352828989192625 0.01806640625 0.024793388429752067
0 0.86767578125 0.25683407501589317 0.01025390625 0.019071837253655435
0 0.29052734375 0.7832167832167832 0.02685546875 0.04513668150031786
0 0.306640625 0.4907819453273999 0.01806640625 0.024793388429752067
0 0.87646484375 0.8391608391608392 0.03515625 0.055944055944055944
0 0.59423828125 0.2396694214876033 0.01025390625 0.019071837253655435
0 0.45263671875 0.6516211061665607 0.02685546875 0.04513668150031786
0 0.908203125 0.3394787031150667 0.01806640625 0.024793388429752067
0 0.642578125 0.3477431659249841 0.01806640625 0.024793388429752067
0 0.5986328125 0.36554354736172917 0.01806640625 0.024793388429752067
0 0.49169921875 0.8900190718372537 0.03515625 0.055944055944055944
0 0.73828125 0.34520025429116336 0.01806640625 0.024793388429752067
0 0.4814453125 0.5111252383979656 0.01806640625 0.024793388429752067
0 0.33935546875 0.40114431023521935 0.01806640625 0.024793388429752067
0 0.5283203125 0.322949777495232 0.01025390625 0.019071837253655435
0 0.84912109375 0.41449459631277813 0.01806640625 0.024793388429752067
0 0.93310546875 0.10743801652892562 0.00390625 0.008900190718372537
0 0.51318359375 0.3006993006993007 0.01025390625 0.019071837253655435
0 0.15283203125 0.5708836617927527 0.02685546875 0.04513668150031786
0 0.25244140625 0.3922441195168468 0.01806640625 0.024793388429752067
0 0.02490234375 0.4628099173553719 0.01806640625 0.024793388429752067
0 0.18994140625 0.4818817546090273 0.01806640625 0.024793388429752067
0 0.00146484375 0.32358550540368725 0.01220703125 0.020343293070565798
0 0.83935546875 0.36554354736172917 0.01806640625 0.024793388429752067
0 0.9755859375 0.19135410044500953 0.01025390625 0.019071837253655435
0 0.11572265625 0.2472981563890655 0.01025390625 0.019071837253655435
0 0.69091796875 0.07374443738080101 0.00390625 0.008900190718372537
0 0.43017578125 0.410680228862047 0.01806640625 0.024793388429752067
0 0.77783203125 0.9427844882390337 0.03515625 0.055944055944055944
0 0.45361328125 0.27844882390336934 0.01025390625 0.019071837253655435
0 0.2587890625 0.8372536554354736 0.03515625 0.055944055944055944
0 0.5712890625 0.42021614748887476 0.01806640625 0.024793388429752067
0 0.61376953125 0.22759059122695485 0.01025390625 0.019071837253655435
0 0.390625 0.2848061029879212 0.01025390625 0.019071837253655435
0 0.01611328125 0.3356643356643357 0.01806640625 0.024793388429752067
0 0.69970703125 0.20152574698029244 0.01025390625 0.019071837253655435
0 0.123046875 0.8881118881118881 0.03515625 0.055944055944055944
0 0.26123046875 0.5263827082008901 0.01806640625 0.024793388429752067
0 0.91845703125 0.1290527654164018 0.00390625 0.008900190718372537
0 0.45361328125 0.2231404958677686 0.01025390625 0.019071837253655435
0 0.73291015625 0.21805467260012715 0.01025390625 0.019071837253655435
0 0.087890625 0.39033693579148127 0.01806640625 0.024793388429752067
0 0.74365234375 0.14748887476160202 0.00390625 0.008900190718372537
0 0.21533203125 0.5994914176732359 0.02685546875 0.04513668150031786
0 0.48681640625 0.13922441195168467 0.00390625 0.008900190718372537
0 0.63720703125 0.21487603305785125 0.01025390625 0.019071837253655435
0 0.63720703125 0.3680864589955499 0.01806640625 0.024793388429752067
0 0.07373046875 0.27844882390336934 0.01025390625 0.019071837253655435
0 0.919921875 0.2682771773680865 0.01025390625 0.019071837253655435
0 0.037109375 0.45772409408773046 0.01806640625 0.024793388429752067
0 0.93017578125 0.3108709472345836 0.01025390625 0.019071837253655435
0 0.3115234375 0.27590591226954864 0.01025390625 0.019071837253655435
0 0.91748046875 0.10680228862047043 0.00390625 0.008900190718372537
0 0.46875 0.7291799109980928 0.02685546875 0.04513668150031786
0 0.033203125 0.17736808645899554 0.01025390625 0.019071837253655435
0 0.71728515625 0.4297520661157025 0.01806640625 0.024793388429752067
0 0.5908203125 0.3267641449459631 0.01025390625 0.019071837253655435
0 0.01806640625 0.5251112523839797 0.01806640625 0.024793388429752067
0 0.751953125 0.30896376350921806 0.01025390625 0.019071837253655435
0 0.4658203125 0.18054672600127145 0.01025390625 0.019071837253655435
0 0.30517578125 0.33248569612205975 0.01025390625 0.019071837253655435
0 0.99169921875 0.19389701207883026 0.0068359375 0.013986013986013986
0 0.39208984375 0.21233312142403052 0.01025390625 0.019071837253655435
0 0.72314453125 0.7139224411951685 0.02685546875 0.04513668150031786
0 0.44677734375 0.34901462174189446 0.01806640625 0.024793388429752067
0 0.92822265625 0.35664335664335667 0.01806640625 0.024793388429752067
0 0.74365234375 0.1589319771137953 0.0068359375 0.013986013986013986
0 0.74658203125 0.3184996821360458 0.01025390625 0.019071837253655435
0 0.9111328125 0.4278448823903369 0.01806640625 0.024793388429752067
0 0.7314453125 0.4443738080101716 0.01806640625 0.024793388429752067
0 0.6748046875 0.6331849968213604 0.02685546875 0.04513668150031786
0 0.4384765625 0.2294977749523204 0.01025390625 0.019071837253655435
0 0.484375 0.38334392879847423 0.01806640625 0.024793388429752067
0 0.46826171875 0.628099173553719 0.02685546875 0.04513668150031786
0 0.10546875 0.30324221233312143 0.01025390625 0.019071837253655435
0 0.263671875 0.4189446916719644 0.01806640625 0.024793388429752067
0 0.4267578125 0.3204068658614113 0.01025390625 0.019071837253655435
0 0.26123046875 0.4844246662428481 0.01806640625 0.024793388429752067
0 0.5185546875 0.6484424666242848 0.02685546875 0.04513668150031786
0 0.39111328125 0.6560712015257469 0.02685546875 0.04513668150031786
0 0.1376953125 0.2873490146217419 0.01025390625 0.019071837253655435
0 0.16796875 0.38715829624920534 0.01806640625 0.024793388429752067
0 0.68994140625 0.3293070565797839 0.01025390625 0.019071837253655435
0 0.404296875 0.2021614748887476 0.01025390625 0.019071837253655435
0 0.00634765625 0.782581055308328 0.02880859375 0.04767959313413859
0 0.1484375 0.8359821996185632 0.03515625 0.055944055944055944
0 0.80517578125 0.1519389701207883 0.00390625 0.008900190718372537
0 0.64599609375 0.7838525111252383 0.02685546875 0.04513668150031786
0 0.11572265625 0.3445645263827082 0.01806640625 0.024793388429752067
0 0.40966796875 0.2199618563254927 0.01025390625 0.019071837253655435
0 0.25244140625 0.12333121424030515 0.00390625 0.008900190718372537
0 0.47802734375 0.11252383979656706 0.00390625 0.008900190718372537
0 0.89794921875 0.35664335664335667 0.01806640625 0.024793388429752067
0 0.07666015625 0.2199618563254927 0.01025390625 0.019071837253655435
0 0.16796875 0.2848061029879212 0.01025390625 0.019071837253655435
0 0.50732421875 0.19008264462809918 0.01025390625 0.019071837253655435
0 0.3740234375 0.6179275270184361 0.02685546875 0.04513668150031786
0 0.0927734375 0.4443738080101716 0.01806640625 0.024793388429752067
0 0.9091796875 0.36172917991099807 0.01806640625 0.024793388429752067
0 0.40283203125 0.18054672600127145 0.01025390625 0.019071837253655435
0 0.087890625 0.2892561983471074 0.01025390625 0.019071837253655435
0 0.1767578125 0.4322949777495232 0.01806640625 0.024793388429752067
0 0.2998046875 0.7260012714558169 0.02685546875 0.04513668150031786
0 0.04345703125 0.41004450095359185 0.01806640625 0.024793388429752067
0 0.720703125 0.9745708836617928 0.03515625 0.055944055944055944
0 0.55224609375 0.3248569612205976 0.01025390625 0.019071837253655435
0 0.728515625 0.3064208518753973 0.01025390625 0.019071837253655435
0 0.005859375 0.5664335664335665 0.0224609375 0.03496503496503497
0 0.5400390625 0.38080101716465353 0.01806640625 0.024793388429752067
0 0.53369140625 0.49523204068658616 0.01806640625 0.024793388429752067
0 0.0869140625 0.2199618563254927 0.01025390625 0.019071837253655435
0 0.474609375 0.21551176096630642 0.01025390625 0.019071837253655435
0 0.9921875 0.3172282263191354 0.01220703125 0.020343293070565798
0 0.6943359375 0.38334392879847423 0.01806640625 0.024793388429752067
0 0.9091796875 0.20597584233947872 0.01025390625 0.019071837253655435
0 0.923828125 0.21805467260012715 0.01025390625 0.019071837253655435
0 0.44921875 0.3782581055308328 0.01806640625 0.024793388429752067
0 0.79833984375 0.5149396058486968 0.01806640625 0.024793388429752067
0 0.6064453125 0.5448188175460903 0.01806640625 0.024793388429752067
0 0.97021484375 0.9802924348378894 0.03515625 0.055944055944055944
0 0.35693359375 0.29624920534011445 0.01025390625 0.019071837253655435
0 0.4296875 0.14939605848696758 0.00390625 0.008900190718372537
0 0.7255859375 0.4113159567705022 0.01806640625 0.024793388429752067
0 0.17529296875 0.4195804195804196 0.01806640625 0.024793388429752067
0 0.5390625 0.12460267005721551 0.00390625 0.008900190718372537
0 0.05029296875 0.2867132867132867 0.01025390625 0.019071837253655435
0 0.0 0.23331214240305148 0.01025390625 0.019071837253655435
0 0.20361328125 0.13413858868404324 0.00390625 0.008900190718372537
0 0.048828125 0.6382708200890019 0.02685546875 0.04513668150031786
0 0.8203125 0.43420216147488877 0.01806640625 0.024793388429752067
0 0.22705078125 0.6872218690400509 0.02685546875 0.04513668150031786
0 0.05712890625 0.4488239033693579 0.01806640625 0.024793388429752067
0 0.861328125 0.2968849332485696 0.01025390625 0.019071837253655435
0 0.94189453125 0.28544183089637637 0.01025390625 0.019071837253655435
0 0.40625 0.9300699300699301 0.03515625 0.055944055944055944
0 0.90478515625 0.28607755880483154 0.01025390625 0.019071837253655435
0 0.59765625 0.8296249205340115 0.03515625 0.055944055944055944
0 0.46435546875 0.27908455181182457 0.01025390625 0.019071837253655435
0 0.2197265625 0.5657978385251112 0.02685546875 0.04513668150031786
0 0.111328125 0.3331214240305149 0.01025390625 0.019071837253655435
0 0.22412109375 0.7291799109980928 0.02685546875 0.04513668150031786
0 0.65673828125 0.3623649078194533 0.01806640625 0.024793388429752067
0 0.330078125 0.9033693579148124 0.03515625 0.055944055944055944
0 0.41357421875 0.43483788938334395 0.01806640625 0.024793388429752067
0 0.49365234375 0.19707565162110616 0.01025390625 0.019071837253655435
0 0.43212890625 0.9446916719643992 0.03515625 0.055944055944055944
0 0.50341796875 0.36300063572790847 0.01806640625 0.024793388429752067
0 0.0859375 0.168467895740623 0.01025390625 0.019071837253655435
0 0.6611328125 0.6484424666242848 0.02685546875 0.04513668150031786
0 0.89208984375 0.4488239033693579 0.01806640625 0.024793388429752067
0 0.2158203125 0.5143038779402416 0.01806640625 0.024793388429752067
0 0.88330078125 0.2097902097902098 0.01025390625 0.019071837253655435
0 0.64306640625 0.6795931341385887 0.02685546875 0.04513668150031786
0 0.98583984375 0.4698029243483789 0.01806640625 0.024793388429752067
0 0.22705078125 0.18626827717736807 0.01025390625 0.019071837253655435
0 0.30712890625 0.39987285441830894 0.01806640625 0.024793388429752067
0 0.1328125 0.24411951684678956 0.01025390625 0.019071837253655435
0 0.21044921875 0.3916083916083916 0.01806640625 0.024793388429752067
0 0.39794921875 0.19707565162110616 0.01025390625 0.019071837253655435
0 0.1494140625 0.31977113795295614 0.01025390625 0.019071837253655435
0 0.96044921875 0.6834075015893197 0.02685546875 0.04513668150031786
0 0.224609375 0.8194532739987286 0.03515625 0.055944055944055944
0 0.091796875 0.2530197075651621 0.01025390625 0.019071837253655435
0 0.05517578125 0.27527018436109346 0.01025390625 0.019071837253655435
0 0.97265625 0.8086458995549904 0.03515625 0.055944055944055944
0 0.70263671875 0.3420216147488875 0.01806640625 0.024793388429752067
0 0.61328125 0.9949141767323586 0.03515625 0.055944055944055944
0 0.4658203125 0.09218054672600128 0.00390625 0.008900190718372537
0 0.6259765625 0.22441195168467895 0.01025390625 0.019071837253655435
0 0.50146484375 0.2765416401780038 0.01025390625 0.019071837253655435
0 0.13818359375 0.43420216147488877 0.01806640625 0.024793388429752067
0 0.35986328125 0.5467260012714558 0.01806640625 0.024793388429752067
0 0.01708984375 0.8823903369357915 0.03271484375 0.052765416401780035
0 0.38671875 0.09408773045136681 0.00390625 0.008900190718372537
0 0.68115234375 0.3541004450095359 0.01806640625 0.024793388429752067
0 0.5498046875 0.42403051493960586 0.01806640625 0.024793388429752067
0 0.22607421875 0.29624920534011445 0.01025390625 0.019071837253655435
0 0.5263671875 0.7425301970756516 0.02685546875 0.04513668150031786
0 0.3330078125 0.8372536554354736 0.03515625 0.055944055944055944
0 0.5166015625 0.44500953591862685 0.01806640625 0.024793388429752067
0 0.72900390625 0.5162110616656072 0.01806640625 0.024793388429752067
0 0.822265625 0.4024157660521297 0.01806640625 0.024793388429752067
0 0.8818359375 0.2466624284806103 0.01025390625 0.019071837253655435
0 0.36474609375 0.39732994278448824 0.01806640625 0.024793388429752067
0 0.93408203125 0.1322314049586777 0.00390625 0.008900190718372537
0 0.078125 0.8118245390972664 0.03515625 0.055944055944055944
0 0.095703125 0.20279720279720279 0.01025390625 0.019071837253655435
0 0.37060546875 0.8340750158931977 0.03515625 0.055944055944055944
0 0.30419921875 0.2472981563890655 0.01025390625 0.019071837253655435
0 0.115234375 0.21551176096630642 0.01025390625 0.019071837253655435
0 0.19873046875 0.22441195168467895 0.01025390625 0.019071837253655435
0 0.47314453125 0.32549268912905277 0.01025390625 0.019071837253655435
0 0.2255859375 0.39287984742530196 0.01806640625 0.024793388429752067
0 0.77392578125 0.410680228862047 0.01806640625 0.024793388429752067
0 0.48974609375 0.13350286077558804 0.00390625 0.008900190718372537
0 0.11376953125 0.1760966306420852 0.01025390625 0.019071837253655435
0 0.40380859375 0.3178639542275906 0.01025390625 0.019071837253655435
0 0.13134765625 0.4418308963763509 0.01806640625 0.024793388429752067
0 0.1806640625 0.3013350286077559 0.01025390625 0.019071837253655435
0 0.140625 0.20851875397329941 0.01025390625 0.019071837253655435
0 0.7060546875 0.2828989192625556 0.01025390625 0.019071837253655435
0 0.8505859375 0.3331214240305149 0.01025390625 0.019071837253655435
0 0.9169921875 0.8588684043229498 0.03515625 0.055944055944055944
0 0.16552734375 0.32994278448823905 0.01025390625 0.019071837253655435
0 0.40673828125 0.1652892561983471 0.01025390625 0.019071837253655435
0 0.2216796875 0.4278448823903369 0.01806640625 0.024793388429752067
0 0.99755859375 0.35727908455181184 0.01220703125 0.020343293070565798
0 0.904296875 0.39097266369993644 0.01806640625 0.024793388429752067
0 0.9111328125 0.7406230133502861 0.02685546875 0.04513668150031786
0 0.09765625 0.16465352828989194 0.01025390625 0.019071837253655435
0 0.49072265625 0.28798474253019707 0.01025390625 0.019071837253655435
0 0.20556640625 0.36554354736172917 0.01806640625 0.024793388429752067
0 0.5 0.203432930705658 0.01025390625 0.019071837253655435
0 0.63427734375 0.28162746344564527 0.01025390625 0.019071837253655435
0 0.88525390625 0.1989828353464717 0.01025390625 0.019071837253655435
0 0.05322265625 0.575333757151939 0.02685546875 0.04513668150031786
0 0.4765625 0.12968849332485696 0.00390625 0.008900190718372537
0 0.240234375 0.41830896376350923 0.01806640625 0.024793388429752067
0 0.0029296875 0.21233312142403052 0.01025390625 0.019071837253655435
0 0.103515625 0.28417037507946596 0.01025390625 0.019071837253655435
0 0.50048828125 0.39033693579148127 0.01806640625 0.024793388429752067
0 0.017578125 0.9370629370629371 0.03515625 0.055944055944055944
0 0.62646484375 0.5073108709472346 0.01806640625 0.024793388429752067
0 0.2734375 0.46090273363000633 0.01806640625 0.024793388429752067
0 0.82666015625 0.10680228862047043 0.00390625 0.008900190718372537
0 0.34423828125 0.6999364272091545 0.02685546875 0.04513668150031786
0 0.388671875 0.4469167196439924 0.01806640625 0.024793388429752067
0 0.71484375 0.29624920534011445 0.01025390625 0.019071837253655435
0 0.27587890625 0.5696122059758424 0.02685546875 0.04513668150031786
0 0.67919921875 0.12015257469802924 0.00390625 0.008900190718372537
0 0.91552734375 0.34710743801652894 0.01806640625 0.024793388429752067
0 0.77978515625 0.29243483788938335 0.01025390625 0.019071837253655435
0 0.53515625 0.22059758423394787 0.01025390625 0.019071837253655435
0 0.40771484375 0.3954227590591227 0.01806640625 0.024793388429752067
0 0.75146484375 0.8188175460902734 0.03515625 0.055944055944055944
0 0.703125 0.31532104259376986 0.01025390625 0.019071837253655435
0 0.3779296875 0.7628734901462174 0.02685546875 0.04513668150031786
0 0.998046875 0.40750158931977115 0.01611328125 0.02288620470438652
0 0.00048828125 0.3960584869675779 0.01806640625 0.024793388429752067
0 0.17919921875 0.5079465988556897 0.01806640625 0.024793388429752067
0 0.53173828125 0.5346471710108074 0.01806640625 0.024793388429752067
0 0.81201171875 0.08200890019071837 0.00390625 0.008900190718372537
0 0.43310546875 0.25429116338207247 0.01025390625 0.019071837253655435
0 0.62158203125 0.2917991099809282 0.01025390625 0.019071837253655435
0 0.91015625 0.07819453273998729 0.00390625 0.008900190718372537
0 0.36181640625 0.5060394151303242 0.01806640625 0.024793388429752067
0 0.533203125 0.2873490146217419 0.01025390625 0.019071837253655435
0 0.54443359375 0.30260648442466626 0.01025390625 0.019071837253655435
0 0.4765625 0.2326764144945963 0.01025390625 0.019071837253655435
0 0.87060546875 0.45835982199618563 0.01806640625 0.024793388429752067
0 0.21337890625 0.23394787031150668 0.01025390625 0.019071837253655435
0 0.2197265625 0.35727908455181184 0.01806640625 0.024793388429752067
0 0.01953125 0.3038779402415766 0.01025390625 0.019071837253655435
0 0.01416015625 0.23076923076923078 0.01025390625 0.019071837253655435
0 0.37255859375 0.940241576605213 0.03515625 0.055944055944055944
0 0.51806640625 0.41004450095359185 0.01806640625 0.024793388429752067
0 0.978515625 0.27527018436109346 0.01025390625 0.019071837253655435
0 0.42041015625 0.7355371900826446 0.02685546875 0.04513668150031786
0 0.7685546875 0.6554354736172918 0.02685546875 0.04513668150031786
0 0.11767578125 0.16338207247298156 0.01025390625 0.019071837253655435
0 0.10595703125 0.35664335664335667 0.01806640625 0.024793388429752067
0 0.78369140625 0.182453909726637 0.01025390625 0.019071837253655435
0 0.67138671875 0.2898919262555626 0.01025390625 0.019071837253655435
0 0.6953125 0.29815638906548 0.01025390625 0.019071837253655435
0 0.28662109375 0.27590591226954864 0.01025390625 0.019071837253655435
0 0.01953125 0.4507310870947235 0.01806640625 0.024793388429752067
0 0.744140625 0.6522568340750159 0.02685546875 0.04513668150031786
0 0.2197265625 0.6503496503496503 0.02685546875 0.04513668150031786
0 0.59619140625 0.5804195804195804 0.02685546875 0.04513668150031786
0 0.7939453125 0.4825174825174825 0.01806640625 0.024793388429752067
0 0.5595703125 0.9491417673235855 0.03515625 0.055944055944055944
0 0.29345703125 0.3941513032422123 0.01806640625 0.024793388429752067
0 0.40625 0.1551176096630642 0.00390625 0.008900190718372537
0 0.06640625 0.23903369357914814 0.01025390625 0.019071837253655435
0 0.54248046875 0.44500953591862685 0.01806640625 0.024793388429752067
0 0.701171875 0.46789574062301337 0.01806640625 0.024793388429752067
0 0.22314453125 0.34011443102352196 0.01806640625 0.024793388429752067
0 0.0400390625 0.6128417037507946 0.02685546875 0.04513668150031786
0 0.4072265625 0.34965034965034963 0.01806640625 0.024793388429752067
0 0.6435546875 0.38715829624920534 0.01806640625 0.024793388429752067
0 0.5078125 0.22059758423394787 0.01025390625 0.019071837253655435
0 0.7841796875 0.5645263827082009 0.02001953125 0.029879211697393517
0 0.72021484375 0.3165924984106802 0.01025390625 0.019071837253655435
0 0.6298828125 0.852511125238398 0.03515625 0.055944055944055944
0 0.87548828125 0.24157660521296884 0.01025390625 0.019071837253655435
0 0.1611328125 0.36554354736172917 0.01806640625 0.024793388429752067
0 0.2509765625 0.09980928162746344 0.00390625 0.008900190718372537
0 0.3310546875 0.733630006357279 0.02685546875 0.04513668150031786
0 0.44775390625 0.18817546090273363 0.01025390625 0.019071837253655435
0 0.1689453125 0.8150031786395423 0.03515625 0.055944055944055944
0 0.8359375 0.322949777495232 0.01025390625 0.019071837253655435
0 0.0673828125 0.16338207247298156 0.01025390625 0.019071837253655435
0 0.63671875 0.30260648442466626 0.01025390625 0.019071837253655435
0 0.6484375 0.20152574698029244 0.01025390625 0.019071837253655435
0 0.033203125 0.49777495232040686 0.01806640625 0.024793388429752067
0 0.7734375 0.5982199618563255 0.02685546875 0.04513668150031786
0 0.07080078125 0.5187539732994279 0.01806640625 0.024793388429752067
0 0.78271484375 0.8753973299427845 0.03515625 0.055944055944055944
0 0.423828125 0.24221233312142404 0.01025390625 0.019071837253655435
0 0.494140625 0.5607120152574698 0.01806640625 0.024793388429752067
0 0.931640625 0.687857596948506 0.02685546875 0.04513668150031786
0 0.36865234375 0.0845518118245391 0.00390625 0.008900190718372537
0 0.076171875 0.5492689129052766 0.01806640625 0.024793388429752067
0 0.76708984375 0.29243483788938335 0.01025390625 0.019071837253655435
0 0.7431640625 0.7844882390336936 0.02685546875 0.04513668150031786
0 0.5419921875 0.7018436109345201 0.02685546875 0.04513668150031786
0 0.15673828125 0.4043229497774952 0.01806640625 0.024793388429752067
0 0.98681640625 0.2803560076287349 0.01025390625 0.019071837253655435
0 0.5009765625 0.2517482517482518 0.01025390625 0.019071837253655435
0 0.13232421875 0.3083280356007629 0.01025390625 0.019071837253655435
0 0.5830078125 0.30705657978385253 0.01025390625 0.019071837253655435
0 0.90283203125 0.08963763509218055 0.00390625 0.008900190718372537
0 0.63134765625 0.1989828353464717 0.01025390625 0.019071837253655435
0 0.26318359375 0.6338207247298157 0.02685546875 0.04513668150031786
0 0.1171875 0.19389701207883026 0.01025390625 0.019071837253655435
0 0.74462890625 0.4094087730451367 0.01806640625 0.024793388429752067
0 0.9443359375 0.30896376350921806 0.01025390625 0.019071837253655435
0 0.798828125 0.47361729179911 0.01806640625 0.024793388429752067
0 0.7763671875 0.3172282263191354 0.01025390625 0.019071837253655435
0 0.37841796875 0.2644628099173554 0.01025390625 0.019071837253655435
0 0.6357421875 0.3248569612205976 0.01025390625 0.019071837253655435
0 0.02734375 0.7215511760966307 0.02685546875 0.04513668150031786
0 0.8056640625 0.8493324856961221 0.03515625 0.055944055944055944
0 0.07177734375 0.49777495232040686 0.01806640625 0.024793388429752067
0 0.90576171875 0.32612841703750794 0.01025390625 0.019071837253655435
0 0.23974609375 0.59631277813096 0.02685546875 0.04513668150031786
0 0.6015625 0.37635092180546725 0.01806640625 0.024793388429752067
0 0.33056640625 0.16465352828989194 0.01025390625 0.019071837253655435
0 0.85888671875 0.2053401144310235 0.01025390625 0.019071837253655435
0 0.1826171875 0.3337571519389701 0.01025390625 0.019071837253655435
0 0.24560546875 0.10998092816274635 0.00390625 0.008900190718372537
0 0.40478515625 0.7113795295613478 0.02685546875 0.04513668150031786
0 0.626953125 0.6528925619834711 0.02685546875 0.04513668150031786
0 0.91357421875 0.2905276541640178 0.01025390625 0.019071837253655435
0 0.193359375 0.3413858868404323 0.01806640625 0.024793388429752067
0 0.916015625 0.06611570247933884 0.00390625 0.008900190718372537
0 0.46435546875 0.5479974570883662 0.01806640625 0.024793388429752067
0 0.228515625 0.2619198982835346 0.01025390625 0.019071837253655435
0 0.1259765625 0.27527018436109346 0.01025390625 0.019071837253655435
0 0.71826171875 0.48951048951048953 0.01806640625 0.024793388429752067
0 0.72314453125 0.8951048951048951 0.03515625 0.055944055944055944
0 0.0556640625 0.6681500317863954 0.02685546875 0.04513668150031786
0 0.791015625 0.1455816910362365 0.00390625 0.008900190718372537
0 0.375 0.1729179910998093 0.01025390625 0.019071837253655435
0 0.7060546875 0.3884297520661157 0.01806640625 0.024793388429752067
0 0.296875 0.270184361093452 0.01025390625 0.019071837253655435
0 0.2177734375 0.3140495867768595 0.01025390625 0.019071837253655435
0 0.08544921875 0.593134138588684 0.02685546875 0.04513668150031786
0 0.5703125 0.4125874125874126 0.01806640625 0.024793388429752067
0 0.0927734375 0.23204068658614113 0.01025390625 0.019071837253655435
0 0.01513671875 0.4863318499682136 0.01806640625 0.024793388429752067
0 0.03369140625 0.8251748251748252 0.03515625 0.055944055944055944
0 0.46337890625 0.3941513032422123 0.01806640625 0.024793388429752067
0 0.4365234375 0.2193261284170375 0.01025390625 0.019071837253655435
0 0.1640625 0.4990464081373172 0.01806640625 0.024793388429752067
0 0.39599609375 0.29434202161474887 0.01025390625 0.019071837253655435
0 0.85498046875 0.480610298792117 0.01806640625 0.024793388429752067
0 0.09521484375 0.41703750794659883 0.01806640625 0.024793388429752067
0 0.8466796875 0.20915448188175462 0.01025390625 0.019071837253655435
0 0.48681640625 0.270184361093452 0.01025390625 0.019071837253655435
0 0.67138671875 0.17418944691671964 0.01025390625 0.019071837253655435
0 0.26123046875 0.0845518118245391 0.00390625 0.008900190718372537
0 0.00732421875 0.2593769866497139 0.01025390625 0.019071837253655435
0 0.810546875 0.10425937698664971 0.00390625 0.008900190718372537
0 0.63232421875 0.26573426573426573 0.01025390625 0.019071837253655435
0 0.14892578125 0.2517482517482518 0.01025390625 0.019071837253655435
0 0.03076171875 0.31595677050222504 0.01025390625 0.019071837253655435
0 0.224609375 0.1417673235855054 0.00390625 0.008900190718372537
0 0.51318359375 0.32167832167832167 0.01025390625 0.019071837253655435
0 0.99560546875 0.09917355371900827 0.00537109375 0.01144310235219326
0 0.08349609375 0.29624920534011445 0.01025390625 0.019071837253655435
0 0.72119140625 0.1551176096630642 0.00390625 0.008900190718372537
0 0.96240234375 0.4233947870311507 0.01806640625 0.024793388429752067
0 0.7646484375 0.3210425937698665 0.01025390625 0.019071837253655435
0 0.44775390625 0.39923712650985377 0.01806640625 0.024793388429752067
0 0.41796875 0.3623649078194533 0.01806640625 0.024793388429752067
0 0.099609375 0.4882390336935791 0.01806640625 0.024793388429752067
0 0.91552734375 0.08200890019071837 0.00390625 0.008900190718372537
0 0.22705078125 0.1589319771137953 0.00537109375 0.01144310235219326
0 0.564453125 0.29815638906548 0.01025390625 0.019071837253655435
0 0.21142578125 0.8976478067387158 0.03515625 0.055944055944055944
0 0.0732421875 0.203432930705658 0.01025390625 0.019071837253655435
0 0.38232421875 0.06166560712015257 0.00390625 0.008900190718372537
0 0.11865234375 0.28862047043865224 0.01025390625 0.019071837253655435
0 0.5185546875 0.3897012078830261 0.01806640625 0.024793388429752067
0 0.05078125 0.1722822631913541 0.01025390625 0.019071837253655435
0 0.65380859375 0.35346471710108074 0.01806640625 0.024793388429752067
0 0.1357421875 0.4081373172282263 0.01806640625 0.024793388429752067
0 0.64990234375 0.9459631277813096 0.03515625 0.055944055944055944
0 0.1328125 0.18817546090273363 0.01025390625 0.019071837253655435
0 0.6103515625 0.3312142403051494 0.01025390625 0.019071837253655435
0 0.2099609375 0.5346471710108074 0.01806640625 0.024793388429752067
0 0.80859375 0.589319771137953 0.02685546875 0.04513668150031786
0 0.57861328125 0.5092180546726002 0.01806640625 0.024793388429752067
0 0.39599609375 0.06675143038779402 0.00390625 0.008900190718372537
0 0.93017578125 0.12269548633184997 0.00390625 0.008900190718372537
0 0.353515625 0.4844246662428481 0.01806640625 0.024793388429752067
0 0.095703125 0.18690400508582328 0.01025390625 0.019071837253655435
0 0.91650390625 0.09408773045136681 0.00390625 0.008900190718372537
0 0.84814453125 0.46090273363000633 0.01806640625 0.024793388429752067
0 0.7626953125 0.37380801017164655 0.01806640625 0.024793388429752067
0 0.384765625 0.8436109345200254 0.03515625 0.055944055944055944
0 0.138671875 0.47679593134138587 0.01806640625 0.024793388429752067
0 0.49560546875 0.9198982835346472 0.03515625 0.055944055944055944
0 0.7294921875 0.2956134774316593 0.01025390625 0.019071837253655435
0 0.27880859375 0.2835346471710108 0.01025390625 0.019071837253655435
0 0.109375 0.4653528289891926 0.01806640625 0.024793388429752067
0 0.88671875 0.33248569612205975 0.01025390625 0.019071837253655435
0 0.3955078125 0.2619198982835346 0.01025390625 0.019071837253655435
0 0.365234375 0.21551176096630642 0.01025390625 0.019071837253655435
0 0.11376953125 0.4087730451366815 0.01806640625 0.024793388429752067
0 0.20068359375 0.8868404322949778 0.03515625 0.055944055944055944
0 0.81201171875 0.3693579148124603 0.01806640625 0.024793388429752067
0 0.49072265625 0.7940241576605213 0.03515625 0.055944055944055944
0 0.4619140625 0.3273998728544183 0.01025390625 0.019071837253655435
0 0.0380859375 0.34329307056579783 0.01806640625 0.024793388429752067
0 0.12841796875 0.3820724729815639 0.01806640625 0.024793388429752067
0 0.17578125 0.7101080737444374 0.02685546875 0.04513668150031786
0 0.33935546875 0.15956770502225048 0.00830078125 0.01652892561983471
0 0.36669921875 0.5937698664971393 0.02685546875 0.04513668150031786
0 0.11962890625 0.6560712015257469 0.02685546875 0.04513668150031786
0 0.2724609375 0.6064844246662429 0.02685546875 0.04513668150031786
0 0.3515625 0.4392879847425302 0.01806640625 0.024793388429752067
0 0.896484375 0.6261919898283534 0.02685546875 0.04513668150031786
0 0.87158203125 0.4653528289891926 0.01806640625 0.024793388429752067
0 0.349609375 0.5664335664335665 0.02685546875 0.04513668150031786
0 0.76708984375 0.4793388429752066 0.01806640625 0.024793388429752067
0 0.9443359375 0.9370629370629371 0.03515625 0.055944055944055944
0 0.5302734375 0.31341385886840434 0.01025390625 0.019071837253655435
0 0.62646484375 0.4043229497774952 0.01806640625 0.024793388429752067
0 0.82861328125 0.4761602034329307 0.01806640625 0.024793388429752067
0 0.14208984375 0.7380801017164653 0.02685546875 0.04513668150031786
0 0.12841796875 0.1691036236490782 0.01025390625 0.019071837253655435
0 0.5224609375 0.9459631277813096 0.03515625 0.055944055944055944
0 0.33837890625 0.3331214240305149 0.01025390625 0.019071837253655435
0 0.4697265625 0.19516846789574063 0.01025390625 0.019071837253655435
0 0.48974609375 0.3502860775588048 0.01806640625 0.024793388429752067
0 0.0400390625 0.291163382072473 0.01025390625 0.019071837253655435
0 0.984375 0.8842975206611571 0.03515625 0.055944055944055944
0 0.15283203125 0.291163382072473 0.01025390625 0.019071837253655435
0 0.59130859375 0.291163382072473 0.01025390625 0.019071837253655435
0 0.48046875 0.3045136681500318 0.01025390625 0.019071837253655435
0 0.7158203125 0.46471710108073744 0.01806640625 0.024793388429752067
0 0.74755859375 0.13350286077558804 0.00390625 0.008900190718372537
0 0.748046875 0.6891290527654164 0.02685546875 0.04513668150031786
0 0.46240234375 0.5944055944055944 0.02685546875 0.04513668150031786
0 0.18603515625 0.22377622377622378 0.01025390625 0.019071837253655435
0 0.5615234375 0.3502860775588048 0.01806640625 0.024793388429752067
0 0.5498046875 0.3477431659249841 0.01806640625 0.024793388429752067
0 0.0361328125 0.38461538461538464 0.01806640625 0.024793388429752067
0 0.26611328125 0.5568976478067387 0.01806640625 0.024793388429752067
0 0.42822265625 0.20152574698029244 0.01025390625 0.019071837253655435
