0 0.3203125 0.5542521994134897 0.033203125 0.04985337243401759
0 0.66015625 0.592375366568915 0.033203125 0.04985337243401759
0 0.033203125 0.44281524926686217 0.033203125 0.04985337243401759
0 0.8671875 0.19648093841642228 0.0390625 0.05865102639296188
0 0.79296875 0.5718475073313783 0.033203125 0.04985337243401759
0 0.16796875 0.35777126099706746 0.033203125 0.04985337243401759
0 0.97265625 0.1378299120234604 0.0390625 0.05865102639296188
0 0.888671875 0.12316715542521994 0.0390625 0.05865102639296188
0 0.9296875 0.9765395894428153 0.033203125 0.05278592375366569
0 0.158203125 0.8797653958944281 0.033203125 0.05278592375366569
0 0.759765625 0.9325513196480938 0.033203125 0.05278592375366569
0 0.525390625 0.1495601173020528 0.0390625 0.05865102639296188
0 0.158203125 0.5953079178885631 0.033203125 0.05278592375366569
0 0.435546875 0.3284457478005865 0.033203125 0.04985337243401759
0 0.359375 0.39002932551319647 0.033203125 0.04985337243401759
0 0.25390625 0.9501466275659824 0.033203125 0.05278592375366569
0 0.166015625 0.07331378299120235 0.0390625 0.05865102639296188
0 0.744140625 0.05571847507331378 0.0390625 0.05865102639296188
0 0.830078125 0.16129032258064516 0.0390625 0.05865102639296188
0 0.1953125 0.026392961876832845 0.0390625 0.05865102639296188
0 0.3125 0.03225806451612903 0.0390625 0.05865102639296188
0 0.091796875 0.10263929618768329 0.0390625 0.05865102639296188
0 0.494140625 0.31671554252199413 0.037109375 0.05571847507331378
0 0.404296875 0.22580645161290322 0.0390625 0.05865102639296188
0 0.546875 0.6422287390029325 0.033203125 0.05278592375366569
0 0.158203125 0.5249266862170088 0.033203125 0.04985337243401759
0 0.23828125 0.7214076246334311 0.033203125 0.05278592375366569
0 0.869140625 0.9002932551319648 0.033203125 0.05278592375366569
0 0.794921875 0.9706744868035191 0.033203125 0.05278592375366569
0 0.037109375 0.7096774193548387 0.033203125 0.05278592375366569
0 0.53515625 0.8123167155425219 0.033203125 0.05278592375366569
0 0.72265625 0.6099706744868035 0.033203125 0.05278592375366569
0 0.2265625 0.34017595307917886 0.033203125 0.04985337243401759
0 0.91015625 0.7771260997067448 0.033203125 0.05278592375366569
0 0.56640625 0.9208211143695014 0.033203125 0.05278592375366569
0 0.947265625 0.25513196480938416 0.033203125 0.04985337243401759
0 0.953125 0.375366568914956 0.033203125 0.04985337243401759
0 0.861328125 0.2932551319648094 0.033203125 0.04985337243401759
0 0.69921875 0.8181818181818182 0.033203125 0.05278592375366569
0 0.482421875 0.7448680351906158 0.033203125 0.05278592375366569
0 0.41015625 0.9090909090909091 0.033203125 0.05278592375366569
0 0.5390625 0.09090909090909091 0.0390625 0.05865102639296188
0 0.029296875 0.7653958944281525 0.033203125 0.05278592375366569
0 0.578125 0.15835777126099707 0.0390625 0.05865102639296188
0 0.6484375 0.2756598240469208 0.033203125 0.04985337243401759
0 0.828125 0.06744868035190615 0.0390625 0.05865102639296188
0 0.720703125 0.1935483870967742 0.0390625 0.05865102639296188
0 0.04296875 0.6422287390029325 0.033203125 0.05278592375366569
0 0.185546875 0.6422287390029325 0.033203125 0.05278592375366569
0 0.3671875 0.7008797653958945 0.033203125 0.05278592375366569
0 0.744140625 0.47214076246334313 0.033203125 0.04985337243401759
0 0.798828125 0.09970674486803519 0.0390625 0.05865102639296188
0 0.451171875 0.8299120234604106 0.033203125 0.05278592375366569
0 0.923828125 0.5542521994134897 0.033203125 0.04985337243401759
0 0.33984375 0.24926686217008798 0.033203125 0.04985337243401759
0 0.162109375 0.9384164222873901 0.033203125 0.05278592375366569
0 0.6953125 0.09090909090909091 0.0390625 0.05865102639296188
0 0.5234375 0.9090909090909091 0.033203125 0.05278592375366569
0 0.708984375 0.4281524926686217 0.033203125 0.04985337243401759
0 0.93359375 0.07038123167155426 0.0390625 0.05865102639296188
0 0.8125 0.35777126099706746 0.033203125 0.04985337243401759
0 0.974609375 0.8944281524926686 0.033203125 0.05278592375366569
0 0.91015625 0.07624633431085044 0.0390625 0.05865102639296188
0 0.98828125 0.5777126099706745 0.033203125 0.04985337243401759
0 0.275390625 0.33724340175953077 0.033203125 0.04985337243401759
0 0.171875 0.7360703812316716 0.033203125 0.05278592375366569
0 0.76953125 0.44281524926686217 0.033203125 0.04985337243401759
0 0.703125 0.530791788856305 0.033203125 0.04985337243401759
0 0.1953125 0.21994134897360704 0.0390625 0.05865102639296188
0 0.201171875 0.530791788856305 0.033203125 0.04985337243401759
0 0.091796875 0.21700879765395895 0.0390625 0.05865102639296188
0 0.962890625 0.17888563049853373 0.0390625 0.05865102639296188
0 0.03125 0.9296187683284457 0.033203125 0.05278592375366569
0 0.37890625 0.7947214076246334 0.033203125 0.05278592375366569
0 0.302734375 0.7096774193548387 0.033203125 0.05278592375366569
0 0.634765625 0.07038123167155426 0.0390625 0.05865102639296188
0 0.04296875 0.2287390029325513 0.03515625 0.05278592375366569
0 0.03125 0.5102639296187683 0.033203125 0.04985337243401759
0 0.6328125 0.8269794721407625 0.033203125 0.05278592375366569
0 0.865234375 0.8475073313782991 0.033203125 0.05278592375366569
0 0.453125 0.2375366568914956 0.037109375 0.05571847507331378
0 0.48828125 0.11730205278592376 0.0390625 0.05865102639296188
0 0.0078125 0.844574780058651 0.033203125 0.05278592375366569
0 0.818359375 0.8563049853372434 0.033203125 0.05278592375366569
0 0.7109375 0.31378299120234604 0.033203125 0.04985337243401759
0 0.40625 0.5718475073313783 0.033203125 0.04985337243401759
0 0.41015625 0.04398826979472141 0.0390625 0.05865102639296188
0 0.13671875 0.6950146627565983 0.033203125 0.05278592375366569
0 0.08203125 0.45454545454545453 0.033203125 0.04985337243401759
0 0.900390625 0.36070381231671556 0.033203125 0.04985337243401759
0 0.40625 0.1436950146627566 0.0390625 0.05865102639296188
0 0.234375 0.49266862170087977 0.033203125 0.04985337243401759
0 0.603515625 0.20234604105571846 0.0390625 0.05865102639296188
0 0.048828125 0.04105571847507331 0.0390625 0.05865102639296188
0 0.08984375 0.3519061583577713 0.033203125 0.04985337243401759
0 0.658203125 0.9090909090909091 0.033203125 0.05278592375366569
0 0.2890625 0.5513196480938416 0.033203125 0.04985337243401759
0 0.376953125 0.5454545454545454 0.033203125 0.04985337243401759
0 0.25 0.21407624633431085 0.0390625 0.05865102639296188
0 0.689453125 0.9208211143695014 0.033203125 0.05278592375366569
0 0.849609375 0.4780058651026393 0.033203125 0.04985337243401759
0 0.080078125 0.16129032258064516 0.0390625 0.05865102639296188
0 0.33203125 0.9296187683284457 0.033203125 0.05278592375366569
0 0.63671875 0.375366568914956 0.033203125 0.04985337243401759
0 0.912109375 0.1935483870967742 0.0390625 0.05865102639296188
0 0.83203125 0.7624633431085044 0.033203125 0.05278592375366569
0 0.76171875 0.2785923753665689 0.033203125 0.04985337243401759
0 0.248046875 0.03812316715542522 0.0390625 0.05865102639296188
0 0.515625 0.1906158357771261 0.0390625 0.05865102639296188
0 0.46484375 0.5865102639296188 0.033203125 0.04985337243401759
0 0.9375 0.09970674486803519 0.0390625 0.05865102639296188
