0 0.7647058823529411 0.42727272727272725 0.017973856209150325 0.03333333333333333
0 0.30392156862745096 0.5818181818181818 0.04084967320261438 0.07272727272727272
0 0.8578431372549019 0.37272727272727274 0.008169934640522876 0.006060606060606061
0 0.0457516339869281 0.5212121212121212 0.03431372549019608 0.06060606060606061
0 0.6274509803921569 0.5272727272727272 0.03431372549019608 0.06060606060606061
0 0.315359477124183 0.3878787878787879 0.008169934640522876 0.006060606060606061
0 0.6045751633986928 0.3606060606060606 0.006535947712418301 0.006060606060606061
0 0.06209150326797386 0.49696969696969695 0.03431372549019608 0.06060606060606061
0 0.5 0.43333333333333335 0.017973856209150325 0.03333333333333333
0 0.21895424836601307 0.45454545454545453 0.017973856209150325 0.03333333333333333
0 0.2679738562091503 0.4 0.008169934640522876 0.006060606060606061
0 0.48856209150326796 0.38484848484848483 0.008169934640522876 0.006060606060606061
0 0.016339869281045753 0.396969696969697 0.008169934640522876 0.006060606060606061
0 0.6993464052287581 0.37575757575757573 0.008169934640522876 0.006060606060606061
0 0.16830065359477125 0.4818181818181818 0.017973856209150325 0.03333333333333333
0 0.19934640522875818 0.703030303030303 0.058823529411764705 0.15757575757575756
0 0.6781045751633987 0.4303030303030303 0.017973856209150325 0.03333333333333333
0 0.7712418300653595 0.4 0.008169934640522876 0.006060606060606061
0 0.10620915032679738 0.40606060606060607 0.008169934640522876 0.006060606060606061
0 0.5522875816993464 0.48787878787878786 0.017973856209150325 0.03333333333333333
0 0.2369281045751634 0.3484848484848485 0.0 0.0030303030303030303
0 0.684640522875817 0.3878787878787879 0.008169934640522876 0.006060606060606061
0 0.9379084967320261 0.41515151515151516 0.017973856209150325 0.03333333333333333
0 0.4820261437908497 0.49696969696969695 0.03431372549019608 0.06060606060606061
0 0.08333333333333333 0.43333333333333335 0.017973856209150325 0.03333333333333333
0 0.3284313725490196 0.5454545454545454 0.03431372549019608 0.06060606060606061
0 0.05718954248366013 0.4393939393939394 0.017973856209150325 0.03333333333333333
0 0.6977124183006536 0.5303030303030303 0.03431372549019608 0.06060606060606061
0 0.5228758169934641 0.43333333333333335 0.017973856209150325 0.03333333333333333
0 0.5424836601307189 0.3606060606060606 0.006535947712418301 0.006060606060606061
0 0.6895424836601307 0.43333333333333335 0.017973856209150325 0.03333333333333333
0 0.4117647058823529 0.4212121212121212 0.017973856209150325 0.03333333333333333
0 0.7401960784313726 0.41818181818181815 0.017973856209150325 0.03333333333333333
0 0.7254901960784313 0.3696969696969697 0.008169934640522876 0.006060606060606061
0 0.8464052287581699 0.3878787878787879 0.008169934640522876 0.006060606060606061
0 0.5718954248366013 0.38484848484848483 0.008169934640522876 0.006060606060606061
0 0.5604575163398693 0.5151515151515151 0.03431372549019608 0.06060606060606061
0 0.9640522875816994 0.46060606060606063 0.017973856209150325 0.03333333333333333
0 0.07679738562091504 0.8606060606060606 0.058823529411764705 0.15757575757575756
0 0.2957516339869281 0.39090909090909093 0.008169934640522876 0.006060606060606061
0 0.684640522875817 0.47575757575757577 0.017973856209150325 0.03333333333333333
0 0.6405228758169934 0.4818181818181818 0.017973856209150325 0.03333333333333333
0 0.2173202614379085 0.34545454545454546 0.0 0.0030303030303030303
0 0.5571895424836601 0.37575757575757573 0.008169934640522876 0.006060606060606061
0 0.6094771241830066 0.4909090909090909 0.017973856209150325 0.03333333333333333
0 0.2581699346405229 0.46060606060606063 0.017973856209150325 0.03333333333333333
0 0.17320261437908496 0.4484848484848485 0.017973856209150325 0.03333333333333333
0 0.826797385620915 0.4303030303030303 0.017973856209150325 0.03333333333333333
0 0.2761437908496732 0.396969696969697 0.008169934640522876 0.006060606060606061
0 0.21568627450980393 0.5 0.03431372549019608 0.06060606060606061
0 0.04738562091503268 0.47878787878787876 0.017973856209150325 0.03333333333333333
0 0.7238562091503268 0.403030303030303 0.008169934640522876 0.006060606060606061
0 0.17483660130718953 0.5969696969696969 0.04084967320261438 0.07272727272727272
0 0.42810457516339867 0.38484848484848483 0.008169934640522876 0.006060606060606061
0 0.2549019607843137 0.3696969696969697 0.008169934640522876 0.006060606060606061
0 0.4493464052287582 0.41818181818181815 0.017973856209150325 0.03333333333333333
0 0.5571895424836601 0.6242424242424243 0.04084967320261438 0.07272727272727272
0 0.8725490196078431 0.3787878787878788 0.008169934640522876 0.006060606060606061
0 0.20098039215686275 0.3939393939393939 0.008169934640522876 0.006060606060606061
0 0.8415032679738562 0.5333333333333333 0.03431372549019608 0.06060606060606061
0 0.23529411764705882 0.36666666666666664 0.008169934640522876 0.006060606060606061
0 0.6160130718954249 0.403030303030303 0.008169934640522876 0.006060606060606061
0 0.9509803921568627 0.44545454545454544 0.017973856209150325 0.03333333333333333
0 0.39215686274509803 0.38181818181818183 0.008169934640522876 0.006060606060606061
0 0.46405228758169936 0.4121212121212121 0.017973856209150325 0.03333333333333333
0 0.4542483660130719 0.36363636363636365 0.008169934640522876 0.006060606060606061
0 0.5522875816993464 0.4484848484848485 0.017973856209150325 0.03333333333333333
0 0.6339869281045751 0.36363636363636365 0.008169934640522876 0.006060606060606061
0 0.9624183006535948 0.4212121212121212 0.017973856209150325 0.03333333333333333
0 0.8627450980392157 0.8575757575757575 0.058823529411764705 0.15757575757575756
0 0.5718954248366013 0.5484848484848485 0.03431372549019608 0.06060606060606061
0 0.15196078431372548 0.3575757575757576 0.021241830065359478 0.024242424242424242
0 0.5130718954248366 0.4090909090909091 0.006535947712418301 0.006060606060606061
0 0.28921568627450983 0.36666666666666664 0.008169934640522876 0.006060606060606061
0 0.4084967320261438 0.36666666666666664 0.008169934640522876 0.006060606060606061
0 0.7794117647058824 0.4090909090909091 0.006535947712418301 0.01818181818181818
0 0.8594771241830066 0.4727272727272727 0.017973856209150325 0.03333333333333333
0 0.9852941176470589 0.45151515151515154 0.017973856209150325 0.03333333333333333
0 0.9133986928104575 0.5272727272727272 0.03431372549019608 0.06060606060606061
0 0.21568627450980393 0.37272727272727274 0.008169934640522876 0.006060606060606061
0 0.10457516339869281 0.47575757575757577 0.017973856209150325 0.03333333333333333
0 0.6568627450980392 0.4909090909090909 0.017973856209150325 0.03333333333333333
0 0.704248366013072 0.4727272727272727 0.017973856209150325 0.03333333333333333
0 0.3349673202614379 0.7606060606060606 0.058823529411764705 0.15757575757575756
0 0.7565359477124183 0.39090909090909093 0.008169934640522876 0.006060606060606061
0 0.34967320261437906 0.396969696969697 0.008169934640522876 0.006060606060606061
0 0.5130718954248366 0.38484848484848483 0.008169934640522876 0.006060606060606061
0 0.8823529411764706 0.4575757575757576 0.017973856209150325 0.03333333333333333
0 0.4068627450980392 0.703030303030303 0.058823529411764705 0.15757575757575756
0 0.9820261437908496 0.5969696969696969 0.04084967320261438 0.07272727272727272
0 0.7401960784313726 0.4666666666666667 0.017973856209150325 0.03333333333333333
0 0.5490196078431373 0.40606060606060607 0.008169934640522876 0.006060606060606061
0 0.8333333333333334 0.4121212121212121 0.017973856209150325 0.03333333333333333
0 0.8349673202614379 0.6121212121212121 0.04084967320261438 0.07272727272727272
0 0.12581699346405228 0.503030303030303 0.03431372549019608 0.06060606060606061
0 0.369281045751634 0.39090909090909093 0.008169934640522876 0.006060606060606061
0 0.5816993464052288 0.37575757575757573 0.008169934640522876 0.006060606060606061
0 0.6421568627450981 0.5727272727272728 0.04084967320261438 0.07272727272727272
0 0.3284313725490196 0.4121212121212121 0.017973856209150325 0.03333333333333333
0 0.9248366013071896 0.4121212121212121 0.017973856209150325 0.03333333333333333
0 0.006535947712418301 0.43636363636363634 0.017973856209150325 0.03333333333333333
0 0.761437908496732 0.37272727272727274 0.008169934640522876 0.006060606060606061
0 0.8382352941176471 0.44242424242424244 0.017973856209150325 0.03333333333333333
0 0.7336601307189542 0.3787878787878788 0.008169934640522876 0.006060606060606061
0 0.1895424836601307 0.38484848484848483 0.008169934640522876 0.006060606060606061
0 0.4395424836601307 0.3696969696969697 0.008169934640522876 0.006060606060606061
0 0.8235294117647058 0.35454545454545455 0.006535947712418301 0.01818181818181818
0 0.1830065359477124 0.3606060606060606 0.021241830065359478 0.024242424242424242
0 0.5735294117647058 0.4212121212121212 0.017973856209150325 0.03333333333333333
0 0.3382352941176471 0.37272727272727274 0.008169934640522876 0.006060606060606061
0 0.9330065359477124 0.47878787878787876 0.017973856209150325 0.03333333333333333
0 0.8856209150326797 0.4090909090909091 0.006535947712418301 0.01818181818181818
0 0.5686274509803921 0.49393939393939396 0.017973856209150325 0.021212121212121213
0 0.07352941176470588 0.396969696969697 0.008169934640522876 0.006060606060606061
0 0.9166666666666666 0.7090909090909091 0.058823529411764705 0.15757575757575756
0 0.7091503267973857 0.39090909090909093 0.008169934640522876 0.006060606060606061
0 0.4950980392156863 0.4636363636363636 0.017973856209150325 0.03333333333333333
0 0.6715686274509803 0.38181818181818183 0.008169934640522876 0.006060606060606061
0 0.5 0.36363636363636365 0.008169934640522876 0.006060606060606061
0 0.9166666666666666 0.4090909090909091 0.014705882352941176 0.015151515151515152
0 0.8970588235294118 0.37272727272727274 0.008169934640522876 0.006060606060606061
0 0.14869281045751634 0.4575757575757576 0.017973856209150325 0.03333333333333333
0 0.3954248366013072 0.3575757575757576 0.0016339869281045752 0.0
0 0.47058823529411764 0.45151515151515154 0.017973856209150325 0.03333333333333333
0 0.31209150326797386 0.36363636363636365 0.008169934640522876 0.006060606060606061
0 0.2369281045751634 0.42424242424242425 0.017973856209150325 0.03333333333333333
0 0.35130718954248363 0.4696969696969697 0.017973856209150325 0.03333333333333333
0 0.00980392156862745 0.7636363636363637 0.049019607843137254 0.13333333333333333
0 0.7287581699346405 0.5454545454545454 0.03431372549019608 0.06060606060606061
0 0.18627450980392157 0.43636363636363634 0.017973856209150325 0.03333333333333333
0 0.12908496732026145 0.4393939393939394 0.017973856209150325 0.03333333333333333
0 0.20751633986928106 0.36363636363636365 0.008169934640522876 0.006060606060606061
0 0.6323529411764706 0.3939393939393939 0.008169934640522876 0.006060606060606061
0 0.5032679738562091 0.5212121212121212 0.03431372549019608 0.06060606060606061
0 0.8676470588235294 0.4 0.008169934640522876 0.006060606060606061
0 0.4477124183006536 0.38484848484848483 0.008169934640522876 0.006060606060606061
0 0.4166666666666667 0.39090909090909093 0.008169934640522876 0.006060606060606061
0 0.24509803921568626 0.39090909090909093 0.008169934640522876 0.006060606060606061
0 0.5735294117647058 0.36363636363636365 0.008169934640522876 0.006060606060606061
0 0.058823529411764705 0.4090909090909091 0.014705882352941176 0.01818181818181818
0 0.6470588235294118 0.38484848484848483 0.008169934640522876 0.006060606060606061
0 0.6241830065359477 0.40606060606060607 0.008169934640522876 0.006060606060606061
0 0.880718954248366 0.37272727272727274 0.008169934640522876 0.006060606060606061
0 0.27941176470588236 0.3515151515151515 0.0 0.0030303030303030303
0 0.29248366013071897 0.44545454545454544 0.017973856209150325 0.03333333333333333
0 0.6552287581699346 0.37575757575757573 0.008169934640522876 0.006060606060606061
0 0.1715686274509804 0.3424242424242424 0.021241830065359478 0.024242424242424242
0 0.7875816993464052 0.37272727272727274 0.008169934640522876 0.006060606060606061
0 0.1715686274509804 0.43333333333333335 0.017973856209150325 0.03333333333333333
0 0.7156862745098039 0.37272727272727274 0.008169934640522876 0.006060606060606061
0 0.9934640522875817 0.5181818181818182 0.03431372549019608 0.06060606060606061
0 0.7826797385620915 0.5969696969696969 0.04084967320261438 0.07272727272727272
0 0.8218954248366013 0.37575757575757573 0.008169934640522876 0.006060606060606061
0 0.7875816993464052 0.45151515151515154 0.017973856209150325 0.03333333333333333
0 0.43137254901960786 0.4696969696969697 0.017973856209150325 0.03333333333333333
0 0.3562091503267974 0.39090909090909093 0.008169934640522876 0.006060606060606061
0 0.7156862745098039 0.6333333333333333 0.04084967320261438 0.07272727272727272
0 0.8055555555555556 0.45454545454545453 0.017973856209150325 0.03333333333333333
