0 0.0263671875 0.5821114369501467 0.0166015625 0.02932551319648094
0 0.7099609375 0.5219941348973607 0.00390625 0.007331378299120235
0 0.5322265625 0.5146627565982405 0.00390625 0.007331378299120235
0 0.1533203125 0.4912023460410557 0.00390625 0.007331378299120235
0 0.908203125 0.5850439882697948 0.0166015625 0.02932551319648094
0 0.7255859375 0.5131964809384164 0.00390625 0.007331378299120235
0 0.83984375 0.5366568914956011 0.0166015625 0.02932551319648094
0 0.533203125 0.5425219941348973 0.0166015625 0.02932551319648094
0 0.9013671875 0.5982404692082112 0.0166015625 0.02932551319648094
0 0.3662109375 0.5806451612903226 0.0166015625 0.02932551319648094
0 0.9931640625 0.5381231671554252 0.0166015625 0.02932551319648094
0 0.5537109375 0.6055718475073314 0.0166015625 0.02932551319648094
0 0.7509765625 0.6026392961876833 0.0166015625 0.02932551319648094
0 0.140625 0.5659824046920822 0.0166015625 0.02932551319648094
0 0.810546875 0.5087976539589443 0.00390625 0.007331378299120235
0 0.482421875 0.5982404692082112 0.0166015625 0.02932551319648094
0 0.673828125 0.5674486803519062 0.0166015625 0.02932551319648094
0 0.458984375 0.5601173020527859 0.0166015625 0.02932551319648094
0 0.65625 0.49266862170087977 0.00390625 0.007331378299120235
0 0.1171875 0.9824046920821115 0.0380859375 0.06304985337243402
0 0.3759765625 0.48533724340175954 0.00390625 0.007331378299120235
0 0.994140625 0.5894428152492669 0.0166015625 0.02932551319648094
0 0.1396484375 0.6378299120234604 0.0166015625 0.02932551319648094
0 0.912109375 0.5601173020527859 0.0166015625 0.02932551319648094
0 0.490234375 0.533724340175953 0.0166015625 0.02932551319648094
0 0.9326171875 0.530791788856305 0.0166015625 0.02932551319648094
0 0.9482421875 0.5571847507331378 0.0166015625 0.02932551319648094
0 0.5888671875 0.4530791788856305 0.00390625 0.007331378299120235
0 0.6904296875 0.7800586510263929 0.0380859375 0.06304985337243402
0 0.330078125 0.49560117302052786 0.00390625 0.007331378299120235
0 0.513671875 0.5513196480938416 0.0166015625 0.02932551319648094
0 0.2802734375 0.8181818181818182 0.0380859375 0.06304985337243402
0 0.4404296875 0.5234604105571847 0.00390625 0.007331378299120235
0 0.6025390625 0.6774193548387096 0.0166015625 0.02932551319648094
0 0.8828125 0.530791788856305 0.0166015625 0.02932551319648094
0 0.5302734375 0.5601173020527859 0.0166015625 0.02932551319648094
0 0.8466796875 0.6524926686217009 0.0166015625 0.02932551319648094
0 0.783203125 0.5087976539589443 0.00390625 0.007331378299120235
0 0.2421875 0.6422287390029325 0.0166015625 0.02932551319648094
0 0.708984375 0.5102639296187683 0.00390625 0.007331378299120235
0 0.49609375 0.532258064516129 0.0166015625 0.02932551319648094
0 0.51171875 0.5762463343108505 0.0166015625 0.02932551319648094
0 0.40625 0.5879765395894428 0.0166015625 0.02932551319648094
0 0.697265625 0.5161290322580645 0.00390625 0.007331378299120235
0 0.4912109375 0.6158357771260997 0.0166015625 0.02932551319648094
0 0.744140625 0.5234604105571847 0.00390625 0.007331378299120235
0 0.0517578125 0.5909090909090909 0.0166015625 0.02932551319648094
0 0.669921875 0.7023460410557185 0.0166015625 0.02932551319648094
0 0.369140625 0.4736070381231672 0.00390625 0.007331378299120235
0 0.4521484375 0.6392961876832844 0.0166015625 0.02932551319648094
0 0.798828125 0.5777126099706745 0.0166015625 0.02932551319648094
0 0.599609375 0.6026392961876833 0.0166015625 0.02932551319648094
0 0.8623046875 0.5821114369501467 0.0166015625 0.02932551319648094
0 0.9541015625 0.6129032258064516 0.0166015625 0.02932551319648094
0 0.5302734375 0.49266862170087977 0.00390625 0.007331378299120235
0 0.7314453125 0.6085043988269795 0.0166015625 0.02932551319648094
0 0.2646484375 0.5791788856304986 0.0166015625 0.02932551319648094
0 0.6455078125 0.5483870967741935 0.0166015625 0.02932551319648094
0 0.1689453125 0.8665689149560117 0.0380859375 0.06304985337243402
0 0.5498046875 0.5146627565982405 0.00390625 0.007331378299120235
0 0.7783203125 0.7463343108504399 0.0166015625 0.02932551319648094
0 0.8583984375 0.6129032258064516 0.0166015625 0.02932551319648094
0 0.6591796875 0.48826979472140764 0.00390625 0.007331378299120235
0 0.552734375 0.5469208211143695 0.0166015625 0.02932551319648094
0 0.248046875 0.5087976539589443 0.00390625 0.007331378299120235
0 0.9462890625 0.9912023460410557 0.0380859375 0.06304985337243402
0 0.36328125 0.5791788856304986 0.0166015625 0.02932551319648094
0 0.2431640625 0.4912023460410557 0.00390625 0.007331378299120235
0 0.611328125 0.5117302052785924 0.00390625 0.007331378299120235
0 0.7939453125 0.5425219941348973 0.0166015625 0.02932551319648094
0 0.3134765625 0.48826979472140764 0.00390625 0.007331378299120235
0 0.314453125 0.5894428152492669 0.0166015625 0.02932551319648094
0 0.3583984375 0.7214076246334311 0.0166015625 0.02932551319648094
0 0.8212890625 0.8460410557184751 0.0380859375 0.06304985337243402
0 0.3330078125 0.5630498533724341 0.0166015625 0.02932551319648094
0 0.09765625 0.5689149560117303 0.0166015625 0.02932551319648094
0 0.2607421875 0.6495601173020528 0.0166015625 0.02932551319648094
0 0.4560546875 0.5190615835777126 0.00390625 0.007331378299120235
0 0.1640625 0.6158357771260997 0.0166015625 0.02932551319648094
0 0.521484375 0.7214076246334311 0.0166015625 0.02932551319648094
0 0.787109375 0.5205278592375366 0.00390625 0.007331378299120235
0 0.638671875 0.5747800586510264 0.0166015625 0.02932551319648094
0 0.1943359375 0.5645161290322581 0.0166015625 0.02932551319648094
0 0.2353515625 0.5205278592375366 0.00390625 0.007331378299120235
0 0.7275390625 0.5395894428152492 0.0166015625 0.02932551319648094
0 0.1552734375 0.5351906158357771 0.0166015625 0.02932551319648094
0 0.9736328125 0.5615835777126099 0.0166015625 0.02932551319648094
0 0.96484375 0.4706744868035191 0.00390625 0.007331378299120235
0 0.462890625 0.5293255131964809 0.00390625 0.007331378299120235
0 0.8974609375 0.5615835777126099 0.0166015625 0.02932551319648094
0 0.7724609375 0.5117302052785924 0.00390625 0.007331378299120235
0 0.5849609375 0.49853372434017595 0.00390625 0.007331378299120235
0 0.931640625 0.592375366568915 0.0166015625 0.02932551319648094
0 0.05078125 0.7316715542521994 0.0166015625 0.02932551319648094
0 0.7939453125 0.6436950146627566 0.0166015625 0.02932551319648094
0 0.234375 0.5190615835777126 0.00390625 0.007331378299120235
0 0.248046875 0.5601173020527859 0.0166015625 0.02932551319648094
0 0.572265625 0.4941348973607038 0.00390625 0.007331378299120235
0 0.4462890625 0.4941348973607038 0.00390625 0.007331378299120235
0 0.7705078125 0.9604105571847508 0.0380859375 0.06304985337243402
0 0.994140625 0.6392961876832844 0.0166015625 0.02932551319648094
0 0.537109375 0.5953079178885631 0.0166015625 0.02932551319648094
0 0.9541015625 0.5821114369501467 0.0166015625 0.02932551319648094
0 0.388671875 0.48533724340175954 0.00390625 0.007331378299120235
0 0.478515625 0.5073313782991202 0.00390625 0.007331378299120235
0 0.490234375 0.47653958944281527 0.00390625 0.007331378299120235
0 0.2998046875 0.6143695014662757 0.0166015625 0.02932551319648094
0 0.1708984375 0.530791788856305 0.0166015625 0.02932551319648094
0 0.1650390625 0.6964809384164223 0.0166015625 0.02932551319648094
0 0.814453125 0.5850439882697948 0.0166015625 0.02932551319648094
0 0.755859375 0.5131964809384164 0.00390625 0.007331378299120235
0 0.94921875 0.5263929618768328 0.00390625 0.007331378299120235
0 0.9404296875 0.6480938416422287 0.0166015625 0.02932551319648094
0 0.08203125 0.4941348973607038 0.00390625 0.007331378299120235
0 0.9453125 0.7947214076246334 0.0380859375 0.06304985337243402
0 0.1171875 0.6348973607038123 0.0166015625 0.02932551319648094
0 0.109375 0.8225806451612904 0.0380859375 0.06304985337243402
0 0.1982421875 0.5381231671554252 0.0166015625 0.02932551319648094
0 0.1025390625 0.4912023460410557 0.00390625 0.007331378299120235
0 0.181640625 0.593841642228739 0.0166015625 0.02932551319648094
0 0.5615234375 0.4633431085043988 0.00390625 0.007331378299120235
0 0.328125 0.593841642228739 0.0166015625 0.02932551319648094
0 0.626953125 0.5102639296187683 0.00390625 0.007331378299120235
0 0.2314453125 0.5527859237536656 0.0166015625 0.02932551319648094
0 0.421875 0.6891495601173021 0.0166015625 0.02932551319648094
0 0.619140625 0.626099706744868 0.0166015625 0.02932551319648094
0 0.2294921875 0.5483870967741935 0.0166015625 0.02932551319648094
0 0.244140625 0.5542521994134897 0.0166015625 0.02932551319648094
0 0.685546875 0.8607038123167156 0.0380859375 0.06304985337243402
0 0.4658203125 0.6085043988269795 0.0166015625 0.02932551319648094
0 0.8154296875 0.5615835777126099 0.0166015625 0.02932551319648094
0 0.0966796875 0.6085043988269795 0.0166015625 0.02932551319648094
0 0.4931640625 0.5557184750733137 0.0166015625 0.02932551319648094
0 0.5087890625 0.5131964809384164 0.00390625 0.007331378299120235
0 0.3125 0.5615835777126099 0.0166015625 0.02932551319648094
0 0.15625 0.4912023460410557 0.00390625 0.007331378299120235
0 0.6875 0.5410557184750733 0.0166015625 0.02932551319648094
0 0.3876953125 0.4941348973607038 0.00390625 0.007331378299120235
0 0.7060546875 0.5 0.00390625 0.007331378299120235
0 0.578125 0.8695014662756598 0.0380859375 0.06304985337243402
0 0.5068359375 0.6275659824046921 0.0166015625 0.02932551319648094
0 0.5703125 0.5043988269794721 0.00390625 0.007331378299120235
0 0.203125 0.5395894428152492 0.0166015625 0.02932551319648094
0 0.7275390625 0.5234604105571847 0.00390625 0.007331378299120235
0 0.4462890625 0.7961876832844574 0.0380859375 0.06304985337243402
0 0.462890625 0.530791788856305 0.0166015625 0.02932551319648094
0 0.63671875 0.6129032258064516 0.0166015625 0.02932551319648094
0 0.408203125 0.5879765395894428 0.0166015625 0.02932551319648094
0 0.404296875 0.5425219941348973 0.0166015625 0.02932551319648094
0 0.78515625 0.5689149560117303 0.0166015625 0.02932551319648094
0 0.6142578125 0.5821114369501467 0.0166015625 0.02932551319648094
0 0.7177734375 0.5513196480938416 0.0166015625 0.02932551319648094
0 0.5771484375 0.7580645161290323 0.0380859375 0.06304985337243402
0 0.828125 0.5615835777126099 0.0166015625 0.02932551319648094
0 0.47265625 0.6612903225806451 0.0166015625 0.02932551319648094
0 0.470703125 0.5630498533724341 0.0166015625 0.02932551319648094
0 0.419921875 0.6818181818181818 0.0166015625 0.02932551319648094
0 0.5595703125 0.5087976539589443 0.00390625 0.007331378299120235
0 0.4599609375 0.5395894428152492 0.0166015625 0.02932551319648094
0 0.0810546875 0.6671554252199413 0.0166015625 0.02932551319648094
0 0.736328125 0.6715542521994134 0.0166015625 0.02932551319648094
0 0.7021484375 0.6041055718475073 0.0166015625 0.02932551319648094
0 0.7333984375 0.501466275659824 0.00390625 0.007331378299120235
0 0.521484375 0.5967741935483871 0.0166015625 0.02932551319648094
0 0.1005859375 0.5703812316715543 0.0166015625 0.02932551319648094
0 0.556640625 0.4912023460410557 0.00390625 0.007331378299120235
0 0.912109375 0.6730205278592375 0.0166015625 0.02932551319648094
0 0.41796875 0.5997067448680352 0.0166015625 0.02932551319648094
0 0.5703125 0.4633431085043988 0.00390625 0.007331378299120235
0 0.07421875 0.5263929618768328 0.00390625 0.007331378299120235
0 0.7109375 0.533724340175953 0.0166015625 0.02932551319648094
0 0.7724609375 0.6451612903225806 0.0166015625 0.02932551319648094
0 0.5712890625 0.9882697947214076 0.0380859375 0.06304985337243402
0 0.87890625 0.5615835777126099 0.0166015625 0.02932551319648094
0 0.4150390625 0.5997067448680352 0.0166015625 0.02932551319648094
0 0.7470703125 0.5689149560117303 0.0166015625 0.02932551319648094
0 0.11328125 0.6935483870967742 0.0166015625 0.02932551319648094
0 0.759765625 0.5395894428152492 0.0166015625 0.02932551319648094
0 0.66796875 0.4912023460410557 0.00390625 0.007331378299120235
0 0.439453125 0.5542521994134897 0.0166015625 0.02932551319648094
0 0.2314453125 0.4838709677419355 0.00390625 0.007331378299120235
0 0.2333984375 0.5073313782991202 0.00390625 0.007331378299120235
0 0.2841796875 0.5351906158357771 0.0166015625 0.02932551319648094
0 0.30859375 0.5586510263929618 0.0166015625 0.02932551319648094
0 0.39453125 0.6275659824046921 0.0166015625 0.02932551319648094
0 0.181640625 0.4897360703812317 0.00390625 0.007331378299120235
0 0.625 0.48533724340175954 0.00390625 0.007331378299120235
0 0.43359375 0.47947214076246336 0.00390625 0.007331378299120235
0 0.513671875 0.8196480938416423 0.0380859375 0.06304985337243402
0 0.4912109375 0.4897360703812317 0.00390625 0.007331378299120235
0 0.650390625 0.5659824046920822 0.0166015625 0.02932551319648094
0 0.46875 0.5615835777126099 0.0166015625 0.02932551319648094
0 0.3310546875 0.8929618768328446 0.0380859375 0.06304985337243402
0 0.744140625 0.5117302052785924 0.00390625 0.007331378299120235
0 0.6083984375 0.532258064516129 0.0166015625 0.02932551319648094
0 0.59375 0.7888563049853372 0.0380859375 0.06304985337243402
0 0.845703125 0.7434017595307918 0.02734375 0.045454545454545456
0 0.7646484375 0.5953079178885631 0.0166015625 0.02932551319648094
0 0.515625 0.49560117302052786 0.00390625 0.007331378299120235
0 0.9658203125 0.5 0.00390625 0.007331378299120235
0 0.8212890625 0.47214076246334313 0.00390625 0.007331378299120235
0 0.810546875 0.5454545454545454 0.0166015625 0.02932551319648094
0 0.2607421875 0.5967741935483871 0.0166015625 0.02932551319648094
0 0.564453125 0.7140762463343109 0.0166015625 0.02932551319648094
0 0.8720703125 0.4809384164222874 0.00390625 0.007331378299120235
0 0.8154296875 0.46774193548387094 0.00390625 0.007331378299120235
0 0.578125 0.46187683284457476 0.00390625 0.007331378299120235
0 0.9775390625 0.5131964809384164 0.00390625 0.007331378299120235
0 0.341796875 0.48826979472140764 0.00390625 0.007331378299120235
0 0.99609375 0.7243401759530792 0.02734375 0.045454545454545456
0 0.6083984375 0.4941348973607038 0.00390625 0.007331378299120235
