0 0.012 0.6607460035523979 0.036 0.1492007104795737
0 0.727 0.605683836589698 0.059 0.10479573712255773
0 0.379 0.38898756660746003 0.036 0.07460035523978685
0 0.802 0.5239786856127886 0.041 0.0994671403197158
0 0.889 0.40852575488454707 0.04 0.08880994671403197
0 0.666 0.5719360568383659 0.045 0.1261101243339254
0 0.811 0.44582593250444047 0.024 0.05328596802841918
0 0.962 0.48845470692717585 0.048 0.1172291296625222
0 0.82 0.7264653641207816 0.063 0.10479573712255773
0 0.44 0.44760213143872113 0.046 0.07460035523978685
0 0.26 0.46714031971580816 0.039 0.08880994671403197
0 0.022 0.3978685612788632 0.048 0.10479573712255773
0 0.698 0.41563055062166965 0.032 0.07104795737122557
0 0.95 0.6216696269982238 0.048 0.1172291296625222
0 0.195 0.4724689165186501 0.039 0.08880994671403197
0 0.318 0.5985790408525755 0.054 0.12078152753108348
0 0.067 0.40319715808170514 0.048 0.10479573712255773
0 0.171 0.49733570159857904 0.044 0.0941385435168739
0 0.302 0.45293072824156305 0.069 0.12788632326820604
0 0.782 0.4422735346358792 0.032 0.07104795737122557
0 0.573 0.4955595026642984 0.045 0.09591474245115453
0 0.927 0.40319715808170514 0.04 0.08880994671403197
0 0.489 0.38010657193605685 0.049 0.1172291296625222
0 0.819 0.6589698046181173 0.059 0.10479573712255773
0 0.064 0.5079928952042628 0.036 0.07992895204262877
0 0.663 0.433392539964476 0.063 0.14564831261101244
0 0.986 0.4937833037300178 0.048 0.1172291296625222
0 0.886 0.5150976909413855 0.048 0.1172291296625222
0 0.763 0.5595026642984015 0.041 0.0994671403197158
0 0.634 0.27353463587921845 0.037 0.07815275310834814
0 0.163 0.6287744227353463 0.054 0.12078152753108348
0 0.571 0.3960923623445826 0.045 0.09591474245115453
0 0.122 0.44404973357015987 0.062 0.13143872113676733
0 0.505 0.5435168738898757 0.064 0.1811722912966252
0 0.377 0.5559502664298401 0.054 0.12078152753108348
