0 0.9192708333333334 0.2361111111111111 0.015625 0.03009259259259259
0 0.8450520833333334 0.08333333333333333 0.015625 0.03009259259259259
0 0.13802083333333334 0.2662037037037037 0.015625 0.037037037037037035
0 0.3958333333333333 0.1597222222222222 0.015625 0.03009259259259259
0 0.8098958333333334 0.6041666666666666 0.022135416666666668 0.041666666666666664
0 0.5651041666666666 0.2708333333333333 0.016927083333333332 0.03935185185185185
0 0.1953125 0.4837962962962963 0.016927083333333332 0.03935185185185185
0 0.3372395833333333 0.7106481481481481 0.022135416666666668 0.041666666666666664
0 0.4453125 0.43287037037037035 0.016927083333333332 0.03935185185185185
0 0.5794270833333334 0.6203703703703703 0.022135416666666668 0.041666666666666664
0 0.6796875 0.10648148148148148 0.015625 0.03009259259259259
0 0.9505208333333334 0.7175925925925926 0.022135416666666668 0.041666666666666664
0 0.18880208333333334 0.3541666666666667 0.016927083333333332 0.03935185185185185
0 0.4635416666666667 0.22453703703703703 0.015625 0.03009259259259259
0 0.5260416666666666 0.11805555555555555 0.015625 0.03009259259259259
0 0.8203125 0.3912037037037037 0.016927083333333332 0.03935185185185185
0 0.9283854166666666 0.1527777777777778 0.015625 0.03009259259259259
0 0.7421875 0.7152777777777778 0.022135416666666668 0.041666666666666664
0 0.9739583333333334 0.4652777777777778 0.016927083333333332 0.03935185185185185
0 0.19661458333333334 0.03009259259259259 0.015625 0.03009259259259259
0 0.09375 0.26851851851851855 0.015625 0.037037037037037035
0 0.7083333333333334 0.3958333333333333 0.016927083333333332 0.03935185185185185
0 0.6588541666666666 0.36342592592592593 0.016927083333333332 0.03935185185185185
0 0.4114583333333333 0.47453703703703703 0.016927083333333332 0.03935185185185185
0 0.5611979166666666 0.1875 0.015625 0.03009259259259259
0 0.2942708333333333 0.3148148148148148 0.016927083333333332 0.03935185185185185
0 0.4466145833333333 0.25462962962962965 0.015625 0.034722222222222224
0 0.484375 0.17824074074074073 0.015625 0.03009259259259259
0 0.79296875 0.12268518518518519 0.015625 0.03009259259259259
0 0.3645833333333333 0.7083333333333334 0.022135416666666668 0.041666666666666664
0 0.0234375 0.3402777777777778 0.016927083333333332 0.03935185185185185
0 0.3619791666666667 0.36574074074074076 0.016927083333333332 0.03935185185185185
0 0.2513020833333333 0.1388888888888889 0.015625 0.03009259259259259
0 0.46875 0.35185185185185186 0.016927083333333332 0.03935185185185185
0 0.5950520833333334 0.23148148148148148 0.015625 0.03009259259259259
0 0.9270833333333334 0.48148148148148145 0.016927083333333332 0.03935185185185185
0 0.5234375 0.5856481481481481 0.022135416666666668 0.041666666666666664
0 0.953125 0.21296296296296297 0.015625 0.03009259259259259
0 0.5260416666666666 0.3912037037037037 0.016927083333333332 0.03935185185185185
0 0.6705729166666666 0.06712962962962964 0.015625 0.03009259259259259
0 0.3984375 0.42824074074074076 0.016927083333333332 0.03935185185185185
0 0.41796875 0.6944444444444444 0.022135416666666668 0.041666666666666664
0 0.4010416666666667 0.24305555555555555 0.015625 0.03009259259259259
0 0.15625 0.10648148148148148 0.015625 0.03009259259259259
0 0.3619791666666667 0.05324074074074074 0.015625 0.03009259259259259
0 0.7330729166666666 0.1087962962962963 0.015625 0.03009259259259259
0 0.9140625 0.6967592592592593 0.022135416666666668 0.041666666666666664
0 0.3411458333333333 0.6435185185185185 0.022135416666666668 0.041666666666666664
0 0.7942708333333334 0.6296296296296297 0.022135416666666668 0.041666666666666664
0 0.9296875 0.6689814814814815 0.022135416666666668 0.041666666666666664
0 0.3424479166666667 0.24074074074074073 0.015625 0.03009259259259259
0 0.19921875 0.10648148148148148 0.015625 0.03009259259259259
0 0.8880208333333334 0.5833333333333334 0.022135416666666668 0.041666666666666664
0 0.4817708333333333 0.4675925925925926 0.016927083333333332 0.03935185185185185
0 0.34765625 0.5023148148148148 0.016927083333333332 0.03935185185185185
0 0.9088541666666666 0.4027777777777778 0.016927083333333332 0.03935185185185185
0 0.029947916666666668 0.6180555555555556 0.022135416666666668 0.041666666666666664
0 0.7317708333333334 0.5787037037037037 0.022135416666666668 0.041666666666666664
0 0.2942708333333333 0.4398148148148148 0.016927083333333332 0.03935185185185185
0 0.8020833333333334 0.2986111111111111 0.016927083333333332 0.03935185185185185
0 0.28125 0.1388888888888889 0.015625 0.03009259259259259
0 0.7552083333333334 0.21064814814814814 0.015625 0.03009259259259259
0 0.4713541666666667 0.25925925925925924 0.015625 0.034722222222222224
0 0.5833333333333334 0.06944444444444445 0.015625 0.03009259259259259
0 0.09244791666666667 0.2013888888888889 0.015625 0.03009259259259259
0 0.8216145833333334 0.6226851851851852 0.022135416666666668 0.041666666666666664
0 0.4661458333333333 0.027777777777777776 0.015625 0.03009259259259259
0 0.4921875 0.7291666666666666 0.022135416666666668 0.041666666666666664
0 0.8880208333333334 0.18055555555555555 0.015625 0.03009259259259259
0 0.91796875 0.08101851851851852 0.015625 0.03009259259259259
0 0.22135416666666666 0.28703703703703703 0.016927083333333332 0.03935185185185185
0 0.3776041666666667 0.9097222222222222 0.022135416666666668 0.041666666666666664
0 0.7825520833333334 0.17824074074074073 0.015625 0.03009259259259259
0 0.23307291666666666 0.6134259259259259 0.022135416666666668 0.041666666666666664
0 0.059895833333333336 0.41435185185185186 0.016927083333333332 0.03935185185185185
0 0.078125 0.041666666666666664 0.015625 0.03009259259259259
0 0.14322916666666666 0.32175925925925924 0.016927083333333332 0.03935185185185185
0 0.6080729166666666 0.4930555555555556 0.016927083333333332 0.03935185185185185
0 0.4908854166666667 0.6180555555555556 0.022135416666666668 0.041666666666666664
0 0.6822916666666666 0.40046296296296297 0.016927083333333332 0.03935185185185185
0 0.71875 0.5231481481481481 0.016927083333333332 0.03935185185185185
0 0.5013020833333334 0.08101851851851852 0.015625 0.03009259259259259
0 0.1640625 0.06018518518518518 0.015625 0.03009259259259259
0 0.96875 0.0787037037037037 0.015625 0.03009259259259259
0 0.546875 0.08333333333333333 0.015625 0.03009259259259259
0 0.4986979166666667 0.33796296296296297 0.016927083333333332 0.03935185185185185
0 0.9622395833333334 0.046296296296296294 0.015625 0.03009259259259259
0 0.1015625 0.37962962962962965 0.016927083333333332 0.03935185185185185
0 0.24348958333333334 0.05324074074074074 0.015625 0.03009259259259259
0 0.6236979166666666 0.21064814814814814 0.015625 0.03009259259259259
0 0.0078125 0.020833333333333332 0.015625 0.03009259259259259
0 0.484375 0.3888888888888889 0.016927083333333332 0.03935185185185185
0 0.7421875 0.32407407407407407 0.016927083333333332 0.03935185185185185
0 0.5559895833333334 0.3449074074074074 0.016927083333333332 0.03935185185185185
0 0.6328125 0.7129629629629629 0.022135416666666668 0.041666666666666664
0 0.8424479166666666 0.15046296296296297 0.015625 0.03009259259259259
0 0.67578125 0.28703703703703703 0.016927083333333332 0.03935185185185185
0 0.9752604166666666 0.42592592592592593 0.016927083333333332 0.03935185185185185
0 0.94921875 0.2777777777777778 0.016927083333333332 0.03935185185185185
0 0.8854166666666666 0.11574074074074074 0.015625 0.03009259259259259
0 0.6223958333333334 0.34953703703703703 0.016927083333333332 0.03935185185185185
0 0.2708333333333333 0.3819444444444444 0.016927083333333332 0.03935185185185185
0 0.9309895833333334 0.034722222222222224 0.015625 0.03009259259259259
0 0.3385416666666667 0.07407407407407407 0.015625 0.03009259259259259
0 0.26171875 0.2916666666666667 0.016927083333333332 0.03935185185185185
0 0.5885416666666666 0.7129629629629629 0.022135416666666668 0.041666666666666664
0 0.16145833333333334 0.25925925925925924 0.016927083333333332 0.03935185185185185
0 0.6354166666666666 0.37962962962962965 0.016927083333333332 0.03935185185185185
0 0.9479166666666666 0.5138888888888888 0.016927083333333332 0.03935185185185185
0 0.8294270833333334 0.041666666666666664 0.015625 0.03009259259259259
0 0.19921875 0.06712962962962964 0.015625 0.03009259259259259
0 0.5989583333333334 0.14583333333333334 0.015625 0.03009259259259259
0 0.9778645833333334 0.6574074074074074 0.022135416666666668 0.041666666666666664
0 0.01953125 0.5138888888888888 0.01953125 0.03935185185185185
0 0.30078125 0.016203703703703703 0.015625 0.03009259259259259
0 0.7213541666666666 0.2037037037037037 0.015625 0.03009259259259259
0 0.8216145833333334 0.08101851851851852 0.015625 0.03009259259259259
0 0.23828125 0.16435185185185186 0.015625 0.03009259259259259
0 0.984375 0.09259259259259259 0.015625 0.03009259259259259
0 0.0625 0.6111111111111112 0.022135416666666668 0.041666666666666664
0 0.6354166666666666 0.12268518518518519 0.015625 0.03009259259259259
0 0.4661458333333333 0.08101851851851852 0.015625 0.03009259259259259
0 0.3125 0.47453703703703703 0.016927083333333332 0.03935185185185185
0 0.2682291666666667 0.016203703703703703 0.015625 0.03009259259259259
0 0.7018229166666666 0.3125 0.016927083333333332 0.03935185185185185
0 0.6575520833333334 0.24074074074074073 0.015625 0.03009259259259259
0 0.8541666666666666 0.17824074074074073 0.015625 0.03009259259259259
0 0.9036458333333334 0.6273148148148148 0.022135416666666668 0.041666666666666664
0 0.8151041666666666 0.1875 0.015625 0.03009259259259259
0 0.7643229166666666 0.4398148148148148 0.016927083333333332 0.03935185185185185
0 0.29296875 0.0625 0.015625 0.03009259259259259
0 0.6458333333333334 0.37962962962962965 0.016927083333333332 0.03935185185185185
0 0.54296875 0.3402777777777778 0.016927083333333332 0.03935185185185185
0 0.7252604166666666 0.05555555555555555 0.015625 0.03009259259259259
0 0.3033854166666667 0.05324074074074074 0.015625 0.03009259259259259
0 0.5390625 0.6597222222222222 0.022135416666666668 0.041666666666666664
0 0.4895833333333333 0.2824074074074074 0.016927083333333332 0.03935185185185185
0 0.9544270833333334 0.24537037037037038 0.015625 0.03009259259259259
0 0.2903645833333333 0.5300925925925926 0.016927083333333332 0.03935185185185185
0 0.7044270833333334 0.05787037037037037 0.015625 0.03009259259259259
0 0.8138020833333334 0.35648148148148145 0.016927083333333332 0.03935185185185185
0 0.055989583333333336 0.0023148148148148147 0.015625 0.03009259259259259
0 0.18359375 0.3194444444444444 0.016927083333333332 0.03935185185185185
0 0.5729166666666666 0.22453703703703703 0.015625 0.03009259259259259
0 0.2864583333333333 0.46064814814814814 0.016927083333333332 0.03935185185185185
0 0.08333333333333333 0.08564814814814815 0.015625 0.03009259259259259
0 0.9947916666666666 0.2361111111111111 0.015625 0.034722222222222224
0 0.15494791666666666 0.037037037037037035 0.015625 0.03009259259259259
0 0.19270833333333334 0.13425925925925927 0.015625 0.03009259259259259
0 0.3776041666666667 0.07407407407407407 0.015625 0.03009259259259259
0 0.9518229166666666 0.6574074074074074 0.022135416666666668 0.041666666666666664
0 0.9856770833333334 0.46064814814814814 0.016927083333333332 0.03935185185185185
0 0.7682291666666666 0.36574074074074076 0.016927083333333332 0.03935185185185185
0 0.2513020833333333 0.3680555555555556 0.016927083333333332 0.03935185185185185
0 0.2864583333333333 0.1111111111111111 0.015625 0.03009259259259259
0 0.76171875 0.10648148148148148 0.015625 0.03009259259259259
0 0.23177083333333334 0.5532407407407407 0.016927083333333332 0.03935185185185185
0 0.19140625 0.2662037037037037 0.016927083333333332 0.03935185185185185
0 0.9947916666666666 0.5162037037037037 0.016927083333333332 0.03935185185185185
0 0.3307291666666667 0.14583333333333334 0.015625 0.03009259259259259
0 0.9700520833333334 0.3263888888888889 0.016927083333333332 0.03935185185185185
0 0.9791666666666666 0.14583333333333334 0.015625 0.03009259259259259
0 0.14192708333333334 0.11342592592592593 0.015625 0.03009259259259259
0 0.91796875 0.3726851851851852 0.016927083333333332 0.03935185185185185
0 0.8971354166666666 0.09027777777777778 0.015625 0.03009259259259259
0 0.125 0.5648148148148148 0.022135416666666668 0.041666666666666664
0 0.6536458333333334 0.5231481481481481 0.016927083333333332 0.03935185185185185
0 0.6783854166666666 0.03009259259259259 0.015625 0.03009259259259259
0 0.4921875 0.004629629629629629 0.015625 0.03009259259259259
0 0.6236979166666666 0.2361111111111111 0.015625 0.03009259259259259
0 0.2604166666666667 0.05787037037037037 0.015625 0.03009259259259259
0 0.4088541666666667 0.7268518518518519 0.022135416666666668 0.041666666666666664
0 0.87109375 0.6967592592592593 0.022135416666666668 0.041666666666666664
0 0.62890625 0.49537037037037035 0.016927083333333332 0.03935185185185185
0 0.014322916666666666 0.05092592592592592 0.015625 0.03009259259259259
0 0.8723958333333334 0.16435185185185186 0.015625 0.03009259259259259
0 0.5221354166666666 0.7314814814814815 0.022135416666666668 0.041666666666666664
0 0.7890625 0.7291666666666666 0.022135416666666668 0.041666666666666664
0 0.4635416666666667 0.5648148148148148 0.022135416666666668 0.041666666666666664
0 0.18880208333333334 0.41435185185185186 0.016927083333333332 0.03935185185185185
0 0.7747395833333334 0.31712962962962965 0.016927083333333332 0.03935185185185185
0 0.23828125 0.018518518518518517 0.015625 0.03009259259259259
0 0.73828125 0.4652777777777778 0.016927083333333332 0.03935185185185185
0 0.4361979166666667 0.6967592592592593 0.022135416666666668 0.041666666666666664
0 0.11848958333333333 0.016203703703703703 0.015625 0.03009259259259259
0 0.3815104166666667 0.037037037037037035 0.015625 0.03009259259259259
0 0.5872395833333334 0.3587962962962963 0.016927083333333332 0.03935185185185185
0 0.5208333333333334 0.25925925925925924 0.015625 0.034722222222222224
0 0.4427083333333333 0.12268518518518519 0.015625 0.03009259259259259
0 0.13541666666666666 0.3611111111111111 0.016927083333333332 0.03935185185185185
0 0.1640625 0.7013888888888888 0.022135416666666668 0.041666666666666664
0 0.5026041666666666 0.2013888888888889 0.015625 0.03009259259259259
0 0.23307291666666666 0.3611111111111111 0.016927083333333332 0.03935185185185185
0 0.265625 0.33564814814814814 0.016927083333333332 0.03935185185185185
0 0.6783854166666666 0.5370370370370371 0.016927083333333332 0.03935185185185185
0 0.6223958333333334 0.07175925925925926 0.015625 0.03009259259259259
0 0.8658854166666666 0.03935185185185185 0.015625 0.03009259259259259
0 0.5 0.9027777777777778 0.022135416666666668 0.041666666666666664
0 0.10026041666666667 0.6504629629629629 0.022135416666666668 0.041666666666666664
0 0.28515625 0.75 0.022135416666666668 0.041666666666666664
0 0.5885416666666666 0.6643518518518519 0.022135416666666668 0.041666666666666664
0 0.23046875 0.6875 0.022135416666666668 0.041666666666666664
0 0.22395833333333334 0.7245370370370371 0.022135416666666668 0.041666666666666664
0 0.6640625 0.14351851851851852 0.015625 0.03009259259259259
0 0.9713541666666666 0.7129629629629629 0.022135416666666668 0.041666666666666664
0 0.8450520833333334 0.26851851851851855 0.015625 0.034722222222222224
0 0.22135416666666666 0.3333333333333333 0.016927083333333332 0.03935185185185185
0 0.8541666666666666 0.46296296296296297 0.016927083333333332 0.03935185185185185
0 0.16145833333333334 0.7708333333333334 0.022135416666666668 0.041666666666666664
0 0.08072916666666667 0.5810185185185185 0.022135416666666668 0.041666666666666664
0 0.53515625 0.2800925925925926 0.016927083333333332 0.03935185185185185
0 0.05859375 0.36574074074074076 0.016927083333333332 0.03935185185185185
0 0.8385416666666666 0.42592592592592593 0.016927083333333332 0.03935185185185185
0 0.7161458333333334 0.7013888888888888 0.022135416666666668 0.041666666666666664
0 0.23697916666666666 0.09953703703703703 0.015625 0.03009259259259259
0 0.5572916666666666 0.6851851851851852 0.022135416666666668 0.041666666666666664
0 0.010416666666666666 0.7638888888888888 0.022135416666666668 0.041666666666666664
0 0.7057291666666666 0.1388888888888889 0.015625 0.03009259259259259
0 0.7421875 0.05787037037037037 0.015625 0.03009259259259259
0 0.87890625 0.2986111111111111 0.016927083333333332 0.03935185185185185
0 0.3359375 0.39351851851851855 0.016927083333333332 0.03935185185185185
0 0.9479166666666666 0.11342592592592593 0.015625 0.03009259259259259
0 0.7786458333333334 0.09027777777777778 0.015625 0.03009259259259259
0 0.4583333333333333 0.3263888888888889 0.016927083333333332 0.03935185185185185
0 0.1328125 0.4652777777777778 0.016927083333333332 0.03935185185185185
0 0.296875 0.6967592592592593 0.022135416666666668 0.041666666666666664
0 0.8125 0.7384259259259259 0.022135416666666668 0.041666666666666664
0 0.9856770833333334 0.2824074074074074 0.016927083333333332 0.03935185185185185
0 0.6484375 0.6875 0.022135416666666668 0.041666666666666664
0 0.7252604166666666 0.018518518518518517 0.015625 0.03009259259259259
0 0.3658854166666667 0.22685185185185186 0.015625 0.03009259259259259
0 0.86328125 0.3912037037037037 0.016927083333333332 0.03935185185185185
0 0.30078125 0.20601851851851852 0.015625 0.03009259259259259
0 0.21354166666666666 0.4305555555555556 0.016927083333333332 0.03935185185185185
0 0.578125 0.6736111111111112 0.022135416666666668 0.041666666666666664
0 0.4114583333333333 0.08796296296296297 0.015625 0.03009259259259259
0 0.5690104166666666 0.39814814814814814 0.016927083333333332 0.03935185185185185
0 0.8984375 0.2662037037037037 0.015625 0.032407407407407406
0 0.6536458333333334 0.28703703703703703 0.016927083333333332 0.03935185185185185
0 0.5390625 0.15046296296296297 0.015625 0.03009259259259259
0 0.3203125 0.38425925925925924 0.016927083333333332 0.03935185185185185
0 0.9075520833333334 0.05555555555555555 0.015625 0.03009259259259259
0 0.48828125 0.21296296296296297 0.015625 0.03009259259259259
0 0.4140625 0.6180555555555556 0.022135416666666668 0.041666666666666664
0 0.5911458333333334 0.03935185185185185 0.015625 0.03009259259259259
0 0.009114583333333334 0.2523148148148148 0.015625 0.034722222222222224
0 0.18229166666666666 0.6064814814814815 0.022135416666666668 0.041666666666666664
0 0.07291666666666667 0.3541666666666667 0.016927083333333332 0.03935185185185185
0 0.6783854166666666 0.7175925925925926 0.022135416666666668 0.041666666666666664
0 0.4296875 0.0625 0.015625 0.03009259259259259
0 0.39453125 0.013888888888888888 0.015625 0.03009259259259259
0 0.140625 0.39814814814814814 0.016927083333333332 0.03935185185185185
0 0.6276041666666666 0.6967592592592593 0.022135416666666668 0.041666666666666664
0 0.3697916666666667 0.1712962962962963 0.015625 0.03009259259259259
0 0.5625 0.1111111111111111 0.015625 0.03009259259259259
0 0.5729166666666666 0.3425925925925926 0.016927083333333332 0.03935185185185185
0 0.07291666666666667 0.46296296296296297 0.016927083333333332 0.03935185185185185
0 0.036458333333333336 0.44212962962962965 0.016927083333333332 0.03935185185185185
0 0.7747395833333334 0.4652777777777778 0.016927083333333332 0.03935185185185185
0 0.08203125 0.1712962962962963 0.015625 0.03009259259259259
0 0.0078125 0.2986111111111111 0.015625 0.034722222222222224
0 0.9192708333333334 0.4351851851851852 0.016927083333333332 0.03935185185185185
0 0.3776041666666667 0.44907407407407407 0.016927083333333332 0.03935185185185185
0 0.8138020833333334 0.24305555555555555 0.015625 0.03009259259259259
0 0.12369791666666667 0.6388888888888888 0.022135416666666668 0.041666666666666664
0 0.42578125 0.6574074074074074 0.022135416666666668 0.041666666666666664
0 0.12630208333333334 0.05092592592592592 0.015625 0.03009259259259259
0 0.9361979166666666 0.08796296296296297 0.015625 0.03009259259259259
0 0.13020833333333334 0.09953703703703703 0.015625 0.03009259259259259
0 0.3528645833333333 0.009259259259259259 0.015625 0.03009259259259259
0 0.9947916666666666 0.19907407407407407 0.015625 0.034722222222222224
0 0.18359375 0.2916666666666667 0.016927083333333332 0.03935185185185185
0 0.3763020833333333 0.6180555555555556 0.022135416666666668 0.041666666666666664
0 0.8307291666666666 0.2662037037037037 0.015625 0.037037037037037035
0 0.12369791666666667 0.2569444444444444 0.015625 0.034722222222222224
0 0.89453125 0.4837962962962963 0.016927083333333332 0.03935185185185185
0 0.8190104166666666 0.14351851851851852 0.015625 0.03009259259259259
0 0.2838541666666667 0.7106481481481481 0.022135416666666668 0.041666666666666664
0 0.44921875 0.2152777777777778 0.015625 0.03009259259259259
0 0.4283854166666667 0.3055555555555556 0.016927083333333332 0.03935185185185185
0 0.296875 0.6712962962962963 0.022135416666666668 0.041666666666666664
0 0.5325520833333334 0.04398148148148148 0.015625 0.03009259259259259
0 0.3033854166666667 0.35185185185185186 0.016927083333333332 0.03935185185185185
0 0.026041666666666668 0.03935185185185185 0.015625 0.03009259259259259
0 0.4205729166666667 0.21064814814814814 0.015625 0.03009259259259259
0 0.6692708333333334 0.2152777777777778 0.015625 0.03009259259259259
0 0.6770833333333334 0.15046296296296297 0.015625 0.03009259259259259
0 0.7447916666666666 0.14814814814814814 0.015625 0.03009259259259259
0 0.8567708333333334 0.5625 0.01953125 0.03935185185185185
0 0.10416666666666667 0.7175925925925926 0.022135416666666668 0.041666666666666664
0 0.7291666666666666 0.27314814814814814 0.016927083333333332 0.03935185185185185
0 0.037760416666666664 0.33796296296296297 0.016927083333333332 0.03935185185185185
0 0.40234375 0.046296296296296294 0.015625 0.03009259259259259
0 0.81640625 0.5625 0.01953125 0.03935185185185185
0 0.7747395833333334 0.5486111111111112 0.016927083333333332 0.03935185185185185
0 0.078125 0.6435185185185185 0.022135416666666668 0.041666666666666664
0 0.7916666666666666 0.17592592592592593 0.015625 0.03009259259259259
0 0.8645833333333334 0.2569444444444444 0.015625 0.03009259259259259
0 0.13671875 0.6064814814814815 0.022135416666666668 0.041666666666666664
0 0.3268229166666667 0.11342592592592593 0.015625 0.03009259259259259
0 0.006510416666666667 0.33101851851851855 0.016927083333333332 0.03935185185185185
0 0.9609375 0.375 0.016927083333333332 0.03935185185185185
0 0.3268229166666667 0.4722222222222222 0.016927083333333332 0.03935185185185185
