0 0.49603174603174605 0.3888888888888889 0.017361111111111112 0.02546296296296296
0 0.6202876984126984 0.390542328042328 0.00992063492063492 0.01488095238095238
0 0.6770833333333334 0.37466931216931215 0.019593253968253968 0.022486772486772486
0 0.5235615079365079 0.3630952380952381 0.017361111111111112 0.02546296296296296
0 0.5672123015873016 0.39186507936507936 0.00992063492063492 0.01488095238095238
0 0.7552083333333334 0.3587962962962963 0.019593253968253968 0.022486772486772486
0 0.8687996031746031 0.4054232804232804 0.008432539682539682 0.012566137566137565
0 0.24107142857142858 0.3323412698412698 0.04290674603174603 0.06183862433862434
0 0.6257440476190477 0.3845899470899471 0.010416666666666666 0.016203703703703703
0 0.5887896825396826 0.3627645502645503 0.011904761904761904 0.017857142857142856
0 0.5783730158730159 0.38591269841269843 0.00992063492063492 0.01488095238095238
