0 0.1765625 0.5953703703703703 0.015625 0.02962962962962963
0 0.21979166666666666 0.5583333333333333 0.0078125 0.013888888888888888
0 0.5901041666666667 0.47314814814814815 0.0078125 0.013888888888888888
0 0.8067708333333333 0.8379629629629629 0.021875 0.04351851851851852
0 0.4510416666666667 0.48148148148148145 0.0078125 0.013888888888888888
0 0.7817708333333333 0.5314814814814814 0.0078125 0.013888888888888888
0 0.12760416666666666 0.7111111111111111 0.015625 0.02962962962962963
0 0.8223958333333333 0.7305555555555555 0.015625 0.02962962962962963
0 0.1015625 0.8240740740740741 0.021875 0.04351851851851852
0 0.353125 0.5824074074074074 0.015625 0.02962962962962963
0 0.2234375 0.41759259259259257 0.005208333333333333 0.011111111111111112
0 0.9708333333333333 0.637962962962963 0.015625 0.02962962962962963
0 0.6020833333333333 0.41203703703703703 0.003125 0.008333333333333333
0 0.09166666666666666 0.7638888888888888 0.0171875 0.032407407407407406
0 0.7010416666666667 0.43796296296296294 0.0078125 0.013888888888888888
0 0.16927083333333334 0.637962962962963 0.015625 0.02962962962962963
0 0.10260416666666666 0.30185185185185187 0.003125 0.008333333333333333
0 0.79375 0.8240740740740741 0.021875 0.04351851851851852
0 0.38958333333333334 0.6203703703703703 0.015625 0.02962962962962963
0 0.6296875 0.5787037037037037 0.009375 0.017592592592592594
0 0.3802083333333333 0.6444444444444445 0.015625 0.02962962962962963
0 0.3067708333333333 0.4111111111111111 0.003125 0.008333333333333333
0 0.3046875 0.4583333333333333 0.0078125 0.013888888888888888
0 0.8244791666666667 0.4009259259259259 0.003125 0.008333333333333333
0 0.096875 0.7944444444444444 0.021875 0.04351851851851852
0 0.178125 0.5175925925925926 0.0078125 0.013888888888888888
0 0.5229166666666667 0.5768518518518518 0.011458333333333333 0.021296296296296296
0 0.6541666666666667 0.9101851851851852 0.021875 0.04351851851851852
0 0.8395833333333333 0.8 0.021875 0.04351851851851852
0 0.8322916666666667 0.4398148148148148 0.00625 0.012037037037037037
0 0.4125 0.9296296296296296 0.021875 0.04351851851851852
0 0.41510416666666666 0.4583333333333333 0.0078125 0.013888888888888888
0 0.07864583333333333 0.6759259259259259 0.015625 0.02962962962962963
0 0.7416666666666667 0.75 0.015625 0.02962962962962963
0 0.19791666666666666 0.2796296296296296 0.003125 0.007407407407407408
0 0.6046875 0.6064814814814815 0.015625 0.02962962962962963
0 0.9416666666666667 0.32685185185185184 0.003125 0.008333333333333333
0 0.41458333333333336 0.49166666666666664 0.0078125 0.013888888888888888
0 0.3536458333333333 0.6064814814814815 0.015625 0.02962962962962963
0 0.45677083333333335 0.5435185185185185 0.0078125 0.013888888888888888
0 0.4421875 0.4148148148148148 0.004166666666666667 0.009259259259259259
0 0.8994791666666667 0.8009259259259259 0.021875 0.04351851851851852
0 0.725 0.8824074074074074 0.021875 0.04351851851851852
0 0.6916666666666667 0.5518518518518518 0.0078125 0.013888888888888888
0 0.7578125 0.6981481481481482 0.015625 0.02962962962962963
0 0.6223958333333334 0.40370370370370373 0.003125 0.008333333333333333
0 0.7125 0.4462962962962963 0.0078125 0.013888888888888888
0 0.415625 0.4222222222222222 0.005208333333333333 0.011111111111111112
0 0.19270833333333334 0.5675925925925925 0.0078125 0.013888888888888888
0 0.035416666666666666 0.625 0.015625 0.02962962962962963
0 0.8828125 0.600925925925926 0.015625 0.02962962962962963
0 0.46510416666666665 0.4351851851851852 0.00625 0.012037037037037037
0 0.45208333333333334 0.5787037037037037 0.011458333333333333 0.021296296296296296
0 0.3640625 0.37592592592592594 0.003125 0.008333333333333333
0 0.8041666666666667 0.4101851851851852 0.003125 0.008333333333333333
0 0.9473958333333333 0.5083333333333333 0.0078125 0.013888888888888888
0 0.4786458333333333 0.44907407407407407 0.0078125 0.013888888888888888
0 0.8401041666666667 0.44074074074074077 0.00625 0.012037037037037037
0 0.8630208333333333 0.28888888888888886 0.0036458333333333334 0.006481481481481481
0 0.9510416666666667 0.3527777777777778 0.003125 0.007407407407407408
0 0.18229166666666666 0.47314814814814815 0.0078125 0.013888888888888888
0 0.39895833333333336 0.2675925925925926 0.0036458333333333334 0.006481481481481481
0 0.221875 0.42777777777777776 0.004166666666666667 0.009259259259259259
0 0.86875 0.5398148148148149 0.0078125 0.013888888888888888
0 0.26979166666666665 0.31203703703703706 0.003125 0.008333333333333333
0 0.7307291666666667 0.40370370370370373 0.003125 0.008333333333333333
0 0.11666666666666667 0.7564814814814815 0.015625 0.02962962962962963
0 0.9916666666666667 0.9648148148148148 0.021875 0.04351851851851852
0 0.8484375 0.2935185185185185 0.0036458333333333334 0.006481481481481481
0 0.029166666666666667 0.7101851851851851 0.015625 0.02962962962962963
0 0.709375 0.7648148148148148 0.01875 0.03611111111111111
0 0.7505208333333333 0.4064814814814815 0.003125 0.008333333333333333
0 0.5458333333333333 0.5203703703703704 0.0078125 0.013888888888888888
0 0.1984375 0.41944444444444445 0.0078125 0.013888888888888888
0 0.2015625 0.4601851851851852 0.0078125 0.013888888888888888
0 0.9807291666666667 0.46296296296296297 0.0078125 0.013888888888888888
0 0.21822916666666667 0.41388888888888886 0.005208333333333333 0.011111111111111112
0 0.86875 0.287962962962963 0.0036458333333333334 0.006481481481481481
0 0.4015625 0.4759259259259259 0.0078125 0.013888888888888888
0 0.8713541666666667 0.8814814814814815 0.021875 0.04351851851851852
0 0.821875 0.875 0.021875 0.04351851851851852
0 0.20364583333333333 0.42685185185185187 0.0078125 0.013888888888888888
0 0.9505208333333334 0.725925925925926 0.015625 0.02962962962962963
0 0.7057291666666666 0.5916666666666667 0.015625 0.02962962962962963
0 0.3067708333333333 0.44722222222222224 0.0078125 0.013888888888888888
0 0.4859375 0.5990740740740741 0.015625 0.02962962962962963
0 0.7760416666666666 0.6314814814814815 0.015625 0.02962962962962963
0 0.7140625 0.6861111111111111 0.015625 0.02962962962962963
0 0.37864583333333335 0.36574074074074076 0.003125 0.008333333333333333
0 0.30885416666666665 0.5907407407407408 0.015625 0.02962962962962963
0 0.803125 0.600925925925926 0.015625 0.02962962962962963
0 0.2828125 0.42314814814814816 0.003125 0.008333333333333333
0 0.4505208333333333 0.425 0.00625 0.012037037037037037
0 0.6682291666666667 0.45555555555555555 0.0078125 0.013888888888888888
0 0.3802083333333333 0.3888888888888889 0.003125 0.008333333333333333
0 0.8755208333333333 0.6907407407407408 0.015625 0.02962962962962963
0 0.1625 0.30185185185185187 0.003125 0.008333333333333333
0 0.8244791666666667 0.42685185185185187 0.005208333333333333 0.011111111111111112
0 0.5973958333333333 0.4601851851851852 0.0078125 0.013888888888888888
0 0.7307291666666667 0.4101851851851852 0.003125 0.008333333333333333
0 0.9104166666666667 0.5972222222222222 0.015625 0.02962962962962963
0 0.971875 0.33611111111111114 0.003125 0.008333333333333333
0 0.9041666666666667 0.34444444444444444 0.003125 0.008333333333333333
0 0.54375 0.41388888888888886 0.005208333333333333 0.011111111111111112
0 0.6625 0.5425925925925926 0.0078125 0.013888888888888888
0 0.18802083333333333 0.6222222222222222 0.015625 0.02962962962962963
0 0.09895833333333333 0.8629629629629629 0.021875 0.04351851851851852
0 0.4354166666666667 0.4398148148148148 0.005208333333333333 0.011111111111111112
0 0.6229166666666667 0.5453703703703704 0.0078125 0.013888888888888888
0 0.15833333333333333 0.38055555555555554 0.003125 0.008333333333333333
0 0.7651041666666667 0.32037037037037036 0.003125 0.008333333333333333
0 0.47239583333333335 0.5981481481481481 0.015625 0.02962962962962963
0 0.7416666666666667 0.6064814814814815 0.015625 0.02962962962962963
0 0.9557291666666666 0.6018518518518519 0.015625 0.02962962962962963
0 0.9296875 0.33240740740740743 0.003125 0.008333333333333333
0 0.6177083333333333 0.4185185185185185 0.004166666666666667 0.009259259259259259
0 0.275 0.3851851851851852 0.003125 0.008333333333333333
0 0.8578125 0.6 0.015625 0.02962962962962963
0 0.42239583333333336 0.6259259259259259 0.015625 0.02962962962962963
0 0.6484375 0.5324074074074074 0.0078125 0.013888888888888888
0 0.45989583333333334 0.37222222222222223 0.003125 0.008333333333333333
0 0.85625 0.29074074074074074 0.0036458333333333334 0.006481481481481481
0 0.5328125 0.3685185185185185 0.003125 0.008333333333333333
0 0.6005208333333333 0.675 0.015625 0.02962962962962963
0 0.5520833333333334 0.8703703703703703 0.021875 0.04351851851851852
0 0.4244791666666667 0.6925925925925925 0.015625 0.02962962962962963
0 0.9640625 0.3574074074074074 0.003125 0.007407407407407408
0 0.9208333333333333 0.5296296296296297 0.0078125 0.013888888888888888
0 0.21302083333333333 0.5305555555555556 0.0078125 0.013888888888888888
0 0.7541666666666667 0.8601851851851852 0.021875 0.04351851851851852
0 0.3880208333333333 0.39351851851851855 0.003125 0.008333333333333333
0 0.37604166666666666 0.6148148148148148 0.015625 0.02962962962962963
0 0.5463541666666667 0.8055555555555556 0.021875 0.04351851851851852
0 0.4510416666666667 0.7490740740740741 0.015625 0.02962962962962963
0 0.5010416666666667 0.8203703703703704 0.021875 0.04351851851851852
0 0.446875 0.5462962962962963 0.0078125 0.013888888888888888
0 0.5723958333333333 0.36203703703703705 0.003125 0.008333333333333333
0 0.1890625 0.5842592592592593 0.015625 0.02962962962962963
0 0.5911458333333334 0.5222222222222223 0.0078125 0.013888888888888888
0 0.2911458333333333 0.27870370370370373 0.0036458333333333334 0.006481481481481481
0 0.2859375 0.5462962962962963 0.0078125 0.013888888888888888
0 0.6354166666666666 0.775 0.01875 0.03611111111111111
0 0.590625 0.41574074074074074 0.005208333333333333 0.011111111111111112
0 0.7776041666666667 0.7657407407407407 0.0171875 0.032407407407407406
0 0.7223958333333333 0.6398148148148148 0.015625 0.02962962962962963
0 0.8270833333333333 0.45185185185185184 0.0078125 0.013888888888888888
0 0.6130208333333333 0.40925925925925927 0.003125 0.008333333333333333
0 0.4505208333333333 0.3787037037037037 0.003125 0.008333333333333333
0 0.035416666666666666 0.6518518518518519 0.015625 0.02962962962962963
0 0.2677083333333333 0.6268518518518519 0.015625 0.02962962962962963
0 0.04114583333333333 0.7231481481481481 0.015625 0.02962962962962963
0 0.8270833333333333 0.7583333333333333 0.015625 0.02962962962962963
0 0.15572916666666667 0.5824074074074074 0.011458333333333333 0.021296296296296296
0 0.10260416666666666 0.3509259259259259 0.003125 0.008333333333333333
0 0.3338541666666667 0.337037037037037 0.003125 0.008333333333333333
0 0.803125 0.5101851851851852 0.0078125 0.013888888888888888
0 0.7677083333333333 0.6564814814814814 0.015625 0.02962962962962963
0 0.6765625 0.47314814814814815 0.0078125 0.013888888888888888
0 0.4453125 0.4564814814814815 0.0078125 0.013888888888888888
0 0.8296875 0.4759259259259259 0.0078125 0.013888888888888888
0 0.303125 0.43425925925925923 0.005208333333333333 0.011111111111111112
0 0.17708333333333334 0.5657407407407408 0.0078125 0.013888888888888888
0 0.6848958333333334 0.5351851851851852 0.0078125 0.013888888888888888
0 0.9510416666666667 0.8148148148148148 0.021875 0.04351851851851852
0 0.3953125 0.4527777777777778 0.0078125 0.013888888888888888
0 0.013541666666666667 0.6731481481481482 0.015625 0.02962962962962963
0 0.5104166666666666 0.7925925925925926 0.021875 0.04351851851851852
0 0.32708333333333334 0.6268518518518519 0.015625 0.02962962962962963
0 0.3609375 0.4074074074074074 0.003125 0.008333333333333333
0 0.8197916666666667 0.5064814814814815 0.0078125 0.013888888888888888
0 0.7401041666666667 0.40555555555555556 0.003125 0.008333333333333333
0 0.321875 0.5944444444444444 0.015625 0.02962962962962963
0 0.7395833333333334 0.337037037037037 0.003125 0.008333333333333333
0 0.159375 0.6185185185185185 0.015625 0.02962962962962963
0 0.94375 0.5555555555555556 0.0078125 0.013888888888888888
0 0.8463541666666666 0.45740740740740743 0.0078125 0.013888888888888888
0 0.9989583333333333 0.4009259259259259 0.004166666666666667 0.009259259259259259
0 0.22291666666666668 0.6111111111111112 0.015625 0.02962962962962963
0 0.7208333333333333 0.9537037037037037 0.021875 0.04351851851851852
0 0.8557291666666667 0.7564814814814815 0.015625 0.02962962962962963
0 0.23125 0.5907407407407408 0.015625 0.02962962962962963
0 0.6822916666666666 0.6175925925925926 0.015625 0.02962962962962963
0 0.4921875 0.5731481481481482 0.0078125 0.013888888888888888
0 0.9265625 0.6925925925925925 0.015625 0.02962962962962963
0 0.5052083333333334 0.4101851851851852 0.003125 0.008333333333333333
0 0.3765625 0.3287037037037037 0.003125 0.008333333333333333
0 0.23697916666666666 0.4222222222222222 0.005208333333333333 0.011111111111111112
0 0.6708333333333333 0.5694444444444444 0.0078125 0.013888888888888888
0 0.6854166666666667 0.6611111111111111 0.015625 0.02962962962962963
0 0.39895833333333336 0.4935185185185185 0.0078125 0.013888888888888888
0 0.3140625 0.5425925925925926 0.0078125 0.013888888888888888
0 0.3692708333333333 0.6324074074074074 0.015625 0.02962962962962963
0 0.20677083333333332 0.45185185185185184 0.0078125 0.013888888888888888
0 0.3541666666666667 0.3907407407407407 0.003125 0.008333333333333333
0 0.9744791666666667 0.6972222222222222 0.015625 0.02962962962962963
0 0.6635416666666667 0.47314814814814815 0.0078125 0.013888888888888888
0 0.011979166666666667 0.8305555555555556 0.01875 0.03611111111111111
0 0.4510416666666667 0.4083333333333333 0.003125 0.008333333333333333
0 0.5859375 0.8138888888888889 0.021875 0.04351851851851852
0 0.41770833333333335 0.5768518518518518 0.013541666666666667 0.025
0 0.240625 0.3925925925925926 0.003125 0.008333333333333333
0 0.6291666666666667 0.6824074074074075 0.015625 0.02962962962962963
0 0.3265625 0.3398148148148148 0.003125 0.008333333333333333
0 0.11302083333333333 0.6185185185185185 0.015625 0.02962962962962963
0 0.7255208333333333 0.7157407407407408 0.015625 0.02962962962962963
0 0.7072916666666667 0.45925925925925926 0.0078125 0.013888888888888888
0 0.6723958333333333 0.5231481481481481 0.0078125 0.013888888888888888
0 0.915625 0.7351851851851852 0.015625 0.02962962962962963
0 0.44895833333333335 0.7129629629629629 0.015625 0.02962962962962963
0 0.019270833333333334 0.787962962962963 0.021875 0.04351851851851852
0 0.4197916666666667 0.7898148148148149 0.021875 0.04351851851851852
0 0.6088541666666667 0.7240740740740741 0.015625 0.02962962962962963
0 0.7197916666666667 0.5935185185185186 0.015625 0.02962962962962963
0 0.25416666666666665 0.5990740740740741 0.015625 0.02962962962962963
0 0.7598958333333333 0.5935185185185186 0.015625 0.02962962962962963
0 0.5395833333333333 0.5351851851851852 0.0078125 0.013888888888888888
0 0.11614583333333334 0.6361111111111111 0.015625 0.02962962962962963
0 0.20520833333333333 0.5740740740740741 0.0078125 0.013888888888888888
0 0.634375 0.6055555555555555 0.015625 0.02962962962962963
0 0.6109375 0.5675925925925925 0.0078125 0.013888888888888888
0 0.8625 0.3333333333333333 0.003125 0.008333333333333333
0 0.9380208333333333 0.9435185185185185 0.021875 0.04351851851851852
0 0.2609375 0.6601851851851852 0.015625 0.02962962962962963
0 0.44583333333333336 0.4212962962962963 0.004166666666666667 0.009259259259259259
0 0.022916666666666665 0.7074074074074074 0.015625 0.02962962962962963
0 0.9390625 0.675 0.015625 0.02962962962962963
0 0.74375 0.8953703703703704 0.021875 0.04351851851851852
0 0.35 0.9148148148148149 0.021875 0.04351851851851852
0 0.4510416666666667 0.45555555555555555 0.0078125 0.013888888888888888
0 0.40989583333333335 0.6222222222222222 0.015625 0.02962962962962963
0 0.115625 0.3472222222222222 0.003125 0.008333333333333333
0 0.6666666666666666 0.6907407407407408 0.015625 0.02962962962962963
0 0.69375 0.5231481481481481 0.0078125 0.013888888888888888
0 0.5479166666666667 0.5777777777777777 0.011458333333333333 0.021296296296296296
0 0.1953125 0.4722222222222222 0.0078125 0.013888888888888888
0 0.7354166666666667 0.6370370370370371 0.015625 0.02962962962962963
0 0.29270833333333335 0.40370370370370373 0.003125 0.008333333333333333
0 0.5520833333333334 0.5425925925925926 0.0078125 0.013888888888888888
0 0.5932291666666667 0.7851851851851852 0.021875 0.04351851851851852
0 0.2171875 0.44351851851851853 0.0078125 0.013888888888888888
0 0.9973958333333334 0.7324074074074074 0.0171875 0.032407407407407406
0 0.4859375 0.5518518518518518 0.0078125 0.013888888888888888
0 0.5026041666666666 0.9703703703703703 0.021875 0.04351851851851852
0 0.371875 0.9453703703703704 0.021875 0.04351851851851852
0 0.2453125 0.3814814814814815 0.003125 0.008333333333333333
0 0.45208333333333334 0.6083333333333333 0.015625 0.02962962962962963
0 0.9583333333333334 0.5287037037037037 0.0078125 0.013888888888888888
0 0.5713541666666667 0.35833333333333334 0.003125 0.008333333333333333
0 0.8234375 0.33796296296296297 0.003125 0.008333333333333333
0 0.34791666666666665 0.3101851851851852 0.003125 0.007407407407407408
0 0.46197916666666666 0.8240740740740741 0.021875 0.04351851851851852
0 0.44375 0.40370370370370373 0.003125 0.008333333333333333
0 0.6588541666666666 0.725 0.015625 0.02962962962962963
0 0.7473958333333334 0.637962962962963 0.015625 0.02962962962962963
0 0.171875 0.45092592592592595 0.0078125 0.013888888888888888
0 0.278125 0.4009259259259259 0.003125 0.008333333333333333
0 0.35 0.3712962962962963 0.003125 0.008333333333333333
0 0.39166666666666666 0.44537037037037036 0.0078125 0.013888888888888888
0 0.7041666666666667 0.5333333333333333 0.0078125 0.013888888888888888
0 0.5385416666666667 0.6361111111111111 0.015625 0.02962962962962963
0 0.26875 0.675 0.015625 0.02962962962962963
0 0.0671875 0.6805555555555556 0.015625 0.02962962962962963
0 0.21354166666666666 0.5157407407407407 0.0078125 0.013888888888888888
0 0.7411458333333333 0.5888888888888889 0.015625 0.02962962962962963
0 0.8723958333333334 0.33055555555555555 0.003125 0.008333333333333333
0 0.6734375 0.8 0.021875 0.04351851851851852
0 0.4713541666666667 0.37037037037037035 0.003125 0.008333333333333333
0 0.19375 0.5185185185185185 0.0078125 0.013888888888888888
0 0.5770833333333333 0.9277777777777778 0.021875 0.04351851851851852
0 0.4796875 0.4638888888888889 0.0078125 0.013888888888888888
0 0.50625 0.4027777777777778 0.003125 0.008333333333333333
0 0.19010416666666666 0.5370370370370371 0.0078125 0.013888888888888888
0 0.6901041666666666 0.4787037037037037 0.0078125 0.013888888888888888
0 0.9578125 0.5555555555555556 0.0078125 0.013888888888888888
0 0.3046875 0.6462962962962963 0.015625 0.02962962962962963
0 0.5807291666666666 0.44074074074074077 0.00625 0.012037037037037037
0 0.690625 0.5990740740740741 0.015625 0.02962962962962963
0 0.6421875 0.6296296296296297 0.015625 0.02962962962962963
0 0.47291666666666665 0.43703703703703706 0.0078125 0.013888888888888888
0 0.10833333333333334 0.3277777777777778 0.003125 0.008333333333333333
0 0.8708333333333333 0.6018518518518519 0.015625 0.02962962962962963
0 0.1828125 0.4203703703703704 0.00625 0.012037037037037037
0 0.29791666666666666 0.4101851851851852 0.003125 0.008333333333333333
0 0.6895833333333333 0.44351851851851853 0.0078125 0.013888888888888888
0 0.6229166666666667 0.9055555555555556 0.021875 0.04351851851851852
0 0.21666666666666667 0.46574074074074073 0.0078125 0.013888888888888888
0 0.38229166666666664 0.4666666666666667 0.0078125 0.013888888888888888
0 0.40520833333333334 0.6 0.015625 0.02962962962962963
0 0.6223958333333334 0.687962962962963 0.015625 0.02962962962962963
0 0.9713541666666666 0.812962962962963 0.021875 0.04351851851851852
0 0.3697916666666667 0.6546296296296297 0.015625 0.02962962962962963
0 0.19635416666666666 0.549074074074074 0.0078125 0.013888888888888888
0 0.5921875 0.6064814814814815 0.015625 0.02962962962962963
0 0.40989583333333335 0.3972222222222222 0.003125 0.008333333333333333
0 0.3875 0.475 0.0078125 0.013888888888888888
0 0.028125 0.737037037037037 0.015625 0.02962962962962963
0 0.8098958333333334 0.462037037037037 0.0078125 0.013888888888888888
0 0.07760416666666667 0.8657407407407407 0.021875 0.04351851851851852
0 0.3692708333333333 0.36574074074074076 0.003125 0.008333333333333333
0 0.0859375 0.6685185185185185 0.015625 0.02962962962962963
0 0.171875 0.6981481481481482 0.015625 0.02962962962962963
0 0.8 0.4027777777777778 0.003125 0.008333333333333333
0 0.39375 0.3907407407407407 0.003125 0.008333333333333333
0 0.9744791666666667 0.549074074074074 0.0078125 0.013888888888888888
0 0.1890625 0.4583333333333333 0.0078125 0.013888888888888888
0 0.9359375 0.6046296296296296 0.015625 0.02962962962962963
0 0.9671875 0.5398148148148149 0.0078125 0.013888888888888888
0 0.7734375 0.7166666666666667 0.015625 0.02962962962962963
0 0.7744791666666667 0.4083333333333333 0.003125 0.008333333333333333
0 0.2911458333333333 0.48518518518518516 0.0078125 0.013888888888888888
0 0.45729166666666665 0.4398148148148148 0.00625 0.012037037037037037
0 0.0953125 0.9907407407407407 0.021875 0.04351851851851852
0 0.8994791666666667 0.6842592592592592 0.015625 0.02962962962962963
0 0.5078125 0.5481481481481482 0.0078125 0.013888888888888888
0 0.7567708333333333 0.4046296296296296 0.003125 0.008333333333333333
0 0.7802083333333333 0.5907407407407408 0.015625 0.02962962962962963
0 0.21041666666666667 0.4046296296296296 0.003125 0.008333333333333333
0 0.052083333333333336 0.637962962962963 0.015625 0.02962962962962963
0 0.31666666666666665 0.6509259259259259 0.015625 0.02962962962962963
0 0.1765625 0.5407407407407407 0.0078125 0.013888888888888888
0 0.9229166666666667 0.34444444444444444 0.003125 0.008333333333333333
0 0.296875 0.425 0.005208333333333333 0.011111111111111112
0 0.48072916666666665 0.3648148148148148 0.003125 0.008333333333333333
0 0.6395833333333333 0.5537037037037037 0.0078125 0.013888888888888888
0 0.4479166666666667 0.3907407407407407 0.003125 0.008333333333333333
0 0.7463541666666667 0.7268518518518519 0.015625 0.02962962962962963
0 0.9828125 0.3 0.003125 0.008333333333333333
0 0.4640625 0.42314814814814816 0.0078125 0.013888888888888888
0 0.19322916666666667 0.43333333333333335 0.0078125 0.013888888888888888
0 0.45625 0.41759259259259257 0.004166666666666667 0.009259259259259259
0 0.7583333333333333 0.32037037037037036 0.003125 0.008333333333333333
0 0.7723958333333333 0.5462962962962963 0.0078125 0.013888888888888888
0 0.016145833333333335 0.6231481481481481 0.015625 0.02962962962962963
0 0.03697916666666667 0.3277777777777778 0.003125 0.008333333333333333
0 0.86875 0.6518518518518519 0.015625 0.02962962962962963
0 0.8807291666666667 0.6638888888888889 0.015625 0.02962962962962963
0 0.8421875 0.2953703703703704 0.0036458333333333334 0.006481481481481481
0 0.5963541666666666 0.5592592592592592 0.0078125 0.013888888888888888
0 0.2984375 0.4287037037037037 0.005208333333333333 0.011111111111111112
0 0.8484375 0.5370370370370371 0.0078125 0.013888888888888888
0 0.228125 0.42685185185185187 0.00625 0.012037037037037037
0 0.178125 0.44537037037037036 0.0078125 0.013888888888888888
0 0.3078125 0.4935185185185185 0.0078125 0.013888888888888888
0 0.8010416666666667 0.7203703703703703 0.015625 0.02962962962962963
0 0.4817708333333333 0.41574074074074074 0.005208333333333333 0.011111111111111112
0 0.6598958333333333 0.5935185185185186 0.015625 0.02962962962962963
0 0.8296875 0.33611111111111114 0.003125 0.008333333333333333
0 0.9109375 0.3416666666666667 0.003125 0.008333333333333333
0 0.3375 0.4398148148148148 0.005208333333333333 0.011111111111111112
0 0.8286458333333333 0.9287037037037037 0.021875 0.04351851851851852
0 0.31354166666666666 0.4601851851851852 0.0078125 0.013888888888888888
0 0.21354166666666666 0.42314814814814816 0.00625 0.012037037037037037
0 0.22916666666666666 0.45092592592592595 0.0078125 0.013888888888888888
0 0.4875 0.34444444444444444 0.003125 0.008333333333333333
0 0.5010416666666667 0.5888888888888889 0.015625 0.02962962962962963
0 0.48333333333333334 0.9722222222222222 0.021875 0.04351851851851852
0 0.5677083333333334 0.43425925925925923 0.00625 0.012037037037037037
0 0.8536458333333333 0.7018518518518518 0.015625 0.02962962962962963
0 0.6036458333333333 0.4027777777777778 0.003125 0.008333333333333333
0 0.6640625 0.6166666666666667 0.015625 0.02962962962962963
0 0.24270833333333333 0.42314814814814816 0.004166666666666667 0.009259259259259259
0 0.9583333333333334 0.3037037037037037 0.0036458333333333334 0.006481481481481481
0 0.23489583333333333 0.27037037037037037 0.0036458333333333334 0.006481481481481481
0 0.8130208333333333 0.5259259259259259 0.0078125 0.013888888888888888
0 0.15104166666666666 0.7203703703703703 0.015625 0.02962962962962963
0 0.5916666666666667 0.43425925925925923 0.005208333333333333 0.011111111111111112
0 0.9104166666666667 0.9666666666666667 0.021875 0.04351851851851852
0 0.7427083333333333 0.44351851851851853 0.0078125 0.013888888888888888
0 0.1671875 0.6694444444444444 0.015625 0.02962962962962963
0 0.225 0.8833333333333333 0.021875 0.04351851851851852
0 0.225 0.3074074074074074 0.003125 0.008333333333333333
0 0.4578125 0.5675925925925925 0.0078125 0.013888888888888888
0 0.521875 0.48148148148148145 0.0078125 0.013888888888888888
0 0.29375 0.3888888888888889 0.003125 0.008333333333333333
0 0.22916666666666666 0.40370370370370373 0.003125 0.008333333333333333
0 0.8104166666666667 0.5462962962962963 0.0078125 0.013888888888888888
0 0.65 0.5879629629629629 0.015625 0.02962962962962963
0 0.4703125 0.45185185185185184 0.0078125 0.013888888888888888
0 0.5578125 0.36944444444444446 0.003125 0.008333333333333333
0 0.5682291666666667 0.37222222222222223 0.003125 0.008333333333333333
0 0.9583333333333334 0.8814814814814815 0.021875 0.04351851851851852
0 0.4317708333333333 0.6 0.015625 0.02962962962962963
0 0.4171875 0.40925925925925927 0.003125 0.008333333333333333
0 0.41302083333333334 0.5259259259259259 0.0078125 0.013888888888888888
0 0.9744791666666667 0.32685185185185184 0.003125 0.008333333333333333
0 0.12604166666666666 0.30277777777777776 0.003125 0.008333333333333333
0 0.6640625 0.6620370370370371 0.015625 0.02962962962962963
0 0.40989583333333335 0.47129629629629627 0.0078125 0.013888888888888888
0 0.375 0.8787037037037037 0.021875 0.04351851851851852
0 0.7203125 0.45 0.0078125 0.013888888888888888
0 0.8088541666666667 0.6675925925925926 0.015625 0.02962962962962963
0 0.044270833333333336 0.7111111111111111 0.015625 0.02962962962962963
0 0.40989583333333335 0.4361111111111111 0.00625 0.012037037037037037
0 0.48385416666666664 0.7935185185185185 0.021875 0.04351851851851852
0 0.7057291666666666 0.637962962962963 0.015625 0.02962962962962963
0 0.38697916666666665 0.9462962962962963 0.021875 0.04351851851851852
0 0.325 0.3101851851851852 0.003125 0.007407407407407408
0 0.528125 0.6925925925925925 0.015625 0.02962962962962963
0 0.23541666666666666 0.4083333333333333 0.003125 0.008333333333333333
0 0.7041666666666667 0.8287037037037037 0.021875 0.04351851851851852
0 0.5239583333333333 0.45 0.0078125 0.013888888888888888
0 0.5703125 0.6268518518518519 0.015625 0.02962962962962963
0 0.7583333333333333 0.6777777777777778 0.015625 0.02962962962962963
0 0.27447916666666666 0.674074074074074 0.015625 0.02962962962962963
0 0.25885416666666666 0.5777777777777777 0.013541666666666667 0.025
0 0.8536458333333333 0.9537037037037037 0.021875 0.04351851851851852
0 0.6708333333333333 0.9407407407407408 0.021875 0.04351851851851852
0 0.5875 0.4564814814814815 0.0078125 0.013888888888888888
0 0.4546875 0.3861111111111111 0.003125 0.008333333333333333
0 0.2640625 0.31851851851851853 0.003125 0.008333333333333333
0 0.7973958333333333 0.7712962962962963 0.01875 0.03611111111111111
0 0.36875 0.30185185185185187 0.0036458333333333334 0.006481481481481481
0 0.4125 0.737037037037037 0.015625 0.02962962962962963
0 0.12760416666666666 0.8703703703703703 0.021875 0.04351851851851852
0 0.36354166666666665 0.8861111111111111 0.021875 0.04351851851851852
0 0.4036458333333333 0.5231481481481481 0.0078125 0.013888888888888888
0 0.3625 0.3907407407407407 0.003125 0.008333333333333333
0 0.8390625 1.0 0.021875 0.04351851851851852
0 0.3390625 0.37777777777777777 0.003125 0.008333333333333333
0 0.43125 0.8527777777777777 0.021875 0.04351851851851852
0 0.7223958333333333 0.5574074074074075 0.0078125 0.013888888888888888
0 0.44947916666666665 0.44814814814814813 0.0078125 0.013888888888888888
0 0.2989583333333333 0.6231481481481481 0.015625 0.02962962962962963
0 0.9661458333333334 0.6675925925925926 0.015625 0.02962962962962963
0 0.0078125 0.7175925925925926 0.015625 0.02962962962962963
0 0.059895833333333336 0.9203703703703704 0.021875 0.04351851851851852
0 0.6916666666666667 0.5685185185185185 0.0078125 0.013888888888888888
0 0.7671875 0.5787037037037037 0.013541666666666667 0.025
0 0.559375 0.6805555555555556 0.015625 0.02962962962962963
0 0.8046875 0.487962962962963 0.0078125 0.013888888888888888
0 0.7541666666666667 0.31574074074074077 0.003125 0.008333333333333333
0 0.7578125 0.9518518518518518 0.021875 0.04351851851851852
0 0.7270833333333333 0.44351851851851853 0.0078125 0.013888888888888888
0 0.9479166666666666 0.8666666666666667 0.021875 0.04351851851851852
0 0.2234375 0.5342592592592592 0.0078125 0.013888888888888888
0 0.18489583333333334 0.6046296296296296 0.015625 0.02962962962962963
0 0.5427083333333333 0.6166666666666667 0.015625 0.02962962962962963
0 0.6567708333333333 0.4527777777777778 0.0078125 0.013888888888888888
0 0.13854166666666667 0.3398148148148148 0.003125 0.008333333333333333
0 0.2911458333333333 0.4212962962962963 0.003125 0.008333333333333333
0 0.5989583333333334 0.4527777777777778 0.0078125 0.013888888888888888
0 0.0078125 0.6537037037037037 0.015625 0.02962962962962963
0 0.196875 0.48055555555555557 0.0078125 0.013888888888888888
0 0.09947916666666666 0.7055555555555556 0.015625 0.02962962962962963
0 0.22552083333333334 0.4638888888888889 0.0078125 0.013888888888888888
0 0.7640625 0.4111111111111111 0.003125 0.008333333333333333
0 0.06302083333333333 0.9574074074074074 0.021875 0.04351851851851852
0 0.884375 0.8462962962962963 0.021875 0.04351851851851852
0 0.984375 0.5898148148148148 0.011458333333333333 0.021296296296296296
0 0.4744791666666667 0.6824074074074075 0.015625 0.02962962962962963
0 0.0015625 0.5916666666666667 0.015625 0.02962962962962963
0 0.4322916666666667 0.40925925925925927 0.003125 0.008333333333333333
0 0.3463541666666667 0.6472222222222223 0.015625 0.02962962962962963
0 0.34427083333333336 0.6259259259259259 0.015625 0.02962962962962963
0 0.384375 0.6657407407407407 0.015625 0.02962962962962963
0 0.8822916666666667 0.6351851851851852 0.015625 0.02962962962962963
0 0.7375 0.5583333333333333 0.0078125 0.013888888888888888
0 0.5125 0.44351851851851853 0.0078125 0.013888888888888888
0 0.8427083333333333 0.4824074074074074 0.0078125 0.013888888888888888
0 0.21458333333333332 0.36574074074074076 0.003125 0.008333333333333333
0 0.8380208333333333 0.5731481481481482 0.0078125 0.013888888888888888
0 0.17135416666666667 0.325 0.003125 0.008333333333333333
0 0.21666666666666667 0.5879629629629629 0.015625 0.02962962962962963
0 0.20520833333333333 0.48055555555555557 0.0078125 0.013888888888888888
