0 0.28 0.16129032258064516 0.022222222222222223 0.03870967741935484
0 0.22 0.1935483870967742 0.022222222222222223 0.03870967741935484
0 0.33555555555555555 0.15483870967741936 0.017777777777777778 0.025806451612903226
0 0.4222222222222222 0.3419354838709677 0.10888888888888888 0.15161290322580645
0 0.5022222222222222 0.2645161290322581 0.04666666666666667 0.0967741935483871
0 0.6244444444444445 0.19032258064516128 0.03111111111111111 0.07419354838709677
0 0.4066666666666667 0.2032258064516129 0.02666666666666667 0.06129032258064516
0 0.9866666666666667 0.31290322580645163 0.02666666666666667 0.08387096774193549
0 0.24888888888888888 0.17419354838709677 0.022222222222222223 0.03870967741935484
0 0.7266666666666667 0.13870967741935483 0.02666666666666667 0.05161290322580645
0 0.4888888888888889 0.14516129032258066 0.02666666666666667 0.06129032258064516
0 0.6533333333333333 0.21935483870967742 0.03111111111111111 0.07419354838709677
0 0.16666666666666666 0.14193548387096774 0.044444444444444446 0.07419354838709677
0 0.3711111111111111 0.14516129032258066 0.017777777777777778 0.025806451612903226
0 0.18444444444444444 0.2064516129032258 0.044444444444444446 0.07419354838709677
0 0.23777777777777778 0.2 0.022222222222222223 0.03870967741935484
0 0.8066666666666666 0.21935483870967742 0.13333333333333333 0.2129032258064516
0 0.2733333333333333 0.27741935483870966 0.04888888888888889 0.09032258064516129
0 0.09777777777777778 0.22258064516129034 0.044444444444444446 0.07419354838709677
0 0.5644444444444444 0.2 0.04666666666666667 0.0967741935483871
0 0.0044444444444444444 0.23870967741935484 0.028888888888888888 0.054838709677419356
0 0.4711111111111111 0.18064516129032257 0.02666666666666667 0.06129032258064516
0 0.022222222222222223 0.24193548387096775 0.028888888888888888 0.054838709677419356
0 0.9955555555555555 0.18064516129032257 0.02666666666666667 0.054838709677419356
0 0.9555555555555556 0.17419354838709677 0.02666666666666667 0.054838709677419356
0 0.5933333333333334 0.14838709677419354 0.028888888888888888 0.05161290322580645
0 0.1 0.31290322580645163 0.057777777777777775 0.1064516129032258
0 0.3111111111111111 0.2 0.022222222222222223 0.03870967741935484
0 0.6488888888888888 0.1967741935483871 0.03111111111111111 0.07419354838709677
0 0.5422222222222223 0.15483870967741936 0.024444444444444446 0.041935483870967745
0 0.6266666666666667 0.12903225806451613 0.028888888888888888 0.05161290322580645
0 0.4666666666666667 0.21935483870967742 0.02666666666666667 0.06129032258064516
0 0.43555555555555553 0.2129032258064516 0.02666666666666667 0.06129032258064516
0 0.6755555555555556 0.14838709677419354 0.02666666666666667 0.05161290322580645
0 0.7022222222222222 0.16129032258064516 0.02666666666666667 0.05161290322580645
0 0.28888888888888886 0.21935483870967742 0.022222222222222223 0.03870967741935484
0 0.2733333333333333 0.2064516129032258 0.022222222222222223 0.03870967741935484
0 0.06888888888888889 0.1935483870967742 0.022222222222222223 0.03225806451612903
0 0.028888888888888888 0.1935483870967742 0.022222222222222223 0.03225806451612903
0 0.5155555555555555 0.2 0.024444444444444446 0.041935483870967745
0 0.008888888888888889 0.1774193548387097 0.022222222222222223 0.03225806451612903
0 0.7333333333333333 0.24838709677419354 0.044444444444444446 0.09032258064516129
0 0.36 0.2161290322580645 0.04666666666666667 0.0967741935483871
