0 0.9933333333333333 0.7083333333333334 0.013333333333333334 0.028333333333333332
0 0.83 0.9416666666666667 0.013333333333333334 0.028333333333333332
0 0.8088888888888889 0.10833333333333334 0.008888888888888889 0.015
0 0.07111111111111111 0.31333333333333335 0.011111111111111112 0.023333333333333334
0 0.5033333333333333 0.09833333333333333 0.008888888888888889 0.015
0 0.46555555555555556 0.465 0.011111111111111112 0.023333333333333334
0 0.6944444444444444 0.056666666666666664 0.008888888888888889 0.015
0 0.6166666666666667 0.056666666666666664 0.008888888888888889 0.015
0 0.5444444444444444 0.49166666666666664 0.011111111111111112 0.023333333333333334
0 0.46555555555555556 0.06666666666666667 0.008888888888888889 0.015
0 0.30666666666666664 0.41 0.011111111111111112 0.023333333333333334
0 0.17777777777777778 0.7416666666666667 0.013333333333333334 0.028333333333333332
0 0.9511111111111111 0.175 0.008888888888888889 0.015
0 0.9033333333333333 0.17833333333333334 0.008888888888888889 0.015
0 0.87 0.36333333333333334 0.011111111111111112 0.023333333333333334
0 0.6111111111111112 0.615 0.013333333333333334 0.028333333333333332
0 0.41333333333333333 0.8233333333333334 0.013333333333333334 0.028333333333333332
0 0.7711111111111111 0.6083333333333333 0.013333333333333334 0.028333333333333332
0 0.3377777777777778 0.18666666666666668 0.008888888888888889 0.015
0 0.47 0.12666666666666668 0.008888888888888889 0.015
0 0.11444444444444445 0.0033333333333333335 0.008888888888888889 0.015
0 0.7255555555555555 0.315 0.011111111111111112 0.023333333333333334
0 0.9333333333333333 0.5283333333333333 0.013333333333333334 0.028333333333333332
0 0.53 0.05 0.008888888888888889 0.015
0 0.8722222222222222 0.56 0.013333333333333334 0.028333333333333332
0 0.22 0.41333333333333333 0.011111111111111112 0.023333333333333334
0 0.8122222222222222 0.24 0.011111111111111112 0.023333333333333334
0 0.37444444444444447 0.7 0.013333333333333334 0.028333333333333332
0 0.4677777777777778 0.315 0.011111111111111112 0.023333333333333334
0 0.88 0.16833333333333333 0.008888888888888889 0.015
0 0.9855555555555555 0.02 0.008888888888888889 0.015
0 0.69 0.815 0.013333333333333334 0.028333333333333332
0 0.7288888888888889 0.5216666666666666 0.013333333333333334 0.028333333333333332
0 0.9566666666666667 0.016666666666666666 0.008888888888888889 0.015
0 0.3377777777777778 0.8333333333333334 0.013333333333333334 0.028333333333333332
0 0.71 0.7366666666666667 0.013333333333333334 0.028333333333333332
0 0.5633333333333334 0.24333333333333335 0.011111111111111112 0.023333333333333334
0 0.6511111111111111 0.08666666666666667 0.008888888888888889 0.015
0 0.4688888888888889 0.9683333333333334 0.013333333333333334 0.028333333333333332
0 0.38 0.4266666666666667 0.011111111111111112 0.023333333333333334
0 0.27 0.11666666666666667 0.008888888888888889 0.015
0 0.5766666666666667 0.38666666666666666 0.011111111111111112 0.023333333333333334
0 0.6377777777777778 0.16166666666666665 0.008888888888888889 0.015
0 0.47333333333333333 0.7016666666666667 0.013333333333333334 0.028333333333333332
0 0.4677777777777778 0.1 0.008888888888888889 0.015
0 0.2822222222222222 0.19333333333333333 0.008888888888888889 0.015
0 0.38333333333333336 0.6833333333333333 0.013333333333333334 0.028333333333333332
0 0.016666666666666666 0.03666666666666667 0.008888888888888889 0.015
0 0.5811111111111111 0.28833333333333333 0.011111111111111112 0.023333333333333334
0 0.7944444444444444 0.155 0.008888888888888889 0.015
0 0.5155555555555555 0.635 0.013333333333333334 0.028333333333333332
0 0.25666666666666665 0.11 0.008888888888888889 0.015
0 0.3655555555555556 0.74 0.013333333333333334 0.028333333333333332
0 0.6377777777777778 0.058333333333333334 0.008888888888888889 0.015
0 0.5822222222222222 0.013333333333333334 0.008888888888888889 0.015
0 0.43555555555555553 0.28833333333333333 0.011111111111111112 0.023333333333333334
0 0.27666666666666667 0.455 0.011111111111111112 0.023333333333333334
0 0.7388888888888889 0.35333333333333333 0.011111111111111112 0.023333333333333334
0 0.95 0.47 0.011111111111111112 0.023333333333333334
0 0.013333333333333334 0.6616666666666666 0.013333333333333334 0.028333333333333332
0 0.07555555555555556 0.48 0.011111111111111112 0.023333333333333334
0 0.21333333333333335 0.3283333333333333 0.011111111111111112 0.023333333333333334
0 0.33666666666666667 0.41 0.011111111111111112 0.023333333333333334
0 0.8677777777777778 0.1 0.008888888888888889 0.015
0 0.73 0.7683333333333333 0.013333333333333334 0.028333333333333332
0 0.9511111111111111 0.44666666666666666 0.011111111111111112 0.023333333333333334
0 0.8988888888888888 0.31833333333333336 0.011111111111111112 0.023333333333333334
0 0.8422222222222222 0.6483333333333333 0.013333333333333334 0.028333333333333332
0 0.058888888888888886 0.29833333333333334 0.011111111111111112 0.023333333333333334
0 0.5355555555555556 0.005 0.008888888888888889 0.015
0 0.6077777777777778 0.17166666666666666 0.008888888888888889 0.015
0 0.9888888888888889 0.10666666666666667 0.008888888888888889 0.015
0 0.8311111111111111 0.115 0.008888888888888889 0.015
0 0.5988888888888889 0.15333333333333332 0.008888888888888889 0.015
0 0.23444444444444446 0.0033333333333333335 0.008888888888888889 0.015
0 0.9477777777777778 0.12833333333333333 0.008888888888888889 0.015
0 0.13333333333333333 0.05 0.008888888888888889 0.015
0 0.8977777777777778 0.125 0.008888888888888889 0.015
0 0.6288888888888889 0.95 0.013333333333333334 0.028333333333333332
0 0.08444444444444445 0.135 0.008888888888888889 0.015
0 0.3466666666666667 0.095 0.008888888888888889 0.015
0 0.43555555555555553 0.69 0.013333333333333334 0.028333333333333332
0 0.06 0.6733333333333333 0.013333333333333334 0.028333333333333332
0 0.5588888888888889 0.5416666666666666 0.013333333333333334 0.028333333333333332
0 0.7555555555555555 0.43833333333333335 0.011111111111111112 0.023333333333333334
0 0.23666666666666666 0.23 0.011111111111111112 0.023333333333333334
0 0.44666666666666666 0.335 0.011111111111111112 0.023333333333333334
0 0.8188888888888889 0.44333333333333336 0.011111111111111112 0.023333333333333334
0 0.7133333333333334 0.20166666666666666 0.008888888888888889 0.015
0 0.9944444444444445 0.025 0.008888888888888889 0.015
0 0.5022222222222222 0.7183333333333334 0.013333333333333334 0.028333333333333332
0 0.18222222222222223 0.8733333333333333 0.013333333333333334 0.028333333333333332
0 0.3933333333333333 0.07833333333333334 0.008888888888888889 0.015
0 0.5888888888888889 0.075 0.008888888888888889 0.015
0 0.6888888888888889 0.2 0.008888888888888889 0.015
0 0.7366666666666667 0.0 0.008888888888888889 0.015
0 0.30666666666666664 0.008333333333333333 0.008888888888888889 0.015
0 0.5966666666666667 0.09333333333333334 0.008888888888888889 0.015
0 0.21333333333333335 0.26166666666666666 0.011111111111111112 0.023333333333333334
0 0.20333333333333334 0.40166666666666667 0.011111111111111112 0.023333333333333334
0 0.58 0.49 0.011111111111111112 0.023333333333333334
0 0.39555555555555555 0.20833333333333334 0.008888888888888889 0.015
0 0.03888888888888889 0.695 0.013333333333333334 0.028333333333333332
0 0.7488888888888889 0.3 0.011111111111111112 0.023333333333333334
0 0.3022222222222222 0.12333333333333334 0.008888888888888889 0.015
0 0.8077777777777778 0.97 0.013333333333333334 0.028333333333333332
0 0.18666666666666668 0.06333333333333334 0.008888888888888889 0.015
0 0.5577777777777778 0.15 0.008888888888888889 0.015
0 0.6188888888888889 0.165 0.008888888888888889 0.015
0 0.6533333333333333 0.22666666666666666 0.011111111111111112 0.023333333333333334
0 0.7366666666666667 0.1 0.008888888888888889 0.015
0 0.9866666666666667 0.15666666666666668 0.008888888888888889 0.015
0 0.09666666666666666 0.355 0.011111111111111112 0.023333333333333334
0 0.9266666666666666 0.26666666666666666 0.011111111111111112 0.023333333333333334
0 0.34 0.3383333333333333 0.011111111111111112 0.023333333333333334
0 0.9722222222222222 0.2733333333333333 0.011111111111111112 0.023333333333333334
0 0.3811111111111111 0.125 0.008888888888888889 0.015
0 0.7744444444444445 0.39 0.011111111111111112 0.023333333333333334
0 0.9622222222222222 0.145 0.008888888888888889 0.015
0 0.7744444444444445 0.14 0.008888888888888889 0.015
0 0.07111111111111111 0.44666666666666666 0.011111111111111112 0.023333333333333334
0 0.1288888888888889 0.435 0.011111111111111112 0.023333333333333334
0 0.7211111111111111 0.10333333333333333 0.008888888888888889 0.015
0 0.7822222222222223 0.2833333333333333 0.011111111111111112 0.023333333333333334
0 0.3377777777777778 0.04666666666666667 0.008888888888888889 0.015
0 0.36444444444444446 0.24166666666666667 0.011111111111111112 0.023333333333333334
0 0.16444444444444445 0.41333333333333333 0.011111111111111112 0.023333333333333334
0 0.29777777777777775 0.7333333333333333 0.013333333333333334 0.028333333333333332
0 0.39444444444444443 0.6283333333333333 0.013333333333333334 0.028333333333333332
0 0.7133333333333334 0.17333333333333334 0.008888888888888889 0.015
0 0.42333333333333334 0.2916666666666667 0.011111111111111112 0.023333333333333334
0 0.23 0.16833333333333333 0.008888888888888889 0.015
0 0.2677777777777778 0.2 0.008888888888888889 0.015
0 0.4111111111111111 0.6766666666666666 0.013333333333333334 0.028333333333333332
0 0.8533333333333334 0.43 0.011111111111111112 0.023333333333333334
0 0.30666666666666664 0.06666666666666667 0.008888888888888889 0.015
0 0.11555555555555555 0.056666666666666664 0.008888888888888889 0.015
0 0.8388888888888889 0.115 0.008888888888888889 0.015
0 0.8766666666666667 0.14166666666666666 0.008888888888888889 0.015
0 0.3622222222222222 0.12666666666666668 0.008888888888888889 0.015
0 0.18888888888888888 0.46 0.011111111111111112 0.023333333333333334
0 0.51 0.28833333333333333 0.011111111111111112 0.023333333333333334
0 0.6088888888888889 0.33666666666666667 0.011111111111111112 0.023333333333333334
0 0.8011111111111111 0.45 0.011111111111111112 0.023333333333333334
0 0.8577777777777778 0.17166666666666666 0.008888888888888889 0.015
0 0.38222222222222224 0.08 0.008888888888888889 0.015
0 0.3022222222222222 0.17833333333333334 0.008888888888888889 0.015
0 0.042222222222222223 0.07833333333333334 0.008888888888888889 0.015
0 0.3288888888888889 0.265 0.011111111111111112 0.023333333333333334
0 0.7422222222222222 0.6583333333333333 0.013333333333333334 0.028333333333333332
0 0.09666666666666666 0.025 0.008888888888888889 0.015
0 0.72 0.07166666666666667 0.008888888888888889 0.015
0 0.24888888888888888 0.15333333333333332 0.008888888888888889 0.015
0 0.5488888888888889 0.675 0.013333333333333334 0.028333333333333332
0 0.4822222222222222 0.7016666666666667 0.013333333333333334 0.028333333333333332
0 0.12555555555555556 0.685 0.013333333333333334 0.028333333333333332
0 0.11222222222222222 0.5466666666666666 0.013333333333333334 0.028333333333333332
0 0.6455555555555555 0.041666666666666664 0.008888888888888889 0.015
0 0.7622222222222222 0.12333333333333334 0.008888888888888889 0.015
0 0.8255555555555556 0.5116666666666667 0.013333333333333334 0.028333333333333332
0 0.9455555555555556 0.27166666666666667 0.011111111111111112 0.023333333333333334
0 0.6344444444444445 0.2 0.008888888888888889 0.015
0 0.23444444444444446 0.04833333333333333 0.008888888888888889 0.015
0 0.7633333333333333 0.315 0.011111111111111112 0.023333333333333334
0 0.8533333333333334 0.67 0.013333333333333334 0.028333333333333332
0 0.8055555555555556 0.6966666666666667 0.013333333333333334 0.028333333333333332
0 0.058888888888888886 0.08333333333333333 0.008888888888888889 0.015
0 0.1111111111111111 0.31666666666666665 0.011111111111111112 0.023333333333333334
0 0.30444444444444446 0.34833333333333333 0.011111111111111112 0.023333333333333334
0 0.3811111111111111 0.32666666666666666 0.011111111111111112 0.023333333333333334
0 0.9755555555555555 0.135 0.008888888888888889 0.015
0 0.2 0.115 0.008888888888888889 0.015
0 0.6822222222222222 0.06666666666666667 0.008888888888888889 0.015
0 0.8033333333333333 0.11833333333333333 0.008888888888888889 0.015
0 0.5311111111111111 0.2816666666666667 0.011111111111111112 0.023333333333333334
0 0.5744444444444444 0.18333333333333332 0.008888888888888889 0.015
0 0.7666666666666667 0.5183333333333333 0.013333333333333334 0.028333333333333332
0 0.6922222222222222 0.028333333333333332 0.008888888888888889 0.015
0 0.6144444444444445 0.29333333333333333 0.011111111111111112 0.023333333333333334
0 0.8433333333333334 0.9533333333333334 0.013333333333333334 0.028333333333333332
0 0.7144444444444444 0.8516666666666667 0.013333333333333334 0.028333333333333332
0 0.6377777777777778 0.07333333333333333 0.008888888888888889 0.015
0 0.8611111111111112 0.13666666666666666 0.008888888888888889 0.015
0 0.6844444444444444 0.18333333333333332 0.008888888888888889 0.015
0 0.6655555555555556 0.6966666666666667 0.013333333333333334 0.028333333333333332
0 0.4777777777777778 0.15333333333333332 0.008888888888888889 0.015
0 0.6266666666666667 0.24 0.011111111111111112 0.023333333333333334
0 0.84 0.15333333333333332 0.008888888888888889 0.015
0 0.8644444444444445 0.15 0.008888888888888889 0.015
0 0.94 0.005 0.008888888888888889 0.015
0 0.09 0.08333333333333333 0.008888888888888889 0.015
0 0.43333333333333335 0.7116666666666667 0.013333333333333334 0.028333333333333332
0 0.7222222222222222 0.08166666666666667 0.008888888888888889 0.015
0 0.10666666666666667 0.023333333333333334 0.008888888888888889 0.015
0 0.5022222222222222 0.11166666666666666 0.008888888888888889 0.015
0 0.8333333333333334 0.41 0.011111111111111112 0.023333333333333334
0 0.8055555555555556 0.9483333333333334 0.013333333333333334 0.028333333333333332
0 0.29555555555555557 0.6783333333333333 0.013333333333333334 0.028333333333333332
0 0.6755555555555556 0.46 0.011111111111111112 0.023333333333333334
0 0.1811111111111111 0.31666666666666665 0.011111111111111112 0.023333333333333334
0 0.7922222222222223 0.295 0.011111111111111112 0.023333333333333334
0 0.5922222222222222 0.44666666666666666 0.011111111111111112 0.023333333333333334
0 0.9766666666666667 0.21333333333333335 0.008888888888888889 0.015
0 0.7255555555555555 0.2966666666666667 0.011111111111111112 0.023333333333333334
0 0.9411111111111111 0.11166666666666666 0.008888888888888889 0.015
0 0.6644444444444444 0.17333333333333334 0.008888888888888889 0.015
0 0.6788888888888889 0.7433333333333333 0.013333333333333334 0.028333333333333332
0 0.5255555555555556 0.25 0.011111111111111112 0.023333333333333334
0 0.20777777777777778 0.17333333333333334 0.008888888888888889 0.015
0 0.41444444444444445 0.115 0.008888888888888889 0.015
0 0.5866666666666667 0.08833333333333333 0.008888888888888889 0.015
0 0.11444444444444445 0.4683333333333333 0.011111111111111112 0.023333333333333334
0 0.9222222222222223 0.35 0.011111111111111112 0.023333333333333334
0 0.7488888888888889 0.74 0.013333333333333334 0.028333333333333332
0 0.6133333333333333 0.595 0.013333333333333334 0.028333333333333332
0 0.5066666666666667 0.8333333333333334 0.013333333333333334 0.028333333333333332
0 0.9566666666666667 0.765 0.013333333333333334 0.028333333333333332
0 0.9822222222222222 0.315 0.011111111111111112 0.023333333333333334
0 0.21333333333333335 0.7133333333333334 0.013333333333333334 0.028333333333333332
0 0.26222222222222225 0.47833333333333333 0.011111111111111112 0.023333333333333334
0 0.35777777777777775 0.5066666666666667 0.013333333333333334 0.028333333333333332
0 0.6044444444444445 0.8216666666666667 0.013333333333333334 0.028333333333333332
0 0.6855555555555556 0.7883333333333333 0.013333333333333334 0.028333333333333332
0 0.5433333333333333 0.165 0.008888888888888889 0.015
0 0.39222222222222225 0.125 0.008888888888888889 0.015
0 0.21777777777777776 0.52 0.013333333333333334 0.028333333333333332
0 0.1622222222222222 0.45166666666666666 0.011111111111111112 0.023333333333333334
0 0.3933333333333333 0.8283333333333334 0.013333333333333334 0.028333333333333332
0 0.7322222222222222 0.25 0.011111111111111112 0.023333333333333334
0 0.87 0.11833333333333333 0.008888888888888889 0.015
0 0.21555555555555556 0.03833333333333333 0.008888888888888889 0.015
0 0.9433333333333334 0.18666666666666668 0.008888888888888889 0.015
0 0.9422222222222222 0.03 0.008888888888888889 0.015
0 0.12444444444444444 0.185 0.008888888888888889 0.015
0 0.9422222222222222 0.435 0.011111111111111112 0.023333333333333334
0 0.5877777777777777 0.19333333333333333 0.008888888888888889 0.015
0 0.0077777777777777776 0.04 0.008888888888888889 0.015
0 0.6977777777777778 0.715 0.013333333333333334 0.028333333333333332
0 0.3333333333333333 0.4766666666666667 0.011111111111111112 0.023333333333333334
0 0.6033333333333334 0.08 0.008888888888888889 0.015
0 0.9055555555555556 0.3383333333333333 0.011111111111111112 0.023333333333333334
0 0.3233333333333333 0.055 0.008888888888888889 0.015
0 0.5088888888888888 0.43833333333333335 0.011111111111111112 0.023333333333333334
0 0.76 0.18666666666666668 0.008888888888888889 0.015
0 0.9611111111111111 0.31166666666666665 0.011111111111111112 0.023333333333333334
0 0.6855555555555556 0.018333333333333333 0.008888888888888889 0.015
0 0.9911111111111112 0.06 0.008888888888888889 0.015
0 0.6288888888888889 0.03833333333333333 0.008888888888888889 0.015
0 0.16111111111111112 0.43666666666666665 0.011111111111111112 0.023333333333333334
0 0.8911111111111111 0.38166666666666665 0.011111111111111112 0.023333333333333334
0 0.31777777777777777 0.685 0.013333333333333334 0.028333333333333332
0 0.3377777777777778 0.2916666666666667 0.011111111111111112 0.023333333333333334
0 0.7988888888888889 0.10833333333333334 0.008888888888888889 0.015
0 0.8144444444444444 0.13166666666666665 0.008888888888888889 0.015
0 0.57 0.19666666666666666 0.008888888888888889 0.015
0 0.9222222222222223 0.18166666666666667 0.008888888888888889 0.015
0 0.9311111111111111 0.16 0.008888888888888889 0.015
0 0.9477777777777778 0.13833333333333334 0.008888888888888889 0.015
0 0.9533333333333334 0.23 0.011111111111111112 0.023333333333333334
0 0.7511111111111111 0.275 0.011111111111111112 0.023333333333333334
0 0.7455555555555555 0.035 0.008888888888888889 0.015
0 0.6344444444444445 0.735 0.013333333333333334 0.028333333333333332
0 0.5866666666666667 0.63 0.013333333333333334 0.028333333333333332
0 0.5033333333333333 0.17166666666666666 0.008888888888888889 0.015
0 0.5411111111111111 0.04666666666666667 0.008888888888888889 0.015
0 0.7433333333333333 0.07333333333333333 0.008888888888888889 0.015
0 0.82 0.14833333333333334 0.008888888888888889 0.015
0 0.01888888888888889 0.41333333333333333 0.011111111111111112 0.023333333333333334
0 0.45666666666666667 0.24333333333333335 0.011111111111111112 0.023333333333333334
0 0.9744444444444444 0.28833333333333333 0.011111111111111112 0.023333333333333334
0 0.3611111111111111 0.3016666666666667 0.011111111111111112 0.023333333333333334
0 0.04888888888888889 0.675 0.013333333333333334 0.028333333333333332
0 0.8644444444444445 0.075 0.008888888888888889 0.015
0 0.5766666666666667 0.78 0.013333333333333334 0.028333333333333332
0 0.35888888888888887 0.09666666666666666 0.008888888888888889 0.015
0 0.7477777777777778 0.11166666666666666 0.008888888888888889 0.015
0 0.7855555555555556 0.37 0.011111111111111112 0.023333333333333334
0 0.63 0.6166666666666667 0.013333333333333334 0.028333333333333332
0 0.21222222222222223 0.018333333333333333 0.008888888888888889 0.015
0 0.5411111111111111 0.075 0.008888888888888889 0.015
0 0.3022222222222222 0.20166666666666666 0.008888888888888889 0.015
0 0.13333333333333333 0.06666666666666667 0.008888888888888889 0.015
0 0.16555555555555557 0.675 0.013333333333333334 0.028333333333333332
0 0.4444444444444444 0.6166666666666667 0.013333333333333334 0.028333333333333332
0 0.9444444444444444 0.815 0.013333333333333334 0.028333333333333332
0 0.9233333333333333 0.7616666666666667 0.013333333333333334 0.028333333333333332
0 0.19111111111111112 0.15833333333333333 0.008888888888888889 0.015
0 0.11 0.6966666666666667 0.013333333333333334 0.028333333333333332
0 0.3111111111111111 0.1 0.008888888888888889 0.015
0 0.5555555555555556 0.25833333333333336 0.011111111111111112 0.023333333333333334
0 0.13555555555555557 0.10333333333333333 0.008888888888888889 0.015
0 0.8788888888888889 0.36666666666666664 0.011111111111111112 0.023333333333333334
0 0.39 0.9633333333333334 0.013333333333333334 0.028333333333333332
0 0.8977777777777778 0.5933333333333334 0.013333333333333334 0.028333333333333332
0 0.6066666666666667 0.41 0.011111111111111112 0.023333333333333334
0 0.7655555555555555 0.44 0.011111111111111112 0.023333333333333334
0 0.6788888888888889 0.12166666666666667 0.008888888888888889 0.015
0 0.7988888888888889 0.09666666666666666 0.008888888888888889 0.015
0 0.14666666666666667 0.08 0.008888888888888889 0.015
0 0.19777777777777777 0.31333333333333335 0.011111111111111112 0.023333333333333334
0 0.6255555555555555 0.3983333333333333 0.011111111111111112 0.023333333333333334
0 0.6044444444444445 0.7383333333333333 0.013333333333333334 0.028333333333333332
0 0.5677777777777778 0.62 0.013333333333333334 0.028333333333333332
0 0.04666666666666667 0.28833333333333333 0.011111111111111112 0.023333333333333334
0 0.34444444444444444 0.11833333333333333 0.008888888888888889 0.015
0 0.9855555555555555 0.565 0.013333333333333334 0.028333333333333332
0 0.9211111111111111 0.7033333333333334 0.013333333333333334 0.028333333333333332
0 0.7088888888888889 0.6983333333333334 0.013333333333333334 0.028333333333333332
0 0.6177777777777778 0.20833333333333334 0.008888888888888889 0.015
0 0.31777777777777777 0.24166666666666667 0.011111111111111112 0.023333333333333334
0 0.75 0.016666666666666666 0.008888888888888889 0.015
0 0.71 0.09333333333333334 0.008888888888888889 0.015
0 0.021111111111111112 0.5416666666666666 0.011111111111111112 0.023333333333333334
0 0.43 0.4816666666666667 0.011111111111111112 0.023333333333333334
0 0.1 0.475 0.011111111111111112 0.023333333333333334
0 0.9622222222222222 0.37333333333333335 0.011111111111111112 0.023333333333333334
0 0.26 0.5766666666666667 0.013333333333333334 0.028333333333333332
0 0.5044444444444445 0.0016666666666666668 0.008888888888888889 0.015
0 0.6344444444444445 0.4816666666666667 0.011111111111111112 0.023333333333333334
0 0.5233333333333333 0.09333333333333334 0.008888888888888889 0.015
0 0.18777777777777777 0.19 0.008888888888888889 0.015
0 0.6422222222222222 0.7066666666666667 0.013333333333333334 0.028333333333333332
0 0.9355555555555556 0.675 0.013333333333333334 0.028333333333333332
0 0.4688888888888889 0.4033333333333333 0.011111111111111112 0.023333333333333334
0 0.9566666666666667 0.6983333333333334 0.013333333333333334 0.028333333333333332
0 0.61 0.065 0.008888888888888889 0.015
0 0.40444444444444444 0.31833333333333336 0.011111111111111112 0.023333333333333334
0 0.7844444444444445 0.965 0.013333333333333334 0.028333333333333332
0 0.6933333333333334 0.16833333333333333 0.008888888888888889 0.015
0 0.9044444444444445 0.745 0.013333333333333334 0.028333333333333332
0 0.5255555555555556 0.01 0.008888888888888889 0.015
0 0.9288888888888889 0.03166666666666667 0.008888888888888889 0.015
0 0.8877777777777778 0.25333333333333335 0.011111111111111112 0.023333333333333334
0 0.5344444444444445 0.16333333333333333 0.008888888888888889 0.015
0 0.9766666666666667 0.04833333333333333 0.008888888888888889 0.015
0 0.9266666666666666 0.13166666666666665 0.008888888888888889 0.015
0 0.5888888888888889 0.10666666666666667 0.008888888888888889 0.015
0 0.4488888888888889 0.245 0.011111111111111112 0.023333333333333334
0 0.48333333333333334 0.58 0.013333333333333334 0.028333333333333332
0 0.12222222222222222 0.07333333333333333 0.008888888888888889 0.015
0 0.5433333333333333 0.31833333333333336 0.011111111111111112 0.023333333333333334
0 0.8411111111111111 0.18666666666666668 0.008888888888888889 0.015
0 0.06 0.4683333333333333 0.011111111111111112 0.023333333333333334
0 0.8211111111111111 0.5833333333333334 0.013333333333333334 0.028333333333333332
0 0.3244444444444444 0.08166666666666667 0.008888888888888889 0.015
0 0.015555555555555555 0.43333333333333335 0.011111111111111112 0.023333333333333334
0 0.59 0.38166666666666665 0.011111111111111112 0.023333333333333334
0 0.34555555555555556 0.9116666666666666 0.013333333333333334 0.028333333333333332
0 0.4911111111111111 0.44166666666666665 0.011111111111111112 0.023333333333333334
0 0.9888888888888889 0.655 0.013333333333333334 0.028333333333333332
0 0.5533333333333333 0.725 0.013333333333333334 0.028333333333333332
0 0.7455555555555555 0.4766666666666667 0.011111111111111112 0.023333333333333334
0 0.82 0.165 0.008888888888888889 0.015
0 0.25555555555555554 0.28833333333333333 0.011111111111111112 0.023333333333333334
0 0.5077777777777778 0.21 0.008888888888888889 0.015
0 0.8033333333333333 0.6533333333333333 0.013333333333333334 0.028333333333333332
0 0.4477777777777778 0.47 0.011111111111111112 0.023333333333333334
0 0.5922222222222222 0.5833333333333334 0.013333333333333334 0.028333333333333332
0 0.22777777777777777 0.105 0.008888888888888889 0.015
0 0.06222222222222222 0.5366666666666666 0.013333333333333334 0.028333333333333332
0 0.7066666666666667 0.011666666666666667 0.008888888888888889 0.015
0 0.39555555555555555 0.03 0.008888888888888889 0.015
0 0.5322222222222223 0.7283333333333334 0.013333333333333334 0.028333333333333332
0 0.6766666666666666 0.76 0.013333333333333334 0.028333333333333332
0 0.9955555555555555 0.38166666666666665 0.011111111111111112 0.023333333333333334
0 0.45555555555555555 0.03666666666666667 0.008888888888888889 0.015
0 0.6166666666666667 0.6866666666666666 0.013333333333333334 0.028333333333333332
0 0.39444444444444443 0.30833333333333335 0.011111111111111112 0.023333333333333334
0 0.5622222222222222 0.30666666666666664 0.011111111111111112 0.023333333333333334
0 0.5866666666666667 0.445 0.011111111111111112 0.023333333333333334
0 0.26 0.425 0.011111111111111112 0.023333333333333334
0 0.9822222222222222 0.44166666666666665 0.011111111111111112 0.023333333333333334
0 0.07111111111111111 0.29333333333333333 0.011111111111111112 0.023333333333333334
0 0.14444444444444443 0.115 0.008888888888888889 0.015
0 0.7788888888888889 0.12 0.008888888888888889 0.015
0 0.17777777777777778 0.34 0.011111111111111112 0.023333333333333334
0 0.54 0.095 0.008888888888888889 0.015
0 0.33444444444444443 0.71 0.013333333333333334 0.028333333333333332
0 0.1711111111111111 0.13333333333333333 0.008888888888888889 0.015
0 0.4888888888888889 0.22833333333333333 0.011111111111111112 0.023333333333333334
0 0.5022222222222222 0.4766666666666667 0.011111111111111112 0.023333333333333334
0 0.7444444444444445 0.006666666666666667 0.008888888888888889 0.015
0 0.26666666666666666 0.29833333333333334 0.011111111111111112 0.023333333333333334
0 0.16666666666666666 0.18333333333333332 0.008888888888888889 0.015
0 0.5011111111111111 0.32 0.011111111111111112 0.023333333333333334
0 0.45666666666666667 0.115 0.008888888888888889 0.015
0 0.10333333333333333 0.12666666666666668 0.008888888888888889 0.015
0 0.6333333333333333 0.2833333333333333 0.011111111111111112 0.023333333333333334
0 0.29555555555555557 0.8766666666666667 0.013333333333333334 0.028333333333333332
0 0.4577777777777778 0.18833333333333332 0.008888888888888889 0.015
0 0.94 0.07666666666666666 0.008888888888888889 0.015
0 0.18 0.2966666666666667 0.011111111111111112 0.023333333333333334
0 0.7177777777777777 0.11166666666666666 0.008888888888888889 0.015
0 0.8822222222222222 0.15333333333333332 0.008888888888888889 0.015
0 0.04555555555555556 0.03666666666666667 0.008888888888888889 0.015
0 0.5411111111111111 0.6433333333333333 0.013333333333333334 0.028333333333333332
0 0.4688888888888889 0.26166666666666666 0.011111111111111112 0.023333333333333334
0 0.5144444444444445 0.73 0.013333333333333334 0.028333333333333332
0 0.07111111111111111 0.16333333333333333 0.008888888888888889 0.015
0 0.64 0.10333333333333333 0.008888888888888889 0.015
0 0.9233333333333333 0.295 0.011111111111111112 0.023333333333333334
0 0.15555555555555556 0.11166666666666666 0.008888888888888889 0.015
0 0.2288888888888889 0.3566666666666667 0.011111111111111112 0.023333333333333334
0 0.6355555555555555 0.21666666666666667 0.008888888888888889 0.015
0 0.3022222222222222 0.48833333333333334 0.011111111111111112 0.023333333333333334
0 0.5722222222222222 0.5683333333333334 0.013333333333333334 0.028333333333333332
0 0.58 0.22833333333333333 0.011111111111111112 0.023333333333333334
0 0.6544444444444445 0.3566666666666667 0.011111111111111112 0.023333333333333334
0 0.6411111111111111 0.17166666666666666 0.008888888888888889 0.015
0 0.044444444444444446 0.135 0.008888888888888889 0.015
0 0.86 0.21666666666666667 0.008888888888888889 0.015
0 0.6577777777777778 0.295 0.011111111111111112 0.023333333333333334
0 0.45444444444444443 0.945 0.013333333333333334 0.028333333333333332
0 0.6366666666666667 0.08666666666666667 0.008888888888888889 0.015
0 0.6788888888888889 0.52 0.013333333333333334 0.028333333333333332
0 0.8177777777777778 0.40166666666666667 0.011111111111111112 0.023333333333333334
0 0.3466666666666667 0.5616666666666666 0.013333333333333334 0.028333333333333332
0 0.9255555555555556 0.8633333333333333 0.013333333333333334 0.028333333333333332
0 0.28555555555555556 0.39 0.011111111111111112 0.023333333333333334
0 0.9322222222222222 0.11333333333333333 0.008888888888888889 0.015
0 0.24 0.32666666666666666 0.011111111111111112 0.023333333333333334
0 0.7555555555555555 0.4083333333333333 0.011111111111111112 0.023333333333333334
0 0.25666666666666665 0.25333333333333335 0.011111111111111112 0.023333333333333334
0 0.43 0.8233333333333334 0.013333333333333334 0.028333333333333332
0 0.64 0.4633333333333333 0.011111111111111112 0.023333333333333334
0 0.8044444444444444 0.7733333333333333 0.013333333333333334 0.028333333333333332
0 0.7211111111111111 0.7333333333333333 0.013333333333333334 0.028333333333333332
0 0.24333333333333335 0.09 0.008888888888888889 0.015
0 0.96 0.275 0.011111111111111112 0.023333333333333334
0 0.7211111111111111 0.43666666666666665 0.011111111111111112 0.023333333333333334
0 0.3611111111111111 0.6983333333333334 0.013333333333333334 0.028333333333333332
0 0.7277777777777777 0.6816666666666666 0.013333333333333334 0.028333333333333332
0 0.9177777777777778 0.12 0.008888888888888889 0.015
0 0.023333333333333334 0.6816666666666666 0.013333333333333334 0.028333333333333332
0 0.12222222222222222 0.65 0.013333333333333334 0.028333333333333332
0 0.6866666666666666 0.13333333333333333 0.008888888888888889 0.015
0 0.3388888888888889 0.08333333333333333 0.008888888888888889 0.015
0 0.2911111111111111 0.055 0.008888888888888889 0.015
0 0.8488888888888889 0.15 0.008888888888888889 0.015
0 0.7977777777777778 0.31666666666666665 0.011111111111111112 0.023333333333333334
0 0.7122222222222222 0.06 0.008888888888888889 0.015
0 0.7177777777777777 0.18833333333333332 0.008888888888888889 0.015
0 0.7633333333333333 0.685 0.013333333333333334 0.028333333333333332
0 0.8411111111111111 0.10333333333333333 0.008888888888888889 0.015
0 0.55 0.185 0.008888888888888889 0.015
0 0.22333333333333333 0.6766666666666666 0.013333333333333334 0.028333333333333332
0 0.17333333333333334 0.10166666666666667 0.008888888888888889 0.015
0 0.18 0.66 0.013333333333333334 0.028333333333333332
0 0.5677777777777778 0.14666666666666667 0.008888888888888889 0.015
0 0.5266666666666666 0.6883333333333334 0.013333333333333334 0.028333333333333332
0 0.7144444444444444 0.4116666666666667 0.011111111111111112 0.023333333333333334
0 0.8211111111111111 0.555 0.013333333333333334 0.028333333333333332
0 0.9377777777777778 0.5916666666666667 0.013333333333333334 0.028333333333333332
0 0.6922222222222222 0.0 0.008888888888888889 0.015
0 0.44333333333333336 0.04666666666666667 0.008888888888888889 0.015
0 0.06 0.11833333333333333 0.008888888888888889 0.015
0 0.14222222222222222 0.525 0.013333333333333334 0.028333333333333332
0 0.7866666666666666 0.11666666666666667 0.008888888888888889 0.015
0 0.03666666666666667 0.5816666666666667 0.012222222222222223 0.025
0 0.4122222222222222 0.24666666666666667 0.011111111111111112 0.023333333333333334
0 0.6877777777777778 0.475 0.011111111111111112 0.023333333333333334
0 0.29 0.12333333333333334 0.008888888888888889 0.015
0 0.7488888888888889 0.07 0.008888888888888889 0.015
0 0.7588888888888888 0.085 0.008888888888888889 0.015
0 0.36666666666666664 0.19333333333333333 0.008888888888888889 0.015
0 0.6944444444444444 0.22666666666666666 0.011111111111111112 0.023333333333333334
0 0.6266666666666667 0.335 0.011111111111111112 0.023333333333333334
0 0.6533333333333333 0.5466666666666666 0.013333333333333334 0.028333333333333332
0 0.42777777777777776 0.028333333333333332 0.008888888888888889 0.015
0 0.9288888888888889 0.011666666666666667 0.008888888888888889 0.015
0 0.9611111111111111 0.44 0.011111111111111112 0.023333333333333334
0 0.14 0.78 0.013333333333333334 0.028333333333333332
0 0.9066666666666666 0.11333333333333333 0.008888888888888889 0.015
0 0.5633333333333334 0.09833333333333333 0.008888888888888889 0.015
0 0.3277777777777778 0.7433333333333333 0.013333333333333334 0.028333333333333332
0 0.6277777777777778 0.265 0.011111111111111112 0.023333333333333334
0 0.37666666666666665 0.043333333333333335 0.008888888888888889 0.015
0 0.09444444444444444 0.13833333333333334 0.008888888888888889 0.015
0 0.12111111111111111 0.62 0.013333333333333334 0.028333333333333332
0 0.5411111111111111 0.6966666666666667 0.013333333333333334 0.028333333333333332
0 0.28555555555555556 0.43166666666666664 0.011111111111111112 0.023333333333333334
0 0.6577777777777778 0.041666666666666664 0.008888888888888889 0.015
0 0.8344444444444444 0.25666666666666665 0.011111111111111112 0.023333333333333334
0 0.6177777777777778 0.15166666666666667 0.008888888888888889 0.015
0 0.09111111111111111 0.34 0.011111111111111112 0.023333333333333334
0 0.4411111111111111 0.24833333333333332 0.011111111111111112 0.023333333333333334
0 0.35555555555555557 0.08333333333333333 0.008888888888888889 0.015
0 0.5444444444444444 0.023333333333333334 0.008888888888888889 0.015
0 0.8466666666666667 0.49 0.011111111111111112 0.023333333333333334
0 0.8822222222222222 0.765 0.013333333333333334 0.028333333333333332
0 0.4066666666666667 0.09333333333333334 0.008888888888888889 0.015
0 0.15444444444444444 0.0016666666666666668 0.008888888888888889 0.015
0 0.43444444444444447 0.435 0.011111111111111112 0.023333333333333334
0 0.19777777777777777 0.4216666666666667 0.011111111111111112 0.023333333333333334
0 0.6811111111111111 0.235 0.011111111111111112 0.023333333333333334
0 0.15555555555555556 0.865 0.013333333333333334 0.028333333333333332
0 0.21333333333333335 0.35333333333333333 0.011111111111111112 0.023333333333333334
0 0.9722222222222222 0.013333333333333334 0.008888888888888889 0.015
0 0.5244444444444445 0.36666666666666664 0.011111111111111112 0.023333333333333334
0 0.5233333333333333 0.8283333333333334 0.013333333333333334 0.028333333333333332
0 0.17555555555555555 0.06333333333333334 0.008888888888888889 0.015
0 0.5388888888888889 0.20166666666666666 0.008888888888888889 0.015
0 0.4888888888888889 0.3383333333333333 0.011111111111111112 0.023333333333333334
0 0.22444444444444445 0.095 0.008888888888888889 0.015
0 0.4533333333333333 0.13666666666666666 0.008888888888888889 0.015
0 0.24333333333333335 0.12 0.008888888888888889 0.015
0 0.23222222222222222 0.54 0.013333333333333334 0.028333333333333332
0 0.5377777777777778 0.36 0.011111111111111112 0.023333333333333334
0 0.8288888888888889 0.16166666666666665 0.008888888888888889 0.015
0 0.6666666666666666 0.08333333333333333 0.008888888888888889 0.015
0 0.3233333333333333 0.5066666666666667 0.013333333333333334 0.028333333333333332
0 0.45555555555555555 0.775 0.013333333333333334 0.028333333333333332
0 0.11333333333333333 0.7183333333333334 0.013333333333333334 0.028333333333333332
0 0.6655555555555556 0.105 0.008888888888888889 0.015
0 0.3611111111111111 0.041666666666666664 0.008888888888888889 0.015
0 0.9766666666666667 0.72 0.013333333333333334 0.028333333333333332
0 0.23 0.8416666666666667 0.013333333333333334 0.028333333333333332
0 0.6533333333333333 0.9383333333333334 0.013333333333333334 0.028333333333333332
0 0.4022222222222222 0.715 0.013333333333333334 0.028333333333333332
0 0.5911111111111111 0.78 0.013333333333333334 0.028333333333333332
0 0.92 0.051666666666666666 0.008888888888888889 0.015
0 0.5188888888888888 0.04833333333333333 0.008888888888888889 0.015
0 0.3277777777777778 0.35333333333333333 0.011111111111111112 0.023333333333333334
0 0.7066666666666667 0.02666666666666667 0.008888888888888889 0.015
0 0.5122222222222222 0.09833333333333333 0.008888888888888889 0.015
0 0.5133333333333333 0.18 0.008888888888888889 0.015
0 0.1 0.225 0.011111111111111112 0.023333333333333334
0 0.7133333333333334 0.07833333333333334 0.008888888888888889 0.015
0 0.3977777777777778 0.0033333333333333335 0.008888888888888889 0.015
0 0.32 0.14666666666666667 0.008888888888888889 0.015
0 0.6088888888888889 0.425 0.011111111111111112 0.023333333333333334
0 0.9011111111111111 0.24 0.011111111111111112 0.023333333333333334
0 0.5344444444444445 0.7633333333333333 0.013333333333333334 0.028333333333333332
0 0.4711111111111111 0.3566666666666667 0.011111111111111112 0.023333333333333334
0 0.2722222222222222 0.88 0.013333333333333334 0.028333333333333332
0 0.7844444444444445 0.83 0.013333333333333334 0.028333333333333332
0 0.4288888888888889 0.09833333333333333 0.008888888888888889 0.015
0 0.16111111111111112 0.041666666666666664 0.008888888888888889 0.015
0 0.11666666666666667 0.3416666666666667 0.011111111111111112 0.023333333333333334
0 0.6155555555555555 0.045 0.008888888888888889 0.015
0 0.7244444444444444 0.255 0.011111111111111112 0.023333333333333334
0 0.09888888888888889 0.28833333333333333 0.011111111111111112 0.023333333333333334
0 0.6811111111111111 0.6716666666666666 0.013333333333333334 0.028333333333333332
0 0.7022222222222222 0.07166666666666667 0.008888888888888889 0.015
0 0.8788888888888889 0.12833333333333333 0.008888888888888889 0.015
0 0.6688888888888889 0.485 0.011111111111111112 0.023333333333333334
0 0.017777777777777778 0.05 0.008888888888888889 0.015
0 0.16111111111111112 0.215 0.008888888888888889 0.015
0 0.34444444444444444 0.39 0.011111111111111112 0.023333333333333334
0 0.8688888888888889 0.8033333333333333 0.013333333333333334 0.028333333333333332
0 0.09444444444444444 0.195 0.008888888888888889 0.015
0 0.66 0.455 0.011111111111111112 0.023333333333333334
0 0.5633333333333334 0.5116666666666667 0.013333333333333334 0.028333333333333332
0 0.8177777777777778 0.6816666666666666 0.013333333333333334 0.028333333333333332
0 0.5444444444444444 0.12 0.008888888888888889 0.015
0 0.29777777777777775 0.44166666666666665 0.011111111111111112 0.023333333333333334
0 0.11666666666666667 0.08666666666666667 0.008888888888888889 0.015
0 0.3511111111111111 0.27 0.011111111111111112 0.023333333333333334
0 0.8033333333333333 0.09333333333333334 0.008888888888888889 0.015
0 0.024444444444444446 0.09166666666666666 0.008888888888888889 0.015
0 0.8555555555555555 0.6266666666666667 0.013333333333333334 0.028333333333333332
0 0.37222222222222223 0.11166666666666666 0.008888888888888889 0.015
0 0.5233333333333333 0.205 0.008888888888888889 0.015
0 0.9177777777777778 0.47333333333333333 0.011111111111111112 0.023333333333333334
0 0.8911111111111111 0.11333333333333333 0.008888888888888889 0.015
0 0.25222222222222224 0.065 0.008888888888888889 0.015
0 0.25555555555555554 0.32166666666666666 0.011111111111111112 0.023333333333333334
0 0.0044444444444444444 0.45666666666666667 0.011111111111111112 0.023333333333333334
0 0.9733333333333334 0.17166666666666666 0.008888888888888889 0.015
0 0.7311111111111112 0.006666666666666667 0.008888888888888889 0.015
0 0.27666666666666667 0.2966666666666667 0.011111111111111112 0.023333333333333334
0 0.5811111111111111 0.17666666666666667 0.008888888888888889 0.015
0 0.6722222222222223 0.0033333333333333335 0.008888888888888889 0.015
0 0.9033333333333333 0.11666666666666667 0.008888888888888889 0.015
0 0.40555555555555556 0.345 0.011111111111111112 0.023333333333333334
0 0.15888888888888889 0.31166666666666665 0.011111111111111112 0.023333333333333334
0 0.22555555555555556 0.7816666666666666 0.013333333333333334 0.028333333333333332
0 0.6022222222222222 0.30333333333333334 0.011111111111111112 0.023333333333333334
0 0.8211111111111111 0.4683333333333333 0.011111111111111112 0.023333333333333334
0 0.14222222222222222 0.455 0.011111111111111112 0.023333333333333334
0 0.32222222222222224 0.4583333333333333 0.011111111111111112 0.023333333333333334
0 0.6188888888888889 0.085 0.008888888888888889 0.015
0 0.9688888888888889 0.10666666666666667 0.008888888888888889 0.015
0 0.5033333333333333 0.28 0.011111111111111112 0.023333333333333334
0 0.5655555555555556 0.725 0.013333333333333334 0.028333333333333332
0 0.9655555555555555 0.17 0.008888888888888889 0.015
0 0.92 0.006666666666666667 0.008888888888888889 0.015
0 0.08777777777777777 0.6666666666666666 0.013333333333333334 0.028333333333333332
0 0.23777777777777778 0.3016666666666667 0.011111111111111112 0.023333333333333334
0 0.52 0.7783333333333333 0.013333333333333334 0.028333333333333332
0 0.57 0.08333333333333333 0.008888888888888889 0.015
0 0.06555555555555556 0.043333333333333335 0.008888888888888889 0.015
0 0.023333333333333334 0.155 0.008888888888888889 0.015
0 0.32555555555555554 0.31166666666666665 0.011111111111111112 0.023333333333333334
0 0.5366666666666666 0.37833333333333335 0.011111111111111112 0.023333333333333334
0 0.4922222222222222 0.72 0.013333333333333334 0.028333333333333332
0 0.7355555555555555 0.085 0.008888888888888889 0.015
0 0.8777777777777778 0.9 0.013333333333333334 0.028333333333333332
0 0.42 0.01 0.008888888888888889 0.015
0 0.22666666666666666 0.051666666666666666 0.008888888888888889 0.015
0 0.6488888888888888 0.10333333333333333 0.008888888888888889 0.015
0 0.9644444444444444 0.21166666666666667 0.008888888888888889 0.015
0 0.06222222222222222 0.03333333333333333 0.008888888888888889 0.015
0 0.77 0.12666666666666668 0.008888888888888889 0.015
0 0.5477777777777778 0.4766666666666667 0.011111111111111112 0.023333333333333334
0 0.49 0.505 0.011111111111111112 0.023333333333333334
0 0.6011111111111112 0.19666666666666666 0.008888888888888889 0.015
0 0.37333333333333335 0.5983333333333334 0.013333333333333334 0.028333333333333332
0 0.6966666666666667 0.27 0.011111111111111112 0.023333333333333334
0 0.9633333333333334 0.6383333333333333 0.013333333333333334 0.028333333333333332
0 0.6933333333333334 0.6583333333333333 0.013333333333333334 0.028333333333333332
0 0.42444444444444446 0.5333333333333333 0.013333333333333334 0.028333333333333332
0 0.7333333333333333 0.47333333333333333 0.011111111111111112 0.023333333333333334
0 0.09111111111111111 0.72 0.013333333333333334 0.028333333333333332
0 0.6833333333333333 0.045 0.008888888888888889 0.015
0 0.9922222222222222 0.34 0.011111111111111112 0.023333333333333334
0 0.9 0.14333333333333334 0.008888888888888889 0.015
0 0.2644444444444444 0.4483333333333333 0.011111111111111112 0.023333333333333334
0 0.9677777777777777 0.12666666666666668 0.008888888888888889 0.015
0 0.28 0.5183333333333333 0.013333333333333334 0.028333333333333332
0 0.028888888888888888 0.2633333333333333 0.011111111111111112 0.023333333333333334
0 0.057777777777777775 0.44333333333333336 0.011111111111111112 0.023333333333333334
0 0.24666666666666667 0.415 0.011111111111111112 0.023333333333333334
0 0.017777777777777778 0.4683333333333333 0.011111111111111112 0.023333333333333334
0 0.5655555555555556 0.49 0.011111111111111112 0.023333333333333334
0 0.8777777777777778 0.07166666666666667 0.008888888888888889 0.015
0 0.14888888888888888 0.14166666666666666 0.008888888888888889 0.015
0 0.8155555555555556 0.32166666666666666 0.011111111111111112 0.023333333333333334
0 0.35777777777777775 0.43666666666666665 0.011111111111111112 0.023333333333333334
0 0.5277777777777778 0.185 0.008888888888888889 0.015
0 0.48 0.535 0.013333333333333334 0.028333333333333332
0 0.8544444444444445 0.375 0.011111111111111112 0.023333333333333334
0 0.62 0.34833333333333333 0.011111111111111112 0.023333333333333334
0 0.2644444444444444 0.04 0.008888888888888889 0.015
0 0.7022222222222222 0.44166666666666665 0.011111111111111112 0.023333333333333334
0 0.8677777777777778 0.24166666666666667 0.011111111111111112 0.023333333333333334
0 0.5966666666666667 0.05333333333333334 0.008888888888888889 0.015
0 0.7044444444444444 0.5016666666666667 0.011111111111111112 0.023333333333333334
0 0.6855555555555556 0.085 0.008888888888888889 0.015
0 0.0077777777777777776 0.5533333333333333 0.011111111111111112 0.023333333333333334
0 0.8177777777777778 0.10333333333333333 0.008888888888888889 0.015
0 0.9088888888888889 0.7966666666666666 0.013333333333333334 0.028333333333333332
0 0.27666666666666667 0.12833333333333333 0.008888888888888889 0.015
0 0.9644444444444444 0.4116666666666667 0.011111111111111112 0.023333333333333334
0 0.9488888888888889 0.10666666666666667 0.008888888888888889 0.015
0 0.9955555555555555 0.225 0.01 0.018333333333333333
0 0.7466666666666667 0.6733333333333333 0.013333333333333334 0.028333333333333332
0 0.49666666666666665 0.62 0.013333333333333334 0.028333333333333332
0 0.6355555555555555 0.145 0.008888888888888889 0.015
0 0.3811111111111111 0.415 0.011111111111111112 0.023333333333333334
0 0.49 0.8366666666666667 0.013333333333333334 0.028333333333333332
0 0.8977777777777778 0.06833333333333333 0.008888888888888889 0.015
0 0.4444444444444444 0.7516666666666667 0.013333333333333334 0.028333333333333332
0 0.44333333333333336 0.58 0.013333333333333334 0.028333333333333332
0 0.25333333333333335 0.02666666666666667 0.008888888888888889 0.015
0 0.0811111111111111 0.32 0.011111111111111112 0.023333333333333334
0 0.17888888888888888 0.11833333333333333 0.008888888888888889 0.015
0 0.2911111111111111 0.06833333333333333 0.008888888888888889 0.015
0 0.6588888888888889 0.245 0.011111111111111112 0.023333333333333334
0 0.035555555555555556 0.013333333333333334 0.008888888888888889 0.015
0 0.20333333333333334 0.08666666666666667 0.008888888888888889 0.015
0 0.7222222222222222 0.6366666666666667 0.013333333333333334 0.028333333333333332
0 0.8788888888888889 0.1 0.008888888888888889 0.015
0 0.33 0.11833333333333333 0.008888888888888889 0.015
0 0.5011111111111111 0.6166666666666667 0.013333333333333334 0.028333333333333332
0 0.19666666666666666 0.5116666666666667 0.013333333333333334 0.028333333333333332
0 0.9733333333333334 0.23166666666666666 0.011111111111111112 0.023333333333333334
0 0.3811111111111111 0.10666666666666667 0.008888888888888889 0.015
0 0.11777777777777777 0.17166666666666666 0.008888888888888889 0.015
0 0.6722222222222223 0.7266666666666667 0.013333333333333334 0.028333333333333332
0 0.7333333333333333 0.175 0.008888888888888889 0.015
0 0.15555555555555556 0.4033333333333333 0.011111111111111112 0.023333333333333334
0 0.13444444444444445 0.3016666666666667 0.011111111111111112 0.023333333333333334
0 0.82 0.11333333333333333 0.008888888888888889 0.015
0 0.2911111111111111 0.33166666666666667 0.011111111111111112 0.023333333333333334
0 0.8333333333333334 0.43 0.011111111111111112 0.023333333333333334
0 0.23444444444444446 0.65 0.013333333333333334 0.028333333333333332
0 0.07777777777777778 0.04666666666666667 0.008888888888888889 0.015
0 0.6577777777777778 0.17166666666666666 0.008888888888888889 0.015
0 0.011111111111111112 0.11166666666666666 0.008888888888888889 0.015
0 0.72 0.38166666666666665 0.011111111111111112 0.023333333333333334
0 0.46111111111111114 0.015 0.008888888888888889 0.015
0 0.21 0.115 0.008888888888888889 0.015
0 0.83 0.29833333333333334 0.011111111111111112 0.023333333333333334
0 0.8277777777777777 0.14166666666666666 0.008888888888888889 0.015
0 0.15333333333333332 0.34 0.011111111111111112 0.023333333333333334
0 0.35777777777777775 0.73 0.013333333333333334 0.028333333333333332
0 0.6066666666666667 0.20666666666666667 0.008888888888888889 0.015
0 0.41333333333333333 0.6066666666666667 0.013333333333333334 0.028333333333333332
0 0.2111111111111111 0.4666666666666667 0.011111111111111112 0.023333333333333334
0 0.4166666666666667 0.05 0.008888888888888889 0.015
0 0.41 0.295 0.011111111111111112 0.023333333333333334
0 0.51 0.03333333333333333 0.008888888888888889 0.015
0 0.2511111111111111 0.72 0.013333333333333334 0.028333333333333332
0 0.9044444444444445 0.6066666666666667 0.013333333333333334 0.028333333333333332
0 0.38 0.011666666666666667 0.008888888888888889 0.015
0 0.43333333333333335 0.08 0.008888888888888889 0.015
0 0.03 0.08666666666666667 0.008888888888888889 0.015
0 0.8877777777777778 0.12333333333333334 0.008888888888888889 0.015
0 0.6122222222222222 0.71 0.013333333333333334 0.028333333333333332
0 0.2111111111111111 0.56 0.013333333333333334 0.028333333333333332
0 0.6277777777777778 0.07166666666666667 0.008888888888888889 0.015
0 0.7777777777777778 0.15666666666666668 0.008888888888888889 0.015
0 0.37555555555555553 0.36 0.011111111111111112 0.023333333333333334
0 0.7511111111111111 0.4266666666666667 0.011111111111111112 0.023333333333333334
0 0.47888888888888886 0.5033333333333333 0.011111111111111112 0.023333333333333334
0 0.14444444444444443 0.56 0.013333333333333334 0.028333333333333332
0 0.9277777777777778 0.04833333333333333 0.008888888888888889 0.015
0 0.9511111111111111 0.5183333333333333 0.013333333333333334 0.028333333333333332
0 0.5977777777777777 0.6666666666666666 0.013333333333333334 0.028333333333333332
0 0.5388888888888889 0.505 0.011111111111111112 0.023333333333333334
0 0.5233333333333333 0.31833333333333336 0.011111111111111112 0.023333333333333334
0 0.8633333333333333 0.2733333333333333 0.011111111111111112 0.023333333333333334
0 0.6644444444444444 0.25333333333333335 0.011111111111111112 0.023333333333333334
0 0.55 0.095 0.008888888888888889 0.015
0 0.5511111111111111 0.01 0.008888888888888889 0.015
0 0.3877777777777778 0.705 0.013333333333333334 0.028333333333333332
0 0.6088888888888889 0.085 0.008888888888888889 0.015
0 0.37444444444444447 0.6466666666666666 0.013333333333333334 0.028333333333333332
0 0.4311111111111111 0.4066666666666667 0.011111111111111112 0.023333333333333334
0 0.7888888888888889 0.10666666666666667 0.008888888888888889 0.015
0 0.85 0.11333333333333333 0.008888888888888889 0.015
0 0.052222222222222225 0.43 0.011111111111111112 0.023333333333333334
0 0.5177777777777778 0.0016666666666666668 0.008888888888888889 0.015
0 0.7833333333333333 0.695 0.013333333333333334 0.028333333333333332
0 0.31 0.05 0.008888888888888889 0.015
0 0.7188888888888889 0.3383333333333333 0.011111111111111112 0.023333333333333334
0 0.43444444444444447 0.11666666666666667 0.008888888888888889 0.015
0 0.1388888888888889 0.7416666666666667 0.013333333333333334 0.028333333333333332
0 0.16555555555555557 0.6116666666666667 0.013333333333333334 0.028333333333333332
0 0.8633333333333333 0.11 0.008888888888888889 0.015
0 0.45 0.6716666666666666 0.013333333333333334 0.028333333333333332
0 0.9044444444444445 0.37166666666666665 0.011111111111111112 0.023333333333333334
0 0.36 0.0016666666666666668 0.008888888888888889 0.015
0 0.27 0.7033333333333334 0.013333333333333334 0.028333333333333332
0 0.6288888888888889 0.12 0.008888888888888889 0.015
0 0.028888888888888888 0.03666666666666667 0.008888888888888889 0.015
0 0.36666666666666664 0.21 0.008888888888888889 0.015
0 0.40555555555555556 0.255 0.011111111111111112 0.023333333333333334
0 0.6011111111111112 0.24833333333333332 0.011111111111111112 0.023333333333333334
0 0.6888888888888889 0.955 0.013333333333333334 0.028333333333333332
0 0.39555555555555555 0.535 0.013333333333333334 0.028333333333333332
0 0.2311111111111111 0.445 0.011111111111111112 0.023333333333333334
0 0.7622222222222222 0.06833333333333333 0.008888888888888889 0.015
0 0.5177777777777778 0.135 0.008888888888888889 0.015
0 0.5566666666666666 0.17166666666666666 0.008888888888888889 0.015
0 0.3466666666666667 0.20166666666666666 0.008888888888888889 0.015
0 0.6655555555555556 0.135 0.008888888888888889 0.015
0 0.6377777777777778 0.03166666666666667 0.008888888888888889 0.015
0 0.6922222222222222 0.3333333333333333 0.011111111111111112 0.023333333333333334
0 0.9755555555555555 0.02666666666666667 0.008888888888888889 0.015
0 0.5777777777777777 0.6933333333333334 0.013333333333333334 0.028333333333333332
0 0.3411111111111111 0.225 0.011111111111111112 0.023333333333333334
0 0.9933333333333333 0.42333333333333334 0.011111111111111112 0.023333333333333334
0 0.09888888888888889 0.006666666666666667 0.008888888888888889 0.015
0 0.09111111111111111 0.45 0.011111111111111112 0.023333333333333334
0 0.4866666666666667 0.11333333333333333 0.008888888888888889 0.015
0 0.8311111111111111 0.07 0.008888888888888889 0.015
0 0.35777777777777775 0.67 0.013333333333333334 0.028333333333333332
0 0.2822222222222222 0.35 0.011111111111111112 0.023333333333333334
0 0.7955555555555556 0.12666666666666668 0.008888888888888889 0.015
0 0.74 0.04666666666666667 0.008888888888888889 0.015
0 0.2677777777777778 0.18166666666666667 0.008888888888888889 0.015
0 0.09666666666666666 0.10166666666666667 0.008888888888888889 0.015
0 0.3244444444444444 0.11333333333333333 0.008888888888888889 0.015
0 0.3622222222222222 0.3416666666666667 0.011111111111111112 0.023333333333333334
0 0.6422222222222222 0.3 0.011111111111111112 0.023333333333333334
0 0.8066666666666666 0.07833333333333334 0.008888888888888889 0.015
0 0.15222222222222223 0.056666666666666664 0.008888888888888889 0.015
0 0.4211111111111111 0.13833333333333334 0.008888888888888889 0.015
0 0.6144444444444445 0.725 0.013333333333333334 0.028333333333333332
0 0.34 0.43666666666666665 0.011111111111111112 0.023333333333333334
0 0.19666666666666666 0.5483333333333333 0.013333333333333334 0.028333333333333332
0 0.83 0.38666666666666666 0.011111111111111112 0.023333333333333334
0 0.25666666666666665 0.21666666666666667 0.008888888888888889 0.015
0 0.29777777777777775 0.47 0.011111111111111112 0.023333333333333334
0 0.37333333333333335 0.4666666666666667 0.011111111111111112 0.023333333333333334
0 0.41333333333333333 0.37166666666666665 0.011111111111111112 0.023333333333333334
0 0.8566666666666667 0.7766666666666666 0.013333333333333334 0.028333333333333332
0 0.9133333333333333 0.16666666666666666 0.008888888888888889 0.015
0 0.2111111111111111 0.6866666666666666 0.013333333333333334 0.028333333333333332
0 0.46 0.095 0.008888888888888889 0.015
0 0.7155555555555555 0.13833333333333334 0.008888888888888889 0.015
0 0.6633333333333333 0.16 0.008888888888888889 0.015
0 0.8677777777777778 0.6583333333333333 0.013333333333333334 0.028333333333333332
0 0.9955555555555555 0.15166666666666667 0.008888888888888889 0.015
0 0.8977777777777778 0.43 0.011111111111111112 0.023333333333333334
0 0.47 0.76 0.013333333333333334 0.028333333333333332
0 0.8133333333333334 0.745 0.013333333333333334 0.028333333333333332
0 0.5033333333333333 0.6966666666666667 0.013333333333333334 0.028333333333333332
0 0.10333333333333333 0.045 0.008888888888888889 0.015
0 0.7666666666666667 0.29 0.011111111111111112 0.023333333333333334
0 0.5066666666666667 0.9866666666666667 0.013333333333333334 0.028333333333333332
0 0.45222222222222225 0.09333333333333334 0.008888888888888889 0.015
0 0.9388888888888889 0.14833333333333334 0.008888888888888889 0.015
0 0.07111111111111111 0.0 0.008888888888888889 0.015
0 0.7444444444444445 0.19666666666666666 0.008888888888888889 0.015
0 0.4866666666666667 0.7433333333333333 0.013333333333333334 0.028333333333333332
0 0.48444444444444446 0.03 0.008888888888888889 0.015
0 0.7388888888888889 0.11166666666666666 0.008888888888888889 0.015
0 0.7188888888888889 0.6066666666666667 0.013333333333333334 0.028333333333333332
0 0.27444444444444444 0.655 0.013333333333333334 0.028333333333333332
0 0.44 0.39166666666666666 0.011111111111111112 0.023333333333333334
0 0.8866666666666667 0.33166666666666667 0.011111111111111112 0.023333333333333334
0 0.4866666666666667 0.6566666666666666 0.013333333333333334 0.028333333333333332
0 0.5344444444444445 0.335 0.011111111111111112 0.023333333333333334
0 0.42333333333333334 0.315 0.011111111111111112 0.023333333333333334
0 0.6911111111111111 0.355 0.011111111111111112 0.023333333333333334
0 0.3388888888888889 0.8666666666666667 0.013333333333333334 0.028333333333333332
0 0.8844444444444445 0.5166666666666667 0.013333333333333334 0.028333333333333332
0 0.6333333333333333 0.375 0.011111111111111112 0.023333333333333334
0 0.6611111111111111 0.7683333333333333 0.013333333333333334 0.028333333333333332
0 0.6244444444444445 0.77 0.013333333333333334 0.028333333333333332
0 0.59 0.26166666666666666 0.011111111111111112 0.023333333333333334
0 0.9944444444444445 0.09166666666666666 0.008888888888888889 0.015
0 0.5022222222222222 0.33666666666666667 0.011111111111111112 0.023333333333333334
0 0.31333333333333335 0.5716666666666667 0.013333333333333334 0.028333333333333332
0 0.01888888888888889 0.30666666666666664 0.011111111111111112 0.023333333333333334
0 0.5944444444444444 0.9166666666666666 0.013333333333333334 0.028333333333333332
0 0.5066666666666667 0.88 0.013333333333333334 0.028333333333333332
0 0.19444444444444445 0.018333333333333333 0.008888888888888889 0.015
0 0.8488888888888889 0.7216666666666667 0.013333333333333334 0.028333333333333332
0 0.59 0.5266666666666666 0.013333333333333334 0.028333333333333332
0 0.4211111111111111 0.7333333333333333 0.013333333333333334 0.028333333333333332
0 0.34444444444444444 0.7366666666666667 0.013333333333333334 0.028333333333333332
0 0.2511111111111111 0.3433333333333333 0.011111111111111112 0.023333333333333334
0 0.22777777777777777 0.12166666666666667 0.008888888888888889 0.015
0 0.1922222222222222 0.37166666666666665 0.011111111111111112 0.023333333333333334
0 0.48 0.16833333333333333 0.008888888888888889 0.015
0 0.4255555555555556 0.245 0.011111111111111112 0.023333333333333334
0 0.12444444444444444 0.2916666666666667 0.011111111111111112 0.023333333333333334
0 0.9488888888888889 0.01 0.008888888888888889 0.015
0 0.69 0.105 0.008888888888888889 0.015
0 0.8711111111111111 0.47333333333333333 0.011111111111111112 0.023333333333333334
0 0.21666666666666667 0.13 0.008888888888888889 0.015
0 0.14444444444444443 0.325 0.011111111111111112 0.023333333333333334
0 0.7988888888888889 0.255 0.011111111111111112 0.023333333333333334
0 0.9755555555555555 0.06166666666666667 0.008888888888888889 0.015
0 0.5844444444444444 0.14833333333333334 0.008888888888888889 0.015
0 0.66 0.07166666666666667 0.008888888888888889 0.015
0 0.4411111111111111 0.31166666666666665 0.011111111111111112 0.023333333333333334
0 0.06333333333333334 0.21666666666666667 0.008888888888888889 0.015
0 0.02 0.115 0.008888888888888889 0.015
0 0.1411111111111111 0.20833333333333334 0.008888888888888889 0.015
0 0.20444444444444446 0.06 0.008888888888888889 0.015
0 0.9033333333333333 0.2966666666666667 0.011111111111111112 0.023333333333333334
0 0.9322222222222222 0.17666666666666667 0.008888888888888889 0.015
0 0.5788888888888889 0.31166666666666665 0.011111111111111112 0.023333333333333334
0 0.2911111111111111 0.22166666666666668 0.011111111111111112 0.023333333333333334
0 0.7511111111111111 0.058333333333333334 0.008888888888888889 0.015
0 0.7033333333333334 0.37 0.011111111111111112 0.023333333333333334
0 0.22 0.205 0.008888888888888889 0.015
0 0.9633333333333334 0.15666666666666668 0.008888888888888889 0.015
0 0.4855555555555556 0.0016666666666666668 0.008888888888888889 0.015
0 0.12111111111111111 0.115 0.008888888888888889 0.015
0 0.4011111111111111 0.8466666666666667 0.013333333333333334 0.028333333333333332
0 0.5622222222222222 0.02666666666666667 0.008888888888888889 0.015
0 0.32 0.3 0.011111111111111112 0.023333333333333334
0 0.6988888888888889 0.7766666666666666 0.013333333333333334 0.028333333333333332
0 0.5788888888888889 0.675 0.013333333333333334 0.028333333333333332
0 0.5844444444444444 0.4 0.011111111111111112 0.023333333333333334
0 0.6544444444444445 0.48833333333333334 0.011111111111111112 0.023333333333333334
0 0.4077777777777778 0.03833333333333333 0.008888888888888889 0.015
0 0.5388888888888889 0.2916666666666667 0.011111111111111112 0.023333333333333334
0 0.9811111111111112 0.11 0.008888888888888889 0.015
0 0.8077777777777778 0.20833333333333334 0.008888888888888889 0.015
0 0.7777777777777778 0.44 0.011111111111111112 0.023333333333333334
0 0.7677777777777778 0.245 0.011111111111111112 0.023333333333333334
0 0.21777777777777776 0.19 0.008888888888888889 0.015
0 0.5144444444444445 0.675 0.013333333333333334 0.028333333333333332
0 0.9111111111111111 0.13166666666666665 0.008888888888888889 0.015
0 0.92 0.5766666666666667 0.013333333333333334 0.028333333333333332
0 0.5944444444444444 0.7316666666666667 0.013333333333333334 0.028333333333333332
0 0.6822222222222222 0.7066666666666667 0.013333333333333334 0.028333333333333332
0 0.5922222222222222 0.7183333333333334 0.013333333333333334 0.028333333333333332
0 0.2877777777777778 0.31166666666666665 0.011111111111111112 0.023333333333333334
0 0.49333333333333335 0.08666666666666667 0.008888888888888889 0.015
0 0.7633333333333333 0.72 0.013333333333333334 0.028333333333333332
0 0.5588888888888889 0.9783333333333334 0.013333333333333334 0.028333333333333332
0 0.9322222222222222 0.8916666666666667 0.013333333333333334 0.028333333333333332
0 0.8844444444444445 0.4116666666666667 0.011111111111111112 0.023333333333333334
0 0.3388888888888889 0.6366666666666667 0.013333333333333334 0.028333333333333332
0 0.37333333333333335 0.09666666666666666 0.008888888888888889 0.015
0 0.9533333333333334 0.15166666666666667 0.008888888888888889 0.015
0 0.31222222222222223 0.5233333333333333 0.013333333333333334 0.028333333333333332
0 0.8633333333333333 0.355 0.011111111111111112 0.023333333333333334
0 0.6388888888888888 0.665 0.013333333333333334 0.028333333333333332
0 0.7533333333333333 0.13333333333333333 0.008888888888888889 0.015
0 0.44666666666666666 0.695 0.013333333333333334 0.028333333333333332
0 0.37 0.043333333333333335 0.008888888888888889 0.015
0 0.4911111111111111 0.8033333333333333 0.013333333333333334 0.028333333333333332
0 0.8822222222222222 0.19833333333333333 0.008888888888888889 0.015
