0 0.028125 0.5684931506849316 0.01875 0.02968036529680365
0 0.6671875 0.3082191780821918 0.015625 0.0182648401826484
0 0.9453125 0.454337899543379 0.0265625 0.04337899543378995
0 0.890625 0.2579908675799087 0.0140625 0.02511415525114155
0 0.8125 0.2968036529680365 0.0140625 0.02511415525114155
0 0.865625 0.5844748858447488 0.04375 0.07077625570776255
0 0.4125 0.4474885844748858 0.0140625 0.02968036529680365
0 0.1296875 0.5273972602739726 0.01875 0.02968036529680365
0 0.665625 0.3401826484018265 0.0171875 0.02511415525114155
0 0.996875 0.2602739726027397 0.01875 0.0228310502283105
0 0.7796875 0.2945205479452055 0.0140625 0.02511415525114155
0 0.3828125 0.4863013698630137 0.0140625 0.02968036529680365
0 0.3265625 0.7831050228310502 0.040625 0.07077625570776255
0 0.346875 0.4840182648401826 0.0140625 0.02968036529680365
0 0.7453125 0.4474885844748858 0.0265625 0.04337899543378995
0 0.821875 0.2762557077625571 0.0140625 0.02511415525114155
0 0.24375 0.4908675799086758 0.0140625 0.02968036529680365
0 0.4296875 0.4383561643835616 0.0140625 0.02968036529680365
0 0.5484375 0.3995433789954338 0.0109375 0.0182648401826484
0 0.44375 0.4748858447488584 0.0140625 0.02968036529680365
0 0.2796875 0.5662100456621004 0.0203125 0.0410958904109589
0 0.959375 0.5136986301369864 0.04375 0.07077625570776255
0 0.04375 0.58675799086758 0.01875 0.02968036529680365
0 0.51875 0.4041095890410959 0.0125 0.02511415525114155
0 0.0 0.6232876712328768 0.01875 0.02968036529680365
0 0.8828125 0.2831050228310502 0.0140625 0.02511415525114155
0 0.8671875 0.2945205479452055 0.0140625 0.02511415525114155
0 0.59375 0.3767123287671233 0.009375 0.0136986301369863
0 0.965625 0.2831050228310502 0.0140625 0.02511415525114155
0 0.1484375 0.5228310502283106 0.01875 0.02968036529680365
0 0.0125 0.6095890410958904 0.01875 0.02968036529680365
0 0.6921875 0.3036529680365297 0.015625 0.0182648401826484
0 0.2421875 0.5045662100456622 0.0140625 0.02968036529680365
0 0.1421875 0.5821917808219178 0.01875 0.02968036529680365
0 0.9953125 0.4360730593607306 0.0265625 0.045662100456621
0 0.5875 0.4178082191780822 0.0171875 0.03424657534246575
0 0.275 0.4885844748858447 0.0140625 0.02968036529680365
0 0.3921875 0.45662100456621 0.0140625 0.02968036529680365
0 0.7265625 0.319634703196347 0.0171875 0.02511415525114155
0 0.4296875 0.4657534246575342 0.0140625 0.02968036529680365
0 0.471875 0.4680365296803653 0.0140625 0.02968036529680365
0 0.4578125 0.8264840182648402 0.040625 0.07077625570776255
0 0.41875 0.4223744292237443 0.0140625 0.02968036529680365
0 0.790625 0.3036529680365297 0.0140625 0.02511415525114155
0 0.58125 0.3721461187214612 0.009375 0.0136986301369863
0 0.859375 0.4817351598173516 0.0265625 0.04337899543378995
0 0.525 0.3904109589041096 0.0125 0.0228310502283105
0 0.984375 0.21232876712328766 0.0140625 0.0228310502283105
0 0.3390625 0.5091324200913242 0.0140625 0.02968036529680365
0 0.0703125 0.5776255707762558 0.01875 0.02968036529680365
0 0.5875 0.3447488584474886 0.009375 0.0136986301369863
0 0.36875 0.4611872146118721 0.0140625 0.02968036529680365
0 0.5984375 0.3538812785388128 0.009375 0.0136986301369863
0 0.628125 0.3310502283105023 0.0171875 0.02511415525114155
0 0.6984375 0.3356164383561644 0.0171875 0.02511415525114155
0 0.796875 0.3515981735159817 0.015625 0.0273972602739726
0 0.5625 0.3515981735159817 0.009375 0.0136986301369863
0 0.9453125 0.6689497716894978 0.04375 0.07077625570776255
0 0.7359375 0.3447488584474886 0.0171875 0.02511415525114155
0 0.6328125 0.3789954337899543 0.0171875 0.02511415525114155
0 0.6546875 0.3378995433789954 0.0171875 0.02511415525114155
0 0.28125 0.5068493150684932 0.0140625 0.02968036529680365
0 0.9140625 0.2694063926940639 0.0140625 0.02511415525114155
0 0.753125 0.2968036529680365 0.015625 0.0182648401826484
0 0.60625 0.3721461187214612 0.009375 0.0136986301369863
0 0.5375 0.3607305936073059 0.009375 0.0136986301369863
0 0.11875 0.5616438356164384 0.01875 0.02968036529680365
0 0.9703125 0.4155251141552511 0.0265625 0.04337899543378995
0 0.5375 0.3858447488584475 0.0125 0.0228310502283105
0 0.1765625 0.5205479452054794 0.01875 0.02968036529680365
0 0.621875 0.3675799086757991 0.0171875 0.02511415525114155
0 0.528125 0.4634703196347032 0.0171875 0.03424657534246575
0 0.5359375 0.3972602739726027 0.0125 0.0228310502283105
0 0.2171875 0.5136986301369864 0.01875 0.02968036529680365
0 0.1109375 0.54337899543379 0.01875 0.02968036529680365
0 0.96875 0.24885844748858446 0.01875 0.0228310502283105
0 0.934375 0.2465753424657534 0.0140625 0.02511415525114155
0 0.259375 0.4931506849315068 0.0140625 0.02968036529680365
0 0.0875 0.5730593607305936 0.01875 0.02968036529680365
0 0.7078125 0.3584474885844749 0.0171875 0.02511415525114155
0 0.20625 0.5 0.015625 0.02968036529680365
0 0.9078125 0.4178082191780822 0.0265625 0.04337899543378995
0 0.4703125 0.4269406392694064 0.0140625 0.02968036529680365
0 0.284375 0.4840182648401826 0.0140625 0.02968036529680365
0 0.496875 0.3995433789954338 0.0125 0.02511415525114155
0 0.8125 0.5319634703196348 0.04375 0.07077625570776255
0 0.8328125 0.2968036529680365 0.0140625 0.02511415525114155
0 0.5078125 0.3904109589041096 0.0125 0.02511415525114155
0 0.76875 0.8744292237442922 0.04375 0.07077625570776255
0 0.25 0.5296803652968036 0.0140625 0.02968036529680365
0 0.48125 0.3904109589041096 0.0125 0.02511415525114155
0 0.1703125 0.5616438356164384 0.01875 0.02968036529680365
0 0.565625 0.5707762557077626 0.0359375 0.06621004566210045
0 0.3015625 0.5 0.0140625 0.02968036529680365
0 0.4421875 0.4337899543378995 0.0140625 0.02968036529680365
0 0.4875 0.4383561643835616 0.0140625 0.02968036529680365
0 0.1984375 0.5365296803652968 0.01875 0.02968036529680365
