0 0.149375 0.3508936970837253 0.04 0.09501411100658513
0 0.7275 0.1636876763875823 0.024375 0.04609595484477893
0 0.205 0.451552210724365 0.036875 0.08184383819379115
0 0.84 0.2671683913452493 0.02375 0.04421448730009407
0 0.805 0.06302916274694262 0.023125 0.03857008466603951
0 0.5725 0.04045155221072436 0.023125 0.03857008466603951
0 0.3325 0.24082784571966134 0.02375 0.04421448730009407
0 0.67375 0.04045155221072436 0.023125 0.03857008466603951
0 0.6225 0.004703668861712135 0.023125 0.03857008466603951
0 0.261875 0.2888052681091251 0.04 0.09501411100658513
0 0.251875 0.22859830667920977 0.02375 0.04421448730009407
0 0.5575 0.04609595484477893 0.023125 0.03857008466603951
0 0.196875 0.48824082784571965 0.03875 0.08090310442144873
0 0.598125 0.8852304797742239 0.085 0.17591721542803387
0 0.11625 0.21354656632173094 0.02375 0.04421448730009407
0 0.17375 0.2502351834430856 0.02375 0.04421448730009407
0 0.789375 0.1147695202257761 0.024375 0.04609595484477893
0 0.48 0.1006585136406397 0.024375 0.04609595484477893
0 0.080625 0.31138287864534336 0.04 0.09501411100658513
0 0.03 0.6444026340545626 0.04625 0.09031044214487301
0 0.034375 0.31138287864534336 0.02375 0.04421448730009407
0 0.349375 0.2154280338664158 0.02375 0.04421448730009407
0 0.663125 0.06396989651928504 0.023125 0.03857008466603951
0 0.163125 0.5729068673565381 0.034375 0.06961429915333961
0 0.628125 0.1909689557855127 0.024375 0.04609595484477893
0 0.501875 0.22389463781749766 0.02375 0.04421448730009407
0 0.100625 0.7808090310442145 0.059375 0.09877704609595485
0 0.68 0.06396989651928504 0.023125 0.03857008466603951
0 0.658125 0.015051740357478834 0.023125 0.03857008466603951
0 0.434375 0.49482596425211667 0.044375 0.08466603951081844
0 0.026875 0.21448730009407338 0.02375 0.04421448730009407
0 0.2925 0.1984948259642521 0.02375 0.04421448730009407
0 0.593125 0.0658513640639699 0.023125 0.03857008466603951
0 0.20375 0.4242709313264346 0.038125 0.08842897460018814
0 0.7675 0.17591721542803387 0.024375 0.04609595484477893
0 0.828125 0.22765757290686736 0.02375 0.04421448730009407
0 0.8475 0.06302916274694262 0.023125 0.03857008466603951
0 0.585625 0.05079962370649106 0.023125 0.03857008466603951
0 0.179375 0.15051740357478832 0.024375 0.04609595484477893
0 0.2 0.1523988711194732 0.024375 0.04609595484477893
0 0.895625 0.04233301975540922 0.023125 0.03857008466603951
0 0.270625 0.17779868297271872 0.024375 0.04609595484477893
0 0.555 0.10818438381937912 0.024375 0.04609595484477893
0 0.209375 0.8918156161806209 0.059375 0.09877704609595485
0 0.186875 0.6293508936970837 0.04625 0.09031044214487301
0 0.283125 0.2041392285983067 0.02375 0.04421448730009407
0 0.72125 0.0761994355597366 0.024375 0.04609595484477893
0 0.865625 0.16086547507055504 0.024375 0.04609595484477893
0 0.098125 0.39604891815616183 0.053125 0.09501411100658513
0 0.0475 0.2295390404515522 0.02375 0.04421448730009407
0 0.556875 0.012229539040451553 0.023125 0.03857008466603951
0 0.608125 0.18250235183443086 0.024375 0.04609595484477893
0 0.9 0.46754468485418627 0.044375 0.08466603951081844
0 0.0675 0.8645343367826905 0.059375 0.09877704609595485
0 0.665625 0.17121354656632173 0.024375 0.04609595484477893
0 0.150625 0.3236124176857949 0.04 0.09501411100658513
0 0.453125 0.21354656632173094 0.02375 0.04421448730009407
0 0.329375 0.31890874882408277 0.04 0.09501411100658513
0 0.415625 0.4355597365945437 0.044375 0.08466603951081844
0 0.20375 0.6886171213546566 0.04625 0.09031044214487301
0 0.035625 0.3584195672624647 0.035 0.06961429915333961
0 0.71375 0.03574788334901223 0.023125 0.03857008466603951
0 0.005625 0.5597365945437441 0.034375 0.06961429915333961
0 0.62375 0.14111006585136407 0.024375 0.04609595484477893
0 0.825625 0.2991533396048918 0.04 0.09501411100658513
0 0.413125 0.0799623706491063 0.024375 0.04609595484477893
0 0.02125 0.2521166509877705 0.0275 0.05644402634054563
0 0.80125 0.3179680150517404 0.04 0.09501411100658513
0 0.485 0.8908748824082785 0.085 0.17591721542803387
0 0.838125 0.021636876763875823 0.023125 0.03857008466603951
0 0.396875 0.1702728127939793 0.024375 0.04609595484477893
0 0.561875 0.2436500470366886 0.02375 0.04421448730009407
0 0.225625 0.23424270931326435 0.02375 0.04421448730009407
0 0.021875 0.6999059266227657 0.04625 0.09031044214487301
0 0.46875 0.18532455315145813 0.024375 0.04609595484477893
0 0.494375 0.33113828786453436 0.055 0.13734713076199437
0 0.7075 0.15051740357478832 0.024375 0.04609595484477893
0 0.073125 0.2427093132643462 0.02375 0.04421448730009407
0 0.69625 0.0799623706491063 0.024375 0.04609595484477893
0 0.16875 0.3292568203198495 0.04 0.09501411100658513
0 0.40125 0.5945437441204139 0.040625 0.08184383819379115
0 0.905625 0.28033866415804326 0.02375 0.04421448730009407
0 0.251875 0.5202257761053621 0.03875 0.08090310442144873
0 0.00375 0.6349952963311383 0.043125 0.08184383819379115
0 0.924375 0.3396048918156162 0.04 0.09501411100658513
0 0.630625 0.034807149576669805 0.023125 0.03857008466603951
0 0.613125 0.03386641580432737 0.023125 0.03857008466603951
0 0.168125 0.8419567262464722 0.059375 0.09877704609595485
0 0.28625 0.1147695202257761 0.024375 0.04609595484477893
0 0.099375 0.22107243650047037 0.02375 0.04421448730009407
0 0.15 0.19002822201317027 0.02375 0.045155221072436504
0 0.20125 0.5456255879586077 0.034375 0.06961429915333961
0 0.535 0.01975540921919097 0.023125 0.03857008466603951
0 0.809375 0.12605832549388524 0.024375 0.04609595484477893
0 0.303125 0.41110065851364064 0.04 0.09501411100658513
0 0.0175 0.5785512699905927 0.034375 0.06961429915333961
0 0.32625 0.20696142991533395 0.02375 0.04421448730009407
0 0.068125 0.2530573847601129 0.02375 0.04421448730009407
0 0.861875 0.35371589840075257 0.04 0.09501411100658513
0 0.02125 0.34619002822201317 0.035 0.06961429915333961
0 0.560625 0.2737535277516463 0.02375 0.04421448730009407
0 0.988125 0.31326434619002824 0.0325 0.06679209783631232
0 0.6 0.036688617121354655 0.023125 0.03857008466603951
0 0.235625 0.2878645343367827 0.04 0.09501411100658513
0 0.40625 0.729068673565381 0.05625 0.11853245531514581
0 0.281875 0.23047977422389465 0.02375 0.04421448730009407
0 0.241875 0.16462841015992474 0.024375 0.04609595484477893
0 0.199375 0.753527751646284 0.05625 0.11853245531514581
0 0.85 0.11947318908748825 0.024375 0.04609595484477893
0 0.729375 0.34995296331138287 0.07625 0.13640639698965193
0 0.9475 0.8758231420507996 0.085 0.17591721542803387
0 0.543125 0.1571025399811853 0.024375 0.04609595484477893
0 0.461875 0.10630291627469426 0.024375 0.04609595484477893
0 0.63 0.4158043273753528 0.044375 0.08466603951081844
0 0.595 0.6218250235183443 0.05625 0.1147695202257761
0 0.589375 0.16556914393226718 0.024375 0.04609595484477893
0 0.589375 0.2539981185324553 0.02375 0.04421448730009407
0 0.223125 0.1599247412982126 0.024375 0.04609595484477893
0 0.33625 0.21072436500470368 0.02375 0.04421448730009407
0 0.19875 0.3659454374412041 0.04 0.09501411100658513
0 0.239375 0.6067732831608654 0.034375 0.06961429915333961
0 0.940625 0.03762935089369708 0.023125 0.03857008466603951
0 0.438125 0.09407337723424271 0.024375 0.04609595484477893
0 0.445625 0.1571025399811853 0.024375 0.04609595484477893
