0 0.9962899543378996 0.17636986301369864 0.02910958904109589 0.05565068493150685
0 0.8156392694063926 0.6476883561643836 0.02711187214611872 0.061215753424657536
0 0.19434931506849315 0.039383561643835614 0.02910958904109589 0.05565068493150685
0 0.5316780821917808 0.6481164383561644 0.02711187214611872 0.061215753424657536
0 0.2146118721461187 0.7076198630136986 0.02711187214611872 0.061215753424657536
0 0.6118721461187214 0.9148116438356164 0.02711187214611872 0.061215753424657536
0 0.5625 0.9606164383561644 0.02711187214611872 0.061215753424657536
0 0.8690068493150684 0.22517123287671234 0.02910958904109589 0.05565068493150685
0 0.8142123287671232 0.1913527397260274 0.02910958904109589 0.05565068493150685
0 0.802796803652968 0.05650684931506849 0.02910958904109589 0.05565068493150685
0 0.9101027397260274 0.1425513698630137 0.02910958904109589 0.05565068493150685
0 0.4728881278538813 0.0702054794520548 0.02910958904109589 0.05565068493150685
0 0.1643835616438356 0.10059931506849315 0.02910958904109589 0.05565068493150685
0 0.9828767123287672 0.6977739726027398 0.028538812785388126 0.056934931506849314
0 0.6095890410958904 0.3407534246575342 0.02910958904109589 0.05565068493150685
0 0.1615296803652968 0.3013698630136986 0.02910958904109589 0.05565068493150685
0 0.07248858447488585 0.867722602739726 0.02711187214611872 0.061215753424657536
0 0.9988584474885844 0.2268835616438356 0.02910958904109589 0.05565068493150685
0 0.680365296803653 0.3407534246575342 0.02910958904109589 0.05565068493150685
0 0.7431506849315068 0.0958904109589041 0.02910958904109589 0.05565068493150685
0 0.0502283105022831 0.2016267123287671 0.02910958904109589 0.05565068493150685
0 0.5034246575342466 0.3690068493150685 0.02910958904109589 0.05565068493150685
0 0.865296803652968 0.7761130136986302 0.02711187214611872 0.061215753424657536
0 0.4751712328767123 0.3411815068493151 0.02910958904109589 0.05565068493150685
0 0.9511986301369864 0.230736301369863 0.02910958904109589 0.05565068493150685
0 0.2422945205479452 0.7191780821917808 0.02711187214611872 0.061215753424657536
0 0.15325342465753425 0.168236301369863 0.02910958904109589 0.05565068493150685
0 0.7168949771689498 0.2016267123287671 0.02910958904109589 0.05565068493150685
0 0.3393264840182648 0.5303938356164384 0.02910958904109589 0.05565068493150685
0 0.1190068493150685 0.7919520547945206 0.02711187214611872 0.061215753424657536
0 0.3610159817351598 0.14940068493150685 0.02910958904109589 0.05565068493150685
0 0.1190068493150685 0.646404109589041 0.02711187214611872 0.061215753424657536
0 0.017408675799086757 0.9965753424657534 0.02711187214611872 0.061215753424657536
0 0.8801369863013698 0.4768835616438356 0.02910958904109589 0.05565068493150685
0 0.4166666666666667 0.14768835616438356 0.02910958904109589 0.05565068493150685
0 0.9603310502283106 0.030821917808219176 0.02910958904109589 0.05565068493150685
0 0.21118721461187215 0.3660102739726027 0.02910958904109589 0.05565068493150685
0 0.3184931506849315 0.3681506849315068 0.02910958904109589 0.05565068493150685
0 0.379851598173516 0.2264554794520548 0.02910958904109589 0.05565068493150685
0 0.8013698630136986 0.8253424657534246 0.02711187214611872 0.061215753424657536
0 0.3401826484018265 0.331763698630137 0.02910958904109589 0.05565068493150685
0 0.9275114155251142 0.2970890410958904 0.02910958904109589 0.05565068493150685
0 0.6926369863013698 0.877568493150685 0.02711187214611872 0.061215753424657536
0 0.6192922374429224 0.1909246575342466 0.02910958904109589 0.05565068493150685
0 0.9363584474885844 0.995291095890411 0.02711187214611872 0.061215753424657536
0 0.7328767123287672 0.386986301369863 0.02910958904109589 0.05565068493150685
0 0.0014269406392694063 0.293236301369863 0.02910958904109589 0.05565068493150685
0 0.1295662100456621 0.0877568493150685 0.02910958904109589 0.05565068493150685
0 0.4409246575342466 0.5642123287671232 0.02910958904109589 0.05565068493150685
0 0.9740296803652968 0.0740582191780822 0.02910958904109589 0.05565068493150685
0 0.2976598173515982 0.8450342465753424 0.02711187214611872 0.061215753424657536
0 0.8424657534246576 0.008561643835616438 0.02910958904109589 0.05565068493150685
0 0.2910958904109589 0.5659246575342466 0.027968036529680364 0.05821917808219178
0 0.9317922374429224 0.2016267123287671 0.02910958904109589 0.05565068493150685
0 0.3119292237442922 0.6601027397260274 0.02711187214611872 0.061215753424657536
0 0.4651826484018265 0.9426369863013698 0.02711187214611872 0.061215753424657536
0 0.5128424657534246 0.03553082191780822 0.02910958904109589 0.05565068493150685
0 0.6190068493150684 0.7183219178082192 0.02711187214611872 0.061215753424657536
0 0.4728881278538813 0.7191780821917808 0.02711187214611872 0.061215753424657536
0 0.03367579908675799 0.4721746575342466 0.02910958904109589 0.05565068493150685
0 0.9731735159817352 0.5796232876712328 0.02910958904109589 0.05565068493150685
0 0.6555365296803652 0.5363869863013698 0.02910958904109589 0.05565068493150685
0 0.906392694063927 0.5132705479452054 0.02910958904109589 0.05565068493150685
0 0.507134703196347 0.5141267123287672 0.02910958904109589 0.05565068493150685
0 0.709189497716895 0.06806506849315068 0.02910958904109589 0.05565068493150685
0 0.7782534246575342 0.9002568493150684 0.02711187214611872 0.061215753424657536
0 0.8418949771689498 0.3206335616438356 0.02910958904109589 0.05565068493150685
0 0.2876712328767123 0.022688356164383562 0.02910958904109589 0.05565068493150685
0 0.015125570776255707 0.09717465753424658 0.02910958904109589 0.05565068493150685
0 0.07363013698630137 0.6806506849315068 0.02711187214611872 0.061215753424657536
0 0.5684931506849316 0.3236301369863014 0.02910958904109589 0.05565068493150685
0 0.3227739726027397 0.10573630136986302 0.02910958904109589 0.05565068493150685
0 0.9146689497716894 0.3775684931506849 0.02910958904109589 0.05565068493150685
0 0.8359018264840182 0.4375 0.02910958904109589 0.05565068493150685
0 0.7808219178082192 0.019263698630136987 0.02910958904109589 0.05565068493150685
0 0.5861872146118722 0.5316780821917808 0.02910958904109589 0.05565068493150685
0 0.18807077625570776 0.06892123287671233 0.02910958904109589 0.05565068493150685
0 0.03995433789954338 0.029537671232876712 0.02910958904109589 0.05565068493150685
0 0.3658675799086758 0.6575342465753424 0.02711187214611872 0.061215753424657536
0 0.3841324200913242 0.8193493150684932 0.02711187214611872 0.061215753424657536
0 0.3864155251141553 0.285958904109589 0.02910958904109589 0.05565068493150685
0 0.2839611872146119 0.0642123287671233 0.02910958904109589 0.05565068493150685
0 0.11615296803652968 0.023972602739726026 0.02910958904109589 0.05565068493150685
0 0.9825913242009132 0.8120719178082192 0.027968036529680364 0.05821917808219178
0 0.5516552511415526 0.7084760273972602 0.02711187214611872 0.061215753424657536
0 0.3795662100456621 0.6121575342465754 0.02711187214611872 0.061215753424657536
0 0.8955479452054794 0.7024828767123288 0.0273972602739726 0.05950342465753425
0 0.025399543378995432 0.4126712328767123 0.02910958904109589 0.05565068493150685
0 0.1113013698630137 0.3745719178082192 0.02910958904109589 0.05565068493150685
0 0.7300228310502284 0.6434075342465754 0.02711187214611872 0.061215753424657536
0 0.4006849315068493 0.331763698630137 0.02910958904109589 0.05565068493150685
0 0.5402397260273972 0.08133561643835617 0.02910958904109589 0.05565068493150685
0 0.261986301369863 0.3321917808219178 0.02910958904109589 0.05565068493150685
0 0.23373287671232876 0.4781678082191781 0.02910958904109589 0.05565068493150685
0 0.5667808219178082 0.5796232876712328 0.02711187214611872 0.061215753424657536
0 0.0365296803652968 0.805222602739726 0.02711187214611872 0.061215753424657536
0 0.17465753424657535 0.9456335616438356 0.02711187214611872 0.061215753424657536
0 0.879851598173516 0.04366438356164384 0.02910958904109589 0.05565068493150685
0 0.08333333333333333 0.1579623287671233 0.02910958904109589 0.05565068493150685
0 0.23059360730593606 0.5333904109589042 0.02910958904109589 0.05565068493150685
0 0.9257990867579908 0.00684931506849315 0.02910958904109589 0.05565068493150685
0 0.3924086757990868 0.5184075342465754 0.02910958904109589 0.05565068493150685
0 0.0005707762557077625 0.9845890410958904 0.02711187214611872 0.061215753424657536
0 0.3119292237442922 0.8082191780821918 0.02711187214611872 0.061215753424657536
0 0.26912100456621 0.269263698630137 0.02910958904109589 0.05565068493150685
0 0.6952054794520548 0.008561643835616438 0.02910958904109589 0.05565068493150685
0 0.6689497716894978 0.4777397260273973 0.02910958904109589 0.05565068493150685
0 0.3433219178082192 0.4280821917808219 0.02910958904109589 0.05565068493150685
0 0.6663812785388128 0.11301369863013698 0.02910958904109589 0.05565068493150685
0 0.2180365296803653 0.7846746575342466 0.02711187214611872 0.061215753424657536
0 0.0579337899543379 0.07148972602739725 0.02910958904109589 0.05565068493150685
0 0.2166095890410959 0.8394691780821918 0.02711187214611872 0.061215753424657536
0 0.6472602739726028 0.4310787671232877 0.02910958904109589 0.05565068493150685
0 0.684931506849315 0.7303082191780822 0.02711187214611872 0.061215753424657536
0 0.8139269406392694 0.10702054794520548 0.02910958904109589 0.05565068493150685
0 0.1113013698630137 0.3454623287671233 0.02910958904109589 0.05565068493150685
0 0.636986301369863 0.1579623287671233 0.02910958904109589 0.05565068493150685
0 0.1735159817351598 0.3548801369863014 0.02910958904109589 0.05565068493150685
0 0.2009132420091324 0.8835616438356164 0.02711187214611872 0.061215753424657536
0 0.588755707762557 0.990582191780822 0.02711187214611872 0.061215753424657536
0 0.9674657534246576 0.3938356164383562 0.02910958904109589 0.05565068493150685
0 0.2485730593607306 0.10059931506849315 0.02910958904109589 0.05565068493150685
0 0.15039954337899544 0.7011986301369864 0.02711187214611872 0.061215753424657536
0 0.783675799086758 0.8086472602739726 0.02711187214611872 0.061215753424657536
0 0.7051940639269406 0.6070205479452054 0.02711187214611872 0.061215753424657536
0 0.519406392694064 0.14768835616438356 0.02910958904109589 0.05565068493150685
0 0.7074771689497716 0.8035102739726028 0.02711187214611872 0.061215753424657536
0 0.4563356164383562 0.670804794520548 0.02711187214611872 0.061215753424657536
0 0.3142123287671233 0.21018835616438356 0.02910958904109589 0.05565068493150685
0 0.4018264840182648 0.0004280821917808219 0.02910958904109589 0.05565068493150685
0 0.4554794520547945 0.033818493150684935 0.02910958904109589 0.05565068493150685
0 0.06992009132420092 0.9961472602739726 0.02711187214611872 0.061215753424657536
0 0.9597602739726028 0.516695205479452 0.02910958904109589 0.05565068493150685
0 0.4731735159817352 0.2795376712328767 0.02910958904109589 0.05565068493150685
0 0.3384703196347032 0.7328767123287672 0.02711187214611872 0.061215753424657536
0 0.714041095890411 0.2808219178082192 0.02910958904109589 0.05565068493150685
0 0.2485730593607306 0.199486301369863 0.02910958904109589 0.05565068493150685
0 0.17294520547945205 0.4353595890410959 0.02910958904109589 0.05565068493150685
0 0.541095890410959 0.8476027397260274 0.02711187214611872 0.061215753424657536
0 0.3381849315068493 0.9636130136986302 0.02711187214611872 0.061215753424657536
0 0.8695776255707762 0.6506849315068494 0.027968036529680364 0.05821917808219178
0 0.10131278538812785 0.836472602739726 0.02711187214611872 0.061215753424657536
0 0.6723744292237442 0.9379280821917808 0.02711187214611872 0.061215753424657536
0 0.6241438356164384 0.6481164383561644 0.02711187214611872 0.061215753424657536
0 0.7676940639269406 0.449486301369863 0.02910958904109589 0.05565068493150685
0 0.15353881278538814 0.6639554794520548 0.02711187214611872 0.061215753424657536
0 0.9041095890410958 0.09375 0.02910958904109589 0.05565068493150685
0 0.001141552511415525 0.8912671232876712 0.02711187214611872 0.061215753424657536
0 0.11843607305936073 0.4922945205479452 0.02910958904109589 0.05565068493150685
0 0.6135844748858448 0.4820205479452055 0.02910958904109589 0.05565068493150685
0 0.9549086757990868 0.59375 0.02910958904109589 0.05565068493150685
0 0.5944634703196348 0.2328767123287671 0.02910958904109589 0.05565068493150685
0 0.4249429223744292 0.4225171232876712 0.02910958904109589 0.05565068493150685
0 0.901255707762557 0.5565068493150684 0.02910958904109589 0.05565068493150685
0 0.89412100456621 0.2726883561643836 0.02910958904109589 0.05565068493150685
0 0.7999429223744292 0.7684075342465754 0.02711187214611872 0.061215753424657536
0 0.7465753424657534 0.1331335616438356 0.02910958904109589 0.05565068493150685
0 0.4235159817351598 0.8852739726027398 0.02711187214611872 0.061215753424657536
0 0.8187785388127854 0.28125 0.02910958904109589 0.05565068493150685
0 0.5910388127853882 0.14726027397260275 0.02910958904109589 0.05565068493150685
0 0.16267123287671234 0.23886986301369864 0.02910958904109589 0.05565068493150685
0 0.954337899543379 0.6391267123287672 0.028538812785388126 0.056934931506849314
0 0.08276255707762557 0.2611301369863014 0.02910958904109589 0.05565068493150685
0 0.4454908675799087 0.2148972602739726 0.02910958904109589 0.05565068493150685
0 0.4771689497716895 0.6018835616438356 0.02711187214611872 0.061215753424657536
0 0.0 0.555222602739726 0.027968036529680364 0.05821917808219178
0 0.3347602739726027 0.07063356164383562 0.02910958904109589 0.05565068493150685
0 0.03538812785388128 0.8471746575342466 0.02711187214611872 0.061215753424657536
0 0.5154109589041096 0.22902397260273974 0.02910958904109589 0.05565068493150685
0 0.8384703196347032 0.14597602739726026 0.02910958904109589 0.05565068493150685
0 0.7448630136986302 0.523972602739726 0.02910958904109589 0.05565068493150685
0 0.22773972602739725 0.1545376712328767 0.02910958904109589 0.05565068493150685
0 0.4617579908675799 0.8009417808219178 0.02711187214611872 0.061215753424657536
0 0.2865296803652968 0.8882705479452054 0.02711187214611872 0.061215753424657536
0 0.5276826484018264 0.1956335616438356 0.02910958904109589 0.05565068493150685
0 0.6526826484018264 0.867722602739726 0.02711187214611872 0.061215753424657536
0 0.403824200913242 0.07320205479452055 0.02910958904109589 0.05565068493150685
0 0.08047945205479452 0.4392123287671233 0.02910958904109589 0.05565068493150685
0 0.6435502283105022 0.5804794520547946 0.02711187214611872 0.061215753424657536
0 0.2982305936073059 0.144263698630137 0.02910958904109589 0.05565068493150685
0 0.5068493150684932 0.8814212328767124 0.02711187214611872 0.061215753424657536
0 0.5388127853881278 0.7876712328767124 0.02711187214611872 0.061215753424657536
0 0.11615296803652968 0.5663527397260274 0.0273972602739726 0.05950342465753425
0 0.9694634703196348 0.4785958904109589 0.02910958904109589 0.05565068493150685
