0 0.5514511873350924 0.32673267326732675 0.0079155672823219 0.039603960396039604
0 0.41688654353562005 0.6881188118811881 0.014511873350923483 0.0891089108910891
0 0.8139841688654353 0.2623762376237624 0.0079155672823219 0.039603960396039604
0 0.2532981530343008 0.14356435643564355 0.006596306068601583 0.0297029702970297
0 0.7598944591029023 0.3613861386138614 0.0079155672823219 0.039603960396039604
0 0.6240105540897097 0.26732673267326734 0.0079155672823219 0.039603960396039604
0 0.7519788918205804 0.4504950495049505 0.0079155672823219 0.039603960396039604
0 0.40105540897097625 0.06435643564356436 0.006596306068601583 0.0297029702970297
0 0.5633245382585752 0.599009900990099 0.0079155672823219 0.039603960396039604
0 0.6226912928759895 0.9801980198019802 0.014511873350923483 0.0891089108910891
0 0.44063324538258575 0.47029702970297027 0.0079155672823219 0.039603960396039604
0 0.2955145118733509 0.19801980198019803 0.006596306068601583 0.0297029702970297
0 0.009234828496042216 0.9851485148514851 0.014511873350923483 0.0891089108910891
0 0.3337730870712401 0.27722772277227725 0.0079155672823219 0.039603960396039604
0 0.009234828496042216 0.8168316831683168 0.014511873350923483 0.0891089108910891
0 0.5897097625329816 0.9257425742574258 0.014511873350923483 0.0891089108910891
0 0.5923482849604221 0.28217821782178215 0.0079155672823219 0.039603960396039604
0 0.33509234828496043 0.4158415841584158 0.0079155672823219 0.039603960396039604
0 0.19393139841688653 0.6435643564356436 0.014511873350923483 0.0891089108910891
0 0.4894459102902375 0.5742574257425742 0.0079155672823219 0.039603960396039604
0 0.6741424802110818 0.5594059405940595 0.0079155672823219 0.039603960396039604
0 0.8298153034300791 0.8217821782178217 0.014511873350923483 0.0891089108910891
0 0.25065963060686014 0.3564356435643564 0.0079155672823219 0.039603960396039604
0 0.862796833773087 0.1782178217821782 0.006596306068601583 0.0297029702970297
0 0.8852242744063324 0.7524752475247525 0.014511873350923483 0.0891089108910891
0 0.8746701846965699 0.4207920792079208 0.0079155672823219 0.039603960396039604
0 0.6279683377308707 0.297029702970297 0.0079155672823219 0.039603960396039604
0 0.5976253298153035 0.32673267326732675 0.0079155672823219 0.039603960396039604
0 0.11609498680738786 0.8613861386138614 0.014511873350923483 0.0891089108910891
0 0.3970976253298153 0.2871287128712871 0.0079155672823219 0.039603960396039604
0 0.7203166226912929 0.1188118811881188 0.006596306068601583 0.0297029702970297
0 0.2862796833773087 0.7128712871287128 0.014511873350923483 0.0891089108910891
0 0.8825857519788918 0.14356435643564355 0.006596306068601583 0.0297029702970297
0 0.2717678100263852 0.09900990099009901 0.006596306068601583 0.0297029702970297
0 0.6385224274406333 0.12376237623762376 0.006596306068601583 0.0297029702970297
0 0.5422163588390502 0.5643564356435643 0.0079155672823219 0.039603960396039604
0 0.36147757255936674 0.1485148514851485 0.006596306068601583 0.0297029702970297
0 0.7005277044854882 0.2079207920792079 0.006596306068601583 0.0297029702970297
0 0.5131926121372031 0.5396039603960396 0.0079155672823219 0.039603960396039604
0 0.2955145118733509 0.28217821782178215 0.0079155672823219 0.039603960396039604
0 0.6503957783641161 0.18316831683168316 0.006596306068601583 0.0297029702970297
0 0.7981530343007915 0.14356435643564355 0.006596306068601583 0.0297029702970297
0 0.6292875989445911 0.09405940594059406 0.006596306068601583 0.0297029702970297
0 0.18865435356200527 0.5891089108910891 0.0079155672823219 0.039603960396039604
0 0.5263852242744064 0.15346534653465346 0.006596306068601583 0.0297029702970297
0 0.32058047493403696 0.5 0.0079155672823219 0.039603960396039604
0 0.6767810026385225 0.6287128712871287 0.014511873350923483 0.0891089108910891
0 0.5224274406332454 0.1188118811881188 0.006596306068601583 0.0297029702970297
0 0.7058047493403694 0.11386138613861387 0.006596306068601583 0.0297029702970297
0 0.36015831134564646 0.5594059405940595 0.0079155672823219 0.039603960396039604
0 0.8311345646437994 0.09405940594059406 0.006596306068601583 0.0297029702970297
0 0.7994722955145118 0.5445544554455446 0.0079155672823219 0.039603960396039604
0 0.8944591029023746 0.28217821782178215 0.0079155672823219 0.039603960396039604
0 0.44854881266490765 0.039603960396039604 0.006596306068601583 0.0297029702970297
0 0.40369393139841686 0.019801980198019802 0.006596306068601583 0.0297029702970297
0 0.3944591029023747 0.9306930693069307 0.014511873350923483 0.0891089108910891
0 0.4472295514511873 0.5346534653465347 0.0079155672823219 0.039603960396039604
0 0.48284960422163586 0.13861386138613863 0.006596306068601583 0.0297029702970297
0 0.9432717678100264 0.900990099009901 0.014511873350923483 0.0891089108910891
0 0.5672823218997362 0.28217821782178215 0.0079155672823219 0.039603960396039604
0 0.6886543535620053 0.24257425742574257 0.0079155672823219 0.039603960396039604
0 0.5817941952506597 0.7623762376237624 0.014511873350923483 0.0891089108910891
0 0.58311345646438 0.35148514851485146 0.0079155672823219 0.039603960396039604
0 0.7480211081794196 0.39603960396039606 0.0079155672823219 0.039603960396039604
0 0.6319261213720316 0.8168316831683168 0.014511873350923483 0.0891089108910891
0 0.3786279683377309 0.33663366336633666 0.0079155672823219 0.039603960396039604
0 0.32058047493403696 0.22277227722772278 0.006596306068601583 0.0297029702970297
0 0.6029023746701847 0.5742574257425742 0.0079155672823219 0.039603960396039604
0 0.6477572559366754 0.7722772277227723 0.014511873350923483 0.0891089108910891
0 0.3627968337730871 0.0297029702970297 0.006596306068601583 0.0297029702970297
0 0.17810026385224276 0.3910891089108911 0.0079155672823219 0.039603960396039604
0 0.5092348284960422 0.7376237623762376 0.014511873350923483 0.0891089108910891
0 0.6147757255936676 0.16831683168316833 0.006596306068601583 0.0297029702970297
0 0.6741424802110818 0.0891089108910891 0.006596306068601583 0.0297029702970297
0 0.8430079155672823 0.08415841584158416 0.006596306068601583 0.0297029702970297
0 0.38258575197889183 0.39603960396039606 0.0079155672823219 0.039603960396039604
0 0.4419525065963061 0.806930693069307 0.014511873350923483 0.0891089108910891
0 0.7730870712401056 0.5247524752475248 0.0079155672823219 0.039603960396039604
0 0.5395778364116095 0.06930693069306931 0.006596306068601583 0.0297029702970297
0 0.7770448548812665 0.17326732673267325 0.006596306068601583 0.0297029702970297
0 0.41424802110817943 0.16336633663366337 0.006596306068601583 0.0297029702970297
0 0.2862796833773087 0.5544554455445545 0.0079155672823219 0.039603960396039604
0 0.8126649076517151 0.6237623762376238 0.014511873350923483 0.0891089108910891
0 0.5620052770448549 0.17326732673267325 0.006596306068601583 0.0297029702970297
0 0.6912928759894459 0.8564356435643564 0.014511873350923483 0.0891089108910891
0 0.40897097625329815 0.7623762376237624 0.014511873350923483 0.0891089108910891
0 0.7810026385224275 0.22772277227722773 0.006596306068601583 0.0297029702970297
0 0.7467018469656992 0.30198019801980197 0.0079155672823219 0.039603960396039604
0 0.8245382585751979 0.21287128712871287 0.006596306068601583 0.0297029702970297
0 0.20712401055408972 0.44554455445544555 0.0079155672823219 0.039603960396039604
0 0.6899736147757256 0.9405940594059405 0.014511873350923483 0.0891089108910891
0 0.8139841688654353 0.4752475247524752 0.0079155672823219 0.039603960396039604
0 0.6411609498680739 0.20297029702970298 0.006596306068601583 0.0297029702970297
0 0.5277044854881267 0.07425742574257425 0.006596306068601583 0.0297029702970297
0 0.600263852242744 0.4504950495049505 0.0079155672823219 0.039603960396039604
0 0.5804749340369393 0.06930693069306931 0.006596306068601583 0.0297029702970297
0 0.8654353562005277 0.6485148514851485 0.014511873350923483 0.0891089108910891
0 0.4445910290237467 0.8811881188118812 0.014511873350923483 0.0891089108910891
0 0.316622691292876 0.8168316831683168 0.014511873350923483 0.0891089108910891
0 0.6569920844327177 0.2524752475247525 0.0079155672823219 0.039603960396039604
0 0.23350923482849603 0.8762376237623762 0.014511873350923483 0.0891089108910891
0 0.6200527704485488 0.06435643564356436 0.006596306068601583 0.0297029702970297
0 0.2783641160949868 0.6584158415841584 0.014511873350923483 0.0891089108910891
0 0.8654353562005277 0.26732673267326734 0.0079155672823219 0.039603960396039604
0 0.6345646437994723 0.6584158415841584 0.014511873350923483 0.0891089108910891
0 0.6424802110817942 0.46534653465346537 0.0079155672823219 0.039603960396039604
0 0.8364116094986808 0.3465346534653465 0.0079155672823219 0.039603960396039604
0 0.7770448548812665 0.6782178217821783 0.014511873350923483 0.0891089108910891
0 0.7928759894459103 0.2524752475247525 0.0079155672823219 0.039603960396039604
0 0.7664907651715039 0.8316831683168316 0.014511873350923483 0.0891089108910891
0 0.5092348284960422 0.4158415841584158 0.0079155672823219 0.039603960396039604
0 0.6292875989445911 0.23267326732673269 0.0079155672823219 0.039603960396039604
0 0.40369393139841686 0.2376237623762376 0.0079155672823219 0.039603960396039604
0 0.3839050131926121 0.13366336633663367 0.006596306068601583 0.0297029702970297
0 0.5131926121372031 0.9207920792079208 0.014511873350923483 0.0891089108910891
0 0.33509234828496043 0.13861386138613863 0.006596306068601583 0.0297029702970297
0 0.46701846965699206 0.0049504950495049506 0.006596306068601583 0.0297029702970297
0 0.5963060686015831 0.12376237623762376 0.006596306068601583 0.0297029702970297
0 0.2704485488126649 0.8267326732673267 0.014511873350923483 0.0891089108910891
0 0.5369393139841688 0.7079207920792079 0.014511873350923483 0.0891089108910891
0 0.8403693931398417 0.9207920792079208 0.014511873350923483 0.0891089108910891
0 0.7110817941952506 0.7326732673267327 0.014511873350923483 0.0891089108910891
0 0.737467018469657 0.400990099009901 0.0079155672823219 0.039603960396039604
0 0.7216358839050132 0.15346534653465346 0.006596306068601583 0.0297029702970297
0 0.7387862796833773 0.33663366336633666 0.0079155672823219 0.039603960396039604
0 0.6569920844327177 0.12871287128712872 0.006596306068601583 0.0297029702970297
0 0.895778364116095 0.8712871287128713 0.014511873350923483 0.0891089108910891
0 0.370712401055409 0.5247524752475248 0.0079155672823219 0.039603960396039604
0 0.7467018469656992 0.5148514851485149 0.0079155672823219 0.039603960396039604
0 0.15699208443271767 0.6089108910891089 0.014511873350923483 0.0891089108910891
0 0.8443271767810027 0.5841584158415841 0.0079155672823219 0.039603960396039604
0 0.46437994722955145 0.17326732673267325 0.006596306068601583 0.0297029702970297
0 0.9076517150395779 0.41089108910891087 0.0079155672823219 0.039603960396039604
0 0.9182058047493403 0.6138613861386139 0.014511873350923483 0.0891089108910891
0 0.22031662269129287 0.12871287128712872 0.006596306068601583 0.0297029702970297
0 0.27308707124010556 0.9851485148514851 0.014511873350923483 0.0891089108910891
0 0.25857519788918204 0.5247524752475248 0.0079155672823219 0.039603960396039604
0 0.8535620052770448 0.40594059405940597 0.0079155672823219 0.039603960396039604
0 0.503957783641161 0.27722772277227725 0.0079155672823219 0.039603960396039604
0 0.5171503957783641 0.07920792079207921 0.006596306068601583 0.0297029702970297
0 0.6398416886543535 0.37623762376237624 0.0079155672823219 0.039603960396039604
0 0.600263852242744 0.0891089108910891 0.006596306068601583 0.0297029702970297
0 0.4472295514511873 0.09900990099009901 0.006596306068601583 0.0297029702970297
0 0.5408970976253298 0.3118811881188119 0.0079155672823219 0.039603960396039604
0 0.8179419525065963 0.3613861386138614 0.0079155672823219 0.039603960396039604
0 0.7651715039577837 0.7425742574257426 0.014511873350923483 0.0891089108910891
0 0.5131926121372031 0.17326732673267325 0.006596306068601583 0.0297029702970297
0 0.8047493403693932 0.09405940594059406 0.006596306068601583 0.0297029702970297
0 0.6860158311345647 0.46534653465346537 0.0079155672823219 0.039603960396039604
0 0.32189973614775724 0.4306930693069307 0.0079155672823219 0.039603960396039604
0 0.8482849604221636 0.2871287128712871 0.0079155672823219 0.039603960396039604
0 0.6741424802110818 0.15841584158415842 0.006596306068601583 0.0297029702970297
0 0.449868073878628 0.1485148514851485 0.006596306068601583 0.0297029702970297
0 0.3970976253298153 0.6237623762376238 0.014511873350923483 0.0891089108910891
0 0.816622691292876 0.18811881188118812 0.006596306068601583 0.0297029702970297
0 0.5052770448548812 0.8217821782178217 0.014511873350923483 0.0891089108910891
0 0.7823218997361477 0.3465346534653465 0.0079155672823219 0.039603960396039604
0 0.5620052770448549 0.22772277227722773 0.006596306068601583 0.0297029702970297
0 0.20052770448548812 0.4900990099009901 0.0079155672823219 0.039603960396039604
0 0.3496042216358839 0.9108910891089109 0.014511873350923483 0.0891089108910891
0 0.5606860158311345 0.8168316831683168 0.014511873350923483 0.0891089108910891
0 0.7559366754617414 0.2524752475247525 0.0079155672823219 0.039603960396039604
0 0.8746701846965699 0.24752475247524752 0.0079155672823219 0.039603960396039604
0 0.7664907651715039 0.599009900990099 0.0079155672823219 0.039603960396039604
0 0.7137203166226913 0.19801980198019803 0.006596306068601583 0.0297029702970297
0 0.47493403693931396 0.07425742574257425 0.006596306068601583 0.0297029702970297
0 0.9195250659630607 0.41089108910891087 0.009234828496042216 0.04950495049504951
0 0.5461741424802111 0.2524752475247525 0.0079155672823219 0.039603960396039604
0 0.27440633245382584 0.4207920792079208 0.0079155672823219 0.039603960396039604
0 0.08311345646437995 0.7178217821782178 0.014511873350923483 0.0891089108910891
0 0.8522427440633246 0.7178217821782178 0.014511873350923483 0.0891089108910891
0 0.31398416886543534 0.26732673267326734 0.0079155672823219 0.039603960396039604
0 0.4656992084432718 0.6732673267326733 0.014511873350923483 0.0891089108910891
0 0.7928759894459103 0.37623762376237624 0.0079155672823219 0.039603960396039604
0 0.7506596306068601 0.09900990099009901 0.006596306068601583 0.0297029702970297
0 0.8139841688654353 0.0891089108910891 0.006596306068601583 0.0297029702970297
0 0.6701846965699209 0.3712871287128713 0.0079155672823219 0.039603960396039604
0 0.6306068601583114 0.49504950495049505 0.0079155672823219 0.039603960396039604
0 0.5844327176781002 0.1188118811881188 0.006596306068601583 0.0297029702970297
0 0.6569920844327177 0.32673267326732675 0.0079155672823219 0.039603960396039604
0 0.47757255936675463 0.8762376237623762 0.014511873350923483 0.0891089108910891
0 0.6807387862796834 0.10891089108910891 0.006596306068601583 0.0297029702970297
0 0.5145118733509235 0.27722772277227725 0.0079155672823219 0.039603960396039604
0 0.5897097625329816 0.07920792079207921 0.006596306068601583 0.0297029702970297
0 0.31398416886543534 0.17326732673267325 0.006596306068601583 0.0297029702970297
0 0.37467018469656993 0.10396039603960396 0.006596306068601583 0.0297029702970297
0 0.33509234828496043 0.20297029702970298 0.006596306068601583 0.0297029702970297
0 0.2546174142480211 0.9257425742574258 0.014511873350923483 0.0891089108910891
0 0.8733509234828496 0.8118811881188119 0.014511873350923483 0.0891089108910891
0 0.6385224274406333 0.5445544554455446 0.0079155672823219 0.039603960396039604
0 0.6781002638522428 0.31683168316831684 0.0079155672823219 0.039603960396039604
0 0.7704485488126649 0.3316831683168317 0.0079155672823219 0.039603960396039604
0 0.2546174142480211 0.42574257425742573 0.0079155672823219 0.039603960396039604
0 0.15435356200527706 0.7722772277227723 0.014511873350923483 0.0891089108910891
0 0.5237467018469657 0.47029702970297027 0.0079155672823219 0.039603960396039604
0 0.662269129287599 0.0297029702970297 0.006596306068601583 0.0297029702970297
0 0.4630606860158311 0.07920792079207921 0.006596306068601583 0.0297029702970297
0 0.5804749340369393 0.10396039603960396 0.006596306068601583 0.0297029702970297
0 0.3496042216358839 0.3613861386138614 0.0079155672823219 0.039603960396039604
0 0.8390501319261213 0.21287128712871287 0.006596306068601583 0.0297029702970297
0 0.8984168865435356 0.5198019801980198 0.0079155672823219 0.039603960396039604
0 0.7862796833773087 0.1188118811881188 0.006596306068601583 0.0297029702970297
0 0.35356200527704484 0.7029702970297029 0.014511873350923483 0.0891089108910891
0 0.7401055408970977 0.16336633663366337 0.006596306068601583 0.0297029702970297
0 0.503957783641161 0.5594059405940595 0.0079155672823219 0.039603960396039604
0 0.9076517150395779 0.3811881188118812 0.0079155672823219 0.039603960396039604
0 0.48284960422163586 0.009900990099009901 0.006596306068601583 0.0297029702970297
0 0.30474934036939316 0.6534653465346535 0.014511873350923483 0.0891089108910891
0 0.7295514511873351 0.17326732673267325 0.006596306068601583 0.0297029702970297
0 0.4472295514511873 0.3415841584158416 0.0079155672823219 0.039603960396039604
0 0.5448548812664907 0.6485148514851485 0.014511873350923483 0.0891089108910891
0 0.48284960422163586 0.3564356435643564 0.0079155672823219 0.039603960396039604
0 0.3087071240105541 0.33663366336633666 0.0079155672823219 0.039603960396039604
0 0.5817941952506597 0.09405940594059406 0.006596306068601583 0.0297029702970297
0 0.7664907651715039 0.2376237623762376 0.0079155672823219 0.039603960396039604
0 0.58311345646438 0.15346534653465346 0.006596306068601583 0.0297029702970297
0 0.4182058047493404 0.7970297029702971 0.014511873350923483 0.0891089108910891
0 0.4920844327176781 0.10396039603960396 0.006596306068601583 0.0297029702970297
0 0.23087071240105542 0.17326732673267325 0.006596306068601583 0.0297029702970297
0 0.6635883905013192 0.22277227722772278 0.006596306068601583 0.0297029702970297
0 0.8891820580474934 0.9405940594059405 0.014511873350923483 0.0891089108910891
0 0.5488126649076517 0.13861386138613863 0.006596306068601583 0.0297029702970297
0 0.7242744063324539 0.5643564356435643 0.0079155672823219 0.039603960396039604
0 0.6965699208443272 0.33663366336633666 0.0079155672823219 0.039603960396039604
0 0.39313984168865435 0.5594059405940595 0.0079155672823219 0.039603960396039604
0 0.4604221635883905 0.43564356435643564 0.0079155672823219 0.039603960396039604
0 0.341688654353562 0.3217821782178218 0.0079155672823219 0.039603960396039604
0 0.895778364116095 0.37623762376237624 0.0079155672823219 0.039603960396039604
0 0.09630606860158311 0.37623762376237624 0.010554089709762533 0.06435643564356436
0 0.7071240105540897 0.4900990099009901 0.0079155672823219 0.039603960396039604
0 0.39313984168865435 0.024752475247524754 0.006596306068601583 0.0297029702970297
0 0.43535620052770446 0.20297029702970298 0.006596306068601583 0.0297029702970297
0 0.17941952506596306 0.8168316831683168 0.014511873350923483 0.0891089108910891
0 0.4788918205804749 0.19306930693069307 0.006596306068601583 0.0297029702970297
0 0.48284960422163586 0.24257425742574257 0.0079155672823219 0.039603960396039604
0 0.44063324538258575 0.024752475247524754 0.006596306068601583 0.0297029702970297
0 0.7031662269129287 0.6584158415841584 0.014511873350923483 0.0891089108910891
0 0.8575197889182058 0.4752475247524752 0.0079155672823219 0.039603960396039604
0 0.8364116094986808 0.48514851485148514 0.0079155672823219 0.039603960396039604
0 0.10817941952506596 0.33663366336633666 0.010554089709762533 0.06435643564356436
0 0.10158311345646438 0.9653465346534653 0.014511873350923483 0.0891089108910891
0 0.42744063324538256 0.38613861386138615 0.0079155672823219 0.039603960396039604
0 0.6424802110817942 0.16831683168316833 0.006596306068601583 0.0297029702970297
0 0.4313984168865435 0.2524752475247525 0.0079155672823219 0.039603960396039604
0 0.3891820580474934 0.297029702970297 0.0079155672823219 0.039603960396039604
0 0.2796833773087071 0.28217821782178215 0.0079155672823219 0.039603960396039604
0 0.5963060686015831 0.3811881188118812 0.0079155672823219 0.039603960396039604
0 0.5778364116094987 0.5 0.0079155672823219 0.039603960396039604
0 0.23614775725593667 0.7574257425742574 0.014511873350923483 0.0891089108910891
0 0.12532981530343007 0.3069306930693069 0.009234828496042216 0.04950495049504951
0 0.866754617414248 0.3465346534653465 0.0079155672823219 0.039603960396039604
0 0.7744063324538258 0.900990099009901 0.014511873350923483 0.0891089108910891
0 0.23614775725593667 0.2722772277227723 0.0079155672823219 0.039603960396039604
0 0.09498680738786279 0.32673267326732675 0.010554089709762533 0.06435643564356436
0 0.6767810026385225 0.9455445544554455 0.014511873350923483 0.0891089108910891
0 0.4736147757255937 0.26732673267326734 0.0079155672823219 0.039603960396039604
0 0.8456464379947229 0.400990099009901 0.0079155672823219 0.039603960396039604
0 0.3469656992084433 0.6633663366336634 0.014511873350923483 0.0891089108910891
0 0.7467018469656992 0.2376237623762376 0.0079155672823219 0.039603960396039604
0 0.6279683377308707 0.19306930693069307 0.006596306068601583 0.0297029702970297
0 0.3970976253298153 0.20297029702970298 0.006596306068601583 0.0297029702970297
0 0.27308707124010556 0.15346534653465346 0.006596306068601583 0.0297029702970297
0 0.4287598944591029 0.49504950495049505 0.0079155672823219 0.039603960396039604
0 0.4340369393139842 0.599009900990099 0.0079155672823219 0.039603960396039604
0 0.7664907651715039 0.5445544554455446 0.0079155672823219 0.039603960396039604
0 0.24802110817941952 0.6732673267326733 0.014511873350923483 0.0891089108910891
