0 0.1675 0.7703435804701627 0.0325 0.054249547920433995
0 0.42625 0.5877034358047016 0.025 0.054249547920433995
0 0.26875 0.6003616636528029 0.025 0.054249547920433995
0 0.5525 0.41229656419529837 0.02375 0.04701627486437613
0 0.51375 0.35804701627486435 0.02375 0.04701627486437613
0 0.605 0.9312839059674503 0.0325 0.054249547920433995
0 0.5175 0.9746835443037974 0.0325 0.054249547920433995
0 0.0475 0.35985533453887886 0.0275 0.0433996383363472
0 0.47125 0.2694394213381555 0.02375 0.04701627486437613
0 0.335 0.6184448462929476 0.025 0.054249547920433995
0 0.1175 0.34900542495479203 0.0275 0.0433996383363472
0 0.28125 0.3508137432188065 0.02375 0.04701627486437613
0 0.50375 0.833634719710669 0.0325 0.054249547920433995
0 0.1 0.5949367088607594 0.0325 0.054249547920433995
0 0.21625 0.5479204339963833 0.025 0.054249547920433995
0 0.075 0.7974683544303798 0.0325 0.054249547920433995
0 0.46875 0.9656419529837251 0.0325 0.054249547920433995
0 0.27 0.7070524412296564 0.0325 0.054249547920433995
0 0.835 0.0650994575045208 0.03 0.0705244122965642
0 0.57625 0.5280289330922242 0.025 0.054249547920433995
0 0.5475 0.2640144665461121 0.02375 0.04701627486437613
0 0.1975 0.4810126582278481 0.025 0.054249547920433995
0 0.4275 0.3345388788426763 0.02375 0.04701627486437613
0 0.165 0.6256781193490054 0.025 0.054249547920433995
0 0.5775 0.7468354430379747 0.0325 0.054249547920433995
0 0.44375 0.6292947558770343 0.025 0.054249547920433995
0 0.49625 0.4358047016274864 0.02375 0.04701627486437613
0 0.315 0.3399638336347197 0.02375 0.04701627486437613
0 0.12125 0.5027124773960217 0.0275 0.0433996383363472
0 0.215 0.8010849909584087 0.0325 0.054249547920433995
0 0.4275 0.4358047016274864 0.02375 0.04701627486437613
0 0.12 0.6925858951175407 0.0325 0.054249547920433995
0 0.6125 0.4104882459312839 0.02375 0.04701627486437613
0 0.28625 0.45569620253164556 0.02375 0.04701627486437613
0 0.04625 0.3074141048824593 0.0275 0.0433996383363472
0 0.36125 0.6184448462929476 0.025 0.054249547920433995
0 0.45 0.8010849909584087 0.0325 0.054249547920433995
0 0.40125 0.6491862567811935 0.025 0.054249547920433995
0 0.53625 0.37251356238698013 0.02375 0.04701627486437613
0 0.02875 0.6998191681735986 0.0325 0.054249547920433995
0 0.07375 0.8698010849909584 0.0325 0.054249547920433995
0 0.43 0.8282097649186256 0.0325 0.054249547920433995
0 0.2925 0.5551537070524413 0.025 0.054249547920433995
0 0.39875 0.8318264014466547 0.0325 0.054249547920433995
0 0.58125 0.24954792043399637 0.02375 0.04701627486437613
0 0.2 0.7233273056057866 0.0325 0.054249547920433995
0 0.42875 0.25678119349005424 0.02375 0.04701627486437613
0 0.48375 0.6546112115732369 0.025 0.054249547920433995
0 0.12625 0.6311030741410488 0.0325 0.054249547920433995
0 0.27375 0.8499095840867993 0.0325 0.054249547920433995
0 0.375 0.566003616636528 0.025 0.054249547920433995
0 0.5525 0.8661844484629295 0.0325 0.054249547920433995
0 0.54 0.7775768535262206 0.0325 0.054249547920433995
0 0.46 0.5515370705244123 0.025 0.054249547920433995
0 0.2725 0.9529837251356239 0.0325 0.054249547920433995
0 0.58125 0.9656419529837251 0.0325 0.054249547920433995
0 0.1775 0.8679927667269439 0.0325 0.054249547920433995
0 0.09125 0.9837251356238698 0.0425 0.059674502712477394
0 0.51 0.2911392405063291 0.02375 0.04701627486437613
0 0.3075 0.8191681735985533 0.0325 0.054249547920433995
0 0.36875 0.30198915009041594 0.02375 0.04701627486437613
