0 0.523125 0.7855805243445693 0.00875 0.015917602996254682
0 0.178125 0.7855805243445693 0.00875 0.015917602996254682
0 0.208125 0.8136704119850188 0.00875 0.015917602996254682
0 0.686875 0.8249063670411985 0.00875 0.015917602996254682
0 0.1675 0.7715355805243446 0.00875 0.015917602996254682
0 0.48625 0.802434456928839 0.00875 0.015917602996254682
0 0.635625 0.7837078651685393 0.00875 0.015917602996254682
0 0.514375 0.7902621722846442 0.00875 0.015917602996254682
0 0.235 0.8202247191011236 0.00875 0.015917602996254682
0 0.32125 0.8071161048689138 0.00875 0.015917602996254682
0 0.373125 0.8333333333333334 0.03875 0.06273408239700375
0 0.335625 0.8211610486891385 0.00875 0.015917602996254682
0 0.33875 0.7949438202247191 0.00875 0.015917602996254682
0 0.45 0.7659176029962547 0.00875 0.015917602996254682
0 0.25625 0.8342696629213483 0.0175 0.03089887640449438
0 0.475 0.7631086142322098 0.00875 0.015917602996254682
0 0.783125 0.7790262172284644 0.00875 0.015917602996254682
0 0.373125 0.7649812734082397 0.00875 0.015917602996254682
0 0.4525 0.7865168539325843 0.00875 0.015917602996254682
0 0.078125 0.7874531835205992 0.00875 0.015917602996254682
0 0.804375 0.9765917602996255 0.03875 0.06273408239700375
0 0.698125 0.7883895131086143 0.00875 0.015917602996254682
0 0.52125 0.7631086142322098 0.00875 0.015917602996254682
0 0.11 0.7968164794007491 0.00875 0.015917602996254682
0 0.510625 0.7724719101123596 0.00875 0.015917602996254682
0 0.4475 0.7855805243445693 0.00875 0.015917602996254682
0 0.5125 0.797752808988764 0.00875 0.015917602996254682
0 0.38375 0.7612359550561798 0.00875 0.015917602996254682
0 0.526875 0.8183520599250936 0.00875 0.015917602996254682
0 0.14875 0.7827715355805244 0.00875 0.015917602996254682
0 0.36 0.7762172284644194 0.00875 0.015917602996254682
0 0.444375 0.7584269662921348 0.00875 0.015917602996254682
0 0.4025 0.7827715355805244 0.00875 0.015917602996254682
0 0.34 0.7649812734082397 0.00875 0.015917602996254682
0 0.416875 0.7799625468164794 0.00875 0.015917602996254682
0 0.9775 0.7855805243445693 0.01625 0.027153558052434457
0 0.423125 0.7631086142322098 0.00875 0.015917602996254682
0 0.25625 0.799625468164794 0.00875 0.015917602996254682
0 0.304375 0.7921348314606742 0.00875 0.015917602996254682
0 0.761875 0.7790262172284644 0.00875 0.015917602996254682
0 0.584375 0.7584269662921348 0.00875 0.015917602996254682
0 0.46125 0.7827715355805244 0.00875 0.015917602996254682
0 0.598125 0.9419475655430711 0.03875 0.06273408239700375
0 0.90875 0.797752808988764 0.00875 0.015917602996254682
0 0.61875 1.0018726591760299 0.03875 0.06273408239700375
0 0.236875 0.7705992509363296 0.00875 0.015917602996254682
0 0.8175 0.7743445692883895 0.00875 0.015917602996254682
0 0.375625 0.7602996254681648 0.00875 0.015917602996254682
0 0.3575 0.8164794007490637 0.00875 0.015917602996254682
0 0.990625 0.9606741573033708 0.03875 0.06273408239700375
0 0.368125 0.7659176029962547 0.00875 0.015917602996254682
0 0.645625 0.800561797752809 0.00875 0.015917602996254682
0 0.43875 0.7621722846441947 0.00875 0.015917602996254682
0 0.72875 0.8286516853932584 0.01625 0.028089887640449437
0 0.38 0.7640449438202247 0.00875 0.015917602996254682
0 0.6825 0.799625468164794 0.00875 0.015917602996254682
0 0.485 0.7659176029962547 0.00875 0.015917602996254682
0 0.425 0.9297752808988764 0.03875 0.06273408239700375
0 0.903125 0.7930711610486891 0.00875 0.015917602996254682
0 0.595625 0.7874531835205992 0.00875 0.015917602996254682
0 0.648125 0.8586142322097379 0.03875 0.06273408239700375
0 0.35625 0.7799625468164794 0.00875 0.015917602996254682
0 0.355 0.7612359550561798 0.00875 0.015917602996254682
0 0.775625 0.9990636704119851 0.03875 0.06273408239700375
0 0.85125 0.7799625468164794 0.00875 0.015917602996254682
0 0.765 0.7574906367041199 0.00875 0.015917602996254682
0 0.533125 0.7780898876404494 0.00875 0.015917602996254682
0 0.369375 0.7790262172284644 0.00875 0.015917602996254682
0 0.67 0.7874531835205992 0.00875 0.015917602996254682
0 0.5675 0.8249063670411985 0.00875 0.015917602996254682
0 0.46875 0.7715355805243446 0.00875 0.015917602996254682
0 0.108125 0.7752808988764045 0.00875 0.015917602996254682
0 0.3875 0.7762172284644194 0.00875 0.015917602996254682
0 0.345625 0.7696629213483146 0.00875 0.015917602996254682
0 0.384375 0.7874531835205992 0.00875 0.015917602996254682
0 0.401875 0.7659176029962547 0.00875 0.015917602996254682
0 0.363125 0.7752808988764045 0.00875 0.015917602996254682
0 0.225 0.7874531835205992 0.00875 0.015917602996254682
0 0.34375 0.8586142322097379 0.02125 0.033707865168539325
0 0.620625 0.7715355805243446 0.00875 0.015917602996254682
0 0.42125 0.8801498127340824 0.03875 0.06273408239700375
0 0.365625 0.7565543071161048 0.00875 0.015917602996254682
0 0.4 0.7574906367041199 0.00875 0.015917602996254682
0 0.46125 0.8764044943820225 0.03875 0.06273408239700375
0 0.5275 0.7743445692883895 0.00875 0.015917602996254682
0 0.66 0.7930711610486891 0.00875 0.015917602996254682
0 0.39125 0.7659176029962547 0.00875 0.015917602996254682
0 0.72 0.9625468164794008 0.03875 0.06273408239700375
0 0.461875 0.7724719101123596 0.00875 0.015917602996254682
0 0.395625 0.8155430711610487 0.00875 0.015917602996254682
0 0.349375 0.7949438202247191 0.00875 0.015917602996254682
0 0.54125 0.8745318352059925 0.03875 0.06273408239700375
0 0.293125 0.9232209737827716 0.0175 0.0299625468164794
0 0.54125 0.795880149812734 0.00875 0.015917602996254682
0 0.95375 0.7911985018726592 0.00875 0.015917602996254682
0 0.42125 0.7874531835205992 0.00875 0.015917602996254682
0 0.578125 0.7846441947565543 0.00875 0.015917602996254682
0 0.873125 0.798689138576779 0.00875 0.015917602996254682
0 0.158125 0.8089887640449438 0.016875 0.0299625468164794
0 0.395 0.7649812734082397 0.00875 0.015917602996254682
0 0.608125 0.7677902621722846 0.00875 0.015917602996254682
0 0.408125 0.7631086142322098 0.00875 0.015917602996254682
0 0.46125 0.7612359550561798 0.00875 0.015917602996254682
0 0.41625 0.7602996254681648 0.00875 0.015917602996254682
0 0.578125 0.7565543071161048 0.00875 0.015917602996254682
0 0.04375 0.8239700374531835 0.00875 0.015917602996254682
0 0.94 0.9878277153558053 0.03875 0.06273408239700375
0 0.44125 0.7602996254681648 0.00875 0.015917602996254682
0 0.61 0.798689138576779 0.00875 0.015917602996254682
0 0.570625 0.7546816479400749 0.00875 0.015917602996254682
0 0.41125 0.7940074906367042 0.00875 0.015917602996254682
0 0.37125 0.7734082397003745 0.00875 0.015917602996254682
0 0.560625 0.7837078651685393 0.00875 0.015917602996254682
0 0.43875 0.7790262172284644 0.00875 0.015917602996254682
0 0.491875 0.8202247191011236 0.00875 0.015917602996254682
0 0.19625 0.8267790262172284 0.00625 0.014044943820224719
0 0.43125 0.7556179775280899 0.00875 0.015917602996254682
0 0.395 0.7940074906367042 0.00875 0.015917602996254682
0 0.285625 0.7921348314606742 0.00875 0.015917602996254682
0 0.84625 0.7790262172284644 0.00875 0.015917602996254682
0 0.546875 0.7827715355805244 0.00875 0.015917602996254682
0 0.595 0.7734082397003745 0.00875 0.015917602996254682
0 0.688125 0.7734082397003745 0.00875 0.015917602996254682
0 0.46875 0.7846441947565543 0.00875 0.015917602996254682
0 0.56875 0.7696629213483146 0.00875 0.015917602996254682
0 0.504375 0.7631086142322098 0.00875 0.015917602996254682
0 0.668125 0.799625468164794 0.00875 0.015917602996254682
0 0.544375 0.7640449438202247 0.00875 0.015917602996254682
0 0.535 0.7930711610486891 0.00875 0.015917602996254682
0 0.62875 0.8127340823970037 0.00875 0.015917602996254682
