0 0.48833333333333334 0.035 0.015 0.0325
0 0.7733333333333333 0.3375 0.056666666666666664 0.1275
0 0.5383333333333333 0.065 0.015 0.0325
0 0.18833333333333332 0.14 0.011666666666666667 0.025
0 0.5366666666666666 0.2675 0.013333333333333334 0.03
0 0.675 0.375 0.035 0.07
0 0.7683333333333333 0.46 0.056666666666666664 0.1275
0 0.7316666666666667 0.38 0.028333333333333332 0.06
0 0.54 0.3575 0.035 0.0575
0 0.65 0.0725 0.015 0.0325
0 0.675 0.2825 0.035 0.07
0 0.06833333333333333 0.165 0.011666666666666667 0.025
0 0.06166666666666667 0.2625 0.011666666666666667 0.025
0 0.8616666666666667 0.07 0.02 0.0425
0 0.625 0.06 0.015 0.0325
0 0.6083333333333333 0.0175 0.015 0.0325
0 0.38 0.14 0.07833333333333334 0.1475
0 0.5016666666666667 0.335 0.035 0.0575
0 0.25833333333333336 0.2375 0.07833333333333334 0.1475
0 0.995 0.4025 0.018333333333333333 0.0775
0 0.10833333333333334 0.26 0.011666666666666667 0.025
