0 0.41809672386895474 0.3388888888888889 0.10920436817472699 0.25277777777777777
0 0.0171606864274571 0.20555555555555555 0.0249609984399376 0.11666666666666667
0 0.08892355694227769 0.26944444444444443 0.0358814352574103 0.11666666666666667
0 0.47425897035881437 0.275 0.0390015600624025 0.1111111111111111
0 0.0436817472698908 0.2833333333333333 0.0358814352574103 0.11666666666666667
0 0.9547581903276131 0.28055555555555556 0.06396255850234009 0.1638888888888889
0 0.8517940717628705 0.6194444444444445 0.0904836193447738 0.20555555555555555
0 0.5959438377535101 0.2833333333333333 0.06396255850234009 0.1638888888888889
0 0.7940717628705148 0.24722222222222223 0.06396255850234009 0.1638888888888889
0 0.7316692667706708 0.2638888888888889 0.06396255850234009 0.1638888888888889
0 0.1622464898595944 0.26944444444444443 0.08268330733229329 0.1527777777777778
0 0.21528861154446177 0.21944444444444444 0.08268330733229329 0.1527777777777778
0 0.8517940717628705 0.20277777777777778 0.06396255850234009 0.1638888888888889
0 0.09828393135725429 0.30833333333333335 0.0358814352574103 0.11666666666666667
0 0.31513260530421217 0.19166666666666668 0.10920436817472699 0.25277777777777777
