0 0.8373145587125974 0.42479213907785335 0.024893135529293436 0.04081632653061224
0 0.23283882323359317 0.47316704459561604 0.01634397787276842 0.024943310657596373
0 0.01684686949962283 0.47770219198790626 0.01634397787276842 0.024943310657596373
0 0.7025396027156148 0.47203325774754346 0.018606990193613275 0.048752834467120185
0 0.6178023635906462 0.4508692365835223 0.012069399044505909 0.021164021164021163
0 0.43122957002765905 0.47656840513983373 0.0155896404324868 0.02947845804988662
0 0.9595172240382198 0.4546485260770975 0.012572290671360321 0.023809523809523808
0 0.5126980135780739 0.46636432350718066 0.014332411365350767 0.027210884353741496
0 0.5775710334422932 0.46485260770975056 0.014332411365350767 0.027210884353741496
0 0.10963037465426201 0.5132275132275133 0.014835302992205179 0.030234315948601664
0 0.54815187327131 0.5049130763416477 0.014332411365350767 0.027210884353741496
0 0.6545134523510183 0.4557823129251701 0.011566507417651497 0.01927437641723356
0 0.8860950465174755 0.4395313681027967 0.024893135529293436 0.04081632653061224
0 0.38747799849132514 0.47505668934240364 0.01131506160422429 0.021919879062736205
0 0.3628363087754589 0.5049130763416477 0.01131506160422429 0.021919879062736205
0 0.46567764646718635 0.4444444444444444 0.028664822730701534 0.05253212396069539
0 0.19914508423434749 0.48148148148148145 0.01684686949962283 0.030990173847316706
0 0.30600955494091026 0.48299319727891155 0.01131506160422429 0.021919879062736205
0 0.6947447824993714 0.4425547996976568 0.018606990193613275 0.048752834467120185
0 0.5159668091526276 0.4833711262282691 0.014332411365350767 0.027210884353741496
0 0.6482273070153382 0.45880574452003026 0.011566507417651497 0.01927437641723356
0 0.36183052552175005 0.49206349206349204 0.01131506160422429 0.021919879062736205
0 0.2841337691727433 0.4981103552532124 0.018104098566758865 0.03476946334089191
0 0.39829016846869497 0.47203325774754346 0.01131506160422429 0.021919879062736205
0 0.37666582851395525 0.47316704459561604 0.01131506160422429 0.021919879062736205
0 0.6771435755594669 0.45729402872260017 0.011566507417651497 0.01927437641723356
0 0.18204676892129745 0.4833711262282691 0.015841086245914005 0.02985638699924414
0 0.35453859693236106 0.48148148148148145 0.01131506160422429 0.021919879062736205
0 0.24893135529293436 0.4871504157218443 0.014583857178777974 0.02834467120181406
0 0.1722403821976364 0.4584278155706727 0.02388735227558461 0.03854875283446712
0 0.3356801609253206 0.4837490551776266 0.01131506160422429 0.021919879062736205
0 0.09504651747548404 0.5211640211640212 0.014835302992205179 0.030234315948601664
0 0.4427960774453105 0.47770219198790626 0.028664822730701534 0.05253212396069539
0 0.9753583102841338 0.45880574452003026 0.004526024641689716 0.006802721088435374
0 0.626100075433744 0.4512471655328798 0.011566507417651497 0.01927437641723356
0 0.07342217752074429 0.4984882842025699 0.014835302992205179 0.030234315948601664
0 0.5287905456374151 0.47656840513983373 0.014332411365350767 0.027210884353741496
0 0.5038974101081217 0.47165532879818595 0.014332411365350767 0.027210884353741496
0 0.8056323862207694 0.46787603930461075 0.01835554438018607 0.039304610733182165
0 0.30600955494091026 0.5128495842781557 0.01131506160422429 0.021919879062736205
0 0.9906965049031934 0.4595616024187453 0.004526024641689716 0.006802721088435374
0 0.02816193110384712 0.48110355253212395 0.014835302992205179 0.030234315948601664
