0 0.5480769230769231 0.7834757834757835 0.05128205128205128 0.12535612535612536
0 0.2932692307692308 0.6866096866096866 0.05128205128205128 0.1282051282051282
0 0.6762820512820513 0.6723646723646723 0.038461538461538464 0.09971509971509972
0 0.10897435897435898 0.6096866096866097 0.020833333333333332 0.045584045584045586
0 0.05929487179487179 0.6894586894586895 0.05128205128205128 0.1282051282051282
0 0.10256410256410256 0.7065527065527065 0.05128205128205128 0.1282051282051282
0 0.41346153846153844 0.7150997150997151 0.05608974358974359 0.13105413105413105
0 0.8044871794871795 0.8945868945868946 0.05608974358974359 0.14245014245014245
0 0.14583333333333334 0.6381766381766382 0.020833333333333332 0.045584045584045586
0 0.48717948717948717 0.7777777777777778 0.05608974358974359 0.13105413105413105
0 0.30448717948717946 0.9088319088319088 0.05128205128205128 0.1282051282051282
0 0.9951923076923077 0.8490028490028491 0.05608974358974359 0.14245014245014245
0 0.2467948717948718 0.7407407407407407 0.05128205128205128 0.1282051282051282
0 0.06570512820512821 0.7863247863247863 0.05128205128205128 0.1282051282051282
0 0.9663461538461539 0.8290598290598291 0.05608974358974359 0.14245014245014245
0 0.9839743589743589 0.9772079772079773 0.05608974358974359 0.14245014245014245
0 0.42948717948717946 0.7749287749287749 0.05608974358974359 0.13105413105413105
0 0.7836538461538461 0.8233618233618234 0.05608974358974359 0.14245014245014245
0 0.8974358974358975 0.8689458689458689 0.05608974358974359 0.14245014245014245
0 0.1266025641025641 0.8575498575498576 0.05128205128205128 0.1282051282051282
0 0.3557692307692308 0.717948717948718 0.05128205128205128 0.1282051282051282
0 0.7115384615384616 0.7378917378917379 0.05608974358974359 0.14245014245014245
0 0.1858974358974359 0.7065527065527065 0.05128205128205128 0.1282051282051282
0 0.7067307692307693 0.8945868945868946 0.05608974358974359 0.14245014245014245
0 0.9743589743589743 0.7321937321937322 0.05608974358974359 0.14245014245014245
0 0.3766025641025641 0.6011396011396012 0.030448717948717948 0.06552706552706553
