0 0.58298755186722 0.4992721979621543 0.008298755186721992 0.01601164483260553
0 0.19398340248962656 0.7045123726346434 0.021784232365145227 0.04512372634643377
0 0.9865145228215768 0.6797671033478894 0.01867219917012448 0.02911208151382824
0 0.1545643153526971 0.19213973799126638 0.004149377593360996 0.00727802037845706
0 0.4315352697095436 0.38282387190684136 0.008298755186721992 0.011644832605531296
0 0.21369294605809128 0.19796215429403202 0.004149377593360996 0.00727802037845706
0 0.3091286307053942 0.47016011644832606 0.005186721991701245 0.00727802037845706
0 0.6639004149377593 0.6084425036390102 0.008298755186721992 0.01601164483260553
0 0.5155601659751037 0.3245997088791849 0.008298755186721992 0.011644832605531296
0 0.49377593360995853 0.31877729257641924 0.008298755186721992 0.011644832605531296
0 0.4678423236514523 0.39737991266375544 0.008298755186721992 0.011644832605531296
0 0.008298755186721992 0.7030567685589519 0.024896265560165973 0.06986899563318777
0 0.3495850622406639 0.4497816593886463 0.005186721991701245 0.00727802037845706
0 0.24273858921161826 0.30858806404657935 0.008298755186721992 0.011644832605531296
0 0.26348547717842324 0.11790393013100436 0.004149377593360996 0.00727802037845706
0 0.4004149377593361 0.31877729257641924 0.008298755186721992 0.011644832605531296
0 0.9242738589211619 0.7540029112081513 0.01867219917012448 0.02911208151382824
0 0.23651452282157676 0.6899563318777293 0.03008298755186722 0.05822416302765648
0 0.5259336099585062 0.37554585152838427 0.008298755186721992 0.011644832605531296
0 0.18464730290456433 0.2954876273653566 0.008298755186721992 0.011644832605531296
0 0.3091286307053942 0.10189228529839883 0.004149377593360996 0.00727802037845706
0 0.6701244813278008 0.7685589519650655 0.016597510373443983 0.026200873362445413
0 0.20228215767634855 0.20232896652110627 0.004149377593360996 0.00727802037845706
0 0.42012448132780084 0.44541484716157204 0.005186721991701245 0.00727802037845706
0 0.2883817427385892 0.2838427947598253 0.008298755186721992 0.011644832605531296
0 0.5622406639004149 0.8165938864628821 0.015560165975103735 0.026200873362445413
0 0.1566390041493776 0.8326055312954876 0.021784232365145227 0.04512372634643377
0 0.5124481327800829 0.44395924308588064 0.005186721991701245 0.00727802037845706
0 0.20850622406639005 0.16011644832605532 0.004149377593360996 0.00727802037845706
0 0.2769709543568465 0.11790393013100436 0.004149377593360996 0.00727802037845706
0 0.2479253112033195 0.27074235807860264 0.008298755186721992 0.011644832605531296
0 0.3962655601659751 0.44395924308588064 0.005186721991701245 0.00727802037845706
0 0.22302904564315354 0.15283842794759825 0.004149377593360996 0.00727802037845706
0 0.5591286307053942 0.38427947598253276 0.008298755186721992 0.011644832605531296
0 0.39315352697095435 0.32023289665211063 0.008298755186721992 0.011644832605531296
0 0.3153526970954357 0.11790393013100436 0.004149377593360996 0.00727802037845706
0 0.23962655601659752 0.1586608442503639 0.004149377593360996 0.00727802037845706
0 0.17531120331950206 0.31149927219796214 0.008298755186721992 0.011644832605531296
0 0.5197095435684648 0.7656477438136827 0.014522821576763486 0.023289665211062592
0 0.22302904564315354 0.29694323144104806 0.008298755186721992 0.011644832605531296
0 0.47925311203319504 0.5254730713245997 0.008298755186721992 0.01601164483260553
0 0.7946058091286307 0.529839883551674 0.05705394190871369 0.11062590975254731
0 0.3278008298755187 0.11790393013100436 0.004149377593360996 0.00727802037845706
0 0.3360995850622407 0.45414847161572053 0.005186721991701245 0.00727802037845706
0 0.5404564315352697 0.38282387190684136 0.008298755186721992 0.011644832605531296
0 0.39315352697095435 0.37409024745269287 0.008298755186721992 0.011644832605531296
0 0.533195020746888 0.4847161572052402 0.008298755186721992 0.01601164483260553
0 0.558091286307054 0.5836972343522562 0.008298755186721992 0.01601164483260553
0 0.22821576763485477 0.2663755458515284 0.008298755186721992 0.011644832605531296
0 0.5466804979253111 0.6870451237263464 0.014522821576763486 0.023289665211062592
0 0.35892116182572614 0.44541484716157204 0.005186721991701245 0.00727802037845706
0 0.27074688796680496 0.11208151382823872 0.004149377593360996 0.00727802037845706
0 0.5394190871369294 0.7409024745269287 0.014522821576763486 0.023289665211062592
0 0.9647302904564315 0.7438136826783115 0.01867219917012448 0.02911208151382824
0 0.14522821576763487 0.2066957787481805 0.004149377593360996 0.00727802037845706
0 0.19294605809128632 0.19796215429403202 0.004149377593360996 0.00727802037845706
0 0.41597510373443985 0.4294032023289665 0.008298755186721992 0.011644832605531296
0 0.35892116182572614 0.46142649199417757 0.005186721991701245 0.00727802037845706
0 0.2157676348547718 0.2692867540029112 0.008298755186721992 0.011644832605531296
0 0.470954356846473 0.3260553129548763 0.008298755186721992 0.011644832605531296
0 0.1607883817427386 0.7729257641921398 0.021784232365145227 0.04512372634643377
0 0.29149377593361 0.12081513828238719 0.004149377593360996 0.00727802037845706
0 0.8973029045643154 0.7467248908296943 0.01867219917012448 0.02911208151382824
0 0.17427385892116182 0.18922852983988356 0.004149377593360996 0.00727802037845706
0 0.245850622406639 0.16011644832605532 0.004149377593360996 0.00727802037845706
0 0.4004149377593361 0.47016011644832606 0.038381742738589214 0.07423580786026202
0 0.21887966804979253 0.1804949053857351 0.004149377593360996 0.00727802037845706
0 0.30186721991701243 0.29112081513828236 0.008298755186721992 0.011644832605531296
0 0.19605809128630705 0.1615720524017467 0.004149377593360996 0.00727802037845706
0 0.28734439834024894 0.16011644832605532 0.004149377593360996 0.00727802037845706
0 0.16493775933609958 0.19213973799126638 0.004149377593360996 0.00727802037845706
0 0.33195020746887965 0.28093158660844253 0.008298755186721992 0.011644832605531296
0 0.4979253112033195 0.4556040756914119 0.008298755186721992 0.01601164483260553
0 0.229253112033195 0.19213973799126638 0.004149377593360996 0.00727802037845706
0 0.5622406639004149 0.4992721979621543 0.008298755186721992 0.01601164483260553
0 0.7365145228215768 0.8005822416302766 0.016597510373443983 0.026200873362445413
0 0.13278008298755187 0.2852983988355167 0.008298755186721992 0.011644832605531296
0 0.5155601659751037 0.6841339155749636 0.014522821576763486 0.023289665211062592
0 0.47199170124481327 0.43377001455604075 0.005186721991701245 0.00727802037845706
0 0.1607883817427386 0.33770014556040756 0.008298755186721992 0.011644832605531296
0 0.19294605809128632 0.17903930131004367 0.004149377593360996 0.00727802037845706
0 0.6358921161825726 0.653566229985444 0.008298755186721992 0.01601164483260553
0 0.4574688796680498 0.4410480349344978 0.005186721991701245 0.00727802037845706
0 0.6120331950207469 0.7627365356622998 0.024896265560165973 0.056768558951965066
0 0.31224066390041494 0.7962154294032023 0.01037344398340249 0.026200873362445413
0 0.35892116182572614 0.29839883551673946 0.008298755186721992 0.011644832605531296
0 0.28319502074688796 0.7583697234352256 0.035269709543568464 0.06550218340611354
0 0.4139004149377593 0.4032023289665211 0.008298755186721992 0.011644832605531296
0 0.4450207468879668 0.487627365356623 0.005186721991701245 0.00727802037845706
0 0.4491701244813278 0.32023289665211063 0.008298755186721992 0.011644832605531296
0 0.4170124481327801 0.32023289665211063 0.008298755186721992 0.011644832605531296
0 0.1825726141078838 0.21251819505094613 0.004149377593360996 0.00727802037845706
0 0.29564315352697096 0.2576419213973799 0.008298755186721992 0.011644832605531296
0 0.49896265560165975 0.50509461426492 0.008298755186721992 0.01601164483260553
0 0.2987551867219917 0.11644832605531295 0.004149377593360996 0.00727802037845706
0 0.9139004149377593 0.6943231441048034 0.01867219917012448 0.02911208151382824
0 0.6763485477178424 0.6448326055312955 0.008298755186721992 0.01601164483260553
0 0.3682572614107884 0.4512372634643377 0.005186721991701245 0.00727802037845706
0 0.33713692946058094 0.11062590975254731 0.004149377593360996 0.00727802037845706
0 0.4367219917012448 0.44541484716157204 0.005186721991701245 0.00727802037845706
0 0.48858921161825725 0.4410480349344978 0.005186721991701245 0.00727802037845706
0 0.1690871369294606 0.2823871906841339 0.008298755186721992 0.011644832605531296
0 0.6514522821576764 0.6142649199417758 0.008298755186721992 0.01601164483260553
0 0.21369294605809128 0.2954876273653566 0.008298755186721992 0.011644832605531296
0 0.2033195020746888 0.3304221251819505 0.008298755186721992 0.011644832605531296
0 0.49377593360995853 0.7700145560407569 0.014522821576763486 0.023289665211062592
0 0.37863070539419086 0.35662299854439594 0.008298755186721992 0.011644832605531296
0 0.5321576763485477 0.3071324599708879 0.008298755186721992 0.011644832605531296
0 0.3070539419087137 0.26346433770014555 0.008298755186721992 0.011644832605531296
0 0.7053941908713693 0.7860262008733624 0.016597510373443983 0.026200873362445413
0 0.520746887966805 0.4294032023289665 0.008298755186721992 0.011644832605531296
0 0.17634854771784234 0.25036390101892286 0.008298755186721992 0.011644832605531296
0 0.18464730290456433 0.19359534206695778 0.004149377593360996 0.00727802037845706
0 0.27074688796680496 0.27510917030567683 0.008298755186721992 0.011644832605531296
0 0.4948132780082988 0.3784570596797671 0.008298755186721992 0.011644832605531296
0 0.1908713692946058 0.32023289665211063 0.008298755186721992 0.011644832605531296
