0 0.89 0.7009237875288684 0.0038461538461538464 0.009237875288683603
0 0.40076923076923077 0.6374133949191686 0.009230769230769232 0.019630484988452657
0 0.5146153846153846 0.6570438799076213 0.019230769230769232 0.03348729792147806
0 0.5892307692307692 0.6466512702078522 0.003076923076923077 0.006928406466512702
0 0.18076923076923077 0.6235565819861432 0.009230769230769232 0.011547344110854504
0 0.6284615384615385 0.6524249422632794 0.004615384615384616 0.013856812933025405
0 0.28923076923076924 0.6316397228637414 0.006923076923076923 0.010392609699769052
0 0.5946153846153847 0.6362586605080831 0.003076923076923077 0.006928406466512702
0 0.43 0.6189376443418014 0.01 0.017321016166281754
0 0.021538461538461538 0.648960739030023 0.02076923076923077 0.04041570438799076
0 0.7907692307692308 0.6339491916859122 0.003076923076923077 0.003464203233256351
0 0.8315384615384616 0.6605080831408776 0.004615384615384616 0.0023094688221709007
0 0.3630769230769231 0.6085450346420324 0.006153846153846154 0.008083140877598153
0 0.34384615384615386 0.640877598152425 0.007692307692307693 0.015011547344110854
0 0.7392307692307692 0.6478060046189377 0.003076923076923077 0.006928406466512702
0 0.38 0.6039260969976905 0.009230769230769232 0.019630484988452657
0 0.33692307692307694 0.6189376443418014 0.007692307692307693 0.013856812933025405
0 0.24153846153846154 0.6177829099307159 0.010769230769230769 0.011547344110854504
0 0.2953846153846154 0.605080831408776 0.006923076923076923 0.010392609699769052
0 0.803076923076923 0.6431870669745958 0.003076923076923077 0.003464203233256351
0 0.5592307692307692 0.628175519630485 0.0 0.0
0 0.67 0.6605080831408776 0.006153846153846154 0.010392609699769052
0 0.26153846153846155 0.6073903002309469 0.005384615384615384 0.011547344110854504
0 0.47615384615384615 0.6963048498845266 0.019230769230769232 0.03348729792147806
0 0.43 0.6882217090069284 0.019230769230769232 0.03348729792147806
0 0.6861538461538461 0.640877598152425 0.01769230769230769 0.025404157043879907
0 0.3346153846153846 0.8556581986143187 0.08846153846153847 0.17321016166281755
0 0.0 0.5900692840646651 0.008461538461538461 0.016166281755196306
0 0.22 0.6177829099307159 0.009230769230769232 0.011547344110854504
0 0.08307692307692308 0.605080831408776 0.005384615384615384 0.008083140877598153
0 0.7638461538461538 0.6431870669745958 0.016153846153846154 0.03464203233256351
0 0.57 0.6154734411085451 0.003076923076923077 0.006928406466512702
0 0.0015384615384615385 0.674364896073903 0.023076923076923078 0.07159353348729793
0 0.9953846153846154 0.663972286374134 0.012307692307692308 0.023094688221709007
0 0.5823076923076923 0.628175519630485 0.003076923076923077 0.006928406466512702
0 0.6415384615384615 0.8106235565819861 0.07846153846153846 0.14665127020785218
0 0.8561538461538462 0.6374133949191686 0.004615384615384616 0.0023094688221709007
0 0.6015384615384616 0.6339491916859122 0.006923076923076923 0.015011547344110854
0 0.5292307692307693 0.6235565819861432 0.0038461538461538464 0.006928406466512702
0 0.8515384615384616 0.6812933025404158 0.004615384615384616 0.0023094688221709007
0 0.4846153846153846 0.6466512702078522 0.01 0.020785219399538105
0 0.6546153846153846 0.6697459584295612 0.006153846153846154 0.010392609699769052
0 0.17384615384615384 0.6108545034642032 0.009230769230769232 0.011547344110854504
0 0.46923076923076923 0.6570438799076213 0.019230769230769232 0.03348729792147806
0 0.4461538461538462 0.6212471131639723 0.01 0.017321016166281754
0 0.14076923076923076 0.6189376443418014 0.010769230769230769 0.02424942263279446
0 0.16538461538461538 0.6096997690531177 0.009230769230769232 0.011547344110854504
0 0.38384615384615384 0.6235565819861432 0.009230769230769232 0.019630484988452657
0 0.4461538461538462 0.6374133949191686 0.01 0.017321016166281754
0 0.65 0.6570438799076213 0.0015384615384615385 0.005773672055427252
0 0.8123076923076923 0.6593533487297921 0.01 0.016166281755196306
0 0.49230769230769234 0.6200923787528868 0.006923076923076923 0.013856812933025405
0 0.2553846153846154 0.6189376443418014 0.005384615384615384 0.011547344110854504
0 0.9307692307692308 0.6732101616628176 0.02 0.03233256351039261
0 0.31076923076923074 0.6316397228637414 0.006923076923076923 0.010392609699769052
0 0.32384615384615384 0.6096997690531177 0.008461538461538461 0.011547344110854504
0 0.7238461538461538 0.6466512702078522 0.003076923076923077 0.006928406466512702
0 0.2553846153846154 0.6397228637413395 0.011538461538461539 0.019630484988452657
0 0.6169230769230769 0.6420323325635104 0.004615384615384616 0.013856812933025405
0 0.5792307692307692 0.640877598152425 0.011538461538461539 0.015011547344110854
0 0.33153846153846156 0.6316397228637414 0.0 0.0
0 0.8892307692307693 0.6397228637413395 0.0038461538461538464 0.004618937644341801
0 0.816923076923077 0.7055427251732102 0.018461538461538463 0.042725173210161664
0 0.41384615384615386 0.6143187066974596 0.01 0.017321016166281754
0 0.1930769230769231 0.6073903002309469 0.009230769230769232 0.011547344110854504
0 0.16615384615384615 0.6616628175519631 0.02846153846153846 0.046189376443418015
0 0.6623076923076923 0.6362586605080831 0.007692307692307693 0.02424942263279446
0 0.7453846153846154 0.6732101616628176 0.022307692307692306 0.04734411085450346
0 0.31 0.6143187066974596 0.006923076923076923 0.010392609699769052
0 0.8192307692307692 0.648960739030023 0.004615384615384616 0.0023094688221709007
0 0.9084615384615384 0.687066974595843 0.002307692307692308 0.005773672055427252
0 0.9553846153846154 0.7193995381062356 0.005384615384615384 0.013856812933025405
0 0.31153846153846154 0.6558891454965358 0.014615384615384615 0.026558891454965358
0 0.2907692307692308 0.6524249422632794 0.011538461538461539 0.03233256351039261
0 0.5146153846153846 0.6339491916859122 0.006923076923076923 0.013856812933025405
0 0.06307692307692307 0.5958429561200924 0.005384615384615384 0.008083140877598153
0 0.05153846153846154 0.5993071593533488 0.005384615384615384 0.008083140877598153
0 0.5453846153846154 0.6339491916859122 0.012307692307692308 0.013856812933025405
0 0.20923076923076922 0.7736720554272517 0.052307692307692305 0.11200923787528869
0 0.8630769230769231 0.6893764434180139 0.026923076923076925 0.04387990762124711
0 0.26615384615384613 0.7032332563510393 0.05 0.10623556581986143
0 0.11076923076923077 0.5946882217090069 0.005384615384615384 0.008083140877598153
0 0.4553846153846154 0.6293302540415704 0.006923076923076923 0.013856812933025405
0 0.19615384615384615 0.6224018475750578 0.009230769230769232 0.011547344110854504
0 0.61 0.6616628175519631 0.011538461538461539 0.025404157043879907
0 0.8007692307692308 0.663972286374134 0.003076923076923077 0.011547344110854504
0 0.6453846153846153 0.6466512702078522 0.006923076923076923 0.012702078521939953
0 0.18769230769230769 0.6478060046189377 0.013846153846153847 0.042725173210161664
0 0.20615384615384616 0.6062355658198614 0.009230769230769232 0.011547344110854504
0 0.2469230769230769 0.6131639722863741 0.005384615384615384 0.011547344110854504
0 0.06923076923076923 0.6674364896073903 0.043076923076923075 0.057736720554272515
0 0.9176923076923077 0.6651270207852193 0.002307692307692308 0.005773672055427252
0 0.02 0.5946882217090069 0.006923076923076923 0.020785219399538105
0 0.3723076923076923 0.6431870669745958 0.018461538461538463 0.03233256351039261
0 0.23923076923076922 0.605080831408776 0.005384615384615384 0.011547344110854504
0 0.40384615384615385 0.6027713625866051 0.004615384615384616 0.009237875288683603
0 0.13230769230769232 0.6524249422632794 0.01769230769230769 0.03233256351039261
0 0.12230769230769231 0.6039260969976905 0.005384615384615384 0.008083140877598153
0 0.4776923076923077 0.6304849884526559 0.006923076923076923 0.013856812933025405
0 0.6369230769230769 0.6466512702078522 0.004615384615384616 0.008083140877598153
0 0.7776923076923077 0.6570438799076213 0.006153846153846154 0.006928406466512702
0 0.07076923076923076 0.6073903002309469 0.005384615384615384 0.008083140877598153
0 0.963076923076923 0.6963048498845266 0.013076923076923076 0.03348729792147806
0 0.5023076923076923 0.6235565819861432 0.006923076923076923 0.013856812933025405
0 0.10615384615384615 0.6166281755196305 0.005384615384615384 0.008083140877598153
0 0.27 0.6189376443418014 0.007692307692307693 0.012702078521939953
0 0.46615384615384614 0.6362586605080831 0.006923076923076923 0.013856812933025405
