0 0.2747395833333333 0.6328125 0.009114583333333334 0.01171875
0 0.65234375 0.291015625 0.053385416666666664 0.083984375
0 0.3736979166666667 0.74609375 0.010416666666666666 0.01953125
0 0.22265625 0.701171875 0.010416666666666666 0.01953125
0 0.8502604166666666 0.349609375 0.053385416666666664 0.083984375
0 0.21484375 0.734375 0.010416666666666666 0.01953125
0 0.4322916666666667 0.6953125 0.010416666666666666 0.01953125
0 0.4934895833333333 0.69140625 0.010416666666666666 0.01953125
0 0.8059895833333334 0.3515625 0.053385416666666664 0.083984375
0 0.3255208333333333 0.935546875 0.014322916666666666 0.029296875
0 0.4739583333333333 0.677734375 0.010416666666666666 0.01953125
0 0.23567708333333334 0.658203125 0.010416666666666666 0.01953125
0 0.13541666666666666 0.61328125 0.009114583333333334 0.01171875
0 0.7330729166666666 0.314453125 0.053385416666666664 0.083984375
0 0.2421875 0.71484375 0.010416666666666666 0.01953125
0 0.45703125 0.65234375 0.010416666666666666 0.01953125
0 0.234375 0.685546875 0.010416666666666666 0.01953125
0 0.3138020833333333 0.728515625 0.010416666666666666 0.01953125
0 0.16666666666666666 0.62109375 0.009114583333333334 0.01171875
0 0.4869791666666667 0.66796875 0.010416666666666666 0.01953125
0 0.4166666666666667 0.744140625 0.010416666666666666 0.01953125
0 0.3841145833333333 0.68359375 0.010416666666666666 0.01953125
0 0.47265625 0.701171875 0.010416666666666666 0.01953125
0 0.203125 0.701171875 0.010416666666666666 0.01953125
0 0.4114583333333333 0.66796875 0.010416666666666666 0.01953125
0 0.2877604166666667 0.630859375 0.009114583333333334 0.01171875
0 0.2981770833333333 0.697265625 0.010416666666666666 0.01953125
0 0.3658854166666667 0.642578125 0.009114583333333334 0.017578125
0 0.28125 0.69921875 0.010416666666666666 0.01953125
0 0.390625 0.677734375 0.010416666666666666 0.01953125
0 0.19010416666666666 0.712890625 0.010416666666666666 0.01953125
0 0.23046875 0.603515625 0.009114583333333334 0.01171875
0 0.15234375 0.619140625 0.009114583333333334 0.01171875
0 0.328125 0.642578125 0.009114583333333334 0.01171875
0 0.4635416666666667 0.72265625 0.010416666666666666 0.01953125
0 0.4453125 0.736328125 0.010416666666666666 0.01953125
0 0.24869791666666666 0.68359375 0.010416666666666666 0.01953125
0 0.2513020833333333 0.7109375 0.010416666666666666 0.01953125
0 0.27734375 0.669921875 0.010416666666666666 0.01953125
0 0.1640625 0.70703125 0.010416666666666666 0.01953125
0 0.3528645833333333 0.654296875 0.010416666666666666 0.01953125
0 0.296875 0.66015625 0.010416666666666666 0.01953125
0 0.4427083333333333 0.685546875 0.010416666666666666 0.01953125
0 0.1875 0.69140625 0.010416666666666666 0.01953125
