0 0.6008403361344538 0.886 0.023809523809523808 0.019
0 0.12184873949579832 0.572 0.0196078431372549 0.017
0 0.3319327731092437 0.522 0.0196078431372549 0.017
0 0.5350140056022409 0.185 0.015406162464985995 0.013
0 0.39775910364145656 0.31 0.015406162464985995 0.013
0 0.5448179271708683 0.33 0.015406162464985995 0.013
0 0.9677871148459384 0.226 0.015406162464985995 0.013
0 0.8137254901960784 0.211 0.015406162464985995 0.013
0 0.13585434173669467 0.571 0.0196078431372549 0.017
0 0.12745098039215685 0.47 0.0196078431372549 0.017
0 0.0196078431372549 0.359 0.015406162464985995 0.013
0 0.012605042016806723 0.312 0.015406162464985995 0.013
0 0.28851540616246496 0.794 0.023809523809523808 0.019
0 0.4061624649859944 0.431 0.0196078431372549 0.017
0 0.036414565826330535 0.726 0.023809523809523808 0.019
0 0.36134453781512604 0.275 0.015406162464985995 0.013
0 0.6274509803921569 0.46 0.0196078431372549 0.017
0 0.028011204481792718 0.595 0.0196078431372549 0.017
0 0.6526610644257703 0.045 0.015406162464985995 0.011
0 0.5056022408963585 0.756 0.023809523809523808 0.019
0 0.226890756302521 0.222 0.015406162464985995 0.013
0 0.6470588235294118 0.368 0.015406162464985995 0.013
0 0.7100840336134454 0.143 0.015406162464985995 0.013
0 0.8025210084033614 0.568 0.0196078431372549 0.017
0 0.0028011204481792717 0.408 0.01680672268907563 0.015
0 0.14425770308123248 0.0 0.015406162464985995 0.011
0 0.5364145658263305 0.848 0.023809523809523808 0.019
0 0.4173669467787115 0.627 0.0196078431372549 0.017
0 0.5140056022408963 0.191 0.015406162464985995 0.013
0 0.9257703081232493 0.378 0.015406162464985995 0.013
0 0.4565826330532213 0.259 0.015406162464985995 0.013
0 0.4831932773109244 0.454 0.0196078431372549 0.017
0 0.9509803921568627 0.313 0.015406162464985995 0.013
0 0.38935574229691877 0.28 0.015406162464985995 0.013
0 0.5742296918767507 0.238 0.015406162464985995 0.013
0 0.14145658263305322 0.509 0.0196078431372549 0.017
0 0.8081232492997199 0.326 0.015406162464985995 0.013
0 0.9635854341736695 0.493 0.0196078431372549 0.017
0 0.2184873949579832 0.281 0.015406162464985995 0.013
0 0.08123249299719888 0.193 0.015406162464985995 0.013
0 0.7156862745098039 0.977 0.023809523809523808 0.019
0 0.15406162464985995 0.395 0.015406162464985995 0.013
0 0.49019607843137253 0.519 0.0196078431372549 0.017
0 0.6022408963585434 0.25 0.015406162464985995 0.013
0 0.43557422969187676 0.891 0.023809523809523808 0.019
0 0.10084033613445378 0.866 0.023809523809523808 0.019
0 0.03361344537815126 0.754 0.023809523809523808 0.019
0 0.7240896358543417 0.151 0.015406162464985995 0.013
0 0.36134453781512604 0.742 0.023809523809523808 0.019
0 0.5238095238095238 0.021 0.015406162464985995 0.011
0 0.6400560224089635 0.26 0.015406162464985995 0.013
0 0.44677871148459386 0.321 0.015406162464985995 0.013
0 0.43977591036414565 0.206 0.015406162464985995 0.013
0 0.6316526610644257 0.213 0.015406162464985995 0.013
0 0.8781512605042017 0.363 0.015406162464985995 0.013
0 0.00980392156862745 0.12 0.015406162464985995 0.011
0 0.5574229691876751 0.087 0.015406162464985995 0.011
0 0.12745098039215685 0.502 0.0196078431372549 0.017
0 0.8725490196078431 0.093 0.015406162464985995 0.011
0 0.7492997198879552 0.847 0.023809523809523808 0.019
0 0.18207282913165265 0.231 0.015406162464985995 0.013
0 0.6708683473389355 0.138 0.015406162464985995 0.013
0 0.23949579831932774 0.148 0.015406162464985995 0.013
0 0.6218487394957983 0.048 0.015406162464985995 0.011
0 0.9901960784313726 0.33 0.015406162464985995 0.013
0 0.4173669467787115 0.879 0.023809523809523808 0.019
0 0.6596638655462185 0.172 0.015406162464985995 0.013
0 0.2703081232492997 0.445 0.0196078431372549 0.017
0 0.9257703081232493 0.217 0.015406162464985995 0.013
0 0.7955182072829131 0.207 0.015406162464985995 0.013
0 0.1638655462184874 0.361 0.015406162464985995 0.013
0 0.19887955182072828 0.843 0.023809523809523808 0.019
0 0.6526610644257703 0.395 0.015406162464985995 0.013
0 0.6918767507002801 0.3 0.015406162464985995 0.013
0 0.0546218487394958 0.081 0.015406162464985995 0.011
0 0.5014005602240896 0.349 0.015406162464985995 0.013
0 0.4579831932773109 0.393 0.015406162464985995 0.013
0 0.8809523809523809 0.285 0.015406162464985995 0.013
0 0.9747899159663865 0.155 0.015406162464985995 0.012
0 0.6708683473389355 0.924 0.023809523809523808 0.019
0 0.00980392156862745 0.04 0.015406162464985995 0.011
0 0.9439775910364145 0.424 0.0196078431372549 0.017
0 0.5378151260504201 0.532 0.0196078431372549 0.017
0 0.680672268907563 0.825 0.023809523809523808 0.019
0 0.31512605042016806 0.926 0.023809523809523808 0.019
0 0.8613445378151261 0.249 0.015406162464985995 0.013
0 0.8445378151260504 1.001 0.023809523809523808 0.019
0 0.9761904761904762 0.221 0.015406162464985995 0.013
0 0.5952380952380952 0.501 0.0196078431372549 0.017
0 0.42296918767507 0.247 0.015406162464985995 0.013
0 0.3865546218487395 0.45 0.0196078431372549 0.017
0 0.44537815126050423 0.39 0.015406162464985995 0.013
0 0.39915966386554624 0.536 0.0196078431372549 0.017
0 0.21288515406162464 0.109 0.015406162464985995 0.011
0 0.5686274509803921 0.118 0.015406162464985995 0.013
0 0.6148459383753502 0.995 0.023809523809523808 0.019
0 0.9859943977591037 0.268 0.015406162464985995 0.013
0 0.24509803921568626 0.206 0.015406162464985995 0.013
0 0.29551820728291317 0.46 0.0196078431372549 0.017
0 0.4495798319327731 0.127 0.015406162464985995 0.013
0 0.6834733893557423 0.422 0.0196078431372549 0.017
0 0.36554621848739494 0.347 0.015406162464985995 0.013
0 0.06582633053221289 0.359 0.015406162464985995 0.013
0 0.2857142857142857 0.519 0.0196078431372549 0.017
0 0.0350140056022409 0.115 0.015406162464985995 0.013
0 0.834733893557423 0.046 0.015406162464985995 0.011
0 0.5938375350140056 0.076 0.015406162464985995 0.011
0 0.9607843137254902 0.5 0.0196078431372549 0.017
0 0.26330532212885155 0.009 0.015406162464985995 0.011
0 0.2759103641456583 0.552 0.0196078431372549 0.017
0 0.0784313725490196 0.286 0.015406162464985995 0.013
0 0.6246498599439776 0.503 0.0196078431372549 0.017
0 0.23109243697478993 0.535 0.0196078431372549 0.017
0 0.5238095238095238 0.465 0.0196078431372549 0.017
0 0.20728291316526612 0.231 0.015406162464985995 0.013
0 0.29551820728291317 0.029 0.015406162464985995 0.011
0 0.5602240896358543 0.103 0.015406162464985995 0.011
0 0.6302521008403361 1.0 0.023809523809523808 0.019
0 0.6820728291316527 0.81 0.023809523809523808 0.019
0 0.37815126050420167 0.623 0.0196078431372549 0.017
0 0.938375350140056 0.415 0.0196078431372549 0.017
0 0.4173669467787115 0.549 0.0196078431372549 0.017
0 0.2703081232492997 0.042 0.015406162464985995 0.011
0 0.37675070028011204 0.957 0.023809523809523808 0.019
0 0.4005602240896359 0.24 0.015406162464985995 0.013
0 0.0546218487394958 0.767 0.023809523809523808 0.019
0 0.09103641456582633 0.46 0.0196078431372549 0.017
0 0.7198879551820728 0.052 0.015406162464985995 0.011
0 0.10224089635854341 0.634 0.023809523809523808 0.019
0 0.7619047619047619 0.148 0.015406162464985995 0.013
0 0.6316526610644257 0.354 0.015406162464985995 0.013
0 0.25770308123249297 0.371 0.015406162464985995 0.013
0 0.42857142857142855 0.493 0.0196078431372549 0.017
0 0.04061624649859944 0.275 0.015406162464985995 0.013
0 0.7647058823529411 0.715 0.023809523809523808 0.019
0 0.6596638655462185 0.471 0.0196078431372549 0.017
0 0.6848739495798319 0.78 0.023809523809523808 0.019
0 0.5 0.411 0.0196078431372549 0.017
0 0.08123249299719888 0.367 0.015406162464985995 0.013
0 0.3697478991596639 0.675 0.023809523809523808 0.019
0 0.023809523809523808 0.67 0.023809523809523808 0.019
0 0.5056022408963585 0.327 0.015406162464985995 0.013
0 0.9747899159663865 0.073 0.015406162464985995 0.011
0 0.4481792717086835 0.69 0.023809523809523808 0.019
0 0.41316526610644255 0.114 0.015406162464985995 0.013
0 0.0 0.305 0.015406162464985995 0.013
0 0.2535014005602241 0.153 0.015406162464985995 0.013
0 0.65406162464986 0.822 0.023809523809523808 0.019
0 0.572829131652661 0.001 0.015406162464985995 0.011
0 0.37675070028011204 0.768 0.023809523809523808 0.019
0 0.29551820728291317 0.358 0.015406162464985995 0.013
0 0.7142857142857143 0.312 0.015406162464985995 0.013
0 0.1134453781512605 0.788 0.023809523809523808 0.019
0 0.21428571428571427 0.213 0.015406162464985995 0.013
0 0.13585434173669467 0.346 0.015406162464985995 0.013
0 0.6974789915966386 0.401 0.0196078431372549 0.017
0 0.742296918767507 0.357 0.015406162464985995 0.013
0 0.02661064425770308 0.224 0.015406162464985995 0.013
0 0.6624649859943977 0.01 0.015406162464985995 0.011
0 0.5266106442577031 0.262 0.015406162464985995 0.013
0 0.7240896358543417 0.099 0.015406162464985995 0.011
0 0.1792717086834734 0.348 0.015406162464985995 0.013
0 0.9845938375350141 0.436 0.018207282913165267 0.016
0 0.004201680672268907 0.066 0.015406162464985995 0.011
0 0.6428571428571429 0.654 0.023809523809523808 0.019
0 0.20168067226890757 0.432 0.0196078431372549 0.017
0 0.8095238095238095 0.168 0.015406162464985995 0.013
0 0.5014005602240896 0.091 0.015406162464985995 0.011
0 0.32633053221288516 0.564 0.0196078431372549 0.017
0 0.16246498599439776 0.317 0.015406162464985995 0.013
0 0.9705882352941176 0.982 0.023809523809523808 0.019
0 0.4957983193277311 0.092 0.015406162464985995 0.011
0 0.3235294117647059 0.059 0.015406162464985995 0.011
0 0.22969187675070027 0.192 0.015406162464985995 0.013
0 0.9173669467787114 0.554 0.0196078431372549 0.017
0 0.5630252100840336 0.195 0.015406162464985995 0.013
0 0.25210084033613445 0.25 0.015406162464985995 0.013
0 0.3907563025210084 0.188 0.015406162464985995 0.013
0 0.44397759103641454 0.117 0.015406162464985995 0.013
0 0.20448179271708683 0.146 0.015406162464985995 0.013
0 0.47198879551820727 0.124 0.015406162464985995 0.013
0 0.8949579831932774 0.778 0.023809523809523808 0.019
0 0.2759103641456583 0.722 0.023809523809523808 0.019
0 0.5588235294117647 0.967 0.023809523809523808 0.019
0 0.5364145658263305 0.069 0.015406162464985995 0.011
0 0.5574229691876751 0.252 0.015406162464985995 0.013
0 0.742296918767507 0.296 0.015406162464985995 0.013
0 0.3333333333333333 0.001 0.015406162464985995 0.011
0 0.5224089635854342 0.765 0.023809523809523808 0.019
0 0.08123249299719888 0.787 0.023809523809523808 0.019
0 0.0014005602240896359 0.357 0.015406162464985995 0.013
0 0.6484593837535014 0.52 0.0196078431372549 0.017
0 0.06302521008403361 0.271 0.015406162464985995 0.013
0 0.9159663865546218 0.362 0.015406162464985995 0.013
0 0.9481792717086834 0.967 0.023809523809523808 0.019
0 0.07983193277310924 0.12 0.015406162464985995 0.013
0 0.05182072829131653 0.599 0.0196078431372549 0.017
0 0.2338935574229692 0.008 0.015406162464985995 0.011
0 0.13025210084033614 0.43 0.0196078431372549 0.017
0 0.511204481792717 0.934 0.023809523809523808 0.019
0 0.5672268907563025 0.294 0.015406162464985995 0.013
0 0.037815126050420166 0.042 0.015406162464985995 0.011
0 0.06442577030812324 0.844 0.023809523809523808 0.019
0 0.8865546218487395 0.958 0.023809523809523808 0.019
0 0.6708683473389355 0.534 0.0196078431372549 0.017
0 0.2549019607843137 0.628 0.0196078431372549 0.017
0 0.11764705882352941 0.324 0.015406162464985995 0.013
0 0.40756302521008403 0.195 0.015406162464985995 0.013
0 0.6442577030812325 0.914 0.023809523809523808 0.019
0 0.32212885154061627 0.309 0.015406162464985995 0.013
0 0.20728291316526612 0.04 0.015406162464985995 0.011
0 0.24789915966386555 0.125 0.015406162464985995 0.013
0 0.561624649859944 0.872 0.023809523809523808 0.019
0 0.3431372549019608 0.174 0.015406162464985995 0.013
0 0.665266106442577 0.84 0.023809523809523808 0.019
0 0.5938375350140056 0.488 0.0196078431372549 0.017
0 0.938375350140056 0.058 0.015406162464985995 0.011
0 0.9929971988795518 0.387 0.018207282913165267 0.016
0 0.2647058823529412 0.074 0.015406162464985995 0.011
0 0.4803921568627451 0.029 0.015406162464985995 0.011
0 0.7829131652661064 0.151 0.015406162464985995 0.013
0 0.5672268907563025 0.883 0.023809523809523808 0.019
0 0.48179271708683474 0.134 0.015406162464985995 0.013
0 0.6358543417366946 0.627 0.0196078431372549 0.017
0 0.15266106442577032 0.273 0.015406162464985995 0.013
0 0.7591036414565826 0.426 0.0196078431372549 0.017
0 0.16106442577030813 0.575 0.0196078431372549 0.017
0 0.9915966386554622 0.202 0.015406162464985995 0.013
0 0.2759103641456583 0.198 0.015406162464985995 0.013
0 0.988795518207283 0.079 0.015406162464985995 0.011
0 0.6204481792717087 0.413 0.0196078431372549 0.017
0 0.5014005602240896 0.59 0.0196078431372549 0.017
0 0.6624649859943977 0.019 0.015406162464985995 0.011
0 0.22549019607843138 0.447 0.0196078431372549 0.017
0 0.9061624649859944 0.248 0.015406162464985995 0.013
0 0.31092436974789917 0.022 0.015406162464985995 0.011
0 0.12885154061624648 0.056 0.015406162464985995 0.011
0 0.7170868347338936 0.601 0.0196078431372549 0.017
0 0.6750700280112045 0.618 0.0196078431372549 0.017
0 0.8557422969187675 0.047 0.015406162464985995 0.011
0 0.38375350140056025 0.001 0.015406162464985995 0.011
0 0.3165266106442577 0.526 0.0196078431372549 0.017
0 0.08683473389355742 0.512 0.0196078431372549 0.017
0 0.43557422969187676 0.716 0.023809523809523808 0.019
0 0.1568627450980392 0.13 0.015406162464985995 0.013
0 0.453781512605042 0.037 0.015406162464985995 0.011
0 0.5546218487394958 0.071 0.015406162464985995 0.011
0 0.9411764705882353 0.158 0.015406162464985995 0.012
0 0.8753501400560224 0.138 0.015406162464985995 0.013
0 0.11064425770308123 0.063 0.015406162464985995 0.011
0 0.9285714285714286 0.389 0.015406162464985995 0.013
0 0.5350140056022409 0.138 0.015406162464985995 0.013
0 0.8333333333333334 0.29 0.015406162464985995 0.013
0 0.7535014005602241 0.984 0.023809523809523808 0.019
0 0.23669467787114845 0.339 0.015406162464985995 0.013
0 0.33613445378151263 0.928 0.023809523809523808 0.019
0 0.4579831932773109 0.559 0.0196078431372549 0.017
0 0.20588235294117646 0.681 0.023809523809523808 0.019
0 0.37254901960784315 0.713 0.023809523809523808 0.019
0 0.2969187675070028 0.163 0.015406162464985995 0.013
0 0.8137254901960784 0.335 0.015406162464985995 0.013
0 0.31092436974789917 0.212 0.015406162464985995 0.013
0 0.8669467787114846 0.742 0.023809523809523808 0.019
0 0.9341736694677871 0.256 0.015406162464985995 0.013
0 0.23949579831932774 0.393 0.015406162464985995 0.013
0 0.8711484593837535 0.347 0.015406162464985995 0.013
0 0.0938375350140056 0.617 0.0196078431372549 0.017
0 0.9551820728291317 0.066 0.015406162464985995 0.011
0 0.9607843137254902 0.11 0.015406162464985995 0.011
0 0.10224089635854341 0.385 0.015406162464985995 0.013
0 0.680672268907563 0.182 0.015406162464985995 0.013
0 0.17366946778711484 0.533 0.0196078431372549 0.017
0 0.8907563025210085 0.683 0.023809523809523808 0.019
0 0.8207282913165266 0.078 0.015406162464985995 0.011
0 0.6064425770308123 0.004 0.015406162464985995 0.011
0 0.06582633053221289 0.49 0.0196078431372549 0.017
0 0.4061624649859944 0.487 0.0196078431372549 0.017
0 0.6932773109243697 0.624 0.0196078431372549 0.017
0 0.5014005602240896 0.274 0.015406162464985995 0.013
0 0.18487394957983194 0.033 0.015406162464985995 0.011
0 0.42997198879551823 0.038 0.015406162464985995 0.011
0 0.8473389355742297 0.406 0.0196078431372549 0.017
0 0.5350140056022409 0.225 0.015406162464985995 0.013
0 0.680672268907563 0.654 0.023809523809523808 0.019
0 0.41316526610644255 0.312 0.015406162464985995 0.013
0 0.1484593837535014 0.221 0.015406162464985995 0.013
0 0.23669467787114845 0.075 0.015406162464985995 0.011
0 0.9943977591036415 0.514 0.0196078431372549 0.017
0 0.14705882352941177 0.169 0.015406162464985995 0.013
0 0.8907563025210085 0.229 0.015406162464985995 0.013
0 0.84593837535014 0.766 0.023809523809523808 0.019
0 0.22408963585434175 0.359 0.015406162464985995 0.013
0 0.17647058823529413 0.478 0.0196078431372549 0.017
0 0.21428571428571427 0.486 0.0196078431372549 0.017
0 0.29831932773109243 0.081 0.015406162464985995 0.011
0 0.6820728291316527 0.765 0.023809523809523808 0.019
0 0.14425770308123248 0.578 0.0196078431372549 0.017
0 0.39775910364145656 0.003 0.015406162464985995 0.011
0 0.6022408963585434 0.808 0.023809523809523808 0.019
0 0.6750700280112045 0.23 0.015406162464985995 0.013
0 0.2507002801120448 0.78 0.023809523809523808 0.019
0 0.8501400560224089 0.399 0.0196078431372549 0.017
0 0.8081232492997199 0.205 0.015406162464985995 0.013
0 0.9229691876750701 0.594 0.0196078431372549 0.017
0 0.06302521008403361 0.437 0.0196078431372549 0.017
0 0.3067226890756303 0.726 0.023809523809523808 0.019
0 0.06582633053221289 0.202 0.015406162464985995 0.013
0 0.4649859943977591 0.326 0.015406162464985995 0.013
0 0.047619047619047616 0.076 0.015406162464985995 0.011
0 0.6862745098039216 0.48 0.0196078431372549 0.017
0 0.4425770308123249 0.256 0.015406162464985995 0.013
0 0.7899159663865546 0.277 0.015406162464985995 0.013
0 0.4831932773109244 0.085 0.015406162464985995 0.011
0 0.8697478991596639 0.526 0.0196078431372549 0.017
0 0.3711484593837535 0.609 0.0196078431372549 0.017
0 0.6974789915966386 0.21 0.015406162464985995 0.013
0 0.3641456582633053 0.449 0.0196078431372549 0.017
0 0.7394957983193278 0.02 0.015406162464985995 0.011
0 0.029411764705882353 0.074 0.015406162464985995 0.011
0 0.6862745098039216 0.048 0.015406162464985995 0.011
0 0.33053221288515405 0.818 0.023809523809523808 0.019
0 0.6582633053221288 0.28 0.015406162464985995 0.013
0 0.9439775910364145 0.264 0.015406162464985995 0.013
0 0.3431372549019608 0.674 0.023809523809523808 0.019
0 0.08683473389355742 0.082 0.015406162464985995 0.011
0 0.65406162464986 0.619 0.0196078431372549 0.017
0 0.6386554621848739 0.165 0.015406162464985995 0.013
0 0.5840336134453782 0.982 0.023809523809523808 0.019
0 0.7703081232492998 0.272 0.015406162464985995 0.013
0 0.5896358543417367 0.199 0.015406162464985995 0.013
0 0.8375350140056023 0.239 0.015406162464985995 0.013
0 0.5350140056022409 0.673 0.023809523809523808 0.019
0 0.5028011204481793 0.136 0.015406162464985995 0.013
0 0.28711484593837533 0.383 0.015406162464985995 0.013
0 0.07142857142857142 0.789 0.023809523809523808 0.019
0 0.18627450980392157 0.321 0.015406162464985995 0.013
0 0.8585434173669467 0.178 0.015406162464985995 0.013
0 0.03361344537815126 0.371 0.015406162464985995 0.013
0 0.7871148459383753 0.996 0.023809523809523808 0.019
0 0.4257703081232493 0.003 0.015406162464985995 0.011
0 0.5938375350140056 0.383 0.015406162464985995 0.013
0 0.7128851540616247 0.2 0.015406162464985995 0.013
0 0.7507002801120448 0.2 0.015406162464985995 0.013
0 0.07703081232492998 0.443 0.0196078431372549 0.017
0 0.05742296918767507 0.188 0.015406162464985995 0.013
0 0.47759103641456585 0.914 0.023809523809523808 0.019
0 0.6260504201680672 0.264 0.015406162464985995 0.013
0 0.5070028011204482 0.229 0.015406162464985995 0.013
0 0.24369747899159663 0.483 0.0196078431372549 0.017
0 0.25210084033613445 0.197 0.015406162464985995 0.013
0 0.6358543417366946 0.041 0.015406162464985995 0.011
0 0.7521008403361344 0.324 0.015406162464985995 0.013
0 0.22408963585434175 0.877 0.023809523809523808 0.019
0 0.07563025210084033 0.538 0.0196078431372549 0.017
0 0.9341736694677871 0.106 0.015406162464985995 0.011
0 0.6974789915966386 0.054 0.015406162464985995 0.011
0 0.20588235294117646 0.279 0.015406162464985995 0.013
0 0.44537815126050423 0.506 0.0196078431372549 0.017
0 0.23669467787114845 0.041 0.015406162464985995 0.011
0 0.9593837535014006 0.265 0.015406162464985995 0.013
0 0.09943977591036414 0.035 0.015406162464985995 0.011
0 0.8249299719887955 0.596 0.0196078431372549 0.017
0 0.8389355742296919 0.178 0.015406162464985995 0.013
0 0.5336134453781513 0.364 0.015406162464985995 0.013
0 0.7058823529411765 0.339 0.015406162464985995 0.013
0 0.11624649859943978 0.298 0.015406162464985995 0.013
0 0.15406162464985995 0.261 0.015406162464985995 0.013
0 0.2815126050420168 0.353 0.015406162464985995 0.013
0 0.5168067226890757 0.095 0.015406162464985995 0.011
0 0.6260504201680672 0.118 0.015406162464985995 0.013
0 0.8053221288515406 0.512 0.0196078431372549 0.017
0 0.711484593837535 0.49 0.0196078431372549 0.017
0 0.3865546218487395 0.352 0.015406162464985995 0.013
0 0.5448179271708683 0.372 0.015406162464985995 0.013
0 0.5224089635854342 0.404 0.0196078431372549 0.017
0 0.09523809523809523 0.696 0.023809523809523808 0.019
0 0.4495798319327731 0.208 0.015406162464985995 0.013
0 0.572829131652661 0.685 0.023809523809523808 0.019
0 0.14285714285714285 0.061 0.015406162464985995 0.011
0 0.6358543417366946 0.119 0.015406162464985995 0.013
0 0.6176470588235294 0.165 0.015406162464985995 0.013
0 0.5210084033613446 0.142 0.015406162464985995 0.013
0 0.08543417366946779 0.027 0.015406162464985995 0.011
0 0.26750700280112044 0.382 0.015406162464985995 0.013
0 0.5476190476190477 0.47 0.0196078431372549 0.017
0 0.7338935574229691 0.767 0.023809523809523808 0.019
0 0.17787114845938376 0.22 0.015406162464985995 0.013
0 0.6050420168067226 0.332 0.015406162464985995 0.013
0 0.4019607843137255 0.283 0.015406162464985995 0.013
0 0.7563025210084033 0.11 0.015406162464985995 0.011
0 0.5840336134453782 0.424 0.0196078431372549 0.017
0 0.20588235294117646 0.344 0.015406162464985995 0.013
0 0.06722689075630252 0.228 0.015406162464985995 0.013
0 0.819327731092437 0.229 0.015406162464985995 0.013
0 0.5364145658263305 0.238 0.015406162464985995 0.013
0 0.18907563025210083 0.655 0.023809523809523808 0.019
0 0.20168067226890757 0.002 0.015406162464985995 0.011
0 0.6862745098039216 0.939 0.023809523809523808 0.019
0 0.036414565826330535 0.855 0.023809523809523808 0.019
0 0.9131652661064426 0.144 0.015406162464985995 0.013
0 0.36554621848739494 0.101 0.015406162464985995 0.011
0 0.056022408963585436 0.284 0.015406162464985995 0.013
0 0.7058823529411765 0.357 0.015406162464985995 0.013
0 0.7394957983193278 0.54 0.0196078431372549 0.017
0 0.5028011204481793 0.023 0.015406162464985995 0.011
0 0.21288515406162464 0.071 0.015406162464985995 0.011
0 0.05042016806722689 0.699 0.023809523809523808 0.019
0 0.4341736694677871 0.995 0.023809523809523808 0.019
0 0.8585434173669467 0.145 0.015406162464985995 0.013
0 0.047619047619047616 0.224 0.015406162464985995 0.013
0 0.3739495798319328 0.298 0.015406162464985995 0.013
0 0.5952380952380952 0.631 0.0196078431372549 0.017
0 0.27170868347338933 0.631 0.0196078431372549 0.017
0 0.8249299719887955 0.799 0.023809523809523808 0.019
0 0.7815126050420168 0.784 0.023809523809523808 0.019
0 0.8375350140056023 0.336 0.015406162464985995 0.013
0 0.6680672268907563 0.258 0.015406162464985995 0.013
0 0.3277310924369748 0.17 0.015406162464985995 0.013
0 0.18907563025210083 0.289 0.015406162464985995 0.013
0 0.13725490196078433 0.034 0.015406162464985995 0.011
0 0.7464985994397759 0.071 0.015406162464985995 0.011
0 0.15546218487394958 0.642 0.023809523809523808 0.019
0 0.10364145658263306 0.554 0.0196078431372549 0.017
0 0.5 0.453 0.0196078431372549 0.017
0 0.3543417366946779 0.576 0.0196078431372549 0.017
0 0.8487394957983193 0.458 0.0196078431372549 0.017
0 0.22829131652661064 0.107 0.015406162464985995 0.011
0 0.40476190476190477 0.764 0.023809523809523808 0.019
0 0.2647058823529412 0.968 0.023809523809523808 0.019
0 0.0056022408963585435 0.535 0.0196078431372549 0.017
0 0.48739495798319327 0.27 0.015406162464985995 0.013
0 0.742296918767507 0.222 0.015406162464985995 0.013
0 0.22829131652661064 0.762 0.023809523809523808 0.019
0 0.9285714285714286 0.156 0.015406162464985995 0.013
0 0.0056022408963585435 0.104 0.015406162464985995 0.011
0 0.711484593837535 0.951 0.023809523809523808 0.019
0 0.5392156862745098 0.412 0.0196078431372549 0.017
0 0.7002801120448179 0.521 0.0196078431372549 0.017
0 0.8907563025210085 0.302 0.015406162464985995 0.013
0 0.7198879551820728 0.834 0.023809523809523808 0.019
0 0.7717086834733894 0.374 0.015406162464985995 0.013
0 0.8501400560224089 0.652 0.023809523809523808 0.019
0 0.6428571428571429 0.388 0.015406162464985995 0.013
0 0.29971988795518206 0.57 0.0196078431372549 0.017
0 0.8879551820728291 0.182 0.015406162464985995 0.013
0 0.5994397759103641 0.298 0.015406162464985995 0.013
0 0.5840336134453782 0.616 0.0196078431372549 0.017
0 0.05742296918767507 0.112 0.015406162464985995 0.011
0 0.9775910364145658 0.995 0.023809523809523808 0.019
0 0.7464985994397759 0.683 0.023809523809523808 0.019
0 0.3963585434173669 0.968 0.023809523809523808 0.019
0 0.5462184873949579 0.154 0.015406162464985995 0.013
0 0.10364145658263306 0.147 0.015406162464985995 0.013
0 0.8977591036414566 0.143 0.015406162464985995 0.013
0 0.9187675070028011 0.103 0.015406162464985995 0.011
0 0.5966386554621849 0.726 0.023809523809523808 0.019
0 0.3277310924369748 0.688 0.023809523809523808 0.019
0 0.23809523809523808 0.292 0.015406162464985995 0.013
0 0.17086834733893558 0.03 0.015406162464985995 0.011
0 0.44677871148459386 0.447 0.0196078431372549 0.017
0 0.3697478991596639 0.421 0.0196078431372549 0.017
0 0.47198879551820727 0.638 0.023809523809523808 0.019
0 0.30532212885154064 0.048 0.015406162464985995 0.011
0 0.6890756302521008 0.095 0.015406162464985995 0.011
0 0.049019607843137254 0.043 0.015406162464985995 0.011
0 0.023809523809523808 0.481 0.0196078431372549 0.017
0 0.1400560224089636 0.701 0.023809523809523808 0.019
0 0.5574229691876751 0.544 0.0196078431372549 0.017
0 0.9929971988795518 0.111 0.015406162464985995 0.011
0 0.05742296918767507 0.535 0.0196078431372549 0.017
0 0.5588235294117647 0.002 0.015406162464985995 0.011
0 0.469187675070028 0.264 0.015406162464985995 0.013
0 0.22549019607843138 0.697 0.023809523809523808 0.019
0 0.6204481792717087 0.206 0.015406162464985995 0.013
0 0.19467787114845939 0.036 0.015406162464985995 0.011
0 0.8935574229691877 0.102 0.015406162464985995 0.011
0 0.33473389355742295 0.464 0.0196078431372549 0.017
0 0.09103641456582633 0.336 0.015406162464985995 0.013
0 0.02661064425770308 0.192 0.015406162464985995 0.013
0 0.2815126050420168 0.211 0.015406162464985995 0.013
0 0.8333333333333334 0.084 0.015406162464985995 0.011
0 0.6162464985994398 0.814 0.023809523809523808 0.019
0 0.33753501400560226 0.304 0.015406162464985995 0.013
0 0.6092436974789915 0.034 0.015406162464985995 0.011
0 0.10084033613445378 0.288 0.015406162464985995 0.013
0 0.42296918767507 0.438 0.0196078431372549 0.017
0 0.8305322128851541 0.277 0.015406162464985995 0.013
0 0.8921568627450981 0.662 0.023809523809523808 0.019
0 0.6946778711484594 0.19 0.015406162464985995 0.013
0 0.17086834733893558 0.063 0.015406162464985995 0.011
0 0.2647058823529412 0.489 0.0196078431372549 0.017
0 0.572829131652661 0.303 0.015406162464985995 0.013
0 0.5896358543417367 0.367 0.015406162464985995 0.013
0 0.9705882352941176 0.366 0.01680672268907563 0.015
0 0.9187675070028011 0.415 0.0196078431372549 0.017
0 0.8529411764705882 0.281 0.015406162464985995 0.013
0 0.17086834733893558 0.409 0.0196078431372549 0.017
0 0.4579831932773109 0.011 0.015406162464985995 0.011
0 0.9397759103641457 0.22 0.015406162464985995 0.013
0 0.5938375350140056 0.449 0.0196078431372549 0.017
