0 0.11944444444444445 0.26666666666666666 0.027777777777777776 0.04583333333333333
0 0.7305555555555555 0.42083333333333334 0.08055555555555556 0.17083333333333334
0 0.6944444444444444 0.2708333333333333 0.03888888888888889 0.06666666666666667
0 0.5416666666666666 0.2875 0.041666666666666664 0.09583333333333334
0 0.25 0.20416666666666666 0.019444444444444445 0.020833333333333332
0 0.85 0.2833333333333333 0.030555555555555555 0.0625
0 0.05277777777777778 0.21666666666666667 0.025 0.0375
0 0.7444444444444445 0.35 0.05277777777777778 0.10833333333333334
0 0.019444444444444445 0.25416666666666665 0.025 0.0375
0 0.575 0.25 0.019444444444444445 0.0375
0 0.10555555555555556 0.2125 0.027777777777777776 0.04583333333333333
0 0.6583333333333333 0.26666666666666666 0.03888888888888889 0.06666666666666667
0 0.058333333333333334 0.2 0.025 0.0375
0 0.39166666666666666 0.3375 0.07222222222222222 0.1
0 0.375 0.2375 0.030555555555555555 0.05416666666666667
0 0.8694444444444445 0.2791666666666667 0.030555555555555555 0.0625
0 0.7333333333333333 0.22916666666666666 0.03888888888888889 0.06666666666666667
0 0.19166666666666668 0.22083333333333333 0.019444444444444445 0.020833333333333332
0 0.7638888888888888 0.2833333333333333 0.03888888888888889 0.06666666666666667
0 0.32222222222222224 0.3541666666666667 0.07222222222222222 0.1
0 0.3333333333333333 0.22083333333333333 0.027777777777777776 0.041666666666666664
0 0.6055555555555555 0.24166666666666667 0.019444444444444445 0.0375
0 0.5222222222222223 0.29583333333333334 0.041666666666666664 0.09583333333333334
0 0.725 0.2625 0.03888888888888889 0.06666666666666667
0 0.2833333333333333 0.20833333333333334 0.019444444444444445 0.020833333333333332
0 0.9472222222222222 0.1625 0.030555555555555555 0.058333333333333334
0 0.14444444444444443 0.225 0.019444444444444445 0.020833333333333332
0 0.08055555555555556 0.30833333333333335 0.05555555555555555 0.09166666666666666
0 0.2861111111111111 0.2791666666666667 0.041666666666666664 0.0625
0 0.20833333333333334 0.275 0.027777777777777776 0.05
0 0.25555555555555554 0.23333333333333334 0.016666666666666666 0.029166666666666667
0 0.48055555555555557 0.3625 0.041666666666666664 0.09583333333333334
0 0.1638888888888889 0.20416666666666666 0.019444444444444445 0.020833333333333332
0 0.4444444444444444 0.22916666666666666 0.030555555555555555 0.05416666666666667
0 0.7861111111111111 0.36666666666666664 0.05277777777777778 0.10833333333333334
0 0.42777777777777776 0.23333333333333334 0.030555555555555555 0.05416666666666667
0 0.21666666666666667 0.21666666666666667 0.019444444444444445 0.020833333333333332
0 0.2111111111111111 0.225 0.019444444444444445 0.020833333333333332
0 0.4888888888888889 0.23333333333333334 0.030555555555555555 0.05416666666666667
