0 0.051787916152897656 0.6240740740740741 0.02342786683107275 0.044444444444444446
0 0.5055487053020962 0.06296296296296296 0.013563501849568433 0.025925925925925925
0 0.1381011097410604 0.3333333333333333 0.01726263871763255 0.037037037037037035
0 0.21701602959309493 0.5814814814814815 0.02342786683107275 0.044444444444444446
0 0.2651048088779285 0.524074074074074 0.02096177558569667 0.04259259259259259
0 0.11837237977805179 0.29444444444444445 0.01726263871763255 0.037037037037037035
0 0.8754623921085081 0.09259259259259259 0.013563501849568433 0.025925925925925925
0 0.8988902589395807 0.42592592592592593 0.02096177558569667 0.04259259259259259
0 0.8076448828606658 0.39814814814814814 0.02096177558569667 0.04259259259259259
0 0.35758323057953145 0.5111111111111111 0.02096177558569667 0.04259259259259259
0 0.42293464858199753 0.3351851851851852 0.01726263871763255 0.037037037037037035
0 0.4278668310727497 0.5796296296296296 0.02342786683107275 0.044444444444444446
0 0.8668310727496917 0.4740740740740741 0.02096177558569667 0.04259259259259259
0 0.7127003699136868 0.1925925925925926 0.018495684340320593 0.03333333333333333
0 0.01726263871763255 0.39444444444444443 0.02096177558569667 0.04259259259259259
0 0.5030826140567201 0.24074074074074073 0.0345252774352651 0.05740740740740741
0 0.3637484586929716 0.26666666666666666 0.01726263871763255 0.037037037037037035
0 0.19482120838471023 0.09074074074074075 0.013563501849568433 0.025925925925925925
0 0.16276202219482122 0.5648148148148148 0.02342786683107275 0.044444444444444446
0 0.5462392108508015 0.45925925925925926 0.02096177558569667 0.04259259259259259
0 0.33292231812577067 0.4425925925925926 0.02096177558569667 0.04259259259259259
0 0.4882860665844636 0.42407407407407405 0.02096177558569667 0.04259259259259259
0 0.7694204685573366 0.4962962962962963 0.02096177558569667 0.04259259259259259
0 0.8224414303329223 0.45740740740740743 0.02096177558569667 0.04259259259259259
0 0.4007398273736128 0.16666666666666666 0.018495684340320593 0.03333333333333333
0 0.5141800246609125 0.2796296296296296 0.01726263871763255 0.037037037037037035
0 0.31689272503082616 0.412962962962963 0.02096177558569667 0.04259259259259259
0 0.5573366214549939 0.11296296296296296 0.013563501849568433 0.025925925925925925
0 0.09247842170160296 0.5277777777777778 0.02096177558569667 0.04259259259259259
0 0.02836004932182491 0.2037037037037037 0.018495684340320593 0.03333333333333333
0 0.08014796547472257 0.3574074074074074 0.01726263871763255 0.037037037037037035
0 0.7459926017262639 0.07777777777777778 0.013563501849568433 0.025925925925925925
0 0.8976572133168927 0.16111111111111112 0.018495684340320593 0.03333333333333333
0 0.4648581997533909 0.19814814814814816 0.018495684340320593 0.03333333333333333
0 0.7163995067817509 0.07592592592592592 0.013563501849568433 0.025925925925925925
0 0.8261405672009864 0.11481481481481481 0.013563501849568433 0.025925925925925925
0 0.8002466091245376 0.23333333333333334 0.018495684340320593 0.03333333333333333
0 0.593094944512947 0.13333333333333333 0.013563501849568433 0.025925925925925925
0 0.5770653514180024 0.2351851851851852 0.018495684340320593 0.03333333333333333
0 0.1159062885326757 0.07407407407407407 0.013563501849568433 0.025925925925925925
0 0.6448828606658447 0.37037037037037035 0.01726263871763255 0.037037037037037035
0 0.07274969173859433 0.13703703703703704 0.013563501849568433 0.025925925925925925
0 0.6078914919852034 0.2537037037037037 0.0345252774352651 0.05740740740740741
0 0.2712700369913687 0.20555555555555555 0.018495684340320593 0.03333333333333333
0 0.5906288532675709 0.512962962962963 0.02096177558569667 0.04259259259259259
0 0.39457459926017263 0.3333333333333333 0.01726263871763255 0.037037037037037035
0 0.32675709001233044 0.12962962962962962 0.013563501849568433 0.025925925925925925
0 0.11713933415536375 0.22962962962962963 0.018495684340320593 0.03333333333333333
0 0.5696670776818742 0.40555555555555556 0.02096177558569667 0.04259259259259259
0 0.2564734895191122 0.44074074074074077 0.02096177558569667 0.04259259259259259
0 0.5709001233045623 0.5666666666666667 0.02342786683107275 0.044444444444444446
0 0.051787916152897656 0.5074074074074074 0.02096177558569667 0.04259259259259259
0 0.002466091245376079 0.5277777777777778 0.02096177558569667 0.04259259259259259
0 0.6522811344019729 0.1648148148148148 0.018495684340320593 0.03333333333333333
0 0.6313193588162762 0.20555555555555555 0.018495684340320593 0.03333333333333333
0 0.7595561035758323 0.30925925925925923 0.01726263871763255 0.037037037037037035
0 0.9765721331689272 0.12407407407407407 0.013563501849568433 0.025925925925925925
0 0.13070283600493218 0.40925925925925927 0.02096177558569667 0.04259259259259259
0 0.9913686806411838 0.3 0.01726263871763255 0.037037037037037035
0 0.531442663378545 0.40925925925925927 0.02096177558569667 0.04259259259259259
0 0.41676942046855736 0.412962962962963 0.02096177558569667 0.04259259259259259
0 0.33292231812577067 0.4981481481481482 0.02096177558569667 0.04259259259259259
0 0.9593094944512947 0.3814814814814815 0.01726263871763255 0.037037037037037035
0 0.9186189889025894 0.3814814814814815 0.01726263871763255 0.037037037037037035
0 0.8113440197287299 0.15 0.018495684340320593 0.03333333333333333
0 0.4032059186189889 0.12962962962962962 0.013563501849568433 0.025925925925925925
0 0.16399506781750925 0.28703703703703703 0.01726263871763255 0.037037037037037035
0 0.7595561035758323 0.22592592592592592 0.018495684340320593 0.03333333333333333
0 0.25030826140567203 0.17222222222222222 0.018495684340320593 0.03333333333333333
0 0.17139334155363747 0.6092592592592593 0.02342786683107275 0.044444444444444446
0 0.5166461159062885 0.4759259259259259 0.02096177558569667 0.04259259259259259
0 0.436498150431566 0.24444444444444444 0.0345252774352651 0.05740740740740741
0 0.6720098643649816 0.2222222222222222 0.018495684340320593 0.03333333333333333
0 0.3797780517879161 0.009259259259259259 0.0345252774352651 0.05740740740740741
0 0.9876695437731196 0.32222222222222224 0.01726263871763255 0.037037037037037035
0 0.5215782983970407 0.5685185185185185 0.02342786683107275 0.044444444444444446
0 0.9469790382244143 0.14444444444444443 0.018495684340320593 0.03333333333333333
0 0.8754623921085081 0.46111111111111114 0.02096177558569667 0.04259259259259259
0 0.969173859432799 0.21296296296296297 0.018495684340320593 0.03333333333333333
0 0.9235511713933415 0.2796296296296296 0.01726263871763255 0.037037037037037035
0 0.528976572133169 0.024074074074074074 0.013563501849568433 0.025925925925925925
0 0.10727496917385944 0.5592592592592592 0.02342786683107275 0.044444444444444446
0 0.2836004932182491 0.3425925925925926 0.01726263871763255 0.037037037037037035
0 0.11960542540073983 0.1685185185185185 0.018495684340320593 0.03333333333333333
0 0.6473489519112207 0.4388888888888889 0.0345252774352651 0.05740740740740741
0 0.7237977805178791 0.5777777777777777 0.02342786683107275 0.044444444444444446
0 0.035758323057953144 0.24259259259259258 0.018495684340320593 0.03333333333333333
0 0.5819975339087546 0.040740740740740744 0.013563501849568433 0.025925925925925925
0 0.8520345252774353 0.11851851851851852 0.013563501849568433 0.025925925925925925
0 0.781750924784217 0.08888888888888889 0.013563501849568433 0.025925925925925925
0 0.7977805178791615 0.3574074074074074 0.01726263871763255 0.037037037037037035
0 0.15906288532675708 0.45925925925925926 0.02096177558569667 0.04259259259259259
0 0.44512946979038226 0.5648148148148148 0.02342786683107275 0.044444444444444446
0 0.9025893958076449 0.45925925925925926 0.02096177558569667 0.04259259259259259
0 0.4155363748458693 0.44814814814814813 0.02096177558569667 0.04259259259259259
0 0.7311960542540074 0.5018518518518519 0.02096177558569667 0.04259259259259259
0 0.9531442663378545 0.5148148148148148 0.02096177558569667 0.04259259259259259
0 0.17262638717632553 0.3111111111111111 0.01726263871763255 0.037037037037037035
0 0.1960542540073983 0.2851851851851852 0.01726263871763255 0.037037037037037035
0 0.6337854500616523 0.02962962962962963 0.013563501849568433 0.025925925925925925
0 0.35018495684340323 0.19074074074074074 0.018495684340320593 0.03333333333333333
0 0.528976572133169 0.4462962962962963 0.02096177558569667 0.04259259259259259
0 0.3797780517879161 0.5611111111111111 0.02342786683107275 0.044444444444444446
0 0.2379778051787916 0.4166666666666667 0.02096177558569667 0.04259259259259259
0 0.28236744759556104 0.5888888888888889 0.02342786683107275 0.044444444444444446
0 0.2466091245376079 0.28703703703703703 0.01726263871763255 0.037037037037037035
0 0.2959309494451295 0.28888888888888886 0.01726263871763255 0.037037037037037035
0 0.35018495684340323 0.4666666666666667 0.02096177558569667 0.04259259259259259
0 0.6646115906288532 0.3314814814814815 0.01726263871763255 0.037037037037037035
0 0.8347718865598027 0.2111111111111111 0.018495684340320593 0.03333333333333333
0 0.9926017262638718 0.37037037037037035 0.01726263871763255 0.037037037037037035
0 0.750924784217016 0.20185185185185187 0.018495684340320593 0.03333333333333333
0 0.8951911220715166 0.24074074074074073 0.018495684340320593 0.03333333333333333
0 0.011097410604192354 0.21481481481481482 0.018495684340320593 0.03333333333333333
0 0.027127003699136867 0.03148148148148148 0.013563501849568433 0.025925925925925925
0 0.8569667077681874 0.3111111111111111 0.01726263871763255 0.037037037037037035
0 0.8397040690505548 0.1425925925925926 0.018495684340320593 0.03333333333333333
0 0.9395807644882861 0.3351851851851852 0.01726263871763255 0.037037037037037035
0 0.9654747225647349 0.3055555555555556 0.01726263871763255 0.037037037037037035
0 0.24290998766954378 0.040740740740740744 0.013563501849568433 0.025925925925925925
0 0.2059186189889026 0.03518518518518519 0.013563501849568433 0.025925925925925925
0 0.07644882860665844 0.19074074074074074 0.018495684340320593 0.03333333333333333
0 0.5178791615289766 0.5185185185185185 0.0345252774352651 0.05740740740740741
0 0.19852034525277434 0.19444444444444445 0.018495684340320593 0.03333333333333333
0 0.0998766954377312 0.3925925925925926 0.02096177558569667 0.04259259259259259
0 0.8039457459926017 0.1259259259259259 0.013563501849568433 0.025925925925925925
0 0.4081381011097411 0.37407407407407406 0.01726263871763255 0.037037037037037035
0 0.8101109741060419 0.07962962962962963 0.013563501849568433 0.025925925925925925
0 0.905055487053021 0.2851851851851852 0.01726263871763255 0.037037037037037035
0 0.47348951911220716 0.4462962962962963 0.02096177558569667 0.04259259259259259
0 0.1060419235511714 0.05185185185185185 0.013563501849568433 0.025925925925925925
0 0.5893958076448829 0.3314814814814815 0.01726263871763255 0.037037037037037035
0 0.3094944512946979 0.19074074074074074 0.018495684340320593 0.03333333333333333
0 0.5240443896424167 0.21851851851851853 0.018495684340320593 0.03333333333333333
0 0.5696670776818742 0.2074074074074074 0.018495684340320593 0.03333333333333333
0 0.8557336621454994 0.009259259259259259 0.013563501849568433 0.025925925925925925
0 0.27373612823674476 0.3074074074074074 0.01726263871763255 0.037037037037037035
0 0.3884093711467324 0.2 0.018495684340320593 0.03333333333333333
0 0.531442663378545 0.046296296296296294 0.013563501849568433 0.025925925925925925
0 0.12330456226880394 0.11666666666666667 0.013563501849568433 0.025925925925925925
0 0.6276202219482121 0.08703703703703704 0.013563501849568433 0.025925925925925925
0 0.20221948212083848 0.37777777777777777 0.01726263871763255 0.037037037037037035
0 0.686806411837238 0.1037037037037037 0.013563501849568433 0.025925925925925925
0 0.07028360049321825 0.48148148148148145 0.02096177558569667 0.04259259259259259
0 0.4648581997533909 0.2222222222222222 0.018495684340320593 0.03333333333333333
0 0.29839704069050554 0.25555555555555554 0.01726263871763255 0.037037037037037035
0 0.6831072749691739 0.05185185185185185 0.013563501849568433 0.025925925925925925
0 0.9198520345252774 0.07962962962962963 0.013563501849568433 0.025925925925925925
0 0.05425400739827373 0.11296296296296296 0.013563501849568433 0.025925925925925925
0 0.28606658446362515 0.5222222222222223 0.02096177558569667 0.04259259259259259
0 0.093711467324291 0.5981481481481481 0.02342786683107275 0.044444444444444446
0 0.3366214549938348 0.575925925925926 0.02342786683107275 0.044444444444444446
0 0.2959309494451295 0.4759259259259259 0.02096177558569667 0.04259259259259259
0 0.33045622688039455 0.25925925925925924 0.0345252774352651 0.05740740740740741
0 0.2996300863131936 0.07777777777777778 0.013563501849568433 0.025925925925925925
0 0.6017262638717632 0.04259259259259259 0.013563501849568433 0.025925925925925925
0 0.9210850801479655 0.20555555555555555 0.018495684340320593 0.03333333333333333
0 0.9297163995067818 0.1925925925925926 0.018495684340320593 0.03333333333333333
0 0.8594327990135635 0.5296296296296297 0.02342786683107275 0.044444444444444446
0 0.2872996300863132 0.4203703703703704 0.02096177558569667 0.04259259259259259
0 0.3600493218249075 0.11296296296296296 0.013563501849568433 0.025925925925925925
0 0.8051787916152897 0.17037037037037037 0.018495684340320593 0.03333333333333333
0 0.6522811344019729 0.3037037037037037 0.01726263871763255 0.037037037037037035
0 0.2872996300863132 0.17962962962962964 0.018495684340320593 0.03333333333333333
0 0.5462392108508015 0.25 0.0345252774352651 0.05740740740740741
0 0.4845869297163995 0.03148148148148148 0.013563501849568433 0.025925925925925925
0 0.9469790382244143 0.03333333333333333 0.013563501849568433 0.025925925925925925
0 0.9728729963008631 0.06851851851851852 0.013563501849568433 0.025925925925925925
0 0.8631319358816276 0.21851851851851853 0.018495684340320593 0.03333333333333333
0 0.15536374845869297 0.1925925925925926 0.018495684340320593 0.03333333333333333
0 0.4747225647348952 0.4925925925925926 0.02096177558569667 0.04259259259259259
0 0.218249075215783 0.4537037037037037 0.02096177558569667 0.04259259259259259
0 0.24537607891491986 0.3277777777777778 0.01726263871763255 0.037037037037037035
0 0.46115906288532676 0.4703703703703704 0.02096177558569667 0.04259259259259259
0 0.1319358816276202 0.05555555555555555 0.013563501849568433 0.025925925925925925
0 0.9913686806411838 0.15185185185185185 0.018495684340320593 0.03333333333333333
