0 0.10091001011122346 0.56353591160221 0.020020222446916078 0.04337016574585635
0 0.5945399393326593 0.5383977900552486 0.013346814964610718 0.023480662983425413
0 0.9973710819009101 0.7303867403314918 0.06046511627906977 0.10027624309392265
0 0.14256825075834176 0.4718232044198895 0.010717896865520727 0.019060773480662985
0 0.6088978766430738 0.5477900552486188 0.013346814964610718 0.023480662983425413
0 0.079474216380182 0.393646408839779 0.010717896865520727 0.019060773480662985
0 0.48008088978766433 0.6212707182320442 0.03498483316481294 0.06574585635359116
0 0.5498483316481294 0.5480662983425414 0.02184024266936299 0.036740331491712706
0 0.4543983822042467 0.5477900552486188 0.02184024266936299 0.036740331491712706
0 0.6483316481294237 0.5530386740331492 0.013346814964610718 0.023480662983425413
0 0.11466127401415571 0.42790055248618786 0.010717896865520727 0.019060773480662985
0 0.15692618806875633 0.4207182320441989 0.010717896865520727 0.019060773480662985
0 0.4713852376137513 0.5245856353591161 0.018604651162790697 0.024861878453038673
0 0.7547017189079879 0.580939226519337 0.018806875631951468 0.032320441988950274
0 0.8628918099089989 0.5740331491712707 0.023053589484327605 0.04392265193370166
0 0.8930232558139535 0.6035911602209945 0.023053589484327605 0.04392265193370166
0 0.9462082912032356 0.5994475138121547 0.023053589484327605 0.04392265193370166
0 0.9116279069767442 0.6143646408839779 0.023053589484327605 0.04392265193370166
0 0.9377148634984833 0.5477900552486188 0.023053589484327605 0.04392265193370166
0 0.871587462082912 0.5707182320441989 0.023053589484327605 0.04392265193370166
0 0.714459049544995 0.7569060773480663 0.05783619817997978 0.11602209944751381
0 0.6129423660262892 0.5812154696132596 0.013346814964610718 0.023480662983425413
0 0.896056622851365 0.6988950276243094 0.06046511627906977 0.10027624309392265
0 0.006673407482305359 0.4759668508287293 0.012942366026289181 0.024033149171270717
0 0.9629929221435793 0.5958563535911602 0.00910010111223458 0.009392265193370166
0 0.1716885743174924 0.4861878453038674 0.01961577350859454 0.039779005524861875
0 0.5164812942366026 0.5317679558011049 0.02184024266936299 0.036740331491712706
0 0.40808897876643074 0.4900552486187845 0.018604651162790697 0.024861878453038673
0 0.23296258847320525 0.4759668508287293 0.01961577350859454 0.039779005524861875
0 0.6869565217391305 0.5878453038674033 0.015369059656218402 0.027624309392265192
0 0.6485338725985844 0.5939226519337016 0.015369059656218402 0.027624309392265192
0 0.8220424671385238 0.6104972375690608 0.018806875631951468 0.032320441988950274
0 0.20849342770475227 0.5033149171270718 0.01961577350859454 0.039779005524861875
0 0.27522750252780587 0.9743093922651934 0.06774519716885744 0.12071823204419889
0 0.5619817997977755 0.5527624309392265 0.02184024266936299 0.036740331491712706
0 0.5049544994944388 0.5220994475138122 0.02184024266936299 0.036740331491712706
0 0.8626895854398382 0.6049723756906077 0.023053589484327605 0.04392265193370166
0 0.5340748230535894 0.523756906077348 0.02184024266936299 0.036740331491712706
0 0.8736097067745198 0.6295580110497238 0.023053589484327605 0.04392265193370166
0 0.08372093023255814 0.5035911602209945 0.01961577350859454 0.039779005524861875
0 0.6151668351870576 0.49558011049723755 0.013346814964610718 0.023480662983425413
0 0.43296258847320523 0.668232044198895 0.03498483316481294 0.06574585635359116
0 0.20343781597573307 0.4511049723756906 0.010717896865520727 0.019060773480662985
0 0.43296258847320523 0.5290055248618785 0.018604651162790697 0.024861878453038673
0 0.7864509605662285 0.6621546961325967 0.03356926188068756 0.05138121546961326
0 0.9553083923154702 0.6270718232044199 0.023053589484327605 0.04392265193370166
0 0.6738119312436804 0.6243093922651933 0.015369059656218402 0.027624309392265192
0 0.7692618806875632 0.5143646408839779 0.018806875631951468 0.032320441988950274
0 0.18887765419615773 0.4919889502762431 0.01961577350859454 0.039779005524861875
0 0.5259858442871588 0.5541436464088397 0.02184024266936299 0.036740331491712706
0 0.025480283114256826 0.5522099447513812 0.020020222446916078 0.04337016574585635
0 0.4184024266936299 0.474585635359116 0.018604651162790697 0.024861878453038673
0 0.6998988877654196 0.5513812154696133 0.015369059656218402 0.027624309392265192
0 0.7638018200202225 0.6196132596685083 0.018806875631951468 0.032320441988950274
0 0.23053589484327602 0.5135359116022099 0.01961577350859454 0.039779005524861875
0 0.12457027300303336 0.6212707182320442 0.04125379170879676 0.08977900552486189
0 0.9625884732052579 0.5386740331491713 0.00910010111223458 0.009392265193370166
0 0.25763397371081903 0.481767955801105 0.01961577350859454 0.039779005524861875
0 0.13751263902932254 0.4403314917127072 0.010717896865520727 0.019060773480662985
0 0.5743174924165824 0.5400552486187845 0.02184024266936299 0.036740331491712706
0 0.9769464105156724 0.6168508287292818 0.00910010111223458 0.009392265193370166
0 0.06754297269969667 0.4149171270718232 0.010717896865520727 0.019060773480662985
0 0.6956521739130435 0.5707182320441989 0.015369059656218402 0.027624309392265192
0 0.8088978766430738 0.6024861878453038 0.018806875631951468 0.032320441988950274
0 0.3409504550050556 0.6729281767955801 0.05217391304347826 0.09116022099447514
0 0.8036400404448938 0.5776243093922652 0.018806875631951468 0.032320441988950274
0 0.8972699696663297 0.5798342541436464 0.023053589484327605 0.04392265193370166
0 0.17007077856420627 0.4356353591160221 0.010717896865520727 0.019060773480662985
0 0.44327603640040447 0.37790055248618787 0.01031344792719919 0.021823204419889504
0 0.07927199191102123 0.41464088397790055 0.010717896865520727 0.019060773480662985
0 0.19737108190091002 0.3953038674033149 0.010717896865520727 0.019060773480662985
0 0.004246713852376138 0.7157458563535911 0.06774519716885744 0.12071823204419889
0 0.10212335692618807 0.44834254143646407 0.010717896865520727 0.019060773480662985
0 0.9120323559150657 0.594475138121547 0.023053589484327605 0.04392265193370166
0 0.46147623862487364 0.5038674033149171 0.018604651162790697 0.024861878453038673
0 0.5670374115267948 0.505524861878453 0.02184024266936299 0.036740331491712706
0 0.4539939332659252 0.5273480662983425 0.018604651162790697 0.024861878453038673
0 0.6750252780586451 0.5908839779005525 0.015369059656218402 0.027624309392265192
0 0.44145601617795754 0.6193370165745856 0.03498483316481294 0.06574585635359116
0 0.5836198179979778 0.5903314917127072 0.05824064711830131 0.09005524861878453
0 0.5805864509605663 0.5171270718232044 0.02184024266936299 0.036740331491712706
0 0.12497472194135491 0.41132596685082873 0.010717896865520727 0.019060773480662985
0 0.17735085945399393 0.43646408839779005 0.010717896865520727 0.019060773480662985
0 0.7965621840242669 0.580110497237569 0.018806875631951468 0.032320441988950274
0 0.5656218402426694 0.5303867403314917 0.02184024266936299 0.036740331491712706
0 0.7917087967644085 0.5168508287292818 0.018806875631951468 0.032320441988950274
0 0.31243680485338726 0.5743093922651934 0.05217391304347826 0.09116022099447514
0 0.7225480283114257 0.6588397790055248 0.03356926188068756 0.05138121546961326
0 0.8157735085945399 0.5251381215469614 0.018806875631951468 0.032320441988950274
0 0.7520728008088978 0.6513812154696133 0.03356926188068756 0.05138121546961326
0 0.27866531850353893 0.5991712707182321 0.04125379170879676 0.08977900552486189
0 0.8450960566228514 0.6220994475138122 0.018806875631951468 0.032320441988950274
0 0.4875631951466127 0.9505524861878453 0.05783619817997978 0.11602209944751381
0 0.6572295247724975 0.5430939226519337 0.013346814964610718 0.023480662983425413
0 0.15025278058645097 0.5223756906077348 0.01961577350859454 0.039779005524861875
0 0.6416582406471183 0.543646408839779 0.013346814964610718 0.023480662983425413
0 0.22810920121334682 0.6104972375690608 0.04125379170879676 0.08977900552486189
0 0.17350859453993933 0.46104972375690606 0.010717896865520727 0.019060773480662985
0 0.1917087967644085 0.45331491712707184 0.010717896865520727 0.019060773480662985
0 0.42163801820020225 0.5035911602209945 0.018604651162790697 0.024861878453038673
0 0.8469160768452982 0.5729281767955801 0.018806875631951468 0.032320441988950274
0 0.5672396359959555 0.8359116022099448 0.05824064711830131 0.09005524861878453
0 0.6875631951466128 0.6151933701657458 0.015369059656218402 0.027624309392265192
0 0.11931243680485339 0.47928176795580113 0.010717896865520727 0.019060773480662985
