0 0.700381679389313 0.5368956743002544 0.01717557251908397 0.022900763358778626
0 0.7022900763358778 0.41475826972010177 0.007633587786259542 0.007633587786259542
0 0.9713740458015268 0.5165394402035624 0.02099236641221374 0.027989821882951654
0 0.5057251908396947 0.5903307888040712 0.02480916030534351 0.035623409669211195
0 0.6278625954198473 0.4860050890585242 0.007633587786259542 0.01272264631043257
0 0.5362595419847328 0.544529262086514 0.01717557251908397 0.022900763358778626
0 0.5076335877862596 0.6437659033078881 0.02862595419847328 0.043256997455470736
0 0.29389312977099236 0.5216284987277354 0.011450381679389313 0.010178117048346057
0 0.6965648854961832 0.48346055979643765 0.007633587786259542 0.01272264631043257
0 0.8263358778625954 0.5139949109414759 0.011450381679389313 0.010178117048346057
0 0.026717557251908396 0.6208651399491094 0.022900763358778626 0.03307888040712468
0 0.18702290076335878 0.6005089058524173 0.02480916030534351 0.035623409669211195
0 0.6583969465648855 0.4122137404580153 0.007633587786259542 0.007633587786259542
0 0.42938931297709926 0.7659033078880407 0.05152671755725191 0.07888040712468193
0 0.34541984732824427 0.5877862595419847 0.02480916030534351 0.035623409669211195
0 0.6049618320610687 0.4198473282442748 0.007633587786259542 0.007633587786259542
0 0.5877862595419847 0.49872773536895676 0.007633587786259542 0.010178117048346057
0 0.7290076335877863 0.5521628498727735 0.01717557251908397 0.022900763358778626
0 0.19274809160305342 0.5114503816793893 0.011450381679389313 0.010178117048346057
0 0.18702290076335878 0.6564885496183206 0.022900763358778626 0.03307888040712468
0 0.46564885496183206 0.4910941475826972 0.007633587786259542 0.01272264631043257
0 0.7118320610687023 0.5699745547073791 0.02480916030534351 0.035623409669211195
0 0.4198473282442748 0.6539440203562341 0.02862595419847328 0.043256997455470736
0 0.49427480916030536 0.549618320610687 0.02099236641221374 0.027989821882951654
0 0.49236641221374045 0.5216284987277354 0.011450381679389313 0.010178117048346057
0 0.8225190839694656 0.648854961832061 0.02862595419847328 0.04071246819338423
0 0.29389312977099236 0.5597964376590331 0.02480916030534351 0.035623409669211195
0 0.12213740458015267 0.6539440203562341 0.022900763358778626 0.03307888040712468
0 0.07633587786259542 0.5776081424936387 0.02480916030534351 0.035623409669211195
0 0.8931297709923665 0.5292620865139949 0.011450381679389313 0.010178117048346057
0 0.6412213740458015 0.5318066157760815 0.011450381679389313 0.010178117048346057
0 0.6793893129770993 0.4758269720101781 0.007633587786259542 0.01272264631043257
0 0.08396946564885496 0.5343511450381679 0.011450381679389313 0.010178117048346057
0 0.6393129770992366 0.5801526717557252 0.02480916030534351 0.035623409669211195
0 0.6202290076335878 0.4173027989821883 0.007633587786259542 0.007633587786259542
0 0.7290076335877863 0.5012722646310432 0.011450381679389313 0.010178117048346057
0 0.6297709923664122 0.5572519083969466 0.02480916030534351 0.035623409669211195
0 0.6354961832061069 0.40966921119592875 0.007633587786259542 0.007633587786259542
0 0.34923664122137404 0.4860050890585242 0.007633587786259542 0.01272264631043257
0 0.6812977099236641 0.40458015267175573 0.007633587786259542 0.007633587786259542
0 0.7519083969465649 0.45038167938931295 0.007633587786259542 0.007633587786259542
0 0.32061068702290074 0.5597964376590331 0.02480916030534351 0.035623409669211195
0 0.05343511450381679 0.5190839694656488 0.011450381679389313 0.010178117048346057
0 0.8587786259541985 0.7379134860050891 0.05152671755725191 0.07888040712468193
0 0.6393129770992366 0.4910941475826972 0.007633587786259542 0.01272264631043257
0 0.7194656488549618 0.4961832061068702 0.009541984732824428 0.010178117048346057
0 0.7900763358778626 0.8015267175572519 0.05152671755725191 0.07888040712468193
0 0.700381679389313 0.4351145038167939 0.007633587786259542 0.007633587786259542
0 0.7270992366412213 0.455470737913486 0.007633587786259542 0.007633587786259542
0 0.26717557251908397 0.539440203562341 0.02480916030534351 0.035623409669211195
0 0.8587786259541985 0.5852417302798982 0.02480916030534351 0.035623409669211195
0 0.05916030534351145 0.5979643765903307 0.02480916030534351 0.035623409669211195
0 0.833969465648855 0.6183206106870229 0.02480916030534351 0.035623409669211195
0 0.8072519083969466 0.5318066157760815 0.011450381679389313 0.010178117048346057
0 0.9580152671755725 0.5419847328244275 0.02099236641221374 0.027989821882951654
0 0.4732824427480916 0.48346055979643765 0.007633587786259542 0.01272264631043257
0 0.8874045801526718 0.5419847328244275 0.02099236641221374 0.027989821882951654
0 0.8034351145038168 0.6030534351145038 0.02480916030534351 0.035623409669211195
0 0.6965648854961832 0.44529262086513993 0.007633587786259542 0.007633587786259542
0 0.8206106870229007 0.5750636132315522 0.02480916030534351 0.035623409669211195
0 0.03244274809160305 0.5318066157760815 0.01717557251908397 0.022900763358778626
0 0.10687022900763359 0.7353689567430025 0.03435114503816794 0.05597964376590331
0 0.7137404580152672 0.48091603053435117 0.007633587786259542 0.01272264631043257
0 0.7404580152671756 0.43765903307888043 0.007633587786259542 0.007633587786259542
0 0.9007633587786259 0.7735368956743003 0.05152671755725191 0.07888040712468193
0 0.11641221374045801 0.5674300254452926 0.02480916030534351 0.035623409669211195
0 0.4484732824427481 0.4860050890585242 0.007633587786259542 0.01272264631043257
0 0.5648854961832062 0.5267175572519084 0.011450381679389313 0.010178117048346057
0 0.5591603053435115 0.55470737913486 0.013358778625954198 0.015267175572519083
0 0.5152671755725191 0.9185750636132316 0.061068702290076333 0.10178117048346055
0 0.1965648854961832 0.4910941475826972 0.01717557251908397 0.022900763358778626
0 0.6278625954198473 0.8498727735368957 0.061068702290076333 0.10178117048346055
0 0.38549618320610685 0.6005089058524173 0.02480916030534351 0.035623409669211195
0 0.5324427480916031 0.48346055979643765 0.007633587786259542 0.01272264631043257
0 0.4866412213740458 0.5826972010178118 0.02480916030534351 0.035623409669211195
0 0.061068702290076333 0.6259541984732825 0.022900763358778626 0.03307888040712468
0 0.8778625954198473 0.6946564885496184 0.02862595419847328 0.04071246819338423
0 0.3473282442748092 0.648854961832061 0.02862595419847328 0.043256997455470736
0 0.17748091603053434 0.4910941475826972 0.01717557251908397 0.022900763358778626
0 0.4580152671755725 0.5368956743002544 0.013358778625954198 0.015267175572519083
0 0.22137404580152673 0.5725190839694656 0.02480916030534351 0.035623409669211195
0 0.15458015267175573 0.5776081424936387 0.02480916030534351 0.035623409669211195
0 0.23473282442748092 0.5928753180661578 0.02480916030534351 0.035623409669211195
0 0.9618320610687023 0.5089058524173028 0.01717557251908397 0.022900763358778626
0 0.6755725190839694 0.5572519083969466 0.02480916030534351 0.035623409669211195
0 0.6870229007633588 0.5674300254452926 0.02480916030534351 0.035623409669211195
0 0.5954198473282443 0.539440203562341 0.01717557251908397 0.022900763358778626
0 0.383587786259542 0.5165394402035624 0.011450381679389313 0.010178117048346057
0 0.25763358778625955 0.6895674300254453 0.022900763358778626 0.03307888040712468
0 0.24427480916030533 0.49363867684478374 0.01717557251908397 0.022900763358778626
0 0.6259541984732825 0.5267175572519084 0.011450381679389313 0.010178117048346057
0 0.6049618320610687 0.5318066157760815 0.011450381679389313 0.010178117048346057
0 0.9255725190839694 0.5979643765903307 0.02480916030534351 0.035623409669211195
0 0.7213740458015268 0.4122137404580153 0.007633587786259542 0.007633587786259542
0 0.6450381679389313 0.48091603053435117 0.007633587786259542 0.01272264631043257
0 0.7041984732824428 0.5012722646310432 0.011450381679389313 0.010178117048346057
0 0.7137404580152672 0.4173027989821883 0.007633587786259542 0.007633587786259542
0 0.6641221374045801 0.6513994910941476 0.02862595419847328 0.04071246819338423
0 0.3015267175572519 0.5725190839694656 0.02480916030534351 0.035623409669211195
0 0.7900763358778626 0.5979643765903307 0.02480916030534351 0.035623409669211195
0 0.24236641221374045 0.5623409669211196 0.02480916030534351 0.035623409669211195
0 0.3931297709923664 0.49872773536895676 0.009541984732824428 0.010178117048346057
0 0.2729007633587786 0.905852417302799 0.061068702290076333 0.10178117048346055
0 0.7576335877862596 0.6463104325699746 0.02862595419847328 0.04071246819338423
0 0.42748091603053434 0.5318066157760815 0.011450381679389313 0.010178117048346057
0 0.6469465648854962 0.9287531806615776 0.061068702290076333 0.10178117048346055
0 0.6774809160305344 0.8295165394402035 0.05152671755725191 0.07888040712468193
0 0.28053435114503816 0.5776081424936387 0.02480916030534351 0.035623409669211195
0 0.5248091603053435 0.6793893129770993 0.02862595419847328 0.043256997455470736
0 0.5362595419847328 0.5801526717557252 0.02480916030534351 0.035623409669211195
0 0.6335877862595419 0.46055979643765904 0.007633587786259542 0.007633587786259542
0 0.08778625954198473 0.55470737913486 0.02099236641221374 0.027989821882951654
0 0.7862595419847328 0.5012722646310432 0.011450381679389313 0.010178117048346057
0 0.7290076335877863 0.42748091603053434 0.007633587786259542 0.007633587786259542
0 0.517175572519084 0.4860050890585242 0.007633587786259542 0.01272264631043257
0 0.25763358778625955 0.5521628498727735 0.02480916030534351 0.035623409669211195
0 0.6202290076335878 0.49872773536895676 0.009541984732824428 0.010178117048346057
0 0.41603053435114506 0.48854961832061067 0.007633587786259542 0.01272264631043257
0 0.5858778625954199 0.4580152671755725 0.007633587786259542 0.007633587786259542
0 0.9083969465648855 0.5343511450381679 0.011450381679389313 0.010178117048346057
0 0.4484732824427481 0.5470737913486005 0.013358778625954198 0.015267175572519083
0 0.13549618320610687 0.5623409669211196 0.02480916030534351 0.035623409669211195
0 0.700381679389313 0.5139949109414759 0.011450381679389313 0.010178117048346057
0 0.8683206106870229 0.5674300254452926 0.02480916030534351 0.035623409669211195
0 0.35877862595419846 0.5267175572519084 0.011450381679389313 0.010178117048346057
0 0.5858778625954199 0.5979643765903307 0.02480916030534351 0.035623409669211195
0 0.9847328244274809 0.5572519083969466 0.02480916030534351 0.035623409669211195
0 0.10877862595419847 0.5038167938931297 0.011450381679389313 0.010178117048346057
0 0.5992366412213741 0.5038167938931297 0.011450381679389313 0.010178117048346057
0 0.648854961832061 0.40966921119592875 0.007633587786259542 0.007633587786259542
0 0.6603053435114504 0.4910941475826972 0.007633587786259542 0.01272264631043257
0 0.8225190839694656 0.48091603053435117 0.011450381679389313 0.010178117048346057
0 0.6526717557251909 0.48854961832061067 0.007633587786259542 0.01272264631043257
0 0.3797709923664122 0.5318066157760815 0.011450381679389313 0.010178117048346057
0 0.3473282442748092 0.5241730279898219 0.011450381679389313 0.010178117048346057
0 0.8377862595419847 0.549618320610687 0.01717557251908397 0.022900763358778626
0 0.982824427480916 0.6972010178117048 0.03244274809160305 0.04580152671755725
0 0.7709923664122137 0.5776081424936387 0.02480916030534351 0.035623409669211195
0 0.3931297709923664 0.5419847328244275 0.013358778625954198 0.015267175572519083
0 0.7309160305343512 0.4173027989821883 0.007633587786259542 0.007633587786259542
0 0.030534351145038167 0.5063613231552163 0.01717557251908397 0.022900763358778626
0 0.9561068702290076 0.5190839694656488 0.01717557251908397 0.022900763358778626
0 0.7309160305343512 0.5750636132315522 0.02480916030534351 0.035623409669211195
0 0.6526717557251909 0.4732824427480916 0.007633587786259542 0.01272264631043257
0 0.7461832061068703 0.49872773536895676 0.009541984732824428 0.010178117048346057
0 0.25763358778625955 0.5852417302798982 0.02480916030534351 0.035623409669211195
0 0.3549618320610687 0.821882951653944 0.05152671755725191 0.07888040712468193
0 0.6183206106870229 0.6615776081424937 0.02862595419847328 0.04071246819338423
0 0.6278625954198473 0.727735368956743 0.05152671755725191 0.07888040712468193
0 0.31297709923664124 0.5368956743002544 0.02099236641221374 0.027989821882951654
0 0.3797709923664122 0.49872773536895676 0.009541984732824428 0.010178117048346057
0 0.7213740458015268 0.4631043256997455 0.007633587786259542 0.007633587786259542
0 0.20419847328244276 0.7430025445292621 0.03435114503816794 0.05597964376590331
0 0.7824427480916031 0.539440203562341 0.013358778625954198 0.015267175572519083
0 0.38740458015267176 0.5699745547073791 0.02480916030534351 0.035623409669211195
0 0.08206106870229007 0.6768447837150128 0.022900763358778626 0.03307888040712468
0 0.5763358778625954 0.5190839694656488 0.011450381679389313 0.010178117048346057
0 0.03435114503816794 0.5750636132315522 0.01717557251908397 0.020356234096692113
0 0.4064885496183206 0.4910941475826972 0.007633587786259542 0.01272264631043257
0 0.3606870229007634 0.4910941475826972 0.007633587786259542 0.01272264631043257
0 0.6603053435114504 0.5216284987277354 0.011450381679389313 0.010178117048346057
0 0.4312977099236641 0.5674300254452926 0.02480916030534351 0.035623409669211195
0 0.5744274809160306 0.5699745547073791 0.02480916030534351 0.035623409669211195
0 0.601145038167939 0.48346055979643765 0.007633587786259542 0.01272264631043257
0 0.6068702290076335 0.6081424936386769 0.02480916030534351 0.035623409669211195
0 0.5954198473282443 0.4860050890585242 0.007633587786259542 0.01272264631043257
0 0.44083969465648853 0.5190839694656488 0.011450381679389313 0.010178117048346057
0 0.5687022900763359 0.48854961832061067 0.007633587786259542 0.01272264631043257
0 0.49427480916030536 0.4860050890585242 0.007633587786259542 0.01272264631043257
0 0.5152671755725191 0.5648854961832062 0.02480916030534351 0.035623409669211195
0 0.41030534351145037 0.5979643765903307 0.02480916030534351 0.035623409669211195
0 0.5076335877862596 0.48854961832061067 0.007633587786259542 0.01272264631043257
0 0.9389312977099237 0.5623409669211196 0.02480916030534351 0.035623409669211195
0 0.09541984732824428 0.6106870229007634 0.02480916030534351 0.035623409669211195
0 0.7557251908396947 0.544529262086514 0.013358778625954198 0.015267175572519083
0 0.7480916030534351 0.5165394402035624 0.011450381679389313 0.010178117048346057
0 0.7118320610687023 0.46564885496183206 0.007633587786259542 0.007633587786259542
0 0.7633587786259542 0.4351145038167939 0.007633587786259542 0.007633587786259542
0 0.6736641221374046 0.49363867684478374 0.007633587786259542 0.010178117048346057
0 0.7270992366412213 0.5241730279898219 0.011450381679389313 0.010178117048346057
0 0.013358778625954198 0.5190839694656488 0.01717557251908397 0.022900763358778626
0 0.21374045801526717 0.6539440203562341 0.022900763358778626 0.03307888040712468
0 0.21946564885496184 0.5114503816793893 0.011450381679389313 0.010178117048346057
0 0.47900763358778625 0.5114503816793893 0.011450381679389313 0.010178117048346057
0 0.6908396946564885 0.4122137404580153 0.007633587786259542 0.007633587786259542
0 0.22900763358778625 0.5572519083969466 0.02480916030534351 0.035623409669211195
0 0.9446564885496184 0.5877862595419847 0.02480916030534351 0.035623409669211195
0 0.09923664122137404 0.5139949109414759 0.011450381679389313 0.010178117048346057
0 0.7881679389312977 0.727735368956743 0.05152671755725191 0.07888040712468193
0 0.43702290076335876 0.4860050890585242 0.007633587786259542 0.01272264631043257
0 0.7519083969465649 0.5699745547073791 0.02480916030534351 0.035623409669211195
0 0.5458015267175572 0.5089058524173028 0.011450381679389313 0.010178117048346057
0 0.7385496183206107 0.628498727735369 0.02480916030534351 0.035623409669211195
0 0.6851145038167938 0.6997455470737913 0.02862595419847328 0.04071246819338423
0 0.7690839694656488 0.5241730279898219 0.011450381679389313 0.010178117048346057
0 0.6259541984732825 0.4529262086513995 0.007633587786259542 0.007633587786259542
0 0.7652671755725191 0.926208651399491 0.061068702290076333 0.10178117048346055
0 0.48282442748091603 0.48091603053435117 0.007633587786259542 0.01272264631043257
0 0.5572519083969466 0.46564885496183206 0.007633587786259542 0.007633587786259542
0 0.02480916030534351 0.6615776081424937 0.022900763358778626 0.03307888040712468
0 0.8893129770992366 0.5801526717557252 0.02480916030534351 0.035623409669211195
0 0.6145038167938931 0.4758269720101781 0.007633587786259542 0.01272264631043257
0 0.6030534351145038 0.5725190839694656 0.02480916030534351 0.035623409669211195
0 0.4904580152671756 0.5063613231552163 0.011450381679389313 0.010178117048346057
0 0.683206106870229 0.44529262086513993 0.007633587786259542 0.007633587786259542
0 0.5324427480916031 0.5139949109414759 0.011450381679389313 0.010178117048346057
0 0.16412213740458015 0.5267175572519084 0.011450381679389313 0.010178117048346057
0 0.5381679389312977 0.48854961832061067 0.007633587786259542 0.01272264631043257
0 0.7843511450381679 0.5750636132315522 0.02480916030534351 0.035623409669211195
0 0.6106870229007634 0.4402035623409669 0.007633587786259542 0.007633587786259542
0 0.6622137404580153 0.5521628498727735 0.01717557251908397 0.022900763358778626
0 0.5610687022900763 0.4860050890585242 0.007633587786259542 0.01272264631043257
0 0.7538167938931297 0.43256997455470736 0.007633587786259542 0.007633587786259542
0 0.8740458015267175 0.6157760814249363 0.02480916030534351 0.035623409669211195
0 0.32251908396946566 0.5343511450381679 0.011450381679389313 0.010178117048346057
0 0.18893129770992367 0.5572519083969466 0.02480916030534351 0.035623409669211195
0 0.7900763358778626 0.5267175572519084 0.011450381679389313 0.010178117048346057
0 0.007633587786259542 0.72264631043257 0.03435114503816794 0.05597964376590331
0 0.8664122137404581 0.9821882951653944 0.05152671755725191 0.07888040712468193
0 0.33969465648854963 0.5597964376590331 0.02480916030534351 0.035623409669211195
0 0.7385496183206107 0.48091603053435117 0.007633587786259542 0.01272264631043257
