0 0.26875 0.256 0.014583333333333334 0.044
0 0.3138888888888889 0.216 0.014583333333333334 0.044
0 0.475 0.318 0.014583333333333334 0.044
0 0.6736111111111112 0.27 0.014583333333333334 0.044
0 0.2465277777777778 0.226 0.014583333333333334 0.044
0 0.8326388888888889 0.254 0.014583333333333334 0.044
0 0.7256944444444444 0.252 0.014583333333333334 0.044
0 0.7423611111111111 0.298 0.014583333333333334 0.044
0 0.8270833333333333 0.276 0.014583333333333334 0.044
0 0.6583333333333333 0.242 0.014583333333333334 0.044
0 0.7229166666666667 0.392 0.024305555555555556 0.058
0 0.47291666666666665 0.284 0.014583333333333334 0.044
0 0.4701388888888889 0.24 0.014583333333333334 0.044
0 0.38333333333333336 0.222 0.014583333333333334 0.044
0 0.3951388888888889 0.214 0.014583333333333334 0.044
0 0.40069444444444446 0.238 0.014583333333333334 0.044
0 0.8298611111111112 0.32 0.014583333333333334 0.044
0 0.5604166666666667 0.26 0.014583333333333334 0.044
0 0.21319444444444444 0.242 0.014583333333333334 0.044
0 0.5506944444444445 0.254 0.014583333333333334 0.044
0 0.5798611111111112 0.354 0.024305555555555556 0.058
0 0.6506944444444445 0.33 0.019444444444444445 0.05
0 0.5840277777777778 0.228 0.014583333333333334 0.044
0 0.05625 0.2 0.014583333333333334 0.044
0 0.4986111111111111 0.238 0.014583333333333334 0.044
0 0.6131944444444445 0.23 0.014583333333333334 0.044
0 0.6076388888888888 0.25 0.014583333333333334 0.044
0 0.6930555555555555 0.252 0.014583333333333334 0.044
0 0.36319444444444443 0.232 0.014583333333333334 0.044
0 0.6541666666666667 0.258 0.014583333333333334 0.044
0 0.5430555555555555 0.242 0.014583333333333334 0.044
0 0.6173611111111111 0.244 0.014583333333333334 0.044
0 0.004166666666666667 0.3 0.014583333333333334 0.044
0 0.5541666666666667 0.288 0.014583333333333334 0.044
0 0.07430555555555556 0.18 0.014583333333333334 0.044
0 0.85625 0.418 0.024305555555555556 0.058
0 0.7951388888888888 0.312 0.014583333333333334 0.044
0 0.15347222222222223 0.202 0.014583333333333334 0.044
0 0.7083333333333334 0.244 0.014583333333333334 0.044
0 0.7569444444444444 0.338 0.024305555555555556 0.058
0 0.29097222222222224 0.222 0.014583333333333334 0.044
0 0.8284722222222223 0.396 0.024305555555555556 0.058
0 0.7506944444444444 0.288 0.014583333333333334 0.044
0 0.7291666666666666 0.268 0.014583333333333334 0.044
0 0.06527777777777778 0.22 0.014583333333333334 0.044
0 0.90625 0.228 0.13333333333333333 0.416
0 0.5152777777777777 0.222 0.014583333333333334 0.044
0 0.6236111111111111 0.274 0.014583333333333334 0.044
0 0.4270833333333333 0.226 0.014583333333333334 0.044
0 0.15763888888888888 0.226 0.014583333333333334 0.044
0 0.41180555555555554 0.378 0.024305555555555556 0.058
0 0.6243055555555556 0.41 0.024305555555555556 0.058
0 0.6861111111111111 0.244 0.014583333333333334 0.044
0 0.44930555555555557 0.282 0.014583333333333334 0.044
0 0.4395833333333333 0.146 0.006944444444444444 0.022
0 0.7145833333333333 0.296 0.014583333333333334 0.044
0 0.53125 0.248 0.014583333333333334 0.044
0 0.32708333333333334 0.238 0.014583333333333334 0.044
0 0.3055555555555556 0.334 0.014583333333333334 0.044
0 0.48125 0.468 0.034722222222222224 0.09
0 0.42986111111111114 0.262 0.014583333333333334 0.044
0 0.4840277777777778 0.378 0.024305555555555556 0.058
0 0.4444444444444444 0.234 0.014583333333333334 0.044
0 0.7895833333333333 0.274 0.014583333333333334 0.044
0 0.14305555555555555 0.676 0.034722222222222224 0.098
0 0.5520833333333334 0.618 0.034722222222222224 0.098
0 0.06597222222222222 0.384 0.024305555555555556 0.058
0 0.4263888888888889 0.242 0.014583333333333334 0.044
0 0.24444444444444444 0.274 0.014583333333333334 0.044
0 0.1527777777777778 0.396 0.024305555555555556 0.058
0 0.6673611111111111 0.246 0.014583333333333334 0.044
0 0.6 0.29 0.014583333333333334 0.044
0 0.5458333333333333 0.23 0.014583333333333334 0.044
0 0.4930555555555556 0.26 0.014583333333333334 0.044
0 0.775 0.422 0.024305555555555556 0.058
0 0.8166666666666667 0.296 0.014583333333333334 0.044
0 0.25 0.246 0.014583333333333334 0.044
0 0.7840277777777778 0.25 0.014583333333333334 0.044
0 0.05277777777777778 0.238 0.014583333333333334 0.044
0 0.22569444444444445 0.196 0.014583333333333334 0.044
0 0.3277777777777778 0.15 0.006944444444444444 0.022
0 0.6923611111111111 0.448 0.034722222222222224 0.09
0 0.9875 0.402 0.01597222222222222 0.048
0 0.5569444444444445 0.462 0.034722222222222224 0.09
0 0.9965277777777778 0.332 0.01597222222222222 0.048
0 0.7277777777777777 0.234 0.014583333333333334 0.044
0 0.6347222222222222 0.35 0.024305555555555556 0.058
0 0.5319444444444444 0.306 0.014583333333333334 0.044
0 0.6548611111111111 0.284 0.014583333333333334 0.044
0 0.7541666666666667 0.266 0.014583333333333334 0.044
0 0.16458333333333333 0.28 0.014583333333333334 0.044
0 0.36319444444444443 0.214 0.014583333333333334 0.044
0 0.7694444444444445 0.36 0.024305555555555556 0.058
0 0.7013888888888888 0.268 0.014583333333333334 0.044
0 0.6833333333333333 0.356 0.024305555555555556 0.058
0 0.10138888888888889 0.202 0.014583333333333334 0.044
0 0.8006944444444445 0.498 0.034722222222222224 0.09
0 0.8354166666666667 0.354 0.024305555555555556 0.058
0 0.6527777777777778 0.378 0.024305555555555556 0.058
0 0.4513888888888889 0.134 0.006944444444444444 0.022
0 0.425 0.138 0.006944444444444444 0.022
0 0.5222222222222223 0.302 0.014583333333333334 0.044
0 0.11458333333333333 0.184 0.014583333333333334 0.044
0 0.018055555555555554 0.196 0.014583333333333334 0.044
0 0.5131944444444444 0.276 0.014583333333333334 0.044
0 0.20972222222222223 0.578 0.034722222222222224 0.098
0 0.28888888888888886 0.29 0.014583333333333334 0.044
0 0.4423611111111111 0.13 0.006944444444444444 0.022
0 0.8125 0.248 0.014583333333333334 0.044
0 0.8368055555555556 0.272 0.01597222222222222 0.048
0 0.1076388888888889 0.284 0.014583333333333334 0.044
0 0.08263888888888889 0.222 0.014583333333333334 0.044
0 0.14791666666666667 0.216 0.014583333333333334 0.044
0 0.2604166666666667 0.202 0.014583333333333334 0.044
0 0.7381944444444445 0.262 0.014583333333333334 0.044
0 0.39861111111111114 0.332 0.014583333333333334 0.044
0 0.1597222222222222 0.308 0.014583333333333334 0.044
0 0.6326388888888889 0.27 0.014583333333333334 0.044
0 0.13680555555555557 0.188 0.014583333333333334 0.044
0 0.2222222222222222 0.232 0.014583333333333334 0.044
0 0.5625 0.34 0.024305555555555556 0.058
0 0.33611111111111114 0.286 0.014583333333333334 0.044
0 0.8090277777777778 0.256 0.014583333333333334 0.044
0 0.5368055555555555 0.442 0.034722222222222224 0.09
0 0.6097222222222223 0.264 0.014583333333333334 0.044
0 0.7381944444444445 0.268 0.014583333333333334 0.044
0 0.4354166666666667 0.836 0.034722222222222224 0.098
0 0.5118055555555555 0.24 0.014583333333333334 0.044
0 0.3888888888888889 0.462 0.034722222222222224 0.09
0 0.03611111111111111 0.264 0.014583333333333334 0.044
0 0.47152777777777777 0.262 0.014583333333333334 0.044
0 0.4479166666666667 0.596 0.034722222222222224 0.098
0 0.7611111111111111 0.262 0.014583333333333334 0.044
0 0.3854166666666667 0.276 0.014583333333333334 0.044
0 0.9923611111111111 0.37 0.01597222222222222 0.048
0 0.5701388888888889 0.292 0.014583333333333334 0.044
0 0.7854166666666667 0.33 0.01597222222222222 0.048
0 0.84375 0.318 0.01597222222222222 0.048
0 0.20902777777777778 0.2 0.014583333333333334 0.044
0 0.6090277777777777 0.322 0.014583333333333334 0.044
0 0.69375 0.286 0.014583333333333334 0.044
0 0.7520833333333333 0.244 0.014583333333333334 0.044
0 0.7354166666666667 0.286 0.014583333333333334 0.044
0 0.7944444444444444 0.246 0.014583333333333334 0.044
0 0.8451388888888889 0.254 0.009722222222222222 0.024
0 0.17430555555555555 0.258 0.014583333333333334 0.044
0 0.3263888888888889 0.434 0.024305555555555556 0.058
0 0.2375 0.218 0.014583333333333334 0.044
0 0.3333333333333333 0.494 0.034722222222222224 0.09
0 0.33819444444444446 0.252 0.014583333333333334 0.044
0 0.5708333333333333 0.238 0.014583333333333334 0.044
0 0.30833333333333335 0.252 0.014583333333333334 0.044
0 0.43333333333333335 0.302 0.014583333333333334 0.044
0 0.9868055555555556 0.318 0.01597222222222222 0.048
0 0.64375 0.298 0.014583333333333334 0.044
0 0.0 0.192 0.014583333333333334 0.044
0 0.37083333333333335 0.276 0.014583333333333334 0.044
0 0.22152777777777777 0.872 0.034722222222222224 0.098
0 0.41597222222222224 0.232 0.014583333333333334 0.044
0 0.45208333333333334 0.35 0.024305555555555556 0.058
0 0.7743055555555556 0.26 0.014583333333333334 0.044
0 0.1486111111111111 0.234 0.014583333333333334 0.044
0 0.19722222222222222 0.224 0.014583333333333334 0.044
0 0.15138888888888888 0.252 0.014583333333333334 0.044
0 0.8131944444444444 0.444 0.034722222222222224 0.09
0 0.7243055555555555 0.71 0.034722222222222224 0.098
0 0.8368055555555556 0.332 0.01597222222222222 0.048
0 0.6847222222222222 0.26 0.014583333333333334 0.044
0 0.35833333333333334 0.262 0.014583333333333334 0.044
0 0.4756944444444444 0.238 0.014583333333333334 0.044
0 0.7048611111111112 0.342 0.024305555555555556 0.058
0 0.6159722222222223 0.384 0.024305555555555556 0.058
0 0.4826388888888889 0.216 0.014583333333333334 0.044
0 0.022222222222222223 0.268 0.014583333333333334 0.044
0 0.5944444444444444 0.236 0.014583333333333334 0.044
0 0.6833333333333333 0.304 0.014583333333333334 0.044
0 0.64375 0.24 0.014583333333333334 0.044
0 0.2263888888888889 0.31 0.014583333333333334 0.044
0 0.2791666666666667 0.322 0.014583333333333334 0.044
0 0.2673611111111111 0.234 0.014583333333333334 0.044
