0 0.6824104234527687 0.6008676789587852 0.011400651465798045 0.013015184381778741
0 0.4788273615635179 0.6247288503253796 0.011400651465798045 0.013015184381778741
0 0.048859934853420196 0.45770065075921906 0.006514657980456026 0.013015184381778741
0 0.7980456026058632 0.5986984815618221 0.011400651465798045 0.013015184381778741
0 0.31758957654723124 0.5162689804772235 0.006514657980456026 0.013015184381778741
0 0.4543973941368078 0.5357917570498916 0.011400651465798045 0.013015184381778741
0 0.3957654723127036 0.5010845986984815 0.006514657980456026 0.013015184381778741
0 0.7785016286644951 0.5531453362255966 0.011400651465798045 0.013015184381778741
0 0.5553745928338762 0.6030368763557483 0.011400651465798045 0.013015184381778741
0 0.6400651465798045 0.5097613882863341 0.006514657980456026 0.013015184381778741
0 0.06514657980456026 0.48590021691973967 0.006514657980456026 0.013015184381778741
0 0.38762214983713356 0.5488069414316703 0.011400651465798045 0.013015184381778741
0 0.509771986970684 0.5119305856832972 0.006514657980456026 0.013015184381778741
0 0.18566775244299674 0.5249457700650759 0.011400651465798045 0.013015184381778741
0 0.20358306188925082 0.5054229934924078 0.006514657980456026 0.013015184381778741
0 0.003257328990228013 0.4685466377440347 0.006514657980456026 0.013015184381778741
0 0.10097719869706841 0.5488069414316703 0.011400651465798045 0.013015184381778741
0 0.08631921824104234 0.648590021691974 0.016286644951140065 0.02386117136659436
0 0.5895765472312704 0.6681127982646421 0.017915309446254073 0.026030368763557483
0 0.06188925081433225 0.6008676789587852 0.011400651465798045 0.013015184381778741
0 0.5228013029315961 0.6832971800433839 0.014657980456026058 0.019522776572668113
0 0.3289902280130293 0.6442516268980477 0.016286644951140065 0.02386117136659436
0 0.7703583061889251 0.702819956616052 0.017915309446254073 0.026030368763557483
0 0.10423452768729642 0.579175704989154 0.011400651465798045 0.013015184381778741
0 0.6026058631921825 0.6984815618221258 0.017915309446254073 0.026030368763557483
0 0.16938110749185667 0.6095444685466378 0.011400651465798045 0.013015184381778741
0 0.15960912052117263 0.7136659436008677 0.016286644951140065 0.02386117136659436
0 0.13843648208469056 0.648590021691974 0.016286644951140065 0.02386117136659436
0 0.2768729641693811 0.5140997830802603 0.006514657980456026 0.013015184381778741
0 0.029315960912052116 0.47288503253796094 0.006514657980456026 0.013015184381778741
0 0.2947882736156352 0.596529284164859 0.011400651465798045 0.013015184381778741
0 0.14332247557003258 0.6247288503253796 0.011400651465798045 0.013015184381778741
0 0.5228013029315961 0.5813449023861171 0.011400651465798045 0.013015184381778741
0 0.40879478827361565 0.5531453362255966 0.011400651465798045 0.013015184381778741
0 0.38762214983713356 0.6572668112798264 0.016286644951140065 0.02386117136659436
0 0.6693811074918566 0.6182212581344902 0.011400651465798045 0.013015184381778741
0 0.254071661237785 0.7158351409978309 0.016286644951140065 0.02386117136659436
0 0.38599348534201955 0.7049891540130152 0.016286644951140065 0.02386117136659436
0 0.7149837133550488 0.7114967462039046 0.017915309446254073 0.026030368763557483
0 0.36482084690553745 0.5813449023861171 0.011400651465798045 0.013015184381778741
0 0.13192182410423453 0.559652928416486 0.011400651465798045 0.013015184381778741
0 0.5651465798045603 0.6702819956616052 0.017915309446254073 0.026030368763557483
0 0.1270358306188925 0.7809110629067245 0.024429967426710098 0.0368763557483731
0 0.6286644951140065 0.5379609544468547 0.011400651465798045 0.013015184381778741
0 0.4527687296416938 0.6247288503253796 0.011400651465798045 0.013015184381778741
0 0.49348534201954397 0.6854663774403471 0.016286644951140065 0.02386117136659436
0 0.15472312703583063 0.48590021691973967 0.006514657980456026 0.013015184381778741
0 0.21009771986970685 0.5661605206073753 0.011400651465798045 0.013015184381778741
0 0.5228013029315961 0.7809110629067245 0.04071661237785016 0.06290672451193059
0 0.7068403908794788 0.5856832971800434 0.011400651465798045 0.013015184381778741
0 0.3973941368078176 0.5509761388286334 0.011400651465798045 0.013015184381778741
0 0.1498371335504886 0.5683297180043384 0.011400651465798045 0.013015184381778741
0 0.21335504885993486 0.5184381778741866 0.006514657980456026 0.013015184381778741
0 0.28338762214983715 0.561822125813449 0.011400651465798045 0.013015184381778741
0 0.7019543973941368 0.6529284164859002 0.011400651465798045 0.013015184381778741
0 0.741042345276873 0.561822125813449 0.011400651465798045 0.013015184381778741
0 0.2931596091205212 0.5119305856832972 0.006514657980456026 0.013015184381778741
0 0.8990228013029316 0.6420824295010846 0.011400651465798045 0.013015184381778741
0 0.3338762214983713 0.4880694143167028 0.006514657980456026 0.013015184381778741
0 0.13843648208469056 0.6052060737527115 0.011400651465798045 0.013015184381778741
0 0.6710097719869706 0.5900216919739696 0.011400651465798045 0.013015184381778741
0 0.6498371335504886 0.6203904555314533 0.011400651465798045 0.013015184381778741
0 0.23941368078175895 0.4924078091106291 0.006514657980456026 0.013015184381778741
0 0.8469055374592834 0.9240780911062907 0.050488599348534204 0.06724511930585683
0 0.6807817589576547 0.5813449023861171 0.011400651465798045 0.013015184381778741
0 0.5325732899022801 0.5488069414316703 0.011400651465798045 0.013015184381778741
0 0.8257328990228013 0.7049891540130152 0.017915309446254073 0.026030368763557483
0 0.44299674267100975 0.5531453362255966 0.011400651465798045 0.013015184381778741
0 0.8957654723127035 0.5835140997830802 0.011400651465798045 0.013015184381778741
0 0.1563517915309446 0.5835140997830802 0.011400651465798045 0.013015184381778741
0 0.4820846905537459 0.48590021691973967 0.006514657980456026 0.013015184381778741
0 0.8534201954397395 0.596529284164859 0.011400651465798045 0.013015184381778741
0 0.4153094462540717 0.5856832971800434 0.011400651465798045 0.013015184381778741
0 0.08631921824104234 0.49023861171366595 0.006514657980456026 0.013015184381778741
0 0.10260586319218241 0.4793926247288503 0.006514657980456026 0.013015184381778741
0 0.013029315960912053 0.4772234273318872 0.006514657980456026 0.013015184381778741
0 0.8908794788273615 0.735357917570499 0.017915309446254073 0.026030368763557483
0 0.10423452768729642 0.5140997830802603 0.006514657980456026 0.013015184381778741
0 0.3469055374592834 0.5943600867678959 0.011400651465798045 0.013015184381778741
0 0.11074918566775244 0.5531453362255966 0.011400651465798045 0.013015184381778741
0 0.21661237785016288 0.4793926247288503 0.006514657980456026 0.013015184381778741
0 0.18403908794788273 0.6268980477223427 0.011400651465798045 0.013015184381778741
0 0.5814332247557004 0.8546637744034707 0.04071661237785016 0.06290672451193059
0 0.7964169381107492 0.5639913232104121 0.011400651465798045 0.013015184381778741
0 0.6026058631921825 0.5943600867678959 0.011400651465798045 0.013015184381778741
0 0.4185667752442997 0.6529284164859002 0.016286644951140065 0.02386117136659436
0 0.8469055374592834 0.7527114967462039 0.017915309446254073 0.026030368763557483
0 0.5716612377850163 0.5726681127982647 0.011400651465798045 0.013015184381778741
0 0.03745928338762215 0.4880694143167028 0.006514657980456026 0.013015184381778741
0 0.6530944625407166 0.6832971800433839 0.017915309446254073 0.026030368763557483
0 0.8436482084690554 0.6052060737527115 0.011400651465798045 0.013015184381778741
0 0.49185667752442996 0.5357917570498916 0.011400651465798045 0.013015184381778741
0 0.3289902280130293 0.7462039045553145 0.016286644951140065 0.02386117136659436
0 0.6824104234527687 0.6182212581344902 0.011400651465798045 0.013015184381778741
0 0.23452768729641693 0.7288503253796096 0.024429967426710098 0.0368763557483731
0 0.16775244299674266 0.6746203904555315 0.016286644951140065 0.02386117136659436
0 0.4495114006514658 0.6030368763557483 0.011400651465798045 0.013015184381778741
0 0.42833876221498374 0.559652928416486 0.011400651465798045 0.013015184381778741
0 0.8257328990228013 0.6160520607375272 0.011400651465798045 0.013015184381778741
0 0.5781758957654723 0.6355748373101953 0.011400651465798045 0.013015184381778741
0 0.5390879478827362 0.5835140997830802 0.011400651465798045 0.013015184381778741
0 0.06514657980456026 0.7093275488069414 0.016286644951140065 0.02386117136659436
0 0.016286644951140065 0.5661605206073753 0.006514657980456026 0.013015184381778741
0 0.19381107491856678 0.5748373101952278 0.011400651465798045 0.013015184381778741
0 0.9299674267100977 0.6377440347071583 0.011400651465798045 0.013015184381778741
0 0.09609120521172639 0.7093275488069414 0.016286644951140065 0.02386117136659436
0 0.995114006514658 0.5900216919739696 0.011400651465798045 0.013015184381778741
0 0.5195439739413681 0.5639913232104121 0.011400651465798045 0.013015184381778741
0 0.19381107491856678 0.4880694143167028 0.006514657980456026 0.013015184381778741
0 0.5602605863192183 0.5314533622559653 0.011400651465798045 0.013015184381778741
0 0.4723127035830619 0.5379609544468547 0.011400651465798045 0.013015184381778741
0 0.7068403908794788 0.6117136659436009 0.011400651465798045 0.013015184381778741
0 0.36482084690553745 0.6268980477223427 0.011400651465798045 0.013015184381778741
0 0.6042345276872965 0.6247288503253796 0.011400651465798045 0.013015184381778741
0 0.41042345276872966 0.4967462039045553 0.006514657980456026 0.013015184381778741
0 0.8697068403908795 0.6030368763557483 0.011400651465798045 0.013015184381778741
0 0.6058631921824105 0.5509761388286334 0.011400651465798045 0.013015184381778741
0 0.23941368078175895 0.5878524945770065 0.011400651465798045 0.013015184381778741
0 0.04071661237785016 0.7592190889370932 0.024429967426710098 0.0368763557483731
0 0.46579804560260585 0.5097613882863341 0.006514657980456026 0.013015184381778741
0 0.057003257328990226 0.5119305856832972 0.006514657980456026 0.013015184381778741
0 0.5342019543973942 0.7505422993492408 0.017915309446254073 0.026030368763557483
0 0.43485342019543977 0.7418655097613883 0.016286644951140065 0.02386117136659436
0 0.5667752442996743 0.5097613882863341 0.011400651465798045 0.013015184381778741
0 0.9837133550488599 0.6898047722342733 0.013029315960912053 0.015184381778741865
0 0.9641693811074918 0.6464208242950108 0.011400651465798045 0.013015184381778741
0 0.3501628664495114 0.561822125813449 0.011400651465798045 0.013015184381778741
0 0.23778501628664495 0.5119305856832972 0.006514657980456026 0.013015184381778741
0 0.249185667752443 0.5097613882863341 0.006514657980456026 0.013015184381778741
0 0.6791530944625407 0.6572668112798264 0.011400651465798045 0.013015184381778741
0 0.04560260586319218 0.6702819956616052 0.016286644951140065 0.02386117136659436
0 0.9413680781758957 0.7049891540130152 0.017915309446254073 0.026030368763557483
0 0.250814332247557 0.5921908893709328 0.011400651465798045 0.013015184381778741
0 0.5521172638436482 0.5054229934924078 0.006514657980456026 0.013015184381778741
0 0.9201954397394136 0.6268980477223427 0.011400651465798045 0.013015184381778741
0 0.11400651465798045 0.6073752711496746 0.011400651465798045 0.013015184381778741
0 0.4364820846905538 0.5878524945770065 0.011400651465798045 0.013015184381778741
0 0.5863192182410424 0.7874186550976139 0.04071661237785016 0.06290672451193059
0 0.9657980456026058 0.928416485900217 0.050488599348534204 0.06724511930585683
0 0.9723127035830619 0.6832971800433839 0.013029315960912053 0.015184381778741865
0 0.5472312703583062 0.5639913232104121 0.011400651465798045 0.013015184381778741
0 0.9674267100977199 0.6095444685466378 0.011400651465798045 0.013015184381778741
0 0.9381107491856677 0.6095444685466378 0.011400651465798045 0.013015184381778741
0 0.43159609120521175 0.5010845986984815 0.006514657980456026 0.013015184381778741
0 0.3273615635179153 0.596529284164859 0.011400651465798045 0.013015184381778741
0 0.1465798045602606 0.6073752711496746 0.011400651465798045 0.013015184381778741
0 0.38273615635179153 0.561822125813449 0.011400651465798045 0.013015184381778741
0 0.1237785016286645 0.5054229934924078 0.006514657980456026 0.013015184381778741
0 0.7247557003257329 0.6182212581344902 0.011400651465798045 0.013015184381778741
0 0.4788273615635179 0.561822125813449 0.011400651465798045 0.013015184381778741
0 0.3957654723127036 0.6030368763557483 0.011400651465798045 0.013015184381778741
0 0.3322475570032573 0.7939262472885033 0.04071661237785016 0.06290672451193059
0 0.503257328990228 0.5748373101952278 0.011400651465798045 0.013015184381778741
0 0.9576547231270358 0.6268980477223427 0.011400651465798045 0.013015184381778741
0 0.8257328990228013 0.5900216919739696 0.011400651465798045 0.013015184381778741
0 0.12866449511400652 0.4837310195227766 0.006514657980456026 0.013015184381778741
0 0.11074918566775244 0.6963123644251626 0.016286644951140065 0.02386117136659436
