0 0.5 0.14 0.043076923076923075 0.12
0 0.74 0.005 0.055384615384615386 0.1375
0 0.7384615384615385 0.1475 0.04923076923076923 0.1275
0 0.8876923076923077 0.44 0.06923076923076923 0.155
0 0.17384615384615384 0.045 0.023076923076923078 0.06
0 0.29384615384615387 0.0775 0.023076923076923078 0.06
0 0.36615384615384616 0.1275 0.043076923076923075 0.12
0 0.11538461538461539 0.0175 0.036923076923076927 0.105
0 0.7553846153846154 0.46 0.06923076923076923 0.155
0 0.38 0.2225 0.043076923076923075 0.12
0 0.046153846153846156 0.155 0.03230769230769231 0.09
0 0.1676923076923077 0.0925 0.036923076923076927 0.105
0 0.5076923076923077 0.215 0.043076923076923075 0.12
0 0.0876923076923077 0.1375 0.043076923076923075 0.12
