0 0.84 0.6652173913043479 0.05 0.10217391304347827
0 0.8623529411764705 0.6260869565217392 0.03294117647058824 0.075
0 0.37823529411764706 0.6206521739130435 0.021176470588235293 0.05217391304347826
0 0.8876470588235295 0.7347826086956522 0.05 0.10217391304347827
0 0.5141176470588236 0.6130434782608696 0.024705882352941175 0.06086956521739131
0 0.971764705882353 0.7293478260869565 0.05 0.10217391304347827
0 0.5576470588235294 0.3423913043478261 0.015294117647058824 0.034782608695652174
0 0.17294117647058824 0.6663043478260869 0.02235294117647059 0.05434782608695652
0 0.8976470588235295 0.5902173913043478 0.03294117647058824 0.075
0 0.3847058823529412 0.7032608695652174 0.07823529411764706 0.16195652173913044
0 0.89 0.6456521739130435 0.03294117647058824 0.075
0 0.6611764705882353 0.6304347826086957 0.04470588235294118 0.11847826086956521
0 0.9529411764705882 0.29891304347826086 0.018235294117647058 0.035869565217391305
0 0.6358823529411765 0.6043478260869565 0.04470588235294118 0.11847826086956521
0 0.58 0.7043478260869566 0.08294117647058824 0.19130434782608696
0 0.7794117647058824 0.35 0.01588235294117647 0.03152173913043478
0 0.7823529411764706 0.6956521739130435 0.05 0.10217391304347827
0 0.5652941176470588 0.6108695652173913 0.04470588235294118 0.11847826086956521
0 0.4041176470588235 0.6358695652173914 0.021176470588235293 0.05217391304347826
0 0.9117647058823529 0.30434782608695654 0.018235294117647058 0.035869565217391305
0 0.017058823529411765 0.6989130434782609 0.02588235294117647 0.0641304347826087
0 0.12176470588235294 0.6032608695652174 0.06705882352941177 0.14782608695652175
0 0.40588235294117647 0.6293478260869565 0.021176470588235293 0.05217391304347826
0 0.07764705882352942 0.657608695652174 0.02588235294117647 0.0641304347826087
0 0.8535294117647059 0.35434782608695653 0.01588235294117647 0.03152173913043478
0 0.26941176470588235 0.6239130434782608 0.021176470588235293 0.05217391304347826
0 0.4923529411764706 0.6260869565217392 0.024705882352941175 0.06086956521739131
0 0.23823529411764705 0.6847826086956522 0.02235294117647059 0.05434782608695652
0 0.7452941176470588 0.6239130434782608 0.0488235294117647 0.11304347826086956
0 0.841764705882353 0.5934782608695652 0.03294117647058824 0.075
0 0.051176470588235295 0.2717391304347826 0.015294117647058824 0.034782608695652174
0 0.4411764705882353 0.6391304347826087 0.03470588235294118 0.075
0 0.3088235294117647 0.6380434782608696 0.021176470588235293 0.05217391304347826
0 0.19117647058823528 0.6652173913043479 0.02235294117647059 0.05434782608695652
0 0.7064705882352941 0.6478260869565218 0.03470588235294118 0.07934782608695652
0 0.5011764705882353 0.625 0.024705882352941175 0.06086956521739131
0 0.22 0.6543478260869565 0.02235294117647059 0.05434782608695652
0 0.9764705882352941 0.6097826086956522 0.03294117647058824 0.075
0 0.9452941176470588 0.633695652173913 0.03294117647058824 0.075
0 0.49 0.6815217391304348 0.024705882352941175 0.06086956521739131
0 0.8017647058823529 0.6076086956521739 0.0488235294117647 0.11304347826086956
0 0.6282352941176471 0.6565217391304348 0.04470588235294118 0.11847826086956521
0 0.9117647058823529 0.6739130434782609 0.05 0.10217391304347827
0 0.3270588235294118 0.6728260869565217 0.07823529411764706 0.16195652173913044
0 0.19705882352941176 0.6826086956521739 0.02235294117647059 0.05434782608695652
0 0.40058823529411763 0.3673913043478261 0.015294117647058824 0.034782608695652174
0 0.34823529411764703 0.6141304347826086 0.021176470588235293 0.05217391304347826
0 0.21294117647058824 0.2826086956521739 0.015294117647058824 0.034782608695652174
0 0.28941176470588237 0.6782608695652174 0.07823529411764706 0.16195652173913044
0 0.5229411764705882 0.6608695652173913 0.05235294117647059 0.0967391304347826
