0 0.8084745762711865 0.4351145038167939 0.023728813559322035 0.05343511450381679
0 0.005084745762711864 0.7633587786259542 0.013559322033898305 0.02544529262086514
0 0.911864406779661 0.6081424936386769 0.023728813559322035 0.05343511450381679
0 0.14915254237288136 0.7201017811704835 0.023728813559322035 0.05343511450381679
0 0.7847457627118644 0.46564885496183206 0.023728813559322035 0.05343511450381679
0 0.8932203389830509 0.9389312977099237 0.023728813559322035 0.05343511450381679
0 0.08644067796610169 0.33078880407124683 0.023728813559322035 0.05343511450381679
0 0.3576271186440678 0.1272264631043257 0.023728813559322035 0.05343511450381679
0 0.03559322033898305 0.9134860050890585 0.023728813559322035 0.05343511450381679
0 0.32033898305084746 0.24681933842239187 0.023728813559322035 0.05343511450381679
0 0.5576271186440678 0.9338422391857506 0.023728813559322035 0.05343511450381679
0 0.3135593220338983 0.35368956743002544 0.023728813559322035 0.05343511450381679
0 0.6508474576271186 0.8778625954198473 0.023728813559322035 0.05343511450381679
0 0.34067796610169493 0.9872773536895675 0.023728813559322035 0.05343511450381679
0 0.5084745762711864 0.638676844783715 0.023728813559322035 0.05343511450381679
0 0.11864406779661017 0.6743002544529262 0.023728813559322035 0.05343511450381679
0 0.8898305084745762 0.9083969465648855 0.023728813559322035 0.05343511450381679
0 0.9440677966101695 0.7557251908396947 0.023728813559322035 0.05343511450381679
0 0.01694915254237288 0.7888040712468194 0.023728813559322035 0.05343511450381679
0 0.0288135593220339 0.3994910941475827 0.023728813559322035 0.05343511450381679
0 0.21694915254237288 0.48854961832061067 0.023728813559322035 0.05343511450381679
0 0.8745762711864407 0.3969465648854962 0.023728813559322035 0.05343511450381679
0 0.09152542372881356 0.7251908396946565 0.023728813559322035 0.05343511450381679
0 0.7983050847457627 0.3893129770992366 0.023728813559322035 0.05343511450381679
0 0.3694915254237288 0.44274809160305345 0.023728813559322035 0.05343511450381679
0 0.10508474576271186 0.8295165394402035 0.023728813559322035 0.05343511450381679
0 0.1288135593220339 0.7073791348600509 0.023728813559322035 0.05343511450381679
0 0.7694915254237288 0.8040712468193384 0.023728813559322035 0.05343511450381679
0 0.1711864406779661 0.7582697201017812 0.023728813559322035 0.05343511450381679
0 0.3610169491525424 0.6234096692111959 0.023728813559322035 0.05343511450381679
0 0.23898305084745763 0.9669211195928753 0.023728813559322035 0.05343511450381679
0 0.23728813559322035 0.7251908396946565 0.023728813559322035 0.05343511450381679
0 0.9101694915254237 0.8320610687022901 0.023728813559322035 0.05343511450381679
0 0.19152542372881357 0.7048346055979644 0.023728813559322035 0.05343511450381679
0 0.16271186440677965 0.4020356234096692 0.023728813559322035 0.05343511450381679
0 0.864406779661017 0.6768447837150128 0.023728813559322035 0.05343511450381679
0 0.7711864406779662 0.15776081424936386 0.023728813559322035 0.05343511450381679
0 0.911864406779661 0.38676844783715014 0.023728813559322035 0.05343511450381679
0 0.9949152542372881 0.9618320610687023 0.023728813559322035 0.05343511450381679
0 0.33559322033898303 0.8956743002544529 0.023728813559322035 0.05343511450381679
0 0.04915254237288136 0.30279898218829515 0.023728813559322035 0.05343511450381679
0 0.8372881355932204 0.04834605597964377 0.023728813559322035 0.05343511450381679
0 0.47796610169491527 0.39185750636132316 0.023728813559322035 0.05343511450381679
0 0.7966101694915254 0.8447837150127226 0.023728813559322035 0.05343511450381679
0 0.4728813559322034 0.1450381679389313 0.023728813559322035 0.05343511450381679
0 0.5084745762711864 0.5674300254452926 0.023728813559322035 0.05343511450381679
0 0.27627118644067794 0.4198473282442748 0.023728813559322035 0.05343511450381679
0 0.9728813559322034 0.48346055979643765 0.023728813559322035 0.05343511450381679
0 0.5779661016949152 0.12468193384223919 0.023728813559322035 0.05343511450381679
0 0.3 0.4198473282442748 0.023728813559322035 0.05343511450381679
0 0.29491525423728815 0.5292620865139949 0.023728813559322035 0.05343511450381679
0 0.6932203389830508 0.058524173027989825 0.023728813559322035 0.05343511450381679
0 0.559322033898305 0.7073791348600509 0.023728813559322035 0.05343511450381679
0 0.29491525423728815 0.6030534351145038 0.023728813559322035 0.05343511450381679
0 0.03559322033898305 0.4758269720101781 0.023728813559322035 0.05343511450381679
0 0.9711864406779661 0.24427480916030533 0.023728813559322035 0.05343511450381679
0 0.3864406779661017 0.7862595419847328 0.023728813559322035 0.05343511450381679
0 0.9254237288135593 0.8015267175572519 0.023728813559322035 0.05343511450381679
0 0.26949152542372884 0.5114503816793893 0.023728813559322035 0.05343511450381679
0 0.04915254237288136 0.7557251908396947 0.023728813559322035 0.05343511450381679
0 0.423728813559322 0.8524173027989822 0.023728813559322035 0.05343511450381679
0 0.40847457627118644 0.4351145038167939 0.023728813559322035 0.05343511450381679
0 0.020338983050847456 0.4402035623409669 0.023728813559322035 0.05343511450381679
0 0.3169491525423729 0.44529262086513993 0.023728813559322035 0.05343511450381679
0 0.823728813559322 0.7735368956743003 0.023728813559322035 0.05343511450381679
0 0.35084745762711866 0.12468193384223919 0.023728813559322035 0.05343511450381679
0 0.5 0.5852417302798982 0.023728813559322035 0.05343511450381679
0 0.6627118644067796 0.9491094147582697 0.023728813559322035 0.05343511450381679
0 0.964406779661017 0.21119592875318066 0.023728813559322035 0.05343511450381679
0 0.4423728813559322 0.7302798982188295 0.023728813559322035 0.05343511450381679
0 0.4322033898305085 0.5826972010178118 0.023728813559322035 0.05343511450381679
0 0.06779661016949153 0.916030534351145 0.023728813559322035 0.05343511450381679
0 0.23898305084745763 0.4631043256997455 0.023728813559322035 0.05343511450381679
0 0.535593220338983 0.8269720101781171 0.023728813559322035 0.05343511450381679
0 0.19661016949152543 0.9033078880407125 0.023728813559322035 0.05343511450381679
0 0.4288135593220339 0.9389312977099237 0.023728813559322035 0.05343511450381679
0 0.8203389830508474 0.16793893129770993 0.023728813559322035 0.05343511450381679
0 0.11694915254237288 0.7862595419847328 0.023728813559322035 0.05343511450381679
0 0.28983050847457625 0.5903307888040712 0.023728813559322035 0.05343511450381679
0 0.09661016949152543 0.1272264631043257 0.023728813559322035 0.05343511450381679
0 0.7423728813559322 0.6870229007633588 0.023728813559322035 0.05343511450381679
0 0.5203389830508475 0.9796437659033079 0.023728813559322035 0.05343511450381679
0 0.1864406779661017 0.4351145038167939 0.023728813559322035 0.05343511450381679
0 0.8932203389830509 0.5826972010178118 0.023728813559322035 0.05343511450381679
0 0.30338983050847457 0.806615776081425 0.023728813559322035 0.05343511450381679
0 0.46440677966101696 0.10687022900763359 0.023728813559322035 0.05343511450381679
0 0.14745762711864407 0.6335877862595419 0.023728813559322035 0.05343511450381679
0 0.48135593220338985 0.8473282442748091 0.023728813559322035 0.05343511450381679
0 0.19661016949152543 0.3893129770992366 0.023728813559322035 0.05343511450381679
0 0.23389830508474577 0.5368956743002544 0.023728813559322035 0.05343511450381679
0 0.3813559322033898 0.06870229007633588 0.023728813559322035 0.05343511450381679
0 0.43728813559322033 0.6513994910941476 0.023728813559322035 0.05343511450381679
0 0.4847457627118644 0.9236641221374046 0.023728813559322035 0.05343511450381679
0 0.18135593220338983 0.25190839694656486 0.023728813559322035 0.05343511450381679
0 0.06610169491525424 0.13231552162849872 0.023728813559322035 0.05343511450381679
0 0.3694915254237288 0.926208651399491 0.023728813559322035 0.05343511450381679
0 0.8508474576271187 0.7913486005089059 0.023728813559322035 0.05343511450381679
0 0.9576271186440678 0.5089058524173028 0.023728813559322035 0.05343511450381679
0 0.7677966101694915 0.8702290076335878 0.023728813559322035 0.05343511450381679
0 0.001694915254237288 0.4071246819338422 0.011864406779661017 0.022900763358778626
0 0.7406779661016949 0.09414758269720101 0.023728813559322035 0.05343511450381679
0 0.48135593220338985 0.027989821882951654 0.023728813559322035 0.05343511450381679
0 0.8610169491525423 0.13231552162849872 0.023728813559322035 0.05343511450381679
0 0.3864406779661017 0.1450381679389313 0.023728813559322035 0.05343511450381679
0 0.17796610169491525 0.9592875318066157 0.023728813559322035 0.05343511450381679
0 0.5067796610169492 0.7582697201017812 0.023728813559322035 0.05343511450381679
0 0.7593220338983051 0.5750636132315522 0.023728813559322035 0.05343511450381679
0 0.23389830508474577 0.7938931297709924 0.023728813559322035 0.05343511450381679
0 0.3694915254237288 0.5089058524173028 0.023728813559322035 0.05343511450381679
0 0.003389830508474576 0.5954198473282443 0.011864406779661017 0.022900763358778626
0 0.3983050847457627 0.4020356234096692 0.023728813559322035 0.05343511450381679
0 0.3305084745762712 0.8396946564885496 0.023728813559322035 0.05343511450381679
0 0.49322033898305084 0.2035623409669211 0.023728813559322035 0.05343511450381679
0 0.04915254237288136 0.11195928753180662 0.023728813559322035 0.05343511450381679
0 0.411864406779661 0.821882951653944 0.023728813559322035 0.05343511450381679
0 0.37966101694915255 0.8575063613231552 0.023728813559322035 0.05343511450381679
0 0.8966101694915254 0.4402035623409669 0.023728813559322035 0.05343511450381679
0 0.8661016949152542 0.7608142493638677 0.023728813559322035 0.05343511450381679
0 0.35084745762711866 0.5318066157760815 0.023728813559322035 0.05343511450381679
0 0.7610169491525424 0.4020356234096692 0.023728813559322035 0.05343511450381679
0 0.9627118644067797 0.8040712468193384 0.023728813559322035 0.05343511450381679
0 0.811864406779661 0.8854961832061069 0.023728813559322035 0.05343511450381679
0 0.2271186440677966 0.6768447837150128 0.023728813559322035 0.05343511450381679
0 0.9 0.7048346055979644 0.023728813559322035 0.05343511450381679
0 0.23898305084745763 0.12213740458015267 0.023728813559322035 0.05343511450381679
0 0.535593220338983 0.5343511450381679 0.023728813559322035 0.05343511450381679
0 0.4016949152542373 0.9134860050890585 0.023728813559322035 0.05343511450381679
0 0.005084745762711864 0.49363867684478374 0.013559322033898305 0.02544529262086514
0 0.23728813559322035 0.5826972010178118 0.023728813559322035 0.05343511450381679
0 0.4694915254237288 0.44274809160305345 0.023728813559322035 0.05343511450381679
0 0.8915254237288136 0.11959287531806616 0.023728813559322035 0.05343511450381679
0 0.13559322033898305 0.455470737913486 0.023728813559322035 0.05343511450381679
0 0.9745762711864406 0.8625954198473282 0.023728813559322035 0.05343511450381679
0 0.7864406779661017 0.6743002544529262 0.023728813559322035 0.05343511450381679
0 0.10677966101694915 0.09923664122137404 0.023728813559322035 0.05343511450381679
0 0.12033898305084746 0.8880407124681934 0.023728813559322035 0.05343511450381679
0 0.04406779661016949 0.6717557251908397 0.023728813559322035 0.05343511450381679
0 0.22033898305084745 0.02544529262086514 0.023728813559322035 0.05343511450381679
0 0.8864406779661017 0.061068702290076333 0.023728813559322035 0.05343511450381679
0 0.7728813559322034 0.7811704834605598 0.023728813559322035 0.05343511450381679
0 0.9915254237288136 0.30025445292620867 0.023728813559322035 0.05343511450381679
0 0.8203389830508474 0.9720101781170484 0.023728813559322035 0.05343511450381679
0 0.19491525423728814 0.4631043256997455 0.023728813559322035 0.05343511450381679
0 0.13389830508474576 0.24936386768447838 0.023728813559322035 0.05343511450381679
0 0.4864406779661017 0.7022900763358778 0.023728813559322035 0.05343511450381679
0 0.9474576271186441 0.8396946564885496 0.023728813559322035 0.05343511450381679
0 0.3050847457627119 0.628498727735369 0.023728813559322035 0.05343511450381679
0 0.7220338983050848 0.13486005089058525 0.023728813559322035 0.05343511450381679
0 0.19152542372881357 0.6615776081424937 0.023728813559322035 0.05343511450381679
0 0.17966101694915254 0.05597964376590331 0.023728813559322035 0.05343511450381679
0 0.2966101694915254 0.11704834605597965 0.023728813559322035 0.05343511450381679
0 0.10677966101694915 0.9414758269720102 0.023728813559322035 0.05343511450381679
0 0.32372881355932204 0.9389312977099237 0.023728813559322035 0.05343511450381679
0 0.2 0.8727735368956743 0.023728813559322035 0.05343511450381679
0 0.5474576271186441 0.7837150127226463 0.023728813559322035 0.05343511450381679
0 0.652542372881356 0.08142493638676845 0.023728813559322035 0.05343511450381679
0 0.42203389830508475 0.38676844783715014 0.023728813559322035 0.05343511450381679
0 0.19830508474576272 0.7938931297709924 0.023728813559322035 0.05343511450381679
0 0.8254237288135593 0.44529262086513993 0.023728813559322035 0.05343511450381679
0 0.45254237288135596 0.9847328244274809 0.023728813559322035 0.05343511450381679
0 0.02711864406779661 0.6946564885496184 0.023728813559322035 0.05343511450381679
0 0.4288135593220339 0.20610687022900764 0.023728813559322035 0.05343511450381679
0 0.823728813559322 0.712468193384224 0.023728813559322035 0.05343511450381679
0 0.40508474576271186 0.638676844783715 0.023728813559322035 0.05343511450381679
0 0.1423728813559322 0.8473282442748091 0.023728813559322035 0.05343511450381679
0 0.011864406779661017 0.8447837150127226 0.023728813559322035 0.05343511450381679
0 0.30847457627118646 0.5725190839694656 0.023728813559322035 0.05343511450381679
0 0.9711864406779661 0.04071246819338423 0.023728813559322035 0.05343511450381679
0 0.5254237288135594 0.1628498727735369 0.023728813559322035 0.05343511450381679
0 0.5932203389830508 0.06615776081424936 0.023728813559322035 0.05343511450381679
0 0.2016949152542373 0.5241730279898219 0.023728813559322035 0.05343511450381679
0 0.13389830508474576 0.10941475826972011 0.023728813559322035 0.05343511450381679
0 0.005084745762711864 0.3511450381679389 0.013559322033898305 0.02544529262086514
0 0.1135593220338983 0.04834605597964377 0.023728813559322035 0.05343511450381679
0 0.9423728813559322 0.9567430025445293 0.023728813559322035 0.05343511450381679
0 0.21016949152542372 0.4402035623409669 0.023728813559322035 0.05343511450381679
0 0.8033898305084746 0.6005089058524173 0.023728813559322035 0.05343511450381679
0 0.7830508474576271 0.6259541984732825 0.023728813559322035 0.05343511450381679
0 0.011864406779661017 0.6310432569974554 0.023728813559322035 0.05343511450381679
0 0.36271186440677966 0.2824427480916031 0.023728813559322035 0.05343511450381679
0 0.7627118644067796 0.6666666666666666 0.023728813559322035 0.05343511450381679
0 0.4491525423728814 0.4198473282442748 0.023728813559322035 0.05343511450381679
0 0.45254237288135596 0.8880407124681934 0.023728813559322035 0.05343511450381679
0 0.2677966101694915 0.10432569974554708 0.023728813559322035 0.05343511450381679
0 0.4576271186440678 0.17048346055979643 0.023728813559322035 0.05343511450381679
0 0.24067796610169492 0.8422391857506362 0.023728813559322035 0.05343511450381679
0 0.8610169491525423 0.638676844783715 0.023728813559322035 0.05343511450381679
0 0.7728813559322034 0.7175572519083969 0.023728813559322035 0.05343511450381679
0 0.8457627118644068 0.6946564885496184 0.023728813559322035 0.05343511450381679
0 0.9661016949152542 0.4351145038167939 0.023728813559322035 0.05343511450381679
0 0.27796610169491526 0.043256997455470736 0.023728813559322035 0.05343511450381679
0 0.33559322033898303 0.5776081424936387 0.023728813559322035 0.05343511450381679
0 0.36610169491525424 0.3231552162849873 0.023728813559322035 0.05343511450381679
0 0.01864406779661017 0.11704834605597965 0.023728813559322035 0.05343511450381679
0 0.6457627118644068 0.02544529262086514 0.023728813559322035 0.05343511450381679
0 0.17457627118644067 0.6641221374045801 0.023728813559322035 0.05343511450381679
0 0.08644067796610169 0.17557251908396945 0.023728813559322035 0.05343511450381679
0 0.4830508474576271 0.7684478371501272 0.023728813559322035 0.05343511450381679
0 0.2440677966101695 0.732824427480916 0.023728813559322035 0.05343511450381679
0 0.10847457627118644 0.4910941475826972 0.023728813559322035 0.05343511450381679
0 0.411864406779661 0.04071246819338423 0.023728813559322035 0.05343511450381679
0 0.45932203389830506 0.806615776081425 0.023728813559322035 0.05343511450381679
0 0.7694915254237288 0.9491094147582697 0.023728813559322035 0.05343511450381679
0 0.6169491525423729 0.10432569974554708 0.0711864406779661 0.1272264631043257
0 0.964406779661017 0.9083969465648855 0.023728813559322035 0.05343511450381679
0 0.5372881355932203 0.72264631043257 0.023728813559322035 0.05343511450381679
0 0.9796610169491525 0.7659033078880407 0.023728813559322035 0.05343511450381679
0 0.8661016949152542 0.8600508905852418 0.023728813559322035 0.05343511450381679
0 0.8728813559322034 0.27989821882951654 0.023728813559322035 0.05343511450381679
0 0.8101694915254237 0.12213740458015267 0.023728813559322035 0.05343511450381679
0 0.9220338983050848 0.027989821882951654 0.023728813559322035 0.05343511450381679
0 0.07457627118644068 0.7659033078880407 0.023728813559322035 0.05343511450381679
0 0.2627118644067797 0.6030534351145038 0.023728813559322035 0.05343511450381679
0 0.36610169491525424 0.10178117048346055 0.023728813559322035 0.05343511450381679
0 0.7457627118644068 0.7404580152671756 0.023728813559322035 0.05343511450381679
0 0.4135593220338983 0.9745547073791349 0.023728813559322035 0.05343511450381679
0 0.8033898305084746 0.3460559796437659 0.023728813559322035 0.05343511450381679
0 0.17796610169491525 0.48346055979643765 0.023728813559322035 0.05343511450381679
0 0.04067796610169491 0.8091603053435115 0.023728813559322035 0.05343511450381679
0 0.23559322033898306 0.272264631043257 0.023728813559322035 0.05343511450381679
