0 0.35079365079365077 0.4946808510638298 0.020634920634920634 0.04521276595744681
0 0.5285714285714286 0.4787234042553192 0.020634920634920634 0.04521276595744681
0 0.7285714285714285 0.08244680851063829 0.01904761904761905 0.031914893617021274
0 0.06666666666666667 0.5478723404255319 0.020634920634920634 0.04521276595744681
0 0.6222222222222222 0.13829787234042554 0.01904761904761905 0.031914893617021274
0 0.5079365079365079 0.08776595744680851 0.01904761904761905 0.031914893617021274
0 0.5523809523809524 0.45478723404255317 0.020634920634920634 0.04521276595744681
0 0.9873015873015873 0.018617021276595744 0.012698412698412698 0.02127659574468085
0 0.6396825396825396 0.06914893617021277 0.01904761904761905 0.031914893617021274
0 0.44603174603174606 0.9840425531914894 0.05714285714285714 0.1356382978723404
0 0.03015873015873016 0.550531914893617 0.020634920634920634 0.04521276595744681
0 0.7873015873015873 0.2765957446808511 0.020634920634920634 0.04521276595744681
0 0.9587301587301588 0.47074468085106386 0.025396825396825397 0.05319148936170213
0 0.7873015873015873 0.3324468085106383 0.020634920634920634 0.04521276595744681
0 0.7904761904761904 0.09308510638297872 0.01904761904761905 0.031914893617021274
0 0.9603174603174603 0.4973404255319149 0.025396825396825397 0.05319148936170213
0 0.8634920634920635 0.44680851063829785 0.025396825396825397 0.05319148936170213
0 0.6555555555555556 0.4601063829787234 0.025396825396825397 0.05319148936170213
0 0.5063492063492063 0.48404255319148937 0.020634920634920634 0.04521276595744681
0 0.8111111111111111 0.10638297872340426 0.01904761904761905 0.031914893617021274
0 0.7047619047619048 0.3696808510638298 0.020634920634920634 0.04521276595744681
0 0.4222222222222222 0.4973404255319149 0.020634920634920634 0.04521276595744681
0 0.46825396825396826 0.07712765957446809 0.01904761904761905 0.031914893617021274
0 0.7095238095238096 0.05319148936170213 0.01904761904761905 0.031914893617021274
0 0.6063492063492063 0.06914893617021277 0.01904761904761905 0.031914893617021274
0 0.7047619047619048 0.425531914893617 0.025396825396825397 0.05319148936170213
0 0.5222222222222223 0.0851063829787234 0.01904761904761905 0.031914893617021274
0 0.18253968253968253 0.9468085106382979 0.11428571428571428 0.20212765957446807
0 0.746031746031746 0.08244680851063829 0.01904761904761905 0.031914893617021274
0 0.8142857142857143 0.4308510638297872 0.025396825396825397 0.05319148936170213
0 0.9015873015873016 0.06914893617021277 0.01904761904761905 0.031914893617021274
0 0.7587301587301587 0.2047872340425532 0.020634920634920634 0.04521276595744681
0 0.8539682539682539 0.11702127659574468 0.01904761904761905 0.031914893617021274
0 0.8222222222222222 0.40691489361702127 0.025396825396825397 0.05319148936170213
0 0.27936507936507937 0.010638297872340425 0.012698412698412698 0.02127659574468085
0 0.29365079365079366 0.5292553191489362 0.020634920634920634 0.04521276595744681
0 0.5714285714285714 0.5398936170212766 0.020634920634920634 0.04521276595744681
0 0.11428571428571428 0.5425531914893617 0.020634920634920634 0.04521276595744681
0 0.43492063492063493 0.5 0.020634920634920634 0.04521276595744681
0 0.919047619047619 0.7606382978723404 0.05714285714285714 0.1356382978723404
0 0.834920634920635 0.0851063829787234 0.01904761904761905 0.031914893617021274
0 0.43333333333333335 0.08244680851063829 0.01904761904761905 0.031914893617021274
0 0.31587301587301586 0.03723404255319149 0.015873015873015872 0.026595744680851064
0 0.3984126984126984 0.0425531914893617 0.01904761904761905 0.031914893617021274
0 0.006349206349206349 0.5611702127659575 0.012698412698412698 0.026595744680851064
0 0.1873015873015873 0.5053191489361702 0.020634920634920634 0.04521276595744681
0 0.8793650793650793 0.5053191489361702 0.025396825396825397 0.05319148936170213
0 0.33650793650793653 0.047872340425531915 0.01904761904761905 0.031914893617021274
0 0.7365079365079366 0.46808510638297873 0.025396825396825397 0.05319148936170213
0 0.8793650793650793 0.44148936170212766 0.025396825396825397 0.05319148936170213
0 0.7698412698412699 0.1702127659574468 0.01904761904761905 0.031914893617021274
0 0.9396825396825397 0.43617021276595747 0.025396825396825397 0.05319148936170213
0 0.7952380952380952 0.43882978723404253 0.025396825396825397 0.05319148936170213
0 0.6031746031746031 0.02127659574468085 0.012698412698412698 0.02127659574468085
0 0.42063492063492064 0.061170212765957445 0.01904761904761905 0.031914893617021274
0 0.7603174603174603 0.07712765957446809 0.01904761904761905 0.031914893617021274
0 0.4777777777777778 0.09840425531914894 0.01904761904761905 0.031914893617021274
0 0.5873015873015873 0.47606382978723405 0.025396825396825397 0.05319148936170213
0 0.3746031746031746 0.4920212765957447 0.020634920634920634 0.04521276595744681
0 0.8746031746031746 0.07180851063829788 0.01904761904761905 0.031914893617021274
0 0.23333333333333334 0.5186170212765957 0.020634920634920634 0.04521276595744681
0 0.34444444444444444 0.5292553191489362 0.020634920634920634 0.04521276595744681
0 0.7063492063492064 0.8617021276595744 0.05714285714285714 0.1356382978723404
0 0.6428571428571429 0.5 0.025396825396825397 0.05319148936170213
0 0.3825396825396825 0.05585106382978723 0.01904761904761905 0.031914893617021274
0 0.29523809523809524 0.5478723404255319 0.020634920634920634 0.04521276595744681
0 0.3968253968253968 0.5079787234042553 0.020634920634920634 0.04521276595744681
0 0.9365079365079365 0.05053191489361702 0.01904761904761905 0.031914893617021274
0 0.09047619047619047 0.5531914893617021 0.020634920634920634 0.04521276595744681
0 0.42063492063492064 0.07712765957446809 0.01904761904761905 0.031914893617021274
0 0.36666666666666664 0.05851063829787234 0.01904761904761905 0.031914893617021274
0 0.6603174603174603 0.047872340425531915 0.01904761904761905 0.031914893617021274
0 0.06825396825396825 0.8882978723404256 0.11428571428571428 0.20212765957446807
0 0.6523809523809524 0.3377659574468085 0.020634920634920634 0.04521276595744681
0 0.3253968253968254 0.47606382978723405 0.020634920634920634 0.04521276595744681
0 0.9063492063492063 0.4867021276595745 0.025396825396825397 0.05319148936170213
0 0.25873015873015875 0.010638297872340425 0.012698412698412698 0.02127659574468085
0 0.47619047619047616 0.449468085106383 0.020634920634920634 0.04521276595744681
0 0.9047619047619048 0.09574468085106383 0.01904761904761905 0.031914893617021274
0 0.26666666666666666 0.5345744680851063 0.020634920634920634 0.04521276595744681
0 0.14603174603174604 0.5319148936170213 0.020634920634920634 0.04521276595744681
0 0.6666666666666666 0.26861702127659576 0.020634920634920634 0.04521276595744681
0 0.8841269841269841 0.10106382978723404 0.01904761904761905 0.031914893617021274
0 0.4492063492063492 0.07712765957446809 0.01904761904761905 0.031914893617021274
0 0.6714285714285714 0.4521276595744681 0.025396825396825397 0.05319148936170213
0 0.6936507936507936 0.05319148936170213 0.01904761904761905 0.031914893617021274
0 0.2111111111111111 0.5398936170212766 0.020634920634920634 0.04521276595744681
