0 0.2625 0.4111111111111111 0.01 0.022222222222222223
0 0.02625 0.7311111111111112 0.10375 0.19777777777777777
0 0.99875 0.4266666666666667 0.01125 0.04888888888888889
0 0.475 0.3422222222222222 0.0175 0.035555555555555556
0 0.99875 0.5688888888888889 0.01875 0.12
0 0.1625 0.5511111111111111 0.05375 0.1
0 0.11625 0.3977777777777778 0.01125 0.013333333333333334
0 0.49375 0.3488888888888889 0.0175 0.035555555555555556
0 0.69375 0.8288888888888889 0.10375 0.19777777777777777
0 0.08875 0.43555555555555553 0.035 0.051111111111111114
0 0.695 0.3288888888888889 0.0175 0.035555555555555556
0 0.53875 0.3488888888888889 0.0175 0.035555555555555556
0 0.3025 0.52 0.03375 0.06
0 0.7825 0.32 0.0175 0.035555555555555556
0 0.4575 0.5511111111111111 0.05375 0.1
0 0.08625 0.48 0.035 0.051111111111111114
0 0.66125 0.4533333333333333 0.035 0.051111111111111114
0 0.4375 0.34444444444444444 0.0175 0.035555555555555556
0 0.345 0.42444444444444446 0.01 0.022222222222222223
0 0.42 0.3333333333333333 0.0175 0.035555555555555556
0 0.1 0.56 0.05375 0.1
0 0.91125 0.4777777777777778 0.035 0.051111111111111114
0 0.52625 0.45555555555555555 0.035 0.051111111111111114
0 0.51 0.3488888888888889 0.0175 0.035555555555555556
0 0.295 0.4088888888888889 0.01 0.022222222222222223
0 0.83 0.66 0.05375 0.1
0 0.95125 0.37555555555555553 0.0175 0.035555555555555556
0 0.11875 0.4488888888888889 0.035 0.051111111111111114
0 0.62125 0.52 0.03 0.03777777777777778
0 0.66375 0.5022222222222222 0.035 0.051111111111111114
0 0.32875 0.4022222222222222 0.01 0.022222222222222223
0 0.01125 0.4488888888888889 0.035 0.051111111111111114
0 0.17125 0.64 0.05375 0.1
0 0.59375 0.4866666666666667 0.035 0.051111111111111114
0 0.56625 0.3377777777777778 0.0175 0.035555555555555556
0 0.765 0.4666666666666667 0.035 0.051111111111111114
0 0.19 0.4444444444444444 0.035 0.051111111111111114
0 0.55125 0.4711111111111111 0.035 0.051111111111111114
0 0.35875 0.4577777777777778 0.035 0.051111111111111114
0 0.65625 0.34 0.0175 0.035555555555555556
0 0.75375 0.5266666666666666 0.05375 0.1
0 0.96625 0.41333333333333333 0.0175 0.035555555555555556
0 0.58875 0.6177777777777778 0.05375 0.1
0 0.905 0.5644444444444444 0.05375 0.1
0 0.39125 0.32666666666666666 0.0175 0.035555555555555556
0 0.8225 0.33555555555555555 0.0175 0.035555555555555556
0 0.4025 0.44666666666666666 0.035 0.051111111111111114
0 0.26125 0.6688888888888889 0.06125 0.13111111111111112
0 0.4425 0.4777777777777778 0.035 0.051111111111111114
0 0.81375 0.44222222222222224 0.035 0.051111111111111114
0 0.09375 0.4111111111111111 0.01125 0.013333333333333334
0 0.1675 0.47555555555555556 0.035 0.051111111111111114
0 0.3675 0.4222222222222222 0.01 0.022222222222222223
0 0.40875 0.7066666666666667 0.06875 0.1511111111111111
0 0.31125 0.48444444444444446 0.035 0.051111111111111114
0 0.615 0.3333333333333333 0.0175 0.035555555555555556
0 0.245 0.5022222222222222 0.035 0.051111111111111114
0 0.04 0.4222222222222222 0.01125 0.013333333333333334
0 0.72625 0.3488888888888889 0.0175 0.035555555555555556
0 0.53875 0.6666666666666666 0.05375 0.1
0 0.965 0.4777777777777778 0.035 0.051111111111111114
0 0.88 0.3377777777777778 0.0175 0.035555555555555556
