0 0.31470335339638866 0.2732049036777583 0.004299226139294927 0.008756567425569177
0 0.823731728288908 0.3380035026269702 0.004299226139294927 0.010507880910683012
0 0.7472055030094583 0.38528896672504376 0.004299226139294927 0.010507880910683012
0 0.7067927773000859 0.45359019264448336 0.03955288048151333 0.09982486865148861
0 0.88134135855546 0.30998248686514884 0.004299226139294927 0.010507880910683012
0 0.9518486672398968 0.34851138353765326 0.004299226139294927 0.010507880910683012
0 0.8753224419604472 0.4010507880910683 0.004299226139294927 0.010507880910683012
0 0.45571797076526227 0.7758318739054291 0.01117798796216681 0.028021015761821366
0 0.9329320722269991 0.3257443082311734 0.004299226139294927 0.010507880910683012
0 0.6517626827171109 0.3204903677758319 0.0034393809114359416 0.0070052539404553416
0 0.7996560619088564 0.38528896672504376 0.004299226139294927 0.010507880910683012
0 0.588993981083405 0.46234676007005254 0.006878761822871883 0.014010507880910683
0 0.8426483233018057 0.30297723292469353 0.004299226139294927 0.010507880910683012
0 0.8684436801375752 0.29597197898423816 0.004299226139294927 0.010507880910683012
0 0.7145313843508169 0.2679509632224168 0.0034393809114359416 0.0070052539404553416
0 0.6010318142734308 0.3572679509632224 0.0034393809114359416 0.0070052539404553416
0 0.21324161650902837 0.29947460595446584 0.004299226139294927 0.008756567425569177
0 0.5993121238177128 0.3239929947460595 0.0034393809114359416 0.0070052539404553416
0 0.6646603611349957 0.30998248686514884 0.0034393809114359416 0.0070052539404553416
0 0.5494411006018917 0.38528896672504376 0.004299226139294927 0.008756567425569177
0 0.6070507308684436 0.3239929947460595 0.0034393809114359416 0.0070052539404553416
0 0.9879621668099742 0.3922942206654991 0.004299226139294927 0.010507880910683012
0 0.4316423043852107 0.6094570928196147 0.01117798796216681 0.02626970227670753
0 0.3447979363714531 0.3380035026269702 0.004299226139294927 0.008756567425569177
0 0.412725709372313 0.3397548161120841 0.004299226139294927 0.008756567425569177
0 0.8323301805674979 0.38528896672504376 0.004299226139294927 0.010507880910683012
0 0.5769561478933792 0.38353765323992994 0.004299226139294927 0.008756567425569177
0 0.3869303525365434 0.28371278458844135 0.004299226139294927 0.008756567425569177
0 0.7738607050730868 0.38528896672504376 0.004299226139294927 0.010507880910683012
0 0.5778159931212382 0.35376532399299476 0.004299226139294927 0.008756567425569177
0 0.08942390369733448 0.3502626970227671 0.0060189165950128975 0.01576182136602452
0 0.24763542562338778 0.329246935201401 0.004299226139294927 0.008756567425569177
0 0.21926053310404128 0.4028021015761821 0.0060189165950128975 0.012259194395796848
0 0.7618228718830611 0.7758318739054291 0.03181427343078246 0.06304728546409807
0 0.35081685296646603 0.29947460595446584 0.004299226139294927 0.008756567425569177
0 0.48065348237317285 0.3975481611208406 0.0060189165950128975 0.012259194395796848
0 0.6208082545141874 0.38528896672504376 0.0034393809114359416 0.0070052539404553416
0 0.938950988822012 0.3905429071803853 0.004299226139294927 0.010507880910683012
0 0.061049011177987965 0.36777583187390545 0.0060189165950128975 0.01576182136602452
0 0.7687016337059329 0.3117338003502627 0.0034393809114359416 0.0070052539404553416
0 0.33705932932072225 0.3905429071803853 0.0060189165950128975 0.012259194395796848
0 0.10662080825451418 0.30823117338003503 0.0060189165950128975 0.01576182136602452
0 0.4961306964746346 0.3117338003502627 0.004299226139294927 0.008756567425569177
0 0.592433361994841 0.3257443082311734 0.0034393809114359416 0.0070052539404553416
0 0.6913155631986242 0.3239929947460595 0.0034393809114359416 0.0070052539404553416
0 0.7626827171109201 0.3905429071803853 0.004299226139294927 0.010507880910683012
0 0.9673258813413586 0.39404553415061294 0.004299226139294927 0.010507880910683012
0 0.7807394668959587 0.28546409807355516 0.0034393809114359416 0.0070052539404553416
0 0.3404987102321582 0.276707530647986 0.004299226139294927 0.008756567425569177
0 0.9294926913155632 0.38353765323992994 0.004299226139294927 0.010507880910683012
0 0.532244196044712 0.30823117338003503 0.004299226139294927 0.008756567425569177
0 0.32158211521926056 0.39404553415061294 0.0060189165950128975 0.012259194395796848
0 0.5683576956147893 0.38879159369527144 0.005159071367153913 0.010507880910683012
0 0.36801375752364573 0.3134851138353765 0.004299226139294927 0.008756567425569177
0 0.7515047291487532 0.7338003502626971 0.03181427343078246 0.06304728546409807
0 0.828030954428203 0.28896672504378285 0.0034393809114359416 0.008756567425569177
0 0.15649183147033535 0.44658493870402804 0.024935511607910577 0.07355516637478109
0 0.6818572656921754 0.2714535901926445 0.0034393809114359416 0.0070052539404553416
0 0.6844368013757524 0.38353765323992994 0.004299226139294927 0.010507880910683012
0 0.6302665520206363 0.3257443082311734 0.0034393809114359416 0.0070052539404553416
0 0.176268271711092 0.37653239929947463 0.004299226139294927 0.008756567425569177
0 0.3336199484092863 0.26970227670753066 0.004299226139294927 0.008756567425569177
0 0.47807394668959585 0.3362521891418564 0.004299226139294927 0.008756567425569177
0 0.5571797076526225 0.4063047285464098 0.0060189165950128975 0.012259194395796848
0 0.3404987102321582 0.3362521891418564 0.004299226139294927 0.008756567425569177
0 0.9845227858985383 0.7548161120840631 0.034393809114359415 0.09982486865148861
0 0.234737747205503 0.27495621716287216 0.004299226139294927 0.008756567425569177
0 0.8521066208082545 0.7460595446584939 0.05073086844368014 0.11733800350262696
0 0.36801375752364573 0.3397548161120841 0.004299226139294927 0.008756567425569177
0 0.6268271711092004 0.3502626970227671 0.0034393809114359416 0.0070052539404553416
0 0.293207222699914 0.3380035026269702 0.027515047291487533 0.06654991243432574
0 0.07738607050730868 0.5831873905429071 0.007738607050730868 0.021015761821366025
0 0.20378331900257954 0.4168126094570928 0.0060189165950128975 0.012259194395796848
0 0.3284608770421324 0.27495621716287216 0.004299226139294927 0.008756567425569177
0 0.6663800515907137 0.28546409807355516 0.0034393809114359416 0.0070052539404553416
0 0.6036113499570077 0.38528896672504376 0.004299226139294927 0.008756567425569177
0 0.8159931212381771 0.38528896672504376 0.004299226139294927 0.010507880910683012
0 0.0008598452278589854 0.6760070052539404 0.0060189165950128975 0.01576182136602452
0 0.3714531384350817 0.28371278458844135 0.004299226139294927 0.008756567425569177
0 0.11607910576096303 0.3450087565674256 0.0060189165950128975 0.01576182136602452
0 0.058469475494411005 0.44658493870402804 0.0060189165950128975 0.01576182136602452
0 0.8383490971625107 0.38178633975481613 0.004299226139294927 0.010507880910683012
0 0.6595012897678418 0.28546409807355516 0.0034393809114359416 0.0070052539404553416
0 0.5631986242476354 0.29422066549912435 0.004299226139294927 0.008756567425569177
0 0.5563198624247635 0.29597197898423816 0.004299226139294927 0.008756567425569177
0 0.6560619088564058 0.35376532399299476 0.0034393809114359416 0.0070052539404553416
0 0.9260533104041273 0.35376532399299476 0.004299226139294927 0.010507880910683012
0 0.7626827171109201 0.29246935201401053 0.0034393809114359416 0.0070052539404553416
0 0.27858985382631124 0.28371278458844135 0.004299226139294927 0.008756567425569177
0 0.9114359415305245 0.38879159369527144 0.004299226139294927 0.010507880910683012
0 0.939810834049871 0.3397548161120841 0.004299226139294927 0.010507880910683012
0 0.5356835769561479 0.4010507880910683 0.0060189165950128975 0.012259194395796848
0 0.705073086844368 0.26970227670753066 0.0034393809114359416 0.0070052539404553416
0 0.4290627687016337 0.3660245183887916 0.004299226139294927 0.008756567425569177
0 0.7205503009458297 0.26970227670753066 0.0034393809114359416 0.0070052539404553416
0 0.9527085124677558 0.8003502626970228 0.017196904557179708 0.04203152364273205
0 0.34307824591573516 0.17688266199649738 0.004299226139294927 0.008756567425569177
0 0.4376612209802236 0.36952714535901926 0.004299226139294927 0.008756567425569177
0 0.3112639724849527 0.30998248686514884 0.004299226139294927 0.008756567425569177
0 0.4445399828030954 0.7915936952714536 0.01117798796216681 0.028021015761821366
0 0.47377472055030095 0.39404553415061294 0.0060189165950128975 0.012259194395796848
0 0.41960447119518485 0.3415061295971979 0.004299226139294927 0.008756567425569177
0 0.8925193465176269 0.3905429071803853 0.004299226139294927 0.010507880910683012
0 0.20206362854686155 0.5201401050788091 0.03009458297506449 0.06654991243432574
0 0.7257093723129837 0.2626970227670753 0.0034393809114359416 0.0070052539404553416
0 0.17368873602751506 0.39404553415061294 0.0060189165950128975 0.012259194395796848
0 0.7884780739466896 0.38528896672504376 0.004299226139294927 0.010507880910683012
0 0.9759243336199485 0.3905429071803853 0.004299226139294927 0.010507880910683012
0 0.6938950988822012 0.3905429071803853 0.004299226139294927 0.010507880910683012
0 0.58469475494411 0.35376532399299476 0.004299226139294927 0.008756567425569177
0 0.7721410146173688 0.3362521891418564 0.004299226139294927 0.010507880910683012
0 0.6294067067927773 0.7425569176882661 0.02407566638005159 0.04903677758318739
0 0.4445399828030954 0.3660245183887916 0.004299226139294927 0.008756567425569177
0 0.4643164230438521 0.3957968476357268 0.0060189165950128975 0.012259194395796848
0 0.31986242476354254 0.3134851138353765 0.004299226139294927 0.008756567425569177
0 0.7472055030094583 0.28371278458844135 0.0034393809114359416 0.0070052539404553416
0 0.9613069647463457 0.38353765323992994 0.004299226139294927 0.010507880910683012
0 0.6087704213241617 0.7793345008756567 0.02407566638005159 0.04903677758318739
0 0.1874462596732588 0.3572679509632224 0.004299226139294927 0.008756567425569177
0 0.47463456577815993 0.8038528896672504 0.01117798796216681 0.028021015761821366
0 0.5932932072227 0.8021015761821366 0.006878761822871883 0.02276707530647986
0 0.1298366294067068 0.4413309982486865 0.0060189165950128975 0.01576182136602452
0 0.766122098022356 0.3380035026269702 0.004299226139294927 0.010507880910683012
0 0.39208942390369733 0.521891418563923 0.02235597592433362 0.05604203152364273
0 0.7394668959587274 0.2679509632224168 0.0034393809114359416 0.0070052539404553416
0 0.5838349097162511 0.8126094570928196 0.006878761822871883 0.02276707530647986
0 0.5227858985382631 0.3117338003502627 0.004299226139294927 0.008756567425569177
0 0.6156491831470335 0.3362521891418564 0.0034393809114359416 0.0070052539404553416
0 0.6586414445399829 0.3239929947460595 0.0034393809114359416 0.0070052539404553416
0 0.587274290627687 0.38879159369527144 0.004299226139294927 0.008756567425569177
0 0.5021496130696474 0.2591943957968476 0.004299226139294927 0.008756567425569177
0 0.9114359415305245 0.3134851138353765 0.004299226139294927 0.010507880910683012
0 0.2055030094582975 0.30122591943957966 0.004299226139294927 0.008756567425569177
0 0.18142734307824593 0.318739054290718 0.004299226139294927 0.008756567425569177
0 0.36801375752364573 0.28546409807355516 0.004299226139294927 0.008756567425569177
0 0.2175408426483233 0.3309982486865149 0.004299226139294927 0.008756567425569177
0 0.23731728288907997 0.404553415061296 0.0060189165950128975 0.012259194395796848
0 0.4514187446259673 0.34851138353765326 0.004299226139294927 0.008756567425569177
0 0.7549441100601891 0.3117338003502627 0.0034393809114359416 0.0070052539404553416
0 0.7807394668959587 0.3905429071803853 0.004299226139294927 0.010507880910683012
0 0.4892519346517627 0.3257443082311734 0.004299226139294927 0.008756567425569177
0 0.8503869303525365 0.38704028021015763 0.004299226139294927 0.010507880910683012
0 0.19088564058469476 0.38353765323992994 0.005159071367153913 0.010507880910683012
0 0.3353396388650043 0.16637478108581435 0.004299226139294927 0.008756567425569177
0 0.8116938950988822 0.7723292469352014 0.03181427343078246 0.06304728546409807
0 0.9191745485812554 0.36777583187390545 0.004299226139294927 0.010507880910683012
0 0.34393809114359414 0.29772329246935203 0.004299226139294927 0.008756567425569177
0 0.6741186586414445 0.2679509632224168 0.0034393809114359416 0.0070052539404553416
0 0.6723989681857265 0.3117338003502627 0.0034393809114359416 0.0070052539404553416
0 0.9028374892519346 0.38879159369527144 0.004299226139294927 0.010507880910683012
0 0.9518486672398968 0.38528896672504376 0.004299226139294927 0.010507880910683012
0 0.18056749785038692 0.4185639229422067 0.0060189165950128975 0.012259194395796848
0 0.8684436801375752 0.38704028021015763 0.004299226139294927 0.010507880910683012
0 0.061049011177987965 0.4973730297723292 0.007738607050730868 0.021015761821366025
0 0.12123817712811694 0.38003502626970226 0.0060189165950128975 0.01576182136602452
0 0.3594153052450559 0.3239929947460595 0.004299226139294927 0.008756567425569177
0 0.9871023215821152 0.3712784588441331 0.004299226139294927 0.010507880910683012
