0 0.616260162601626 0.5047846889952153 0.014634146341463415 0.028708133971291867
0 0.6926829268292682 0.5047846889952153 0.014634146341463415 0.028708133971291867
0 0.6682926829268293 0.5215311004784688 0.014634146341463415 0.028708133971291867
0 0.43089430894308944 0.5023923444976076 0.014634146341463415 0.028708133971291867
0 0.6520325203252032 0.48086124401913877 0.014634146341463415 0.028708133971291867
0 0.5983739837398374 0.5095693779904307 0.014634146341463415 0.028708133971291867
0 0.3804878048780488 0.5334928229665071 0.014634146341463415 0.028708133971291867
0 0.4991869918699187 0.49521531100478466 0.014634146341463415 0.028708133971291867
0 0.4065040650406504 0.49282296650717705 0.014634146341463415 0.028708133971291867
0 0.45365853658536587 0.5023923444976076 0.014634146341463415 0.028708133971291867
0 0.1902439024390244 0.5574162679425837 0.061788617886178863 0.11244019138755981
0 0.3772357723577236 0.4904306220095694 0.014634146341463415 0.028708133971291867
0 0.8699186991869918 0.5143540669856459 0.032520325203252036 0.05741626794258373
0 0.5463414634146342 0.507177033492823 0.014634146341463415 0.028708133971291867
0 0.45203252032520325 0.5263157894736842 0.014634146341463415 0.028708133971291867
0 0.46991869918699186 0.5047846889952153 0.014634146341463415 0.028708133971291867
0 0.367479674796748 0.48325358851674644 0.014634146341463415 0.028708133971291867
