0 0.5455950540958269 0.3613861386138614 0.010819165378670788 0.01485148514851485
0 0.6692426584234931 0.37376237623762376 0.010819165378670788 0.01485148514851485
0 0.8114374034003091 0.16336633663366337 0.0061823802163833074 0.007425742574257425
0 0.642967542503864 0.5148514851485149 0.010819165378670788 0.01485148514851485
0 0.6259659969088099 0.23514851485148514 0.0061823802163833074 0.007425742574257425
0 0.6445131375579598 0.14356435643564355 0.0061823802163833074 0.007425742574257425
0 0.5131375579598145 0.3217821782178218 0.0061823802163833074 0.007425742574257425
0 0.7094281298299846 0.6782178217821783 0.017001545595054096 0.034653465346534656
0 0.7387944358578052 0.1806930693069307 0.0061823802163833074 0.007425742574257425
0 0.6924265842349304 0.2103960396039604 0.0061823802163833074 0.007425742574257425
0 0.5285935085007728 0.37376237623762376 0.010819165378670788 0.01485148514851485
0 0.7310664605873262 0.2301980198019802 0.0061823802163833074 0.007425742574257425
0 0.3462132921174652 0.44554455445544555 0.010819165378670788 0.01485148514851485
0 0.05564142194744977 0.5717821782178217 0.010819165378670788 0.01485148514851485
0 0.7418856259659969 0.4801980198019802 0.010819165378670788 0.01485148514851485
0 0.652241112828439 0.7648514851485149 0.017001545595054096 0.034653465346534656
0 0.8562596599690881 0.5173267326732673 0.010819165378670788 0.01485148514851485
0 0.34775888717156106 0.35148514851485146 0.0077279752704791345 0.009900990099009901
0 0.5610510046367851 0.27722772277227725 0.0061823802163833074 0.007425742574257425
0 0.5069551777434312 0.3316831683168317 0.0061823802163833074 0.007425742574257425
0 0.5873261205564142 0.39851485148514854 0.010819165378670788 0.01485148514851485
0 0.7295208655332303 0.3118811881188119 0.0061823802163833074 0.007425742574257425
0 0.6136012364760433 0.46534653465346537 0.010819165378670788 0.01485148514851485
0 0.46986089644513135 0.5297029702970297 0.010819165378670788 0.01485148514851485
0 0.8021638330757341 0.29207920792079206 0.0061823802163833074 0.007425742574257425
0 0.5811437403400309 0.44801980198019803 0.010819165378670788 0.01485148514851485
0 0.10200927357032458 0.5247524752475248 0.010819165378670788 0.01485148514851485
0 0.2982998454404946 0.801980198019802 0.017001545595054096 0.034653465346534656
0 0.4775888717156105 0.7277227722772277 0.017001545595054096 0.034653465346534656
0 0.6908809891808346 0.30198019801980197 0.0061823802163833074 0.007425742574257425
0 0.5486862442040186 0.32673267326732675 0.0061823802163833074 0.007425742574257425
0 0.8809891808346213 0.3589108910891089 0.010819165378670788 0.01485148514851485
0 0.6027820710973725 0.5099009900990099 0.010819165378670788 0.01485148514851485
0 0.20401854714064915 0.6782178217821783 0.017001545595054096 0.034653465346534656
0 0.3091190108191654 0.2722772277227723 0.0061823802163833074 0.007425742574257425
0 0.37248840803709427 0.2004950495049505 0.0061823802163833074 0.007425742574257425
0 0.2921174652241113 0.20297029702970298 0.0061823802163833074 0.007425742574257425
0 0.8361669242658424 0.38366336633663367 0.010819165378670788 0.01485148514851485
0 0.0633693972179289 0.5420792079207921 0.010819165378670788 0.01485148514851485
0 0.7248840803709428 0.21782178217821782 0.0061823802163833074 0.007425742574257425
0 0.7171561051004637 0.6113861386138614 0.010819165378670788 0.01485148514851485
0 0.6105100463678517 0.38613861386138615 0.010819165378670788 0.01485148514851485
0 0.7959814528593508 0.3564356435643564 0.010819165378670788 0.01485148514851485
0 0.7650695517774343 0.5099009900990099 0.010819165378670788 0.01485148514851485
0 0.6012364760432767 0.2301980198019802 0.0061823802163833074 0.007425742574257425
0 0.00463678516228748 0.27722772277227725 0.010819165378670788 0.01485148514851485
0 0.5208655332302936 0.3589108910891089 0.010819165378670788 0.01485148514851485
0 0.2828438948995363 0.7574257425742574 0.017001545595054096 0.034653465346534656
0 0.2890262751159196 0.6311881188118812 0.013910355486862442 0.024752475247524754
0 0.6568778979907264 0.2747524752475248 0.0061823802163833074 0.007425742574257425
0 0.6553323029366306 0.3811881188118812 0.010819165378670788 0.01485148514851485
0 0.3400309119010819 0.5371287128712872 0.010819165378670788 0.01485148514851485
0 0.5455950540958269 0.3811881188118812 0.010819165378670788 0.01485148514851485
0 0.8918083462132921 0.5321782178217822 0.010819165378670788 0.01485148514851485
0 0.2426584234930448 0.48267326732673266 0.010819165378670788 0.01485148514851485
0 0.5193199381761978 0.27970297029702973 0.0061823802163833074 0.007425742574257425
0 0.9876352395672334 0.6237623762376238 0.015455950540958269 0.0297029702970297
0 0.5440494590417311 0.22772277227722773 0.0061823802163833074 0.007425742574257425
0 0.29520865533230295 0.37376237623762376 0.010819165378670788 0.01485148514851485
0 0.714064914992272 0.6460396039603961 0.017001545595054096 0.034653465346534656
0 0.5548686244204019 0.21782178217821782 0.0061823802163833074 0.007425742574257425
0 0.5842349304482226 0.2301980198019802 0.0061823802163833074 0.007425742574257425
0 0.37712519319938176 0.5866336633663366 0.010819165378670788 0.01485148514851485
0 0.8021638330757341 0.3193069306930693 0.0061823802163833074 0.007425742574257425
0 0.6105100463678517 0.43564356435643564 0.010819165378670788 0.01485148514851485
0 0.6043276661514683 0.19554455445544555 0.0061823802163833074 0.007425742574257425
0 0.5224111282843895 0.23267326732673269 0.0061823802163833074 0.007425742574257425
0 0.6769706336939721 0.4381188118811881 0.010819165378670788 0.01485148514851485
0 0.31993817619783615 0.28217821782178215 0.0061823802163833074 0.007425742574257425
0 0.5564142194744977 0.16336633663366337 0.0061823802163833074 0.007425742574257425
0 0.19938176197836166 0.6534653465346535 0.017001545595054096 0.034653465346534656
0 0.5146831530139103 0.4603960396039604 0.010819165378670788 0.01485148514851485
0 0.633693972179289 0.4900990099009901 0.010819165378670788 0.01485148514851485
0 0.38639876352395675 0.6584158415841584 0.017001545595054096 0.034653465346534656
0 0.4868624420401855 0.7722772277227723 0.017001545595054096 0.034653465346534656
0 0.3601236476043277 0.5247524752475248 0.010819165378670788 0.01485148514851485
0 0.437403400309119 0.7821782178217822 0.017001545595054096 0.034653465346534656
0 0.6970633693972179 0.40594059405940597 0.010819165378670788 0.01485148514851485
0 0.6058732612055642 0.33910891089108913 0.0061823802163833074 0.007425742574257425
0 0.6599690880989181 0.20544554455445543 0.0061823802163833074 0.007425742574257425
0 0.401854714064915 0.7425742574257426 0.017001545595054096 0.034653465346534656
0 0.6290571870170015 0.18811881188118812 0.0061823802163833074 0.007425742574257425
0 0.5394126738794436 0.40594059405940597 0.010819165378670788 0.01485148514851485
0 0.20401854714064915 0.3688118811881188 0.010819165378670788 0.01485148514851485
0 0.5656877897990726 0.16831683168316833 0.0061823802163833074 0.007425742574257425
0 0.15146831530139104 0.5445544554455446 0.010819165378670788 0.01485148514851485
0 0.5749613601236476 0.3613861386138614 0.010819165378670788 0.01485148514851485
0 0.3091190108191654 0.7103960396039604 0.017001545595054096 0.034653465346534656
0 0.6908809891808346 0.1905940594059406 0.0061823802163833074 0.007425742574257425
0 0.18547140649149924 0.6188118811881188 0.010819165378670788 0.01485148514851485
0 0.8408037094281299 0.36633663366336633 0.010819165378670788 0.01485148514851485
0 0.5656877897990726 0.19306930693069307 0.0061823802163833074 0.007425742574257425
0 0.4899536321483771 0.3886138613861386 0.010819165378670788 0.01485148514851485
0 0.4652241112828439 0.4504950495049505 0.010819165378670788 0.01485148514851485
0 0.7774343122102009 0.15594059405940594 0.0061823802163833074 0.007425742574257425
0 0.3276661514683153 0.5445544554455446 0.010819165378670788 0.01485148514851485
0 0.22256568778979907 0.44554455445544555 0.010819165378670788 0.01485148514851485
0 0.5919629057187017 0.16584158415841585 0.0061823802163833074 0.007425742574257425
0 0.44049459041731065 0.6707920792079208 0.017001545595054096 0.034653465346534656
0 0.37094281298299847 0.47029702970297027 0.010819165378670788 0.01485148514851485
0 0.8021638330757341 0.13366336633663367 0.0061823802163833074 0.007425742574257425
0 0.8129829984544049 0.7945544554455446 0.017001545595054096 0.034653465346534656
0 0.6738794435857806 0.5643564356435643 0.010819165378670788 0.01485148514851485
0 0.6398763523956723 0.3688118811881188 0.010819165378670788 0.01485148514851485
0 0.8871715610510046 0.7029702970297029 0.017001545595054096 0.034653465346534656
0 0.6584234930448223 0.5321782178217822 0.010819165378670788 0.01485148514851485
0 0.46213292117465227 0.599009900990099 0.010819165378670788 0.01485148514851485
0 0.5224111282843895 0.32673267326732675 0.0061823802163833074 0.007425742574257425
0 0.28438948995363217 0.17326732673267325 0.0061823802163833074 0.007425742574257425
0 0.40494590417310666 0.1485148514851485 0.0061823802163833074 0.007425742574257425
0 0.7156105100463679 0.11138613861386139 0.0061823802163833074 0.007425742574257425
0 0.6615146831530139 0.12128712871287128 0.0061823802163833074 0.007425742574257425
0 0.4714064914992272 0.9257425742574258 0.017001545595054096 0.034653465346534656
0 0.8361669242658424 0.40594059405940597 0.010819165378670788 0.01485148514851485
0 0.7527047913446677 0.19306930693069307 0.0061823802163833074 0.007425742574257425
0 0.7727975270479135 0.31683168316831684 0.0061823802163833074 0.007425742574257425
0 0.5471406491499228 0.4603960396039604 0.010819165378670788 0.01485148514851485
0 0.5950540958268934 0.25 0.0061823802163833074 0.007425742574257425
0 0.7913446676970634 0.22772277227722773 0.0061823802163833074 0.007425742574257425
0 0.9088098918083463 0.41336633663366334 0.010819165378670788 0.01485148514851485
0 0.16692426584234932 0.5965346534653465 0.010819165378670788 0.01485148514851485
0 0.6986089644513137 0.5148514851485149 0.010819165378670788 0.01485148514851485
0 0.12982998454404945 0.47277227722772275 0.010819165378670788 0.01485148514851485
0 0.8160741885625966 0.5148514851485149 0.010819165378670788 0.01485148514851485
0 0.6398763523956723 0.20544554455445543 0.0061823802163833074 0.007425742574257425
0 0.5023183925811437 0.30445544554455445 0.0061823802163833074 0.007425742574257425
0 0.8222565687789799 0.49257425742574257 0.010819165378670788 0.01485148514851485
0 0.5826893353941267 0.14108910891089108 0.0061823802163833074 0.007425742574257425
0 0.48377125193199383 0.5816831683168316 0.010819165378670788 0.01485148514851485
0 0.401854714064915 0.3935643564356436 0.010819165378670788 0.01485148514851485
0 0.5347758887171561 0.8044554455445545 0.017001545595054096 0.034653465346534656
0 0.6383307573415765 0.6806930693069307 0.017001545595054096 0.034653465346534656
0 0.24884080370942813 0.4306930693069307 0.010819165378670788 0.01485148514851485
0 0.4080370942812983 0.8589108910891089 0.017001545595054096 0.034653465346534656
0 0.7635239567233385 0.27722772277227725 0.0061823802163833074 0.007425742574257425
0 0.5780525502318392 0.47029702970297027 0.010819165378670788 0.01485148514851485
0 0.4435857805255023 0.5074257425742574 0.010819165378670788 0.01485148514851485
0 0.28593508500772796 0.45544554455445546 0.010819165378670788 0.01485148514851485
0 0.7959814528593508 0.4282178217821782 0.010819165378670788 0.01485148514851485
0 0.7109737248840804 0.37376237623762376 0.010819165378670788 0.01485148514851485
0 0.10200927357032458 0.8663366336633663 0.017001545595054096 0.034653465346534656
0 0.160741885625966 0.655940594059406 0.017001545595054096 0.034653465346534656
0 0.6275115919629057 0.4603960396039604 0.010819165378670788 0.01485148514851485
0 0.7357032457496137 0.504950495049505 0.010819165378670788 0.01485148514851485
0 0.4899536321483771 0.5816831683168316 0.010819165378670788 0.01485148514851485
0 0.633693972179289 0.28465346534653463 0.0061823802163833074 0.007425742574257425
0 0.9598145285935085 0.6064356435643564 0.013910355486862442 0.024752475247524754
0 0.8114374034003091 0.43316831683168316 0.010819165378670788 0.01485148514851485
0 0.642967542503864 0.4603960396039604 0.010819165378670788 0.01485148514851485
0 0.723338485316847 0.4628712871287129 0.010819165378670788 0.01485148514851485
0 0.1839258114374034 0.5643564356435643 0.010819165378670788 0.01485148514851485
0 0.24884080370942813 0.5866336633663366 0.010819165378670788 0.01485148514851485
0 0.8222565687789799 0.1905940594059406 0.0061823802163833074 0.007425742574257425
0 0.7805255023183926 0.3316831683168317 0.0061823802163833074 0.007425742574257425
0 0.09891808346213292 0.5891089108910891 0.010819165378670788 0.01485148514851485
0 0.9505409582689336 0.3688118811881188 0.010819165378670788 0.01485148514851485
0 0.6676970633693973 0.22277227722772278 0.0061823802163833074 0.007425742574257425
0 0.7650695517774343 0.806930693069307 0.017001545595054096 0.034653465346534656
0 0.58887171561051 0.5371287128712872 0.010819165378670788 0.01485148514851485
0 0.9041731066460588 0.37623762376237624 0.010819165378670788 0.01485148514851485
0 0.598145285935085 0.2995049504950495 0.0061823802163833074 0.007425742574257425
0 0.652241112828439 0.2202970297029703 0.0061823802163833074 0.007425742574257425
0 0.1437403400309119 0.7821782178217822 0.017001545595054096 0.034653465346534656
0 0.508500772797527 0.3564356435643564 0.010819165378670788 0.01485148514851485
0 0.3323029366306028 0.2524752475247525 0.0061823802163833074 0.007425742574257425
0 0.8145285935085008 0.39603960396039606 0.010819165378670788 0.01485148514851485
0 0.678516228748068 0.37376237623762376 0.010819165378670788 0.01485148514851485
0 0.2782071097372488 0.4282178217821782 0.010819165378670788 0.01485148514851485
0 0.6476043276661515 0.43316831683168316 0.010819165378670788 0.01485148514851485
0 0.20401854714064915 0.6064356435643564 0.010819165378670788 0.01485148514851485
0 0.7217928902627512 0.29207920792079206 0.0061823802163833074 0.007425742574257425
0 0.6398763523956723 0.24504950495049505 0.0061823802163833074 0.007425742574257425
0 0.34312210200927357 0.6237623762376238 0.015455950540958269 0.0297029702970297
0 0.5425038639876353 0.4900990099009901 0.010819165378670788 0.01485148514851485
0 0.517774343122102 0.25742574257425743 0.0061823802163833074 0.007425742574257425
0 0.321483771251932 0.48267326732673266 0.010819165378670788 0.01485148514851485
0 0.9799072642967542 0.38613861386138615 0.010819165378670788 0.01485148514851485
0 0.5239567233384853 0.3069306930693069 0.0061823802163833074 0.007425742574257425
0 0.41112828438948995 0.6311881188118812 0.013910355486862442 0.024752475247524754
0 0.7047913446676971 0.5618811881188119 0.010819165378670788 0.01485148514851485
0 0.35394126738794435 0.2524752475247525 0.0061823802163833074 0.007425742574257425
0 0.13292117465224113 0.5767326732673267 0.010819165378670788 0.01485148514851485
0 0.05409582689335394 0.41336633663366334 0.010819165378670788 0.01485148514851485
0 0.5162287480680062 0.3787128712871287 0.010819165378670788 0.01485148514851485
0 0.5394126738794436 0.15594059405940594 0.0061823802163833074 0.007425742574257425
0 0.5471406491499228 0.6138613861386139 0.010819165378670788 0.01485148514851485
0 0.5641421947449768 0.49504950495049505 0.010819165378670788 0.01485148514851485
0 0.6924265842349304 0.23267326732673269 0.0061823802163833074 0.007425742574257425
0 0.21792890262751158 0.34405940594059403 0.010819165378670788 0.01485148514851485
0 0.6723338485316847 0.39603960396039606 0.010819165378670788 0.01485148514851485
0 0.35857805255023184 0.3688118811881188 0.010819165378670788 0.01485148514851485
0 0.9598145285935085 0.43316831683168316 0.010819165378670788 0.01485148514851485
0 0.3462132921174652 0.9801980198019802 0.017001545595054096 0.034653465346534656
0 0.6460587326120556 0.16336633663366337 0.0061823802163833074 0.007425742574257425
0 0.6661514683153014 0.6089108910891089 0.010819165378670788 0.01485148514851485
0 0.7248840803709428 0.5470297029702971 0.010819165378670788 0.01485148514851485
0 0.4899536321483771 0.28465346534653463 0.0061823802163833074 0.007425742574257425
0 0.08500772797527048 0.9529702970297029 0.017001545595054096 0.034653465346534656
0 0.7387944358578052 0.25 0.0061823802163833074 0.007425742574257425
0 0.9443585780525502 0.39603960396039606 0.010819165378670788 0.01485148514851485
0 0.7666151468315301 0.3415841584158416 0.0061823802163833074 0.007425742574257425
0 0.58887171561051 0.21782178217821782 0.0061823802163833074 0.007425742574257425
0 0.98145285935085 0.9678217821782178 0.017001545595054096 0.034653465346534656
0 0.6738794435857806 0.6534653465346535 0.017001545595054096 0.034653465346534656
0 0.2426584234930448 0.5396039603960396 0.010819165378670788 0.01485148514851485
0 0.29675425038639874 0.5544554455445545 0.010819165378670788 0.01485148514851485
0 0.8469860896445132 0.3811881188118812 0.010819165378670788 0.01485148514851485
0 0.8068006182380216 0.6707920792079208 0.017001545595054096 0.034653465346534656
0 0.6445131375579598 0.29207920792079206 0.0061823802163833074 0.007425742574257425
0 0.080370942812983 0.7970297029702971 0.017001545595054096 0.034653465346534656
0 0.768160741885626 0.6608910891089109 0.017001545595054096 0.034653465346534656
0 0.061823802163833076 0.5173267326732673 0.010819165378670788 0.01485148514851485
0 0.07264296754250386 0.25742574257425743 0.00927357032457496 0.012376237623762377
0 0.0571870170015456 0.25495049504950495 0.00927357032457496 0.012376237623762377
0 0.19783616692426584 0.5222772277227723 0.010819165378670788 0.01485148514851485
0 0.7851622874806801 0.18811881188118812 0.0061823802163833074 0.007425742574257425
0 0.768160741885626 0.5668316831683168 0.010819165378670788 0.01485148514851485
0 0.7202472952086554 0.3069306930693069 0.0061823802163833074 0.007425742574257425
0 0.5996908809891809 0.7079207920792079 0.017001545595054096 0.034653465346534656
0 0.39258114374034003 0.4282178217821782 0.010819165378670788 0.01485148514851485
0 0.5935085007727975 0.1485148514851485 0.0061823802163833074 0.007425742574257425
0 0.5440494590417311 0.2376237623762376 0.0061823802163833074 0.007425742574257425
0 0.6723338485316847 0.20544554455445543 0.0061823802163833074 0.007425742574257425
0 0.7295208655332303 0.19554455445544555 0.0061823802163833074 0.007425742574257425
0 0.60741885625966 0.41089108910891087 0.010819165378670788 0.01485148514851485
0 0.7387944358578052 0.19554455445544555 0.0061823802163833074 0.007425742574257425
0 0.21947449768160743 0.5321782178217822 0.010819165378670788 0.01485148514851485
0 0.5857805255023184 0.3193069306930693 0.0061823802163833074 0.007425742574257425
0 0.5935085007727975 0.27722772277227725 0.0061823802163833074 0.007425742574257425
0 0.6831530139103554 0.46534653465346537 0.010819165378670788 0.01485148514851485
0 0.5023183925811437 0.27970297029702973 0.0061823802163833074 0.007425742574257425
0 0.5347758887171561 0.2747524752475248 0.0061823802163833074 0.007425742574257425
0 0.7279752704791345 0.2698019801980198 0.0061823802163833074 0.007425742574257425
0 0.5935085007727975 0.3069306930693069 0.0061823802163833074 0.007425742574257425
0 0.7480680061823802 0.30445544554455445 0.0061823802163833074 0.007425742574257425
0 0.13292117465224113 0.9579207920792079 0.017001545595054096 0.034653465346534656
0 0.43431221020092736 0.5717821782178217 0.010819165378670788 0.01485148514851485
0 0.27666151468315303 0.5767326732673267 0.010819165378670788 0.01485148514851485
0 0.26120556414219476 0.38613861386138615 0.010819165378670788 0.01485148514851485
0 0.9134466769706336 0.4504950495049505 0.010819165378670788 0.01485148514851485
0 0.6367851622874807 0.5915841584158416 0.010819165378670788 0.01485148514851485
0 0.5224111282843895 0.19554455445544555 0.0061823802163833074 0.007425742574257425
0 0.6120556414219475 0.2698019801980198 0.0061823802163833074 0.007425742574257425
0 0.027820710973724884 0.8118811881188119 0.017001545595054096 0.034653465346534656
0 0.5378670788253478 0.3193069306930693 0.0061823802163833074 0.007425742574257425
0 0.9211746522411128 0.7648514851485149 0.017001545595054096 0.034653465346534656
0 0.6846986089644513 0.5321782178217822 0.010819165378670788 0.01485148514851485
0 0.3261205564142195 0.6039603960396039 0.010819165378670788 0.01485148514851485
0 0.8222565687789799 0.3069306930693069 0.0061823802163833074 0.007425742574257425
0 0.6275115919629057 0.43316831683168316 0.010819165378670788 0.01485148514851485
0 0.13446676970633695 0.551980198019802 0.010819165378670788 0.01485148514851485
0 0.7156105100463679 0.24752475247524752 0.0061823802163833074 0.007425742574257425
0 0.5100463678516228 0.2599009900990099 0.0061823802163833074 0.007425742574257425
0 0.8083462132921174 0.2524752475247525 0.0061823802163833074 0.007425742574257425
0 0.7341576506955177 0.4282178217821782 0.010819165378670788 0.01485148514851485
0 0.16228748068006182 0.9158415841584159 0.017001545595054096 0.034653465346534656
0 0.5363214837712519 0.693069306930693 0.017001545595054096 0.034653465346534656
0 0.22256568778979907 0.5099009900990099 0.010819165378670788 0.01485148514851485
0 0.7372488408037094 0.29455445544554454 0.0061823802163833074 0.007425742574257425
0 0.4775888717156105 0.28217821782178215 0.0061823802163833074 0.007425742574257425
0 0.5224111282843895 0.5594059405940595 0.010819165378670788 0.01485148514851485
0 0.5347758887171561 0.34405940594059403 0.0061823802163833074 0.007425742574257425
0 0.5409582689335394 0.4183168316831683 0.010819165378670788 0.01485148514851485
0 0.4420401854714065 0.5272277227722773 0.010819165378670788 0.01485148514851485
0 0.7758887171561051 0.48267326732673266 0.010819165378670788 0.01485148514851485
0 0.4574961360123648 0.32425742574257427 0.0061823802163833074 0.007425742574257425
0 0.6769706336939721 0.3193069306930693 0.0061823802163833074 0.007425742574257425
0 0.5811437403400309 0.8589108910891089 0.017001545595054096 0.034653465346534656
0 0.5625965996908809 0.5495049504950495 0.010819165378670788 0.01485148514851485
0 0.6213292117465224 0.5321782178217822 0.010819165378670788 0.01485148514851485
0 0.508500772797527 0.19554455445544555 0.0061823802163833074 0.007425742574257425
0 0.7001545595054096 0.25742574257425743 0.0061823802163833074 0.007425742574257425
0 0.6800618238021638 0.48514851485148514 0.010819165378670788 0.01485148514851485
0 0.11282843894899536 0.3787128712871287 0.010819165378670788 0.01485148514851485
0 0.6646058732612056 0.33663366336633666 0.0061823802163833074 0.007425742574257425
0 0.8578052550231839 0.3811881188118812 0.010819165378670788 0.01485148514851485
0 0.633693972179289 0.38366336633663367 0.010819165378670788 0.01485148514851485
0 0.964451313755796 0.5693069306930693 0.010819165378670788 0.01485148514851485
0 0.7758887171561051 0.297029702970297 0.0061823802163833074 0.007425742574257425
0 0.794435857805255 0.2376237623762376 0.0061823802163833074 0.007425742574257425
0 0.5904173106646059 0.20297029702970298 0.0061823802163833074 0.007425742574257425
0 0.758887171561051 0.2623762376237624 0.0061823802163833074 0.007425742574257425
0 0.7465224111282844 0.22772277227722773 0.0061823802163833074 0.007425742574257425
0 0.678516228748068 0.4207920792079208 0.010819165378670788 0.01485148514851485
0 0.8438948995363215 0.6584158415841584 0.017001545595054096 0.034653465346534656
0 0.5564142194744977 0.39603960396039606 0.010819165378670788 0.01485148514851485
0 0.48377125193199383 0.6287128712871287 0.012364760432766615 0.019801980198019802
0 0.9289026275115919 0.8267326732673267 0.017001545595054096 0.034653465346534656
0 0.4884080370942813 0.42326732673267325 0.010819165378670788 0.01485148514851485
0 0.6197836166924265 0.15099009900990099 0.0061823802163833074 0.007425742574257425
0 0.6120556414219475 0.18811881188118812 0.0061823802163833074 0.007425742574257425
0 0.6970633693972179 0.4405940594059406 0.010819165378670788 0.01485148514851485
0 0.2426584234930448 0.6064356435643564 0.010819165378670788 0.01485148514851485
0 0.26120556414219476 0.6707920792079208 0.017001545595054096 0.034653465346534656
0 0.03554868624420402 0.26732673267326734 0.00927357032457496 0.012376237623762377
0 0.6259659969088099 0.11386138613861387 0.0061823802163833074 0.007425742574257425
0 0.7341576506955177 0.24504950495049505 0.0061823802163833074 0.007425742574257425
0 0.6676970633693973 0.2376237623762376 0.0061823802163833074 0.007425742574257425
0 0.18701700154559506 0.8391089108910891 0.017001545595054096 0.034653465346534656
0 0.19165378670788252 0.7252475247524752 0.017001545595054096 0.034653465346534656
0 0.7774343122102009 0.21782178217821782 0.0061823802163833074 0.007425742574257425
0 0.652241112828439 0.19801980198019803 0.0061823802163833074 0.007425742574257425
0 0.7078825347758887 0.8118811881188119 0.017001545595054096 0.034653465346534656
0 0.3323029366306028 0.3589108910891089 0.010819165378670788 0.01485148514851485
0 0.7465224111282844 0.2103960396039604 0.0061823802163833074 0.007425742574257425
0 0.4265842349304482 0.22772277227722773 0.0061823802163833074 0.007425742574257425
0 0.7418856259659969 0.5618811881188119 0.010819165378670788 0.01485148514851485
0 0.6197836166924265 0.4207920792079208 0.010819165378670788 0.01485148514851485
0 0.6908809891808346 0.27970297029702973 0.0061823802163833074 0.007425742574257425
0 0.02472952086553323 0.948019801980198 0.017001545595054096 0.034653465346534656
0 0.6816074188562596 0.1311881188118812 0.0061823802163833074 0.007425742574257425
0 0.5625965996908809 0.11386138613861387 0.0061823802163833074 0.007425742574257425
0 0.7697063369397218 0.24504950495049505 0.0061823802163833074 0.007425742574257425
0 0.08964451313755796 0.4084158415841584 0.010819165378670788 0.01485148514851485
0 0.4080370942812983 0.49504950495049505 0.010819165378670788 0.01485148514851485
0 0.2596599690880989 0.47029702970297027 0.010819165378670788 0.01485148514851485
0 0.5409582689335394 0.21534653465346534 0.0061823802163833074 0.007425742574257425
0 0.021638330757341576 0.2722772277227723 0.00927357032457496 0.012376237623762377
0 0.16692426584234932 0.24257425742574257 0.0061823802163833074 0.007425742574257425
0 0.8083462132921174 0.38366336633663367 0.010819165378670788 0.01485148514851485
0 0.40649149922720246 0.7920792079207921 0.017001545595054096 0.034653465346534656
0 0.5564142194744977 0.11386138613861387 0.0061823802163833074 0.007425742574257425
0 0.5595054095826894 0.18811881188118812 0.0061823802163833074 0.007425742574257425
0 0.7650695517774343 0.45544554455445546 0.010819165378670788 0.01485148514851485
0 0.598145285935085 0.12128712871287128 0.0061823802163833074 0.007425742574257425
0 0.1437403400309119 0.6905940594059405 0.017001545595054096 0.034653465346534656
0 0.25656877897990726 0.18564356435643564 0.0061823802163833074 0.007425742574257425
0 0.7017001545595054 0.15594059405940594 0.0061823802163833074 0.007425742574257425
0 0.5641421947449768 0.21287128712871287 0.0061823802163833074 0.007425742574257425
0 0.7573415765069552 0.6955445544554455 0.017001545595054096 0.034653465346534656
0 0.7975270479134466 0.25495049504950495 0.0061823802163833074 0.007425742574257425
0 0.7001545595054096 0.3564356435643564 0.010819165378670788 0.01485148514851485
0 0.8176197836166924 0.5792079207920792 0.010819165378670788 0.01485148514851485
0 0.7109737248840804 0.23267326732673269 0.0061823802163833074 0.007425742574257425
0 0.24574961360123648 0.8762376237623762 0.017001545595054096 0.034653465346534656
0 0.6676970633693973 0.4306930693069307 0.010819165378670788 0.01485148514851485
0 0.41576506955177744 0.4504950495049505 0.010819165378670788 0.01485148514851485
0 0.5208655332302936 0.12128712871287128 0.0061823802163833074 0.007425742574257425
0 0.33384853168469864 0.6955445544554455 0.017001545595054096 0.034653465346534656
0 0.2782071097372488 0.3787128712871287 0.010819165378670788 0.01485148514851485
0 0.1731066460587326 0.4752475247524752 0.010819165378670788 0.01485148514851485
0 0.6908809891808346 0.26485148514851486 0.0061823802163833074 0.007425742574257425
0 0.250386398763524 0.8143564356435643 0.017001545595054096 0.034653465346534656
0 0.42194744976816073 0.3564356435643564 0.010819165378670788 0.01485148514851485
0 0.7619783616692427 0.2995049504950495 0.0061823802163833074 0.007425742574257425
0 0.6213292117465224 0.49257425742574257 0.010819165378670788 0.01485148514851485
0 0.7109737248840804 0.21782178217821782 0.0061823802163833074 0.007425742574257425
0 0.31993817619783615 0.6485148514851485 0.017001545595054096 0.034653465346534656
0 0.6754250386398764 0.33910891089108913 0.0061823802163833074 0.007425742574257425
0 0.6213292117465224 0.3193069306930693 0.0061823802163833074 0.007425742574257425
0 0.7310664605873262 0.1707920792079208 0.0061823802163833074 0.007425742574257425
0 0.6692426584234931 0.16831683168316833 0.0061823802163833074 0.007425742574257425
0 0.6537867078825348 0.4034653465346535 0.010819165378670788 0.01485148514851485
0 0.401854714064915 0.7326732673267327 0.017001545595054096 0.034653465346534656
0 0.5579598145285936 0.5074257425742574 0.010819165378670788 0.01485148514851485
0 0.4528593508500773 0.4603960396039604 0.010819165378670788 0.01485148514851485
0 0.678516228748068 0.19306930693069307 0.0061823802163833074 0.007425742574257425
0 0.7820710973724884 0.26485148514851486 0.0061823802163833074 0.007425742574257425
0 0.38176197836166925 0.28217821782178215 0.0061823802163833074 0.007425742574257425
0 0.7635239567233385 0.2004950495049505 0.0061823802163833074 0.007425742574257425
0 0.5425038639876353 0.18316831683168316 0.0061823802163833074 0.007425742574257425
0 0.7573415765069552 0.4183168316831683 0.010819165378670788 0.01485148514851485
0 0.8068006182380216 0.09900990099009901 0.0061823802163833074 0.007425742574257425
0 0.7387944358578052 0.3465346534653465 0.0061823802163833074 0.007425742574257425
0 0.3400309119010819 0.5247524752475248 0.010819165378670788 0.01485148514851485
0 0.5564142194744977 0.44554455445544555 0.010819165378670788 0.01485148514851485
0 0.633693972179289 0.2400990099009901 0.0061823802163833074 0.007425742574257425
0 0.5255023183925811 0.34405940594059403 0.0077279752704791345 0.009900990099009901
0 0.98145285935085 0.7970297029702971 0.017001545595054096 0.034653465346534656
0 0.678516228748068 0.30198019801980197 0.0061823802163833074 0.007425742574257425
0 0.43431221020092736 0.6014851485148515 0.010819165378670788 0.01485148514851485
0 0.7820710973724884 0.30445544554455445 0.0061823802163833074 0.007425742574257425
0 0.22565687789799072 0.42326732673267325 0.010819165378670788 0.01485148514851485
0 0.6414219474497682 0.38613861386138615 0.010819165378670788 0.01485148514851485
0 0.8006182380216383 0.41336633663366334 0.010819165378670788 0.01485148514851485
0 0.4868624420401855 0.44801980198019803 0.010819165378670788 0.01485148514851485
0 0.3693972179289026 0.5173267326732673 0.010819165378670788 0.01485148514851485
0 0.18547140649149924 0.3465346534653465 0.00927357032457496 0.012376237623762377
0 0.6646058732612056 0.31435643564356436 0.0061823802163833074 0.007425742574257425
0 0.7017001545595054 0.20544554455445543 0.0061823802163833074 0.007425742574257425
0 0.714064914992272 0.28217821782178215 0.0061823802163833074 0.007425742574257425
0 0.22565687789799072 0.6014851485148515 0.010819165378670788 0.01485148514851485
0 0.5363214837712519 0.5198019801980198 0.010819165378670788 0.01485148514851485
0 0.4574961360123648 0.5618811881188119 0.010819165378670788 0.01485148514851485
0 0.633693972179289 0.44801980198019803 0.010819165378670788 0.01485148514851485
0 0.6893353941267388 0.4801980198019802 0.010819165378670788 0.01485148514851485
0 0.9211746522411128 0.6014851485148515 0.010819165378670788 0.01485148514851485
0 0.7882534775888718 0.45544554455445546 0.010819165378670788 0.01485148514851485
0 0.3678516228748068 0.4405940594059406 0.010819165378670788 0.01485148514851485
0 0.5131375579598145 0.29207920792079206 0.0061823802163833074 0.007425742574257425
0 0.8377125193199382 0.5470297029702971 0.010819165378670788 0.01485148514851485
0 0.6893353941267388 0.3193069306930693 0.0061823802163833074 0.007425742574257425
0 0.7357032457496137 0.11386138613861387 0.0061823802163833074 0.007425742574257425
0 0.8176197836166924 0.3465346534653465 0.0077279752704791345 0.009900990099009901
0 0.7635239567233385 0.3712871287128713 0.010819165378670788 0.01485148514851485
0 0.4574961360123648 0.6831683168316832 0.017001545595054096 0.034653465346534656
0 0.7851622874806801 0.28465346534653463 0.0061823802163833074 0.007425742574257425
0 0.5486862442040186 0.19554455445544555 0.0061823802163833074 0.007425742574257425
0 0.884080370942813 0.7846534653465347 0.017001545595054096 0.034653465346534656
0 0.865533230293663 0.754950495049505 0.017001545595054096 0.034653465346534656
0 0.7017001545595054 0.4628712871287129 0.010819165378670788 0.01485148514851485
0 0.8887171561051005 0.8737623762376238 0.017001545595054096 0.034653465346534656
0 0.04945904173106646 0.47029702970297027 0.010819165378670788 0.01485148514851485
0 0.2704791344667697 0.20297029702970298 0.0061823802163833074 0.007425742574257425
0 0.14683153013910355 0.6064356435643564 0.010819165378670788 0.01485148514851485
0 0.5378670788253478 0.1806930693069307 0.0061823802163833074 0.007425742574257425
0 0.6630602782071098 0.48267326732673266 0.010819165378670788 0.01485148514851485
0 0.6831530139103554 0.2202970297029703 0.0061823802163833074 0.007425742574257425
0 0.36321483771251933 0.8316831683168316 0.017001545595054096 0.034653465346534656
0 0.24574961360123648 0.6534653465346535 0.017001545595054096 0.034653465346534656
0 0.18547140649149924 0.8935643564356436 0.017001545595054096 0.034653465346534656
0 0.8284389489953632 0.4430693069306931 0.010819165378670788 0.01485148514851485
0 0.6460587326120556 0.35396039603960394 0.010819165378670788 0.01485148514851485
0 0.40030911901081917 0.5297029702970297 0.010819165378670788 0.01485148514851485
0 0.482225656877898 0.7970297029702971 0.017001545595054096 0.034653465346534656
0 0.36476043276661513 0.7128712871287128 0.017001545595054096 0.034653465346534656
0 0.7109737248840804 0.3118811881188119 0.0061823802163833074 0.007425742574257425
0 0.7805255023183926 0.3935643564356436 0.010819165378670788 0.01485148514851485
0 0.5131375579598145 0.21782178217821782 0.0061823802163833074 0.007425742574257425
0 0.7557959814528593 0.2103960396039604 0.0061823802163833074 0.007425742574257425
0 0.30602782071097373 0.6782178217821783 0.017001545595054096 0.034653465346534656
0 0.5595054095826894 0.3811881188118812 0.010819165378670788 0.01485148514851485
0 0.26738794435857804 0.25 0.0061823802163833074 0.007425742574257425
0 0.5950540958268934 0.37376237623762376 0.010819165378670788 0.01485148514851485
0 0.5316846986089645 0.24752475247524752 0.0061823802163833074 0.007425742574257425
0 0.32921174652241114 0.849009900990099 0.017001545595054096 0.034653465346534656
0 0.7217928902627512 0.2524752475247525 0.0061823802163833074 0.007425742574257425
0 0.6692426584234931 0.6856435643564357 0.017001545595054096 0.034653465346534656
0 0.44049459041731065 0.3465346534653465 0.0077279752704791345 0.009900990099009901
