0 0.9886685552407932 0.7892813641900122 0.03895184135977337 0.07186358099878197
0 0.5516997167138811 0.031668696711327646 0.002124645892351275 0.0060901339829476245
0 0.41076487252124644 0.1023142509135201 0.002124645892351275 0.0060901339829476245
0 0.48229461756373937 0.07429963459196103 0.002124645892351275 0.0060901339829476245
0 0.8654390934844193 0.21315468940316687 0.037535410764872525 0.06942752740560293
0 0.2386685552407932 0.1656516443361754 0.00424929178470255 0.0060901339829476245
0 0.04107648725212465 0.008526187576126675 0.002124645892351275 0.0060901339829476245
0 0.2330028328611898 0.18270401948842874 0.00424929178470255 0.0060901339829476245
0 0.056657223796033995 0.4287454323995128 0.009206798866855524 0.0194884287454324
0 0.3024079320113314 0.3861144945188794 0.030453257790368272 0.06333739342265529
0 0.010623229461756374 0.24116930572472595 0.00424929178470255 0.0060901339829476245
0 0.43271954674220964 0.08404384896467722 0.002124645892351275 0.0060901339829476245
0 0.4971671388101983 0.06577344701583435 0.002124645892351275 0.0060901339829476245
0 0.8788951841359773 0.15712545676004872 0.036827195467422094 0.06577344701583435
0 0.7018413597733711 0.3105968331303289 0.032577903682719546 0.057247259439707675
0 0.5715297450424929 0.30694275274056027 0.014164305949008499 0.029232643118148598
0 0.9603399433427762 0.1425091352009744 0.08002832861189801 0.13885505481120586
0 0.059490084985835696 0.00243605359317905 0.002124645892351275 0.0060901339829476245
0 0.21458923512747877 0.15347137637028013 0.00424929178470255 0.0060901339829476245
0 0.4128895184135977 0.10962241169305725 0.002124645892351275 0.0060901339829476245
0 0.5835694050991501 0.3556638246041413 0.014164305949008499 0.029232643118148598
0 0.2762039660056657 0.014616321559074299 0.002124645892351275 0.0060901339829476245
0 0.3378186968838527 0.13032886723507917 0.002124645892351275 0.0060901339829476245
0 0.8994334277620396 0.13885505481120586 0.014872521246458924 0.02679658952496955
0 0.4922096317280453 0.06455542021924482 0.002124645892351275 0.0060901339829476245
0 0.415014164305949 0.20097442143727162 0.031161473087818695 0.07186358099878197
0 0.05240793201133145 0.0048721071863581 0.002124645892351275 0.0060901339829476245
0 0.3002832861189802 0.15225334957369063 0.00424929178470255 0.0060901339829476245
0 0.5715297450424929 0.20706455542021923 0.007082152974504249 0.012180267965895249
0 0.4228045325779037 0.09866017052375152 0.002124645892351275 0.0060901339829476245
0 0.7896600566572238 0.6199756394640682 0.07294617563739376 0.13398294762484775
0 0.19192634560906516 0.38976857490864797 0.024079320113314446 0.04141291108404385
0 0.546742209631728 0.04506699147381242 0.002124645892351275 0.0060901339829476245
0 0.6211048158640227 0.21071863580998781 0.007082152974504249 0.012180267965895249
0 0.20892351274787535 0.17783191230207065 0.00424929178470255 0.0060901339829476245
0 0.3314447592067989 0.13520097442143728 0.002124645892351275 0.0060901339829476245
0 0.5028328611898017 0.28867235079171744 0.046742209631728045 0.09622411693057248
0 0.14022662889518414 0.40682095006090135 0.0113314447592068 0.02192448233861145
0 0.31373937677053826 0.14738124238733252 0.00424929178470255 0.0060901339829476245
0 0.4695467422096317 0.08038976857490865 0.002124645892351275 0.0060901339829476245
0 0.14518413597733712 0.3909866017052375 0.024079320113314446 0.04141291108404385
0 0.8484419263456091 0.18026796589524968 0.036827195467422094 0.06577344701583435
0 0.7315864022662889 0.2862362971985384 0.014872521246458924 0.029232643118148598
0 0.28753541076487255 0.15347137637028013 0.00424929178470255 0.0060901339829476245
0 0.31869688385269124 0.14372716199756394 0.0035410764872521247 0.0060901339829476245
0 0.8902266288951841 0.1668696711327649 0.036827195467422094 0.06577344701583435
0 0.6855524079320113 0.2545676004872107 0.009915014164305949 0.01705237515225335
0 0.009915014164305949 0.2582216808769793 0.00424929178470255 0.0060901339829476245
0 0.5913597733711048 0.24238733252131547 0.007082152974504249 0.012180267965895249
0 0.15934844192634562 0.42021924482338613 0.024079320113314446 0.04141291108404385
0 0.019121813031161474 0.4579780755176614 0.009206798866855524 0.0194884287454324
0 0.5084985835694051 0.06090133982947625 0.002124645892351275 0.0060901339829476245
0 0.48371104815864024 0.049939098660170524 0.002124645892351275 0.0060901339829476245
0 0.34560906515580736 0.13276492082825822 0.002124645892351275 0.0060901339829476245
0 0.6055240793201133 0.2971985383678441 0.024079320113314446 0.04628501827040195
0 0.26912181303116145 0.42630937880633374 0.030453257790368272 0.06333739342265529
0 0.301699716713881 0.14372716199756394 0.00424929178470255 0.0060901339829476245
0 0.5495750708215298 0.22777101096224117 0.046742209631728045 0.09622411693057248
0 0.8817280453257791 0.1425091352009744 0.036827195467422094 0.06577344701583435
0 0.000708215297450425 0.02192448233861145 0.002124645892351275 0.0060901339829476245
0 0.5347025495750708 0.048721071863580996 0.002124645892351275 0.0060901339829476245
0 0.24362606232294617 0.1656516443361754 0.00424929178470255 0.0060901339829476245
0 0.5184135977337111 0.05237515225334957 0.002124645892351275 0.0060901339829476245
0 0.31657223796033995 0.13520097442143728 0.0028328611898017 0.0060901339829476245
0 0.476628895184136 0.0730816077953715 0.002124645892351275 0.0060901339829476245
0 0.04036827195467422 0.42143727161997563 0.009206798866855524 0.0194884287454324
0 0.010623229461756374 0.008526187576126675 0.002124645892351275 0.0060901339829476245
0 0.2358356940509915 0.1705237515225335 0.00424929178470255 0.0060901339829476245
0 0.8477337110481586 0.1607795371498173 0.036827195467422094 0.06577344701583435
0 0.4143059490084986 0.09866017052375152 0.002124645892351275 0.0060901339829476245
0 0.7613314447592068 0.2350791717417783 0.04745042492917847 0.0925700365408039
0 0.5063739376770539 0.4104750304506699 0.046742209631728045 0.09622411693057248
0 0.42917847025495753 0.1023142509135201 0.002124645892351275 0.0060901339829476245
0 0.3264872521246459 0.3617539585870889 0.030453257790368272 0.06333739342265529
0 0.4964589235127479 0.047503045066991476 0.002124645892351275 0.0060901339829476245
0 0.22237960339943344 0.17661388550548113 0.00424929178470255 0.0060901339829476245
0 0.3264872521246459 0.14129110840438489 0.002124645892351275 0.0060901339829476245
0 0.2953257790368272 0.15225334957369063 0.00424929178470255 0.0060901339829476245
0 0.43555240793201133 0.09500609013398295 0.002124645892351275 0.0060901339829476245
0 0.0056657223796034 0.2557856272838002 0.00424929178470255 0.0060901339829476245
0 0.4737960339943343 0.07429963459196103 0.002124645892351275 0.0060901339829476245
0 0.013456090651558074 0.25091352009744217 0.00424929178470255 0.0060901339829476245
0 0.010623229461756374 0.25213154689403167 0.00424929178470255 0.0060901339829476245
0 0.4065155807365439 0.10596833130328867 0.002124645892351275 0.0060901339829476245
0 0.443342776203966 0.09135200974421437 0.002124645892351275 0.0060901339829476245
0 0.22521246458923513 0.1607795371498173 0.00424929178470255 0.0060901339829476245
0 0.5786118980169972 0.32521315468940315 0.014164305949008499 0.029232643118148598
0 0.4490084985835694 0.09013398294762484 0.002124645892351275 0.0060901339829476245
0 0.29674220963172804 0.14372716199756394 0.00424929178470255 0.0060901339829476245
0 0.3059490084985836 0.13520097442143728 0.0035410764872521247 0.0060901339829476245
0 0.6862606232294618 0.20097442143727162 0.009915014164305949 0.01705237515225335
0 0.34773371104815864 0.12911084043848964 0.002124645892351275 0.0060901339829476245
0 0.28257790368271957 0.14859926918392205 0.00424929178470255 0.0060901339829476245
0 0.3356940509915014 0.1364190012180268 0.009206798866855524 0.02192448233861145
0 0.6005665722379604 0.2192448233861145 0.007082152974504249 0.012180267965895249
0 0.012039660056657223 0.23629719853836784 0.00424929178470255 0.0060901339829476245
0 0.004957507082152974 0.24847746650426308 0.00424929178470255 0.0060901339829476245
0 0.21104815864022664 0.3690621193666261 0.030453257790368272 0.06333739342265529
0 0.6848441926345609 0.34957369062119364 0.010623229461756374 0.014616321559074299
0 0.2386685552407932 0.1753958587088916 0.00424929178470255 0.0060901339829476245
0 0.6395184135977338 0.23142509135200975 0.0226628895184136 0.04141291108404385
0 0.010623229461756374 0.024360535931790498 0.002124645892351275 0.0060901339829476245
0 0.21458923512747877 0.17174177831912302 0.00424929178470255 0.0060901339829476245
0 0.6919263456090652 0.18635809987819732 0.009915014164305949 0.01705237515225335
0 0.8668555240793201 0.23020706455542023 0.037535410764872525 0.06942752740560293
0 0.8590651558073654 0.1607795371498173 0.036827195467422094 0.06577344701583435
0 0.7223796033994334 0.17783191230207065 0.009915014164305949 0.01705237515225335
0 0.5757790368271954 0.23264311814859928 0.007082152974504249 0.012180267965895249
0 0.5552407932011332 0.03654080389768575 0.002124645892351275 0.0060901339829476245
0 0.7415014164305949 0.15712545676004872 0.009915014164305949 0.01705237515225335
0 0.004957507082152974 0.010962241169305725 0.002124645892351275 0.0060901339829476245
0 0.2358356940509915 0.15956151035322777 0.00424929178470255 0.0060901339829476245
0 0.8463172804532578 0.19853836784409257 0.036827195467422094 0.06577344701583435
0 0.7152974504249292 0.2095006090133983 0.009915014164305949 0.01705237515225335
0 0.9341359773371105 0.1705237515225335 0.020538243626062325 0.037758830694275276
0 0.5616147308781869 0.23629719853836784 0.007082152974504249 0.012180267965895249
0 0.23158640226628896 0.16321559074299635 0.00424929178470255 0.0060901339829476245
0 0.8590651558073654 0.18635809987819732 0.036827195467422094 0.06577344701583435
0 0.45254957507082155 0.0876979293544458 0.002124645892351275 0.0060901339829476245
0 0.28824362606232296 0.0060901339829476245 0.002124645892351275 0.0060901339829476245
0 0.8753541076487252 0.2618757612667479 0.037535410764872525 0.06942752740560293
0 0.24645892351274787 0.4238733252131547 0.030453257790368272 0.06333739342265529
0 0.5531161473087819 0.29963459196102316 0.0226628895184136 0.057247259439707675
0 0.025495750708215296 0.008526187576126675 0.002124645892351275 0.0060901339829476245
0 0.3045325779036827 0.14859926918392205 0.00424929178470255 0.0060901339829476245
