0 0.8887096774193548 0.5475 0.027419354838709678 0.055
0 0.48870967741935484 0.3125 0.027419354838709678 0.055
0 0.21451612903225806 0.7625 0.027419354838709678 0.055
0 0.6790322580645162 0.2125 0.027419354838709678 0.055
0 0.4241935483870968 0.5375 0.027419354838709678 0.055
0 0.482258064516129 0.5625 0.027419354838709678 0.055
0 0.7951612903225806 0.075 0.027419354838709678 0.055
0 0.8758064516129033 0.2925 0.027419354838709678 0.055
0 0.15645161290322582 0.44 0.027419354838709678 0.055
0 0.6209677419354839 0.5275 0.027419354838709678 0.055
0 0.2306451612903226 0.1925 0.027419354838709678 0.055
0 0.5564516129032258 0.2875 0.027419354838709678 0.055
0 0.41935483870967744 0.2925 0.027419354838709678 0.055
0 0.7661290322580645 0.6425 0.027419354838709678 0.055
0 0.6887096774193548 0.5125 0.027419354838709678 0.055
0 0.8096774193548387 0.1725 0.027419354838709678 0.055
0 0.6790322580645162 0.2975 0.027419354838709678 0.055
0 0.2870967741935484 0.3125 0.027419354838709678 0.055
0 0.7806451612903226 0.9175 0.027419354838709678 0.055
0 0.6241935483870967 0.4225 0.027419354838709678 0.055
0 0.8209677419354838 0.5375 0.027419354838709678 0.055
0 0.06451612903225806 0.84 0.027419354838709678 0.055
0 0.20483870967741935 0.8325 0.027419354838709678 0.055
0 0.42258064516129035 0.645 0.027419354838709678 0.055
0 0.9758064516129032 0.7425 0.027419354838709678 0.055
0 0.36774193548387096 0.1775 0.027419354838709678 0.055
0 0.5548387096774193 0.42 0.027419354838709678 0.055
0 0.4838709677419355 0.185 0.027419354838709678 0.055
0 0.4854838709677419 0.0675 0.027419354838709678 0.055
0 0.7774193548387097 0.8575 0.027419354838709678 0.055
0 0.9532258064516129 0.4075 0.027419354838709678 0.055
0 0.7 0.6475 0.027419354838709678 0.055
0 0.25483870967741934 0.4325 0.027419354838709678 0.055
0 0.9419354838709677 0.2875 0.027419354838709678 0.055
0 0.482258064516129 0.835 0.027419354838709678 0.055
0 0.7354838709677419 0.1825 0.027419354838709678 0.055
0 0.17419354838709677 0.1925 0.027419354838709678 0.055
0 0.5629032258064516 0.835 0.027419354838709678 0.055
0 0.853225806451613 0.9225 0.027419354838709678 0.055
0 0.7080645161290322 0.83 0.027419354838709678 0.055
0 0.9 0.45 0.027419354838709678 0.055
0 0.42096774193548386 0.76 0.027419354838709678 0.055
0 0.8661290322580645 0.0775 0.027419354838709678 0.055
0 0.3467741935483871 0.6575 0.027419354838709678 0.055
0 0.6241935483870967 0.6725 0.027419354838709678 0.055
0 0.8209677419354838 0.4025 0.027419354838709678 0.055
0 0.2870967741935484 0.8625 0.027419354838709678 0.055
0 0.7596774193548387 0.7475 0.027419354838709678 0.055
0 0.9241935483870968 0.9275 0.027419354838709678 0.055
0 0.3370967741935484 0.94 0.027419354838709678 0.055
0 0.49032258064516127 0.6875 0.027419354838709678 0.055
0 0.6725806451612903 0.0675 0.027419354838709678 0.055
0 0.5629032258064516 0.945 0.027419354838709678 0.055
0 0.29193548387096774 0.5325 0.027419354838709678 0.055
0 0.20483870967741935 0.6525 0.027419354838709678 0.055
0 0.6338709677419355 0.9525 0.027419354838709678 0.055
0 0.9854838709677419 0.855 0.020967741935483872 0.0475
0 0.7016129032258065 0.915 0.027419354838709678 0.055
0 0.932258064516129 0.055 0.027419354838709678 0.055
0 0.06935483870967742 0.6525 0.027419354838709678 0.055
0 0.35 0.85 0.027419354838709678 0.055
0 0.23709677419354838 0.0775 0.027419354838709678 0.055
0 0.20161290322580644 0.9575 0.027419354838709678 0.055
0 0.5661290322580645 0.6425 0.027419354838709678 0.055
0 0.00967741935483871 0.6675 0.017741935483870968 0.0475
0 0.21935483870967742 0.5375 0.027419354838709678 0.055
0 0.21935483870967742 0.3025 0.027419354838709678 0.055
0 0.27903225806451615 0.9275 0.027419354838709678 0.055
0 0.8693548387096774 0.17 0.027419354838709678 0.055
0 0.42096774193548386 0.435 0.027419354838709678 0.055
0 0.3564516129032258 0.41 0.027419354838709678 0.055
0 0.0467741935483871 0.05 0.027419354838709678 0.055
0 0.02258064516129032 0.4475 0.027419354838709678 0.055
0 0.1532258064516129 0.665 0.027419354838709678 0.055
0 0.024193548387096774 0.5375 0.027419354838709678 0.055
0 0.7419354838709677 0.2975 0.027419354838709678 0.055
0 0.12419354838709677 0.9575 0.027419354838709678 0.055
0 0.5032258064516129 0.7625 0.027419354838709678 0.055
0 0.5467741935483871 0.7625 0.027419354838709678 0.055
0 0.7467741935483871 0.0575 0.027419354838709678 0.055
0 0.6112903225806452 0.0925 0.027419354838709678 0.055
0 0.15161290322580645 0.5525 0.027419354838709678 0.055
0 0.6919354838709677 0.425 0.027419354838709678 0.055
0 0.41451612903225804 0.16 0.027419354838709678 0.055
0 0.2806451612903226 0.7575 0.027419354838709678 0.055
0 0.9935483870967742 0.0575 0.020967741935483872 0.0475
0 0.3548387096774194 0.7475 0.027419354838709678 0.055
0 0.9016129032258065 0.6825 0.027419354838709678 0.055
0 0.42096774193548386 0.83 0.027419354838709678 0.055
0 0.02903225806451613 0.3125 0.027419354838709678 0.055
0 0.42096774193548386 0.075 0.027419354838709678 0.055
0 0.5532258064516129 0.5375 0.027419354838709678 0.055
0 0.8403225806451613 0.8325 0.027419354838709678 0.055
0 0.29193548387096774 0.44 0.027419354838709678 0.055
0 0.9419354838709677 0.1675 0.027419354838709678 0.055
0 0.037096774193548385 0.1775 0.027419354838709678 0.055
0 0.617741935483871 0.2975 0.027419354838709678 0.055
0 0.0935483870967742 0.3075 0.027419354838709678 0.055
0 0.49032258064516127 0.9375 0.027419354838709678 0.055
0 0.7467741935483871 0.4275 0.027419354838709678 0.055
0 0.15645161290322582 0.3125 0.027419354838709678 0.055
0 0.41935483870967744 0.945 0.027419354838709678 0.055
0 0.10161290322580645 0.0575 0.027419354838709678 0.055
0 0.11129032258064517 0.1825 0.027419354838709678 0.055
0 0.8225806451612904 0.7525 0.027419354838709678 0.055
0 0.3467741935483871 0.54 0.027419354838709678 0.055
0 0.1403225806451613 0.7625 0.027419354838709678 0.055
0 0.07580645161290323 0.7525 0.027419354838709678 0.055
0 0.09516129032258064 0.4225 0.027419354838709678 0.055
0 0.12741935483870967 0.8425 0.027419354838709678 0.055
0 0.2903225806451613 0.1975 0.027419354838709678 0.055
0 0.6306451612903226 0.755 0.027419354838709678 0.055
0 0.48870967741935484 0.41 0.027419354838709678 0.055
0 0.9241935483870968 0.84 0.027419354838709678 0.055
0 0.9580645161290322 0.5575 0.027419354838709678 0.055
0 0.3564516129032258 0.0675 0.027419354838709678 0.055
0 0.3629032258064516 0.2925 0.027419354838709678 0.055
0 0.8080645161290323 0.3125 0.027419354838709678 0.055
0 0.6306451612903226 0.84 0.027419354838709678 0.055
0 0.8435483870967742 0.6625 0.027419354838709678 0.055
0 0.75 0.5375 0.027419354838709678 0.055
0 0.5483870967741935 0.08 0.027419354838709678 0.055
0 0.6129032258064516 0.1725 0.027419354838709678 0.055
0 0.06612903225806452 0.9375 0.027419354838709678 0.055
0 0.17258064516129032 0.0725 0.027419354838709678 0.055
0 0.08225806451612903 0.5575 0.027419354838709678 0.055
0 0.5532258064516129 0.1775 0.027419354838709678 0.055
0 0.9 0.7675 0.027419354838709678 0.055
0 0.6983870967741935 0.755 0.027419354838709678 0.055
