0 0.0828125 0.044375 0.006640625 0.018125
0 0.9 0.3475 0.006640625 0.013125
0 0.80390625 0.52875 0.0078125 0.015
0 0.13828125 0.464375 0.00703125 0.01875
0 0.046484375 0.330625 0.00703125 0.01875
0 0.721875 0.209375 0.00703125 0.01375
0 0.4546875 0.489375 0.008984375 0.018125
0 0.7296875 0.70125 0.008203125 0.015625
0 0.63046875 0.541875 0.00859375 0.0175
0 0.5546875 0.3825 0.008984375 0.018125
0 0.591796875 0.471875 0.008984375 0.018125
0 0.15078125 0.47375 0.00703125 0.01875
0 0.562109375 0.310625 0.008984375 0.018125
0 0.512109375 0.47625 0.008984375 0.018125
0 0.6265625 0.14125 0.00625 0.01125
0 0.7640625 0.703125 0.008203125 0.015625
0 0.75625 0.039375 0.005859375 0.0125
0 0.275390625 0.428125 0.0078125 0.0175
0 0.221875 0.363125 0.00703125 0.01875
0 0.5703125 0.34875 0.008984375 0.018125
0 0.014453125 0.144375 0.006640625 0.018125
0 0.812109375 0.601875 0.008203125 0.015625
0 0.708203125 0.110625 0.00625 0.01125
0 0.537109375 0.475625 0.008984375 0.018125
0 0.671484375 0.244375 0.008984375 0.018125
0 0.662890625 0.134375 0.00625 0.01125
0 0.60390625 0.458125 0.008984375 0.018125
0 0.631640625 0.74 0.008203125 0.015625
0 0.427734375 0.57875 0.00859375 0.02
0 0.730078125 0.576875 0.008203125 0.015625
0 0.664453125 0.768125 0.008203125 0.015625
0 0.554296875 0.71125 0.00859375 0.02
0 0.81328125 0.205 0.006640625 0.013125
0 0.781640625 0.04125 0.005859375 0.0125
0 0.9734375 0.16375 0.005859375 0.0125
0 0.824609375 0.205625 0.006640625 0.013125
0 0.965234375 0.496875 0.006640625 0.013125
0 0.66796875 0.53 0.00859375 0.016875
0 0.932421875 0.385 0.006640625 0.013125
0 0.54765625 0.856875 0.00859375 0.02
0 0.249609375 0.343125 0.00703125 0.01875
0 0.677734375 0.67 0.008203125 0.015625
0 0.1328125 0.4725 0.00703125 0.01875
0 0.779296875 0.44125 0.006640625 0.013125
0 0.656640625 0.430625 0.008984375 0.018125
0 0.54375 0.77125 0.00859375 0.02
0 0.764453125 0.409375 0.006640625 0.013125
0 0.753515625 0.4525 0.006640625 0.013125
0 0.84765625 0.775 0.008203125 0.015625
0 0.6 0.61625 0.00859375 0.02
0 0.11328125 0.413125 0.00703125 0.01875
0 0.684375 0.34875 0.008984375 0.018125
0 0.96328125 0.430625 0.006640625 0.013125
0 0.09140625 0.4375 0.00703125 0.01875
0 0.952734375 0.265 0.006640625 0.013125
0 0.3984375 0.0775 0.005859375 0.013125
0 0.66796875 0.57875 0.008203125 0.015625
0 0.153125 0.11 0.006640625 0.018125
0 0.32421875 0.291875 0.00859375 0.01625
0 0.8046875 0.779375 0.008203125 0.015625
0 0.765234375 0.5675 0.008203125 0.015625
0 0.95859375 0.634375 0.008203125 0.015625
0 0.871484375 0.173125 0.005859375 0.0125
0 0.55625 0.355625 0.008984375 0.018125
0 0.676953125 0.373125 0.008984375 0.018125
0 0.584375 0.911875 0.00859375 0.02
0 0.933984375 0.26375 0.006640625 0.013125
0 0.615234375 0.30875 0.008984375 0.018125
0 0.823046875 0.268125 0.006640625 0.013125
0 0.871484375 0.043125 0.005859375 0.0125
0 0.846875 0.671875 0.008203125 0.015625
0 0.022265625 0.115625 0.006640625 0.018125
0 0.840625 0.144375 0.005859375 0.0125
0 0.084765625 0.428125 0.00703125 0.01875
0 0.225390625 0.04375 0.00625 0.015625
0 0.491796875 0.390625 0.008984375 0.018125
0 0.90234375 0.619375 0.008203125 0.015625
0 0.55 0.77625 0.00859375 0.02
0 0.73359375 0.295 0.0078125 0.015625
0 0.47421875 0.293125 0.008984375 0.018125
0 0.128515625 0.42 0.00703125 0.01875
0 0.388671875 0.024375 0.005859375 0.013125
0 0.258984375 0.226875 0.00703125 0.01875
0 0.41484375 0.505625 0.00859375 0.02
0 0.743359375 0.653125 0.008203125 0.015625
0 0.805078125 0.835625 0.008203125 0.015625
0 0.54296875 0.083125 0.00625 0.01125
0 0.978125 0.104375 0.005859375 0.0125
0 0.725390625 0.01125 0.005859375 0.011875
0 0.619921875 0.17 0.00625 0.01125
0 0.157421875 0.243125 0.00703125 0.01875
0 0.249609375 0.184375 0.005859375 0.013125
0 0.911328125 0.078125 0.005859375 0.0125
0 0.73828125 0.04375 0.005859375 0.0125
0 0.503125 0.14375 0.00625 0.01125
0 0.76015625 0.01125 0.005859375 0.0125
0 0.517578125 0.528125 0.00859375 0.02
0 0.6 0.99 0.008203125 0.0175
0 0.62109375 0.456875 0.008984375 0.018125
0 0.955859375 0.164375 0.005859375 0.0125
0 0.20234375 0.21875 0.00703125 0.01875
0 0.476953125 0.686875 0.00859375 0.02
0 0.20078125 0.44375 0.00703125 0.01875
0 0.394140625 0.118125 0.005859375 0.013125
0 0.04375 0.118125 0.006640625 0.018125
0 0.9609375 0.359375 0.006640625 0.013125
0 0.9875 0.2675 0.006640625 0.013125
0 0.81640625 0.075 0.005859375 0.0125
0 0.9078125 0.175625 0.005859375 0.0125
0 0.56484375 0.11125 0.00625 0.01125
0 0.52890625 0.35375 0.008984375 0.018125
0 0.47265625 0.3175 0.008984375 0.018125
0 0.857421875 0.120625 0.005859375 0.0125
0 0.8109375 0.345625 0.006640625 0.013125
0 0.787890625 0.206875 0.006640625 0.013125
0 0.9171875 0.05625 0.005859375 0.0125
0 0.596484375 0.886875 0.00859375 0.02
0 0.841015625 0.299375 0.006640625 0.013125
0 0.18046875 0.31125 0.00703125 0.01875
0 0.878125 0.365625 0.006640625 0.013125
0 0.821484375 0.175 0.00625 0.0125
0 0.983984375 0.615 0.008203125 0.015625
0 0.252734375 0.104375 0.005859375 0.013125
0 0.10078125 0.430625 0.00703125 0.01875
0 0.250390625 0.07 0.005859375 0.013125
0 0.95546875 0.3275 0.006640625 0.013125
0 0.592578125 0.243125 0.008984375 0.018125
0 0.776953125 0.020625 0.005859375 0.0125
0 0.317578125 0.163125 0.005859375 0.013125
0 0.286328125 0.028125 0.005859375 0.013125
0 0.647265625 0.539375 0.00859375 0.016875
0 0.740625 0.13375 0.005859375 0.0125
0 0.604296875 0.680625 0.00859375 0.02
0 0.409375 0.549375 0.00859375 0.02
0 0.369921875 0.046875 0.005859375 0.013125
0 0.366015625 0.55 0.00859375 0.02
0 0.963671875 0.225 0.006640625 0.013125
0 0.18046875 0.350625 0.00703125 0.01875
0 0.6984375 0.618125 0.008203125 0.015625
0 0.794140625 0.265 0.006640625 0.013125
0 0.627734375 0.418125 0.008984375 0.018125
0 0.240625 0.21 0.00703125 0.01875
0 0.512890625 0.32 0.008984375 0.018125
0 0.731640625 0.755 0.008203125 0.015625
0 0.776953125 0.29875 0.006640625 0.013125
0 0.905078125 0.360625 0.006640625 0.013125
0 0.948046875 0.436875 0.006640625 0.013125
0 0.941796875 0.318125 0.006640625 0.013125
0 0.278515625 0.246875 0.00859375 0.01625
0 0.8671875 0.084375 0.005859375 0.0125
0 0.158203125 0.1425 0.006640625 0.018125
0 0.7296875 0.41625 0.008984375 0.018125
0 0.271484375 0.38625 0.00859375 0.01625
0 0.01328125 0.3325 0.00703125 0.01875
0 0.64453125 0.65125 0.008203125 0.015625
0 0.3828125 0.869375 0.03828125 0.0825
0 0.15546875 0.27125 0.00703125 0.01875
0 0.785546875 0.405625 0.006640625 0.013125
0 0.041015625 0.195 0.00703125 0.01875
0 0.74765625 0.075625 0.005859375 0.0125
0 0.809375 0.63625 0.008203125 0.015625
0 0.40078125 0.459375 0.00859375 0.019375
0 0.827734375 0.825625 0.008203125 0.015625
0 0.863671875 0.334375 0.006640625 0.013125
0 0.531640625 0.211875 0.00625 0.01125
0 0.080859375 0.3825 0.00703125 0.01875
0 0.921484375 0.195 0.00625 0.0125
0 0.989453125 0.161875 0.005859375 0.0125
0 0.65703125 0.2775 0.008984375 0.018125
0 0.61796875 0.67 0.008203125 0.01875
0 0.08359375 0.334375 0.00703125 0.01875
0 0.662890625 0.208125 0.00625 0.01125
0 0.28359375 0.07625 0.005859375 0.013125
0 0.11171875 0.371875 0.00703125 0.01875
0 0.690234375 0.443125 0.008984375 0.018125
0 0.7484375 0.4075 0.006640625 0.013125
0 0.76640625 0.655 0.008203125 0.015625
0 0.931640625 0.6175 0.008203125 0.015625
0 0.4625 0.753125 0.00859375 0.02
0 0.01640625 0.40375 0.00703125 0.01875
0 0.212109375 0.236875 0.00703125 0.01875
0 0.207421875 0.02375 0.006640625 0.018125
0 0.348828125 0.17375 0.005859375 0.013125
0 0.786328125 0.566875 0.008203125 0.015625
0 0.480859375 0.405625 0.008984375 0.018125
0 0.651953125 0.25 0.008984375 0.018125
0 0.82109375 0.041875 0.005859375 0.0125
0 0.74140625 0.00875 0.005859375 0.011875
0 0.908984375 0.22625 0.006640625 0.013125
0 0.8921875 0.400625 0.006640625 0.013125
0 0.31484375 0.11125 0.005859375 0.013125
0 0.581640625 0.815625 0.00859375 0.02
0 0.064453125 0.15875 0.006640625 0.018125
0 0.497265625 0.514375 0.00859375 0.01875
0 0.269140625 0.299375 0.00859375 0.01625
0 0.0390625 0.28 0.00703125 0.01875
0 0.69609375 0.273125 0.008984375 0.018125
0 0.366015625 0.21125 0.00859375 0.01625
0 0.5875 0.7425 0.00859375 0.02
0 0.36640625 0.13 0.005859375 0.013125
0 0.6078125 0.385 0.008984375 0.018125
0 0.515625 0.1125 0.00625 0.01125
0 0.159375 0.009375 0.006640625 0.018125
0 0.7578125 0.19875 0.006640625 0.013125
0 0.95078125 0.1 0.005859375 0.0125
0 0.670703125 0.34 0.008984375 0.018125
0 0.945703125 0.391875 0.006640625 0.013125
0 0.13671875 0.275625 0.00703125 0.01875
0 0.64453125 0.8425 0.008203125 0.015625
0 0.90546875 0.15375 0.005859375 0.0125
0 0.600390625 0.104375 0.00625 0.01125
0 0.592578125 0.380625 0.008984375 0.018125
0 0.88828125 0.356875 0.006640625 0.013125
0 0.648046875 0.043125 0.00625 0.01125
0 0.671484375 0.720625 0.008203125 0.015625
0 0.726953125 0.248125 0.008984375 0.018125
0 0.45078125 0.581875 0.00859375 0.02
0 0.71875 0.48625 0.008984375 0.018125
0 0.3078125 0.195 0.005859375 0.013125
0 0.533984375 0.3975 0.008984375 0.018125
0 0.794921875 0.301875 0.006640625 0.013125
0 0.43984375 0.641875 0.00859375 0.02
0 0.19609375 0.390625 0.00703125 0.01875
0 0.9359375 0.03875 0.005859375 0.0125
0 0.20703125 0.28 0.00703125 0.01875
0 0.706640625 0.009375 0.00625 0.01125
0 0.882421875 0.633125 0.008203125 0.015625
0 0.744140625 0.23375 0.006640625 0.013125
0 0.8078125 0.296875 0.006640625 0.013125
0 0.502734375 0.660625 0.00859375 0.02
0 0.686328125 0.06875 0.00625 0.01125
0 0.512109375 0.086875 0.00625 0.01125
0 0.75078125 0.704375 0.008203125 0.015625
0 0.6171875 0.351875 0.008984375 0.018125
0 0.940625 0.368125 0.006640625 0.013125
0 0.240234375 0.39625 0.00703125 0.01875
0 0.175390625 0.1225 0.006640625 0.018125
0 0.91875 0.140625 0.005859375 0.0125
0 0.072265625 0.43125 0.00703125 0.01875
0 0.951171875 0.201875 0.00625 0.0125
0 0.7421875 0.263125 0.006640625 0.013125
0 0.133203125 0.228125 0.00703125 0.01875
0 0.766796875 0.84875 0.008203125 0.015625
0 0.637109375 0.78625 0.008203125 0.015625
0 0.711328125 0.441875 0.008984375 0.018125
0 0.8234375 0.238125 0.006640625 0.013125
0 0.609765625 0.8025 0.00859375 0.02
0 0.977734375 0.76 0.008203125 0.015625
0 0.796875 0.734375 0.008203125 0.015625
0 0.044140625 0.0475 0.006640625 0.018125
0 0.690234375 0.106875 0.00625 0.01125
0 0.265625 0.084375 0.005859375 0.013125
0 0.35859375 0.154375 0.005859375 0.013125
0 0.76328125 0.068125 0.005859375 0.0125
0 0.01171875 0.38625 0.00703125 0.01875
0 0.6734375 0.280625 0.008984375 0.018125
0 0.899609375 0.768125 0.008203125 0.015625
0 0.757421875 0.743125 0.008203125 0.015625
0 0.201953125 0.006875 0.006640625 0.018125
0 0.733203125 0.8025 0.008203125 0.015625
0 0.721875 0.535 0.008203125 0.01625
0 0.88125 0.7175 0.008203125 0.015625
0 0.05 0.17 0.006640625 0.018125
0 0.95078125 0.605625 0.008203125 0.015625
0 0.979296875 0.70625 0.008203125 0.015625
0 0.658984375 0.45125 0.008984375 0.018125
0 0.9875 0.388125 0.006640625 0.013125
0 0.71328125 0.618125 0.008203125 0.015625
0 0.774609375 0.705 0.008203125 0.015625
0 0.080078125 0.093125 0.006640625 0.018125
0 0.79375 0.345625 0.006640625 0.013125
0 0.563671875 0.38625 0.008984375 0.018125
0 0.8640625 0.81625 0.008203125 0.015625
0 0.16875 0.115625 0.006640625 0.018125
0 0.71484375 0.06625 0.00625 0.01125
0 0.083203125 0.249375 0.00703125 0.01875
0 0.112109375 0.46625 0.00703125 0.01875
0 0.31171875 0.864375 0.09453125 0.2125
0 0.914453125 0.74625 0.008203125 0.015625
0 0.2296875 0.506875 0.00703125 0.01875
0 0.9 0.050625 0.005859375 0.0125
0 0.908984375 0.795625 0.008203125 0.015625
0 0.529296875 0.89625 0.00859375 0.02
0 0.9671875 0.504375 0.006640625 0.013125
0 0.80703125 0.06875 0.005859375 0.0125
0 0.64375 0.88875 0.008203125 0.015625
0 0.545703125 0.110625 0.00625 0.01125
0 0.775390625 0.274375 0.006640625 0.013125
0 0.090625 0.013125 0.006640625 0.018125
0 0.36796875 0.509375 0.00859375 0.02
0 0.835546875 0.726875 0.008203125 0.015625
0 0.538671875 0.4375 0.008984375 0.018125
0 0.06015625 0.38625 0.00703125 0.01875
0 0.822265625 0.2975 0.006640625 0.013125
0 0.8234375 0.728125 0.008203125 0.015625
0 0.729296875 0.5325 0.008203125 0.01625
0 0.569140625 0.245625 0.008984375 0.018125
0 0.5890625 0.3 0.008984375 0.018125
0 0.429296875 0.295625 0.008984375 0.018125
0 0.738671875 0.36875 0.006640625 0.013125
0 0.380078125 0.504375 0.00859375 0.02
0 0.823046875 0.5475 0.008203125 0.015625
0 0.566796875 0.38625 0.008984375 0.018125
0 0.362109375 0.685 0.00859375 0.02
0 0.828515625 0.1075 0.005859375 0.0125
0 0.378515625 0.565625 0.00859375 0.02
0 0.016796875 0.340625 0.00703125 0.01875
0 0.92734375 0.078125 0.005859375 0.0125
0 0.977734375 0.2325 0.006640625 0.013125
0 0.262890625 0.28125 0.00703125 0.01875
0 0.71953125 0.759375 0.008203125 0.015625
0 0.883203125 0.271875 0.006640625 0.013125
0 0.700390625 0.141875 0.00625 0.01125
0 0.873046875 0.233125 0.006640625 0.013125
0 0.12265625 0.200625 0.00703125 0.01875
0 0.198828125 0.09 0.006640625 0.018125
0 0.899609375 0.2675 0.006640625 0.013125
0 0.94140625 0.1475 0.005859375 0.0125
0 0.4421875 0.43 0.008984375 0.018125
0 0.400390625 0.058125 0.005859375 0.013125
0 0.670703125 0.105625 0.00625 0.01125
0 0.885546875 0.811875 0.008203125 0.015625
0 0.82421875 0.77 0.008203125 0.015625
0 0.593359375 0.691875 0.00859375 0.02
0 0.180078125 0.266875 0.00703125 0.01875
0 0.806640625 0.138125 0.005859375 0.0125
0 0.9890625 0.548125 0.00703125 0.01375
0 0.5078125 0.814375 0.00859375 0.02
0 0.500390625 0.465625 0.008984375 0.018125
0 0.60703125 0.655625 0.00859375 0.02
0 0.62109375 0.80125 0.008203125 0.015625
0 0.177734375 0.14625 0.006640625 0.018125
0 0.077734375 0.185625 0.006640625 0.018125
0 0.817578125 0.775 0.008203125 0.015625
0 0.828515625 0.330625 0.006640625 0.013125
0 0.04765625 0.4425 0.00703125 0.01875
0 0.422265625 0.405625 0.008984375 0.018125
0 0.947265625 0.29125 0.006640625 0.013125
0 0.842578125 0.198125 0.00625 0.0125
0 0.084765625 0.293125 0.00703125 0.01875
0 0.084765625 0.1225 0.006640625 0.018125
0 0.256640625 0.29125 0.00703125 0.01875
0 0.2109375 0.04875 0.006640625 0.018125
0 0.55 0.440625 0.008984375 0.018125
0 0.873046875 0.8175 0.008203125 0.015625
0 0.473828125 0.41125 0.008984375 0.018125
0 0.889453125 0.30125 0.006640625 0.013125
0 0.691015625 0.38125 0.008984375 0.018125
0 0.1 0.111875 0.006640625 0.018125
0 0.550390625 0.238125 0.008984375 0.018125
0 0.119921875 0.16375 0.006640625 0.018125
0 0.63359375 0.670625 0.008203125 0.015625
0 0.438671875 0.53 0.00859375 0.02
0 0.426953125 0.62875 0.00859375 0.02
0 0.727734375 0.618125 0.008203125 0.015625
0 0.843359375 0.639375 0.008203125 0.015625
0 0.75 0.171875 0.005859375 0.0125
0 0.740234375 0.795 0.008203125 0.015625
0 0.62890625 0.795625 0.008203125 0.015625
0 0.312109375 0.215 0.00859375 0.01625
0 0.853125 0.079375 0.005859375 0.0125
0 0.43984375 0.581875 0.00859375 0.02
0 0.701171875 0.53125 0.008203125 0.015625
0 0.991796875 0.19375 0.00625 0.0125
0 0.634765625 0.25 0.008984375 0.018125
0 0.0078125 0.194375 0.006640625 0.018125
0 0.6453125 0.430625 0.008984375 0.018125
0 0.93203125 0.1525 0.005859375 0.0125
0 0.071875 0.33125 0.00703125 0.01875
0 0.22734375 0.353125 0.00703125 0.01875
0 0.50625 0.6125 0.00859375 0.02
0 0.315234375 0.01875 0.005859375 0.013125
0 0.7578125 0.135625 0.005859375 0.0125
0 0.1015625 0.1925 0.006640625 0.018125
0 0.4171875 0.330625 0.008984375 0.018125
0 0.961328125 0.75125 0.008203125 0.015625
0 0.544921875 0.315 0.008984375 0.018125
0 0.11328125 0.221875 0.00703125 0.01875
0 0.28828125 0.335625 0.00859375 0.01625
0 0.673046875 0.455 0.008984375 0.018125
0 0.48046875 0.62375 0.00859375 0.02
0 0.408984375 0.113125 0.005859375 0.013125
0 0.532421875 0.276875 0.008984375 0.018125
0 0.546484375 0.290625 0.008984375 0.018125
0 0.583203125 0.695 0.00859375 0.02
0 0.941015625 0.809375 0.008203125 0.015625
0 0.4984375 0.559375 0.00859375 0.02
0 0.15625 0.08625 0.006640625 0.018125
0 0.92421875 0.164375 0.005859375 0.0125
0 0.458203125 0.52625 0.00859375 0.02
0 0.6703125 0.08 0.00625 0.01125
0 0.713671875 0.136875 0.00625 0.01125
0 0.81875 0.503125 0.006640625 0.013125
0 0.462109375 0.356875 0.008984375 0.018125
0 0.9765625 0.268125 0.006640625 0.013125
0 0.619140625 0.73125 0.008203125 0.01875
0 0.86953125 0.774375 0.008203125 0.015625
0 0.889453125 0.6775 0.008203125 0.015625
0 0.48515625 0.449375 0.008984375 0.018125
0 0.492578125 0.28875 0.008984375 0.018125
0 0.4046875 0.586875 0.00859375 0.02
0 0.1640625 0.443125 0.00703125 0.01875
0 0.0625 0.28125 0.00703125 0.01875
0 0.212109375 0.39375 0.00703125 0.01875
0 0.066796875 0.375625 0.00703125 0.01875
0 0.775390625 0.13625 0.005859375 0.0125
0 0.995703125 0.2375 0.006640625 0.013125
0 0.740234375 0.63875 0.008203125 0.015625
0 0.845703125 0.341875 0.006640625 0.013125
0 0.248828125 0.443125 0.00703125 0.01875
0 0.2296875 0.164375 0.00625 0.015625
0 0.032421875 0.15625 0.006640625 0.018125
0 0.580859375 0.24625 0.008984375 0.018125
0 0.3015625 0.014375 0.005859375 0.013125
0 0.918359375 0.435 0.006640625 0.013125
0 0.333984375 0.620625 0.00859375 0.02
0 0.098828125 0.32375 0.00703125 0.01875
0 0.72890625 0.655625 0.008203125 0.015625
0 0.04375 0.285625 0.00703125 0.01875
0 0.428125 0.37 0.008984375 0.018125
0 0.874609375 0.395 0.006640625 0.013125
0 0.519921875 0.25125 0.008984375 0.018125
0 0.86875 0.791875 0.008203125 0.015625
0 0.106640625 0.28 0.00703125 0.01875
0 0.9046875 0.013125 0.005859375 0.0125
0 0.2234375 0.03 0.00625 0.015625
0 0.1625 0.456875 0.00703125 0.01875
0 0.7421875 0.448125 0.006640625 0.013125
0 0.90625 0.290625 0.006640625 0.013125
0 0.30625 0.290625 0.00859375 0.01625
0 0.820703125 0.83 0.008203125 0.015625
0 0.52109375 0.6125 0.00859375 0.02
0 0.085546875 0.155 0.006640625 0.018125
0 0.4765625 0.36625 0.008984375 0.018125
0 0.361328125 0.183125 0.005859375 0.013125
0 0.0953125 0.3825 0.00703125 0.01875
0 0.378515625 0.179375 0.005859375 0.013125
0 0.79453125 0.475 0.006640625 0.013125
0 0.603125 0.7525 0.00859375 0.02
0 0.12578125 0.074375 0.006640625 0.018125
0 0.255859375 0.165625 0.005859375 0.013125
0 0.090234375 0.23 0.00703125 0.01875
0 0.753515625 0.853125 0.008203125 0.015625
0 0.334765625 0.183125 0.005859375 0.013125
0 0.670703125 0.783125 0.008203125 0.015625
0 0.76015625 0.3725 0.006640625 0.013125
0 0.79375 0.023125 0.005859375 0.0125
0 0.962109375 0.110625 0.005859375 0.0125
0 0.56484375 0.78 0.00859375 0.02
0 0.805078125 0.176875 0.00625 0.0125
0 0.53046875 0.14 0.00625 0.01125
0 0.72265625 0.370625 0.008984375 0.018125
0 0.192578125 0.046875 0.006640625 0.018125
0 0.492578125 0.574375 0.00859375 0.02
0 0.779296875 0.6 0.008203125 0.015625
0 0.683203125 0.71125 0.008203125 0.015625
0 0.7125 0.3025 0.008984375 0.018125
0 0.0609375 0.06 0.006640625 0.018125
0 0.98203125 0.4225 0.006640625 0.013125
0 0.962109375 0.29625 0.006640625 0.013125
0 0.298046875 0.2 0.00859375 0.01625
0 0.636328125 0.170625 0.00625 0.01125
0 0.528125 0.433125 0.008984375 0.018125
0 0.095703125 0.1525 0.006640625 0.018125
0 0.191796875 0.14125 0.006640625 0.018125
0 0.6078125 0.250625 0.008984375 0.018125
0 0.562109375 0.42625 0.008984375 0.018125
0 0.5734375 0.455625 0.008984375 0.018125
0 0.85859375 0.633125 0.008203125 0.015625
0 0.163671875 0.0475 0.006640625 0.018125
0 0.408203125 0.40875 0.008984375 0.018125
0 0.256640625 0.3825 0.00703125 0.01875
0 0.872265625 0.335625 0.006640625 0.013125
0 0.240234375 0.3075 0.00703125 0.01875
0 0.119140625 0.47375 0.00703125 0.01875
0 0.72265625 0.054375 0.005859375 0.0125
0 0.967578125 0.70125 0.008203125 0.015625
0 0.69453125 0.4175 0.008984375 0.018125
0 0.066796875 0.415 0.00703125 0.01875
0 0.7984375 0.035625 0.005859375 0.0125
0 0.3578125 0.015 0.005859375 0.013125
0 0.537109375 0.92875 0.00859375 0.02
0 0.76796875 0.796875 0.008203125 0.015625
0 0.937109375 0.465 0.006640625 0.013125
0 0.503125 0.214375 0.00625 0.01125
0 0.439453125 0.398125 0.008984375 0.018125
0 0.26953125 0.155625 0.005859375 0.013125
0 0.854296875 0.169375 0.005859375 0.0125
0 0.087890625 0.270625 0.00703125 0.01875
0 0.9734375 0.29375 0.006640625 0.013125
0 0.054296875 0.11875 0.006640625 0.018125
0 0.13828125 0.114375 0.006640625 0.018125
0 0.491796875 0.6675 0.00859375 0.02
0 0.924609375 0.665 0.008203125 0.015625
0 0.65078125 0.1125 0.00625 0.01125
0 0.890234375 0.236875 0.006640625 0.013125
0 0.95078125 0.225625 0.006640625 0.013125
0 0.528515625 0.180625 0.00625 0.01125
0 0.659375 0.341875 0.008984375 0.018125
0 0.742578125 0.2225 0.006640625 0.013125
0 0.05703125 0.435 0.00703125 0.01875
0 0.1703125 0.475 0.00703125 0.01875
0 0.540234375 0.354375 0.008984375 0.018125
0 0.426171875 0.440625 0.008984375 0.018125
0 0.557421875 0.46 0.008984375 0.018125
0 0.065234375 0.08625 0.006640625 0.018125
0 0.4390625 0.293125 0.008984375 0.018125
0 0.409765625 0.444375 0.008984375 0.018125
0 0.52265625 0.8925 0.00859375 0.02
0 0.385546875 0.046875 0.005859375 0.013125
0 0.707421875 0.334375 0.008984375 0.018125
0 0.004296875 0.403125 0.00703125 0.01875
0 0.05703125 0.2 0.00703125 0.01875
0 0.22578125 0.4325 0.00703125 0.01875
0 0.513671875 0.284375 0.008984375 0.018125
0 0.787109375 0.84 0.008203125 0.015625
0 0.587109375 0.9525 0.008203125 0.0175
0 0.856640625 0.293125 0.006640625 0.013125
0 0.983203125 0.50125 0.006640625 0.013125
0 0.125 0.11875 0.006640625 0.018125
0 0.683203125 0.58 0.008203125 0.015625
0 0.47890625 0.4375 0.008984375 0.018125
0 0.882421875 0.05 0.005859375 0.0125
0 0.839453125 0.359375 0.006640625 0.013125
0 0.81015625 0.229375 0.006640625 0.013125
0 0.93515625 0.205 0.006640625 0.013125
0 0.9140625 0.12 0.005859375 0.0125
0 0.879296875 0.07125 0.005859375 0.0125
0 0.035546875 0.23625 0.00703125 0.01875
0 0.517578125 0.38625 0.008984375 0.018125
0 0.96015625 0.670625 0.008203125 0.015625
0 0.939453125 0.670625 0.008203125 0.015625
0 0.65234375 0.776875 0.008203125 0.015625
0 0.72578125 0.139375 0.005859375 0.0125
0 0.833984375 0.163125 0.005859375 0.0125
0 0.571484375 0.38375 0.008984375 0.018125
0 0.340625 0.048125 0.005859375 0.013125
0 0.7265625 0.445 0.008984375 0.018125
0 0.56953125 0.281875 0.008984375 0.018125
0 0.706640625 0.381875 0.008984375 0.018125
0 0.18046875 0.190625 0.006640625 0.018125
0 0.30546875 0.04375 0.005859375 0.013125
0 0.547265625 0.874375 0.00859375 0.02
0 0.108984375 0.0825 0.006640625 0.018125
0 0.855078125 0.24 0.006640625 0.013125
0 0.484765625 0.21125 0.00625 0.01125
0 0.50078125 0.49375 0.008984375 0.018125
0 0.990234375 0.291875 0.006640625 0.013125
0 0.927734375 0.23125 0.006640625 0.013125
0 0.394140625 0.699375 0.00859375 0.02
0 0.869921875 0.143125 0.005859375 0.0125
0 0.525 0.915 0.00859375 0.02
0 0.115625 0.19625 0.00703125 0.01875
0 0.843359375 0.72125 0.008203125 0.015625
0 0.59375 0.28375 0.008984375 0.018125
0 0.815625 0.363125 0.006640625 0.013125
0 0.638671875 0.07375 0.00625 0.01125
0 0.16328125 0.184375 0.006640625 0.018125
0 0.25625 0.435625 0.00703125 0.01875
0 0.66171875 0.426875 0.008984375 0.018125
0 0.71015625 0.214375 0.00625 0.01125
0 0.155859375 0.426875 0.00703125 0.01875
0 0.581640625 0.429375 0.008984375 0.018125
0 0.708203125 0.1775 0.00625 0.01125
0 0.893359375 0.81375 0.008203125 0.015625
0 0.521875 0.565 0.00859375 0.02
0 0.868359375 0.27625 0.006640625 0.013125
0 0.874609375 0.585625 0.008203125 0.015625
0 0.391015625 0.556875 0.00859375 0.02
0 0.48046875 0.24375 0.008984375 0.018125
0 0.646875 0.85375 0.008203125 0.015625
0 0.971875 0.13375 0.005859375 0.0125
0 0.857421875 0.834375 0.008203125 0.015625
0 0.775390625 0.371875 0.006640625 0.013125
0 0.302734375 0.26 0.00859375 0.01625
0 0.023046875 0.384375 0.00703125 0.01875
0 0.171484375 0.2675 0.00703125 0.01875
0 0.7734375 0.860625 0.008203125 0.015625
0 0.725 0.11625 0.005859375 0.0125
0 0.8515625 0.043125 0.005859375 0.0125
0 0.9828125 0.043125 0.005859375 0.0125
0 0.12890625 0.14875 0.006640625 0.018125
0 0.08828125 0.19375 0.006640625 0.018125
0 0.91328125 0.261875 0.006640625 0.013125
0 0.223828125 0.006875 0.00625 0.015625
0 0.743359375 0.104375 0.005859375 0.0125
0 0.7234375 0.343125 0.008984375 0.018125
0 0.90390625 0.678125 0.008203125 0.015625
0 0.692578125 0.295 0.008984375 0.018125
0 0.74609375 0.564375 0.008203125 0.015625
0 0.413671875 0.018125 0.005859375 0.013125
0 0.971484375 0.46 0.006640625 0.013125
0 0.928125 0.8025 0.008203125 0.015625
0 0.009765625 0.12125 0.006640625 0.018125
0 0.686328125 0.243125 0.008984375 0.018125
0 0.24375 0.149375 0.005859375 0.013125
0 0.271484375 0.1225 0.005859375 0.013125
0 0.689453125 0.754375 0.008203125 0.015625
0 0.92890625 0.440625 0.006640625 0.013125
0 0.2296875 0.1425 0.005859375 0.014375
0 0.807421875 0.7275 0.008203125 0.015625
0 0.60546875 0.811875 0.00859375 0.02
0 0.191015625 0.26125 0.00703125 0.01875
0 0.7 0.074375 0.00625 0.01125
0 0.897265625 0.08 0.005859375 0.0125
0 0.2640625 0.048125 0.005859375 0.013125
0 0.83359375 0.074375 0.005859375 0.0125
0 0.487109375 0.67375 0.00859375 0.02
0 0.614453125 0.28625 0.008984375 0.018125
0 0.10078125 0.476875 0.00703125 0.01875
0 0.99296875 0.130625 0.005859375 0.0125
0 0.9875 0.451875 0.006640625 0.013125
0 0.951171875 0.4675 0.006640625 0.013125
0 0.588671875 0.874375 0.00859375 0.02
0 0.61640625 0.051875 0.00625 0.01125
0 0.201953125 0.505 0.00703125 0.01875
0 0.9640625 0.39 0.006640625 0.013125
0 0.213671875 0.51375 0.00703125 0.01875
0 0.07421875 0.12875 0.006640625 0.018125
0 0.244140625 0.0225 0.005859375 0.013125
0 0.643359375 0.208125 0.00625 0.01125
0 0.141796875 0.1475 0.006640625 0.018125
0 0.735546875 0.06875 0.005859375 0.0125
0 0.691015625 0.020625 0.00625 0.01125
0 0.56171875 0.17375 0.00625 0.01125
0 0.38984375 0.10125 0.005859375 0.013125
0 0.2234375 0.225625 0.00703125 0.01875
0 0.972265625 0.02 0.005859375 0.0125
0 0.287890625 0.140625 0.005859375 0.013125
0 0.466015625 0.633125 0.00859375 0.02
0 0.06953125 0.236875 0.00703125 0.01875
0 0.90546875 0.12875 0.005859375 0.0125
0 0.36015625 0.665625 0.00859375 0.02
0 0.36328125 0.07875 0.005859375 0.013125
0 0.346484375 0.08375 0.005859375 0.013125
0 0.64609375 0.34125 0.008984375 0.018125
0 0.56640625 0.71375 0.00859375 0.02
0 0.776171875 0.53 0.0078125 0.015
0 0.225390625 0.30625 0.00703125 0.01875
0 0.911328125 0.38875 0.006640625 0.013125
0 0.88046875 0.766875 0.008203125 0.015625
0 0.852734375 0.36625 0.006640625 0.013125
0 0.56796875 0.7575 0.00859375 0.02
0 0.46171875 0.43125 0.008984375 0.018125
0 0.78203125 0.639375 0.008203125 0.015625
0 0.262109375 0.023125 0.005859375 0.013125
0 0.644921875 0.795625 0.008203125 0.015625
0 0.9828125 0.4975 0.006640625 0.013125
0 0.4546875 0.465625 0.008984375 0.018125
0 0.337890625 0.57125 0.00859375 0.02
0 0.5984375 0.693125 0.00859375 0.02
0 0.111328125 0.12625 0.006640625 0.018125
0 0.13828125 0.36375 0.00703125 0.01875
0 0.277734375 0.20875 0.00859375 0.01625
0 0.852734375 0.271875 0.006640625 0.013125
0 0.287109375 0.044375 0.005859375 0.013125
0 0.01875 0.27625 0.00703125 0.01875
0 0.120703125 0.053125 0.006640625 0.018125
0 0.507421875 0.55875 0.00859375 0.02
0 0.654296875 0.553125 0.008203125 0.015625
0 0.35625 0.565625 0.00859375 0.02
0 0.27890625 0.3875 0.00859375 0.01625
0 0.597265625 0.14875 0.00625 0.01125
0 0.598046875 0.796875 0.00859375 0.02
0 0.89609375 0.71 0.008203125 0.015625
0 0.0546875 0.25125 0.00703125 0.01875
0 0.966015625 0.195625 0.00625 0.0125
0 0.84921875 0.1225 0.005859375 0.0125
0 0.577734375 0.3125 0.008984375 0.018125
0 0.781640625 0.06125 0.005859375 0.0125
0 0.527734375 0.79375 0.00859375 0.02
0 0.212890625 0.148125 0.006640625 0.018125
0 0.991015625 0.324375 0.006640625 0.013125
0 0.70234375 0.75625 0.008203125 0.015625
0 0.198828125 0.311875 0.00703125 0.01875
0 0.047265625 0.28875 0.00703125 0.01875
0 0.202734375 0.19125 0.006640625 0.018125
0 0.773828125 0.19625 0.006640625 0.013125
0 0.513671875 0.216875 0.00625 0.01125
0 0.1671875 0.315 0.00703125 0.01875
0 0.754296875 0.80125 0.008203125 0.015625
0 0.790234375 0.23375 0.006640625 0.013125
0 0.766015625 0.443125 0.006640625 0.013125
0 0.88828125 0.321875 0.006640625 0.013125
0 0.18671875 0.0875 0.006640625 0.018125
0 0.362109375 0.0175 0.005859375 0.013125
0 0.603515625 0.0575 0.00625 0.01125
0 0.2421875 0.44 0.00703125 0.01875
0 0.21640625 0.48875 0.00703125 0.01875
0 0.93125 0.745625 0.008203125 0.015625
0 0.778125 0.243125 0.006640625 0.013125
0 0.4796875 0.51625 0.00859375 0.01875
0 0.53671875 0.89375 0.00859375 0.02
0 0.687109375 0.448125 0.008984375 0.018125
0 0.126171875 0.479375 0.00703125 0.01875
0 0.524609375 0.31625 0.008984375 0.018125
0 0.8359375 0.595 0.008203125 0.015625
0 0.093359375 0.09 0.006640625 0.018125
0 0.501953125 0.39875 0.008984375 0.018125
0 0.329296875 0.0475 0.005859375 0.013125
0 0.78828125 0.179375 0.00625 0.0125
0 0.63671875 0.52375 0.00859375 0.0175
0 0.34140625 0.6725 0.00859375 0.02
0 0.625 0.335625 0.008984375 0.018125
0 0.16640625 0.416875 0.00703125 0.01875
0 0.46796875 0.5275 0.00859375 0.02
0 0.737109375 0.165625 0.005859375 0.011875
0 0.18046875 0.231875 0.00703125 0.01875
0 0.91953125 0.023125 0.005859375 0.0125
0 0.6125 0.51125 0.008984375 0.018125
0 0.0234375 0.234375 0.00703125 0.01875
0 0.6359375 0.854375 0.008203125 0.015625
0 0.05078125 0.07875 0.006640625 0.018125
0 0.61640625 0.199375 0.00625 0.01125
0 0.9734375 0.331875 0.006640625 0.013125
0 0.265234375 0.3475 0.00859375 0.01625
0 0.842578125 0.271875 0.006640625 0.013125
0 0.2296875 0.075625 0.00625 0.015625
0 0.75625 0.27625 0.006640625 0.013125
0 0.885546875 0.141875 0.005859375 0.0125
0 0.125390625 0.371875 0.00703125 0.01875
0 0.6421875 0.73 0.008203125 0.015625
0 0.176953125 0.059375 0.006640625 0.018125
0 0.217578125 0.085 0.00625 0.016875
0 0.941796875 0.1725 0.005859375 0.0125
0 0.488671875 0.623125 0.00859375 0.02
0 0.18046875 0.018125 0.006640625 0.018125
0 0.562109375 0.079375 0.00625 0.01125
0 0.58671875 0.34375 0.008984375 0.018125
0 0.670703125 0.821875 0.008203125 0.015625
0 0.02578125 0.336875 0.00703125 0.01875
0 0.68125 0.145625 0.00625 0.01125
0 0.380078125 0.5975 0.00859375 0.02
0 0.99296875 0.10125 0.005859375 0.0125
0 0.497265625 0.470625 0.008984375 0.018125
0 0.924609375 0.33125 0.006640625 0.013125
0 0.12109375 0.27625 0.00703125 0.01875
0 0.09140625 0.4775 0.00703125 0.01875
0 0.637890625 0.453125 0.008984375 0.018125
0 0.680078125 0.52875 0.00859375 0.016875
0 0.216015625 0.131875 0.00625 0.016875
0 0.86953125 0.721875 0.008203125 0.015625
0 0.45 0.3625 0.008984375 0.018125
0 0.8265625 0.640625 0.008203125 0.015625
0 0.3234375 0.1925 0.005859375 0.013125
0 0.662890625 0.83625 0.008203125 0.015625
0 0.979296875 0.36125 0.006640625 0.013125
0 0.359375 0.050625 0.005859375 0.013125
0 0.7140625 0.414375 0.008984375 0.018125
0 0.334765625 0.02125 0.005859375 0.013125
0 0.8734375 0.289375 0.006640625 0.013125
0 0.347265625 0.556875 0.00859375 0.02
0 0.578125 0.750625 0.00859375 0.02
0 0.2265625 0.391875 0.00703125 0.01875
0 0.519140625 0.146875 0.00625 0.01125
0 0.8703125 0.113125 0.005859375 0.0125
0 0.98046875 0.075 0.005859375 0.0125
0 0.429296875 0.3175 0.008984375 0.018125
0 0.215234375 0.201875 0.00703125 0.01875
0 0.624609375 0.498125 0.008984375 0.018125
0 0.90390625 0.720625 0.008203125 0.015625
0 0.50234375 0.2825 0.008984375 0.018125
0 0.5109375 0.361875 0.008984375 0.018125
0 0.068359375 0.190625 0.006640625 0.018125
0 0.802734375 0.409375 0.006640625 0.013125
0 0.8859375 0.109375 0.005859375 0.0125
0 0.2078125 0.44625 0.00703125 0.01875
0 0.853125 0.60125 0.008203125 0.015625
0 0.108984375 0.0375 0.006640625 0.018125
0 0.603515625 0.3475 0.008984375 0.018125
0 0.025 0.198125 0.00703125 0.01875
0 0.38203125 0.531875 0.00859375 0.02
0 0.35 0.21875 0.00859375 0.01625
0 0.372265625 0.11625 0.005859375 0.013125
0 0.0328125 0.37875 0.00703125 0.01875
0 0.4234375 0.53 0.00859375 0.02
0 0.391796875 0.458125 0.00859375 0.019375
0 0.328125 0.08875 0.005859375 0.013125
0 0.6875 0.175625 0.00625 0.01125
0 0.4015625 0.54125 0.00859375 0.02
0 0.99921875 0.42375 0.006640625 0.013125
0 0.546875 0.180625 0.00625 0.01125
0 0.9625 0.065625 0.005859375 0.0125
0 0.148828125 0.363125 0.00703125 0.01875
0 0.462109375 0.303125 0.008984375 0.018125
0 0.54765625 0.211875 0.00625 0.01125
0 0.451953125 0.648125 0.00859375 0.02
0 0.840625 0.235625 0.006640625 0.013125
0 0.76171875 0.23 0.006640625 0.013125
0 0.290625 0.290625 0.00859375 0.01625
0 0.624609375 0.28 0.008984375 0.018125
0 0.785546875 0.695625 0.008203125 0.015625
0 0.6328125 0.875 0.008203125 0.015625
0 0.6484375 0.6675 0.008203125 0.015625
0 0.05625 0.050625 0.006640625 0.018125
0 0.959375 0.140625 0.005859375 0.0125
0 0.826953125 0.675 0.008203125 0.015625
0 0.478515625 0.56875 0.00859375 0.02
0 0.35 0.023125 0.005859375 0.013125
0 0.055078125 0.386875 0.00703125 0.01875
0 0.6234375 0.250625 0.008984375 0.018125
0 0.558984375 0.840625 0.00859375 0.02
0 0.551171875 0.760625 0.00859375 0.02
0 0.887109375 0.1675 0.005859375 0.0125
0 0.576953125 0.178125 0.00625 0.01125
0 0.91953125 0.28625 0.006640625 0.013125
0 0.644140625 0.274375 0.008984375 0.018125
