0 0.20698302469135801 0.5040509259259259 0.004822530864197531 0.011863425925925927
0 0.39525462962962965 0.45891203703703703 0.001736111111111111 0.0026041666666666665
0 0.05227623456790124 0.4508101851851852 0.002507716049382716 0.004918981481481482
0 0.33121141975308643 0.5057870370370371 0.004822530864197531 0.011863425925925927
0 0.04301697530864197 0.5046296296296297 0.003472222222222222 0.008101851851851851
0 0.11882716049382716 0.9050925925925926 0.022762345679012346 0.041087962962962965
0 0.10320216049382716 0.5885416666666666 0.006751543209876543 0.012152777777777778
0 0.43537808641975306 0.44907407407407407 0.001736111111111111 0.0026041666666666665
0 0.22280092592592593 0.5407986111111112 0.004822530864197531 0.011863425925925927
0 0.4220679012345679 0.47077546296296297 0.003472222222222222 0.00636574074074074
0 0.5208333333333334 0.5063657407407407 0.007137345679012345 0.011284722222222222
0 0.2972608024691358 0.5190972222222222 0.004822530864197531 0.011863425925925927
0 0.4581404320987654 0.4742476851851852 0.003472222222222222 0.00636574074074074
0 0.6917438271604939 0.4537037037037037 0.0019290123456790122 0.003472222222222222
0 0.5574845679012346 0.9739583333333334 0.025848765432098766 0.037905092592592594
0 0.4444444444444444 0.49421296296296297 0.003472222222222222 0.00636574074074074
0 0.4114583333333333 0.47337962962962965 0.003472222222222222 0.00636574074074074
0 0.4816743827160494 0.5167824074074074 0.007137345679012345 0.011284722222222222
0 0.689429012345679 0.4525462962962963 0.0019290123456790122 0.003472222222222222
0 0.5027006172839507 0.5095486111111112 0.007137345679012345 0.011284722222222222
0 0.35378086419753085 0.4930555555555556 0.003472222222222222 0.00636574074074074
0 0.8074845679012346 0.9742476851851852 0.025848765432098766 0.037905092592592594
0 0.3420138888888889 0.5170717592592593 0.004822530864197531 0.011863425925925927
0 0.37094907407407407 0.48032407407407407 0.003472222222222222 0.00636574074074074
0 0.09953703703703703 0.44820601851851855 0.002507716049382716 0.004918981481481482
0 0.7330246913580247 0.5217013888888888 0.004243827160493827 0.008391203703703705
0 0.8283179012345679 0.5379050925925926 0.004822530864197531 0.008969907407407407
0 0.024498456790123458 0.5792824074074074 0.006751543209876543 0.012152777777777778
0 0.09047067901234568 0.4933449074074074 0.003472222222222222 0.008101851851851851
0 0.4859182098765432 0.5422453703703703 0.007137345679012345 0.011284722222222222
0 0.5077160493827161 0.5428240740740741 0.007137345679012345 0.011284722222222222
0 0.4820601851851852 0.5251736111111112 0.007137345679012345 0.011284722222222222
0 0.7065972222222222 0.4852430555555556 0.004243827160493827 0.008391203703703705
0 0.18190586419753085 0.4910300925925926 0.003472222222222222 0.008101851851851851
0 0.3636188271604938 0.5008680555555556 0.004822530864197531 0.011863425925925927
0 0.29282407407407407 0.5214120370370371 0.004822530864197531 0.011863425925925927
0 0.3167438271604938 0.6825810185185185 0.007908950617283951 0.01678240740740741
0 0.9446373456790124 0.45717592592592593 0.0021219135802469135 0.00318287037037037
0 0.38155864197530864 0.8547453703703703 0.022762345679012346 0.041087962962962965
0 0.3782793209876543 0.46846064814814814 0.003472222222222222 0.00636574074074074
0 0.14255401234567902 0.5873842592592593 0.006751543209876543 0.012152777777777778
0 0.7272376543209876 0.5260416666666666 0.004243827160493827 0.008391203703703705
0 0.07002314814814815 0.6597222222222222 0.013503086419753086 0.02459490740740741
0 0.6986882716049383 0.5251736111111112 0.004243827160493827 0.008391203703703705
0 0.8125 0.5361689814814815 0.004822530864197531 0.008969907407407407
0 0.3576388888888889 0.5185185185185185 0.004822530864197531 0.011863425925925927
0 0.706983024691358 0.5037615740740741 0.004243827160493827 0.008391203703703705
0 0.6300154320987654 0.6736111111111112 0.01408179012345679 0.02546296296296296
0 0.27449845679012347 0.4777199074074074 0.003472222222222222 0.005497685185185185
0 0.36149691358024694 0.5610532407407407 0.004822530864197531 0.011863425925925927
0 0.02970679012345679 0.5494791666666666 0.006751543209876543 0.012152777777777778
0 0.051890432098765434 0.6004050925925926 0.006751543209876543 0.012152777777777778
0 0.9232253086419753 0.5263310185185185 0.004822530864197531 0.008969907407407407
0 0.2932098765432099 0.6892361111111112 0.013503086419753086 0.02459490740740741
0 0.011574074074074073 0.5135995370370371 0.003472222222222222 0.008101851851851851
0 0.7432484567901234 0.4835069444444444 0.004243827160493827 0.008391203703703705
0 0.09047067901234568 0.44560185185185186 0.002507716049382716 0.004918981481481482
0 0.345679012345679 0.8729745370370371 0.022762345679012346 0.041087962962962965
0 0.6587577160493827 0.4513888888888889 0.0019290123456790122 0.003472222222222222
0 0.8125 0.8582175925925926 0.022762345679012346 0.041087962962962965
0 0.3125 0.4945023148148148 0.004822530864197531 0.011863425925925927
0 0.5974151234567902 0.47800925925925924 0.002700617283950617 0.005208333333333333
0 0.5470679012345679 0.46498842592592593 0.002700617283950617 0.005208333333333333
0 0.5237268518518519 0.5208333333333334 0.007137345679012345 0.011284722222222222
0 0.5005787037037037 0.5410879629629629 0.007137345679012345 0.011284722222222222
0 0.3231095679012346 0.7144097222222222 0.013503086419753086 0.02459490740740741
0 0.7928240740740741 0.6524884259259259 0.011188271604938271 0.01880787037037037
0 0.2957175925925926 0.6021412037037037 0.007908950617283951 0.01678240740740741
0 0.41531635802469136 0.4522569444444444 0.001736111111111111 0.0026041666666666665
0 0.6286651234567902 0.5729166666666666 0.007137345679012345 0.011284722222222222
0 0.18094135802469136 0.5245949074074074 0.003472222222222222 0.008101851851851851
0 0.12422839506172839 0.4522569444444444 0.002507716049382716 0.004918981481481482
0 0.8099922839506173 0.5318287037037037 0.004822530864197531 0.008969907407407407
0 0.8451003086419753 0.5714699074074074 0.005787037037037037 0.01070601851851852
0 0.36516203703703703 0.6886574074074074 0.013503086419753086 0.02459490740740741
0 0.8433641975308642 0.5405092592592593 0.004822530864197531 0.008969907407407407
0 0.6720679012345679 0.5005787037037037 0.004243827160493827 0.008391203703703705
0 0.4099151234567901 0.48119212962962965 0.003472222222222222 0.00636574074074074
0 0.9205246913580247 0.5891203703703703 0.005787037037037037 0.01070601851851852
0 0.16087962962962962 0.4991319444444444 0.003472222222222222 0.008101851851851851
0 0.5543981481481481 0.4782986111111111 0.002700617283950617 0.005208333333333333
0 0.5943287037037037 0.47945601851851855 0.002700617283950617 0.005208333333333333
0 0.6319444444444444 0.4774305555555556 0.002700617283950617 0.005208333333333333
0 0.06655092592592593 0.5023148148148148 0.003472222222222222 0.008101851851851851
0 0.24845679012345678 0.9861111111111112 0.025848765432098766 0.037905092592592594
0 0.5300925925925926 0.45949074074074076 0.002700617283950617 0.005208333333333333
0 0.5354938271604939 0.5127314814814815 0.007137345679012345 0.011284722222222222
0 0.5538194444444444 0.6831597222222222 0.01408179012345679 0.02546296296296296
0 0.7679398148148148 0.5040509259259259 0.004822530864197531 0.008969907407407407
0 0.36689814814814814 0.4739583333333333 0.003472222222222222 0.00636574074074074
0 0.8321759259259259 0.5477430555555556 0.005787037037037037 0.01070601851851852
0 0.27912808641975306 0.5109953703703703 0.004822530864197531 0.011863425925925927
0 0.10802469135802469 0.5234375 0.003472222222222222 0.008101851851851851
0 0.466820987654321 0.5081018518518519 0.007137345679012345 0.011284722222222222
0 0.38271604938271603 0.4693287037037037 0.003472222222222222 0.00636574074074074
0 0.3231095679012346 0.6085069444444444 0.007908950617283951 0.01678240740740741
0 0.6984953703703703 0.45457175925925924 0.0019290123456790122 0.003472222222222222
0 0.37712191358024694 0.5095486111111112 0.004822530864197531 0.011863425925925927
0 0.5900848765432098 0.9722222222222222 0.025848765432098766 0.037905092592592594
0 0.8240740740740741 0.5419560185185185 0.004822530864197531 0.008969907407407407
0 0.9762731481481481 0.46469907407407407 0.0021219135802469135 0.00318287037037037
0 0.6473765432098766 0.5581597222222222 0.004243827160493827 0.008391203703703705
0 0.4050925925925926 0.4820601851851852 0.003472222222222222 0.00636574074074074
0 0.11593364197530864 0.7951388888888888 0.022762345679012346 0.041087962962962965
0 0.49517746913580246 0.47945601851851855 0.002700617283950617 0.005208333333333333
0 0.8609182098765432 0.5092592592592593 0.004822530864197531 0.008969907407407407
0 0.4216820987654321 0.7714120370370371 0.022762345679012346 0.041087962962962965
0 0.5381944444444444 0.48640046296296297 0.002700617283950617 0.005208333333333333
0 0.42978395061728397 0.47280092592592593 0.003472222222222222 0.00636574074074074
0 0.39699074074074076 0.47193287037037035 0.003472222222222222 0.00636574074074074
0 0.2660108024691358 0.4817708333333333 0.003472222222222222 0.005497685185185185
0 0.2326388888888889 0.5176504629629629 0.004822530864197531 0.011863425925925927
0 0.8885030864197531 0.6426504629629629 0.011188271604938271 0.01880787037037037
0 0.26176697530864196 0.4826388888888889 0.003472222222222222 0.005497685185185185
0 0.5860339506172839 0.7230902777777778 0.01408179012345679 0.02546296296296296
0 0.35551697530864196 0.4696180555555556 0.003472222222222222 0.00636574074074074
0 0.32040895061728397 0.4991319444444444 0.004822530864197531 0.011863425925925927
0 0.38676697530864196 0.8356481481481481 0.022762345679012346 0.041087962962962965
0 0.41184413580246915 0.7265625 0.013503086419753086 0.02459490740740741
0 0.27314814814814814 0.4427083333333333 0.0023148148148148147 0.0023148148148148147
0 0.419945987654321 0.4852430555555556 0.003472222222222222 0.00636574074074074
0 0.15200617283950618 0.5008680555555556 0.003472222222222222 0.008101851851851851
0 0.6147762345679012 0.5474537037037037 0.007137345679012345 0.011284722222222222
0 0.3898533950617284 0.47858796296296297 0.003472222222222222 0.00636574074074074
0 0.5673225308641975 0.609375 0.0073302469135802465 0.013310185185185185
0 0.08101851851851852 0.5532407407407407 0.006751543209876543 0.012152777777777778
0 0.2951388888888889 0.5584490740740741 0.004822530864197531 0.011863425925925927
0 0.3888888888888889 0.5295138888888888 0.004822530864197531 0.011863425925925927
0 0.4226466049382716 0.4921875 0.003472222222222222 0.00636574074074074
0 0.34915123456790126 0.4927662037037037 0.003472222222222222 0.00636574074074074
0 0.3645833333333333 0.47800925925925924 0.003472222222222222 0.00636574074074074
0 0.9128086419753086 0.49508101851851855 0.004822530864197531 0.008969907407407407
0 0.4444444444444444 0.44820601851851855 0.001736111111111111 0.0026041666666666665
0 0.6296296296296297 0.5164930555555556 0.007137345679012345 0.011284722222222222
0 0.6763117283950617 0.5827546296296297 0.0073302469135802465 0.013310185185185185
0 0.5466820987654321 0.5332754629629629 0.007137345679012345 0.011284722222222222
0 0.42804783950617287 0.4525462962962963 0.001736111111111111 0.0026041666666666665
0 0.41898148148148145 0.45109953703703703 0.001736111111111111 0.0026041666666666665
0 0.6284722222222222 0.47627314814814814 0.002700617283950617 0.005208333333333333
0 0.32407407407407407 0.5497685185185185 0.004822530864197531 0.011863425925925927
0 0.2941743827160494 0.4386574074074074 0.0023148148148148147 0.0023148148148148147
0 0.5661651234567902 0.5324074074074074 0.007137345679012345 0.011284722222222222
0 0.34162808641975306 0.4693287037037037 0.003472222222222222 0.00636574074074074
0 0.32947530864197533 0.6131365740740741 0.007908950617283951 0.01678240740740741
0 0.5889274691358025 0.5052083333333334 0.002700617283950617 0.005208333333333333
0 0.3269675925925926 0.4476273148148148 0.0023148148148148147 0.0023148148148148147
0 0.597608024691358 0.5037615740740741 0.002700617283950617 0.005208333333333333
0 0.29031635802469136 0.49594907407407407 0.003472222222222222 0.005497685185185185
0 0.38290895061728397 0.49681712962962965 0.003472222222222222 0.00636574074074074
0 0.7827932098765432 0.5095486111111112 0.004822530864197531 0.008969907407407407
0 0.37712191358024694 0.5005787037037037 0.003472222222222222 0.00636574074074074
0 0.2644675925925926 0.5133101851851852 0.004822530864197531 0.011863425925925927
0 0.4982638888888889 0.46875 0.002700617283950617 0.005208333333333333
0 0.7405478395061729 0.5182291666666666 0.004243827160493827 0.008391203703703705
0 0.5298996913580247 0.5460069444444444 0.007137345679012345 0.011284722222222222
0 0.05169753086419753 0.5552662037037037 0.006751543209876543 0.012152777777777778
0 0.4072145061728395 0.47337962962962965 0.003472222222222222 0.00636574074074074
0 0.14795524691358025 0.49855324074074076 0.003472222222222222 0.008101851851851851
0 0.4627700617283951 0.5089699074074074 0.007137345679012345 0.011284722222222222
0 0.39641203703703703 0.4988425925925926 0.003472222222222222 0.00636574074074074
0 0.36554783950617287 0.6686921296296297 0.007908950617283951 0.01678240740740741
0 0.9332561728395061 0.6733217592592593 0.011188271604938271 0.01880787037037037
0 0.5410879629629629 0.5150462962962963 0.007137345679012345 0.011284722222222222
0 0.17341820987654322 0.5361689814814815 0.003472222222222222 0.008101851851851851
0 0.7854938271604939 0.5101273148148148 0.004822530864197531 0.008969907407407407
0 0.8775077160493827 0.5083912037037037 0.004822530864197531 0.008969907407407407
0 0.3913966049382716 0.46383101851851855 0.001736111111111111 0.0026041666666666665
0 0.1398533950617284 0.5020254629629629 0.003472222222222222 0.008101851851851851
0 0.026041666666666668 0.5245949074074074 0.003472222222222222 0.008101851851851851
0 0.7065972222222222 0.5248842592592593 0.004243827160493827 0.008391203703703705
0 0.2706404320987654 0.48032407407407407 0.003472222222222222 0.005497685185185185
0 0.9899691358024691 0.5049189814814815 0.005015432098765432 0.0078125
0 0.6956018518518519 0.44386574074074076 0.0019290123456790122 0.003472222222222222
0 0.37905092592592593 0.5381944444444444 0.004822530864197531 0.011863425925925927
0 0.005208333333333333 0.5515046296296297 0.006751543209876543 0.012152777777777778
0 0.7527006172839507 0.6331018518518519 0.011188271604938271 0.01880787037037037
0 0.5048225308641975 0.4759837962962963 0.002700617283950617 0.005208333333333333
0 0.09683641975308642 0.6027199074074074 0.006751543209876543 0.012152777777777778
0 0.5474537037037037 0.4887152777777778 0.002700617283950617 0.005208333333333333
0 0.42650462962962965 0.48755787037037035 0.003472222222222222 0.00636574074074074
0 0.5204475308641975 0.7398726851851852 0.01408179012345679 0.02546296296296296
0 0.08564814814814815 0.4939236111111111 0.003472222222222222 0.008101851851851851
0 0.7108410493827161 0.5245949074074074 0.004243827160493827 0.008391203703703705
0 0.44598765432098764 0.4710648148148148 0.003472222222222222 0.00636574074074074
0 0.18055555555555555 0.6438078703703703 0.013503086419753086 0.02459490740740741
0 0.699266975308642 0.5839120370370371 0.0073302469135802465 0.013310185185185185
0 0.4575617283950617 0.5115740740740741 0.007137345679012345 0.011284722222222222
0 0.4712577160493827 0.4754050925925926 0.003472222222222222 0.00636574074074074
0 0.22550154320987653 0.5083912037037037 0.004822530864197531 0.011863425925925927
0 0.6402391975308642 0.5104166666666666 0.004243827160493827 0.008391203703703705
0 0.5640432098765432 0.5 0.002700617283950617 0.005208333333333333
0 0.4039351851851852 0.9869791666666666 0.025848765432098766 0.037905092592592594
0 0.6734182098765432 0.515625 0.004243827160493827 0.008391203703703705
0 0.45601851851851855 0.5199652777777778 0.007137345679012345 0.011284722222222222
0 0.6271219135802469 0.49363425925925924 0.002700617283950617 0.005208333333333333
0 0.44502314814814814 0.5231481481481481 0.007137345679012345 0.011284722222222222
0 0.2523148148148148 0.5448495370370371 0.004822530864197531 0.011863425925925927
0 0.8043981481481481 0.6354166666666666 0.011188271604938271 0.01880787037037037
0 0.6097608024691358 0.4777199074074074 0.002700617283950617 0.005208333333333333
0 0.3130787037037037 0.5405092592592593 0.004822530864197531 0.011863425925925927
0 0.4533179012345679 0.4487847222222222 0.001736111111111111 0.0026041666666666665
0 0.4243827160493827 0.4554398148148148 0.001736111111111111 0.0026041666666666665
0 0.13233024691358025 0.5028935185185185 0.003472222222222222 0.008101851851851851
0 0.10821759259259259 0.5011574074074074 0.003472222222222222 0.008101851851851851
0 0.04378858024691358 0.4982638888888889 0.003472222222222222 0.008101851851851851
0 0.4774305555555556 0.4994212962962963 0.003472222222222222 0.00636574074074074
0 0.527391975308642 0.5784143518518519 0.0073302469135802465 0.013310185185185185
0 0.685570987654321 0.4542824074074074 0.0019290123456790122 0.003472222222222222
0 0.20003858024691357 0.5425347222222222 0.004822530864197531 0.011863425925925927
