0 0.959 0.5785498489425982 0.022 0.03927492447129909
0 0.581 0.6797583081570997 0.017 0.0377643504531722
0 0.552 0.6797583081570997 0.017 0.0377643504531722
0 0.696 0.6948640483383686 0.015 0.030211480362537766
0 0.683 0.6722054380664653 0.015 0.030211480362537766
0 0.084 0.6797583081570997 0.018 0.03474320241691843
0 0.108 0.702416918429003 0.018 0.03474320241691843
0 0.985 0.5649546827794562 0.022 0.03927492447129909
0 0.66 0.676737160120846 0.015 0.03172205438066465
0 0.031 0.6646525679758308 0.018 0.03474320241691843
0 0.164 0.6797583081570997 0.018 0.03474320241691843
0 0.871 0.6722054380664653 0.022 0.03927492447129909
0 0.841 0.5966767371601208 0.022 0.03927492447129909
0 0.799 0.6722054380664653 0.015 0.030211480362537766
0 0.217 0.6525679758308157 0.066 0.11329305135951662
0 0.275 0.6450151057401813 0.019 0.03927492447129909
0 0.314 0.6631419939577039 0.019 0.03927492447129909
0 0.276 0.6706948640483383 0.019 0.03927492447129909
0 0.939 0.6601208459214502 0.022 0.03927492447129909
0 0.535 0.6661631419939577 0.017 0.0377643504531722
0 0.402 0.56797583081571 0.09 0.17522658610271905
0 0.759 0.6631419939577039 0.015 0.030211480362537766
0 0.715 0.6842900302114804 0.015 0.030211480362537766
0 0.822 0.6691842900302115 0.015 0.030211480362537766
0 0.064 0.6797583081570997 0.018 0.03474320241691843
0 0.735 0.676737160120846 0.015 0.030211480362537766
0 0.137 0.7009063444108762 0.018 0.03474320241691843
0 0.924 0.5740181268882175 0.022 0.03927492447129909
0 0.566 0.676737160120846 0.017 0.0377643504531722
