0 0.7343915343915344 0.04772902232486528 0.02619047619047619 0.04541955350269438
0 0.5526455026455026 0.17744418783679752 0.02619047619047619 0.04541955350269438
0 0.6997354497354498 0.13625866050808313 0.02619047619047619 0.04541955350269438
0 0.9417989417989417 0.485373364126251 0.03306878306878307 0.04888375673595073
0 0.4812169312169312 0.6154734411085451 0.037037037037037035 0.053117782909930716
0 0.8886243386243386 0.05850654349499615 0.02619047619047619 0.04541955350269438
0 0.5833333333333334 0.8933795227097767 0.040740740740740744 0.059661277906081604
0 0.4658730158730159 0.1581986143187067 0.02619047619047619 0.04541955350269438
0 0.8806878306878307 0.09699769053117784 0.02619047619047619 0.04541955350269438
0 0.9121693121693122 0.044649730561970746 0.02619047619047619 0.04541955350269438
0 0.458994708994709 0.42763664357197845 0.03306878306878307 0.04888375673595073
0 0.9126984126984127 0.5396458814472671 0.03306878306878307 0.04888375673595073
0 0.6735449735449736 0.18629715165511931 0.02619047619047619 0.04541955350269438
0 0.7023809523809523 0.537721324095458 0.03306878306878307 0.04888375673595073
0 0.5544973544973545 0.07967667436489607 0.02619047619047619 0.04541955350269438
0 0.455026455026455 0.3364126250962279 0.03306878306878307 0.04888375673595073
0 0.24656084656084656 0.737490377213241 0.040740740740740744 0.059661277906081604
0 0.7592592592592593 0.9083910700538876 0.040740740740740744 0.059661277906081604
0 0.29365079365079366 0.7717474980754426 0.040740740740740744 0.059661277906081604
0 0.08756613756613757 0.23094688221709006 0.03306878306878307 0.04888375673595073
0 0.5756613756613757 0.39799846035411857 0.03306878306878307 0.04888375673595073
0 0.48544973544973546 0.13933795227097767 0.02619047619047619 0.04541955350269438
0 0.4396825396825397 0.39068514241724406 0.03306878306878307 0.04888375673595073
0 0.40105820105820106 0.40877598152424943 0.03306878306878307 0.04888375673595073
0 0.5859788359788359 0.08314087759815242 0.02619047619047619 0.04541955350269438
0 0.2275132275132275 0.581986143187067 0.037037037037037035 0.053117782909930716
0 0.6801587301587302 0.8337182448036952 0.040740740740740744 0.059661277906081604
0 0.03597883597883598 0.8498845265588915 0.040740740740740744 0.059661277906081604
0 0.7150793650793651 0.2105465742879138 0.02619047619047619 0.04541955350269438
0 0.294973544973545 0.1351039260969977 0.02619047619047619 0.04541955350269438
0 0.4441798941798942 0.15935334872979215 0.02619047619047619 0.04541955350269438
0 0.575925925925926 0.27867590454195534 0.03306878306878307 0.04888375673595073
0 0.10185185185185185 0.7382602001539645 0.040740740740740744 0.059661277906081604
0 0.9838624338624339 0.04080061585835258 0.02619047619047619 0.04541955350269438
0 0.5365079365079365 0.9561200923787528 0.040740740740740744 0.059661277906081604
0 0.7232804232804233 0.11046959199384142 0.02619047619047619 0.04541955350269438
0 0.8526455026455027 0.04657428791377983 0.02619047619047619 0.04541955350269438
0 0.6682539682539682 0.6812933025404158 0.037037037037037035 0.053117782909930716
0 0.6425925925925926 0.11893764434180139 0.02619047619047619 0.04541955350269438
0 0.13624338624338625 0.19476520400307928 0.02619047619047619 0.04541955350269438
0 0.8396825396825397 0.5257890685142417 0.03306878306878307 0.04888375673595073
0 0.9338624338624338 0.07775211701308699 0.02619047619047619 0.04541955350269438
0 0.6597883597883598 0.5284834488067744 0.03306878306878307 0.04888375673595073
0 0.08518518518518518 0.3483448806774442 0.03306878306878307 0.04888375673595073
0 0.3806878306878307 0.3229407236335643 0.03306878306878307 0.04888375673595073
0 0.45132275132275135 0.880292532717475 0.040740740740740744 0.059661277906081604
0 0.44814814814814813 0.9584295612009238 0.040740740740740744 0.059661277906081604
0 0.9021164021164021 0.004618937644341801 0.02619047619047619 0.04541955350269438
0 0.8441798941798941 0.38837567359507313 0.03306878306878307 0.04888375673595073
0 0.1595238095238095 0.14280215550423403 0.02619047619047619 0.04541955350269438
0 0.007936507936507936 0.8541185527328714 0.040740740740740744 0.059661277906081604
0 0.2357142857142857 0.14126250962278675 0.02619047619047619 0.04541955350269438
0 0.5582010582010583 0.7340261739799846 0.040740740740740744 0.059661277906081604
0 0.06111111111111111 0.9041570438799076 0.040740740740740744 0.059661277906081604
0 0.4171957671957672 0.13779830638953042 0.02619047619047619 0.04541955350269438
0 0.5743386243386244 0.4403387220939184 0.03306878306878307 0.04888375673595073
0 0.6751322751322751 0.39260969976905313 0.03306878306878307 0.04888375673595073
0 0.09365079365079365 0.13471901462663588 0.02619047619047619 0.04541955350269438
0 0.5457671957671958 0.4653579676674365 0.03306878306878307 0.04888375673595073
0 0.007671957671957672 0.6335642802155504 0.037037037037037035 0.053117782909930716
0 0.47195767195767196 0.7097767513471901 0.040740740740740744 0.059661277906081604
0 0.8 0.3094688221709007 0.03306878306878307 0.04888375673595073
0 0.04259259259259259 0.5511932255581217 0.03306878306878307 0.04888375673595073
0 0.394973544973545 0.1285604311008468 0.02619047619047619 0.04541955350269438
0 0.23333333333333334 0.7151655119322555 0.040740740740740744 0.059661277906081604
0 0.17883597883597885 0.2063125481139338 0.02619047619047619 0.04541955350269438
0 0.37513227513227515 0.11085450346420324 0.02619047619047619 0.04541955350269438
0 0.42328042328042326 0.4445727482678984 0.03306878306878307 0.04888375673595073
0 0.6902116402116402 0.07082371054657428 0.02619047619047619 0.04541955350269438
0 0.1708994708994709 0.4361046959199384 0.03306878306878307 0.04888375673595073
0 0.0746031746031746 0.18514241724403388 0.02619047619047619 0.04541955350269438
0 0.22962962962962963 0.1535796766743649 0.02619047619047619 0.04541955350269438
0 0.8727513227513227 0.07852193995381063 0.02619047619047619 0.04541955350269438
0 0.24365079365079365 0.20592763664357197 0.02619047619047619 0.04541955350269438
0 0.3775132275132275 0.560816012317167 0.037037037037037035 0.053117782909930716
0 0.11798941798941799 0.39799846035411857 0.03306878306878307 0.04888375673595073
0 0.5132275132275133 0.7105465742879138 0.040740740740740744 0.059661277906081604
0 0.41878306878306876 0.7413394919168591 0.040740740740740744 0.059661277906081604
0 0.9838624338624339 0.9772902232486528 0.040740740740740744 0.059661277906081604
0 0.8145502645502646 0.13664357197844496 0.02619047619047619 0.04541955350269438
0 0.2515873015873016 0.48075442648190914 0.03306878306878307 0.04888375673595073
0 0.6637566137566138 0.12663587374903773 0.02619047619047619 0.04541955350269438
0 0.3431216931216931 0.08622016936104696 0.02619047619047619 0.04541955350269438
0 0.09841269841269841 0.5488837567359507 0.03306878306878307 0.04888375673595073
0 0.7912698412698412 0.17821401077752116 0.02619047619047619 0.04541955350269438
0 0.13015873015873017 0.5381062355658198 0.03306878306878307 0.04888375673595073
0 0.7015873015873015 0.4953810623556582 0.03306878306878307 0.04888375673595073
0 0.3955026455026455 0.08083140877598152 0.02619047619047619 0.04541955350269438
0 0.8068783068783069 0.11508852963818322 0.02619047619047619 0.04541955350269438
0 0.35423280423280423 0.9080061585835257 0.040740740740740744 0.059661277906081604
0 0.6484126984126984 0.8587374903772133 0.040740740740740744 0.059661277906081604
0 0.06322751322751323 0.14280215550423403 0.02619047619047619 0.04541955350269438
0 0.2552910052910053 0.8052347959969207 0.040740740740740744 0.059661277906081604
0 0.3441798941798942 0.07929176289453425 0.02619047619047619 0.04541955350269438
0 0.7391534391534391 0.49499615088529636 0.03306878306878307 0.04888375673595073
0 0.07433862433862434 0.10508083140877598 0.02619047619047619 0.04541955350269438
0 0.052116402116402116 0.14511162432640493 0.02619047619047619 0.04541955350269438
0 0.37566137566137564 0.9380292532717475 0.040740740740740744 0.059661277906081604
0 0.5238095238095238 0.1878367975365666 0.02619047619047619 0.04541955350269438
0 0.8608465608465609 0.48729792147806006 0.03306878306878307 0.04888375673595073
0 0.591005291005291 0.9919168591224018 0.040740740740740744 0.059661277906081604
0 0.8722222222222222 0.3002309468822171 0.03306878306878307 0.04888375673595073
0 0.852910052910053 0.7794457274826789 0.040740740740740744 0.059661277906081604
0 0.967989417989418 0.1716705157813703 0.02619047619047619 0.04541955350269438
0 0.4531746031746032 0.5369515011547344 0.03306878306878307 0.04888375673595073
0 0.10185185185185185 0.7759815242494227 0.040740740740740744 0.059661277906081604
0 0.04126984126984127 0.7632794457274826 0.040740740740740744 0.059661277906081604
0 0.10793650793650794 0.15896843725943033 0.02619047619047619 0.04541955350269438
0 0.14814814814814814 0.21247113163972287 0.02619047619047619 0.04541955350269438
0 0.3656084656084656 0.7852193995381063 0.040740740740740744 0.059661277906081604
0 0.28809523809523807 0.4703618167821401 0.03306878306878307 0.04888375673595073
0 0.37354497354497357 0.5304080061585835 0.03306878306878307 0.04888375673595073
0 0.15714285714285714 0.6431870669745958 0.037037037037037035 0.053117782909930716
0 0.18835978835978837 0.506158583525789 0.03306878306878307 0.04888375673595073
0 0.2851851851851852 0.6339491916859122 0.037037037037037035 0.053117782909930716
0 0.30793650793650795 0.10354118552732872 0.02619047619047619 0.04541955350269438
0 0.4849206349206349 0.09969207082371055 0.02619047619047619 0.04541955350269438
0 0.7333333333333333 0.6705157813702848 0.037037037037037035 0.053117782909930716
0 0.6677248677248677 0.35180908391070054 0.03306878306878307 0.04888375673595073
0 0.37328042328042327 0.7378752886836027 0.040740740740740744 0.059661277906081604
0 0.24894179894179894 0.8687451886066204 0.040740740740740744 0.059661277906081604
0 0.8547619047619047 0.4214780600461894 0.03306878306878307 0.04888375673595073
0 0.966931216931217 0.407621247113164 0.03306878306878307 0.04888375673595073
0 0.2759259259259259 0.10585065434949961 0.02619047619047619 0.04541955350269438
0 0.6388888888888888 0.052732871439568896 0.02619047619047619 0.04541955350269438
0 0.4722222222222222 0.20284834488067743 0.02619047619047619 0.04541955350269438
0 0.01164021164021164 0.947267128560431 0.040740740740740744 0.059661277906081604
0 0.25793650793650796 0.1216320246343341 0.02619047619047619 0.04541955350269438
0 0.1880952380952381 0.15242494226327943 0.02619047619047619 0.04541955350269438
0 0.7685185185185185 0.07082371054657428 0.02619047619047619 0.04541955350269438
0 0.1685185185185185 0.14973056197074672 0.02619047619047619 0.04541955350269438
0 0.976984126984127 0.0712086220169361 0.02619047619047619 0.04541955350269438
0 0.5007936507936508 0.4107005388760585 0.03306878306878307 0.04888375673595073
0 0.5388888888888889 0.43494996150885296 0.03306878306878307 0.04888375673595073
0 0.9822751322751323 0.4287913779830639 0.03306878306878307 0.04888375673595073
0 0.23253968253968255 0.5642802155504234 0.037037037037037035 0.053117782909930716
0 0.6642857142857143 0.11239414934565051 0.02619047619047619 0.04541955350269438
0 0.8132275132275132 0.09314857582755966 0.02619047619047619 0.04541955350269438
0 0.0291005291005291 0.6458814472671286 0.037037037037037035 0.053117782909930716
0 0.4695767195767196 0.09892224788298691 0.02619047619047619 0.04541955350269438
0 0.5145502645502645 0.05696689761354888 0.02619047619047619 0.04541955350269438
0 0.8804232804232804 0.46728252501924555 0.03306878306878307 0.04888375673595073
0 0.6187830687830688 0.36566589684372597 0.03306878306878307 0.04888375673595073
0 0.06851851851851852 0.4488067744418784 0.03306878306878307 0.04888375673595073
0 0.9124338624338625 0.407621247113164 0.03306878306878307 0.04888375673595073
0 0.07248677248677249 0.6547344110854504 0.037037037037037035 0.053117782909930716
0 0.8624338624338624 0.3160123171670516 0.03306878306878307 0.04888375673595073
0 0.7354497354497355 0.44226327944572746 0.03306878306878307 0.04888375673595073
0 0.6608465608465608 0.201693610469592 0.02619047619047619 0.04541955350269438
0 0.29735449735449737 0.99153194765204 0.040740740740740744 0.059661277906081604
0 0.0082010582010582 0.3468052347959969 0.03306878306878307 0.04888375673595073
0 0.38677248677248677 0.4414934565050038 0.03306878306878307 0.04888375673595073
0 0.31243386243386245 0.16782140107775212 0.02619047619047619 0.04541955350269438
0 0.8931216931216931 0.4942263279445728 0.03306878306878307 0.04888375673595073
0 0.7158730158730159 0.06004618937644342 0.02619047619047619 0.04541955350269438
0 0.8415343915343916 0.7224788298691301 0.040740740740740744 0.059661277906081604
0 0.6206349206349207 0.7840646651270208 0.040740740740740744 0.059661277906081604
0 0.35714285714285715 0.20554272517321015 0.02619047619047619 0.04541955350269438
0 0.5936507936507937 0.770977675134719 0.040740740740740744 0.059661277906081604
0 0.2523809523809524 0.9141647421093149 0.040740740740740744 0.059661277906081604
0 0.5859788359788359 0.4926866820631255 0.03306878306878307 0.04888375673595073
0 0.13095238095238096 0.16358737490377212 0.02619047619047619 0.04541955350269438
0 0.955026455026455 0.02771362586605081 0.02619047619047619 0.04541955350269438
0 0.9412698412698413 0.4503464203233256 0.03306878306878307 0.04888375673595073
0 0.8023809523809524 0.41608929946112394 0.03306878306878307 0.04888375673595073
0 0.3298941798941799 0.10431100846805234 0.02619047619047619 0.04541955350269438
0 0.1775132275132275 0.5796766743648961 0.037037037037037035 0.053117782909930716
0 0.8330687830687831 0.04195535026943803 0.02619047619047619 0.04541955350269438
0 0.6608465608465608 0.40030792917628943 0.03306878306878307 0.04888375673595073
0 0.19444444444444445 0.9157043879907621 0.040740740740740744 0.059661277906081604
0 0.8513227513227514 0.9745958429561201 0.040740740740740744 0.059661277906081604
0 0.4335978835978836 0.6451116243264049 0.037037037037037035 0.053117782909930716
0 0.0208994708994709 0.1997690531177829 0.03306878306878307 0.04888375673595073
0 0.6201058201058202 0.4426481909160893 0.03306878306878307 0.04888375673595073
0 0.22857142857142856 0.2428791377983064 0.03306878306878307 0.04888375673595073
0 0.10740740740740741 0.5993071593533488 0.037037037037037035 0.053117782909930716
0 0.8203703703703704 0.04888375673595073 0.02619047619047619 0.04541955350269438
0 0.33544973544973544 0.13394919168591224 0.02619047619047619 0.04541955350269438
0 0.2830687830687831 0.147036181678214 0.02619047619047619 0.04541955350269438
0 0.5621693121693122 0.49153194765204006 0.03306878306878307 0.04888375673595073
0 0.36428571428571427 0.6331793687451887 0.037037037037037035 0.053117782909930716
0 0.662962962962963 0.08814472671285604 0.02619047619047619 0.04541955350269438
0 0.8312169312169312 0.19361046959199385 0.02619047619047619 0.04541955350269438
0 0.16243386243386243 0.8036951501154734 0.040740740740740744 0.059661277906081604
0 0.47962962962962963 0.476905311778291 0.03306878306878307 0.04888375673595073
0 0.24153439153439155 0.06812933025404157 0.02619047619047619 0.04541955350269438
0 0.34206349206349207 0.6920708237105466 0.037037037037037035 0.053117782909930716
0 0.11481481481481481 0.9611239414934565 0.040740740740740744 0.059661277906081604
0 0.007936507936507936 0.3891454965357968 0.03306878306878307 0.04888375673595073
0 0.8912698412698413 0.3972286374133949 0.03306878306878307 0.04888375673595073
0 0.5521164021164021 0.05889145496535797 0.02619047619047619 0.04541955350269438
0 0.2669312169312169 0.16397228637413394 0.02619047619047619 0.04541955350269438
0 0.6484126984126984 0.47421093148575827 0.03306878306878307 0.04888375673595073
0 0.785978835978836 0.4969207082371055 0.03306878306878307 0.04888375673595073
0 0.4740740740740741 0.8075442648190916 0.040740740740740744 0.059661277906081604
0 0.926984126984127 0.03502694380292533 0.02619047619047619 0.04541955350269438
0 0.07248677248677249 0.6928406466512702 0.037037037037037035 0.053117782909930716
0 0.5523809523809524 0.11431870669745958 0.02619047619047619 0.04541955350269438
0 0.9751322751322752 0.3217859892224788 0.03306878306878307 0.04888375673595073
0 0.6798941798941799 0.1697459584295612 0.02619047619047619 0.04541955350269438
0 0.01164021164021164 0.7043879907621247 0.040740740740740744 0.059661277906081604
0 0.9576719576719577 0.8629715165511932 0.040740740740740744 0.059661277906081604
0 0.20396825396825397 0.14549653579676675 0.02619047619047619 0.04541955350269438
0 0.344973544973545 0.8518090839107005 0.040740740740740744 0.059661277906081604
0 0.358994708994709 0.5484988452655889 0.03306878306878307 0.04888375673595073
0 0.7272486772486773 0.061200923787528866 0.02619047619047619 0.04541955350269438
0 0.5928571428571429 0.14973056197074672 0.02619047619047619 0.04541955350269438
0 0.49656084656084654 0.11200923787528869 0.02619047619047619 0.04541955350269438
0 0.20582010582010582 0.09353348729792148 0.02619047619047619 0.04541955350269438
0 0.07089947089947089 0.123941493456505 0.02619047619047619 0.04541955350269438
0 0.5671957671957671 0.18822170900692842 0.02619047619047619 0.04541955350269438
0 0.16904761904761906 0.5169361046959199 0.03306878306878307 0.04888375673595073
0 0.7105820105820105 0.40415704387990764 0.03306878306878307 0.04888375673595073
0 0.05 0.12047729022324866 0.02619047619047619 0.04541955350269438
0 0.7436507936507937 0.16127790608160122 0.02619047619047619 0.04541955350269438
0 0.9264550264550264 0.34295612009237875 0.03306878306878307 0.04888375673595073
0 0.6621693121693122 0.18013856812933027 0.02619047619047619 0.04541955350269438
0 0.18306878306878308 0.7528868360277137 0.040740740740740744 0.059661277906081604
0 0.32671957671957674 0.4010777521170131 0.03306878306878307 0.04888375673595073
0 0.5875661375661375 0.8525789068514241 0.040740740740740744 0.059661277906081604
0 0.7547619047619047 0.39414934565050036 0.03306878306878307 0.04888375673595073
0 0.683068783068783 0.10161662817551963 0.02619047619047619 0.04541955350269438
0 0.4552910052910053 0.1993841416474211 0.02619047619047619 0.04541955350269438
0 0.3648148148148148 0.3113933795227098 0.03306878306878307 0.04888375673595073
0 0.6917989417989417 0.815242494226328 0.040740740740740744 0.059661277906081604
0 0.8272486772486772 0.945342571208622 0.040740740740740744 0.059661277906081604
0 0.7619047619047619 0.865665896843726 0.040740740740740744 0.059661277906081604
0 0.33544973544973544 0.9276366435719784 0.040740740740740744 0.059661277906081604
0 0.37486772486772485 0.376058506543495 0.03306878306878307 0.04888375673595073
0 0.7066137566137566 0.9668976135488837 0.040740740740740744 0.059661277906081604
0 0.6166666666666667 0.5142417244033872 0.03306878306878307 0.04888375673595073
0 0.7380952380952381 0.11547344110854503 0.02619047619047619 0.04541955350269438
0 0.3044973544973545 0.6108545034642032 0.037037037037037035 0.053117782909930716
0 0.02671957671957672 0.5581216320246344 0.03306878306878307 0.04888375673595073
0 0.5682539682539682 0.08429561200923788 0.02619047619047619 0.04541955350269438
0 0.20105820105820105 0.13433410315627406 0.02619047619047619 0.04541955350269438
0 0.5283068783068783 0.6832178598922248 0.037037037037037035 0.053117782909930716
0 0.8037037037037037 0.07505773672055427 0.02619047619047619 0.04541955350269438
