0 0.61875 0.4166666666666667 0.0640625 0.1388888888888889
0 0.28125 0.7944444444444444 0.190625 0.31666666666666665
0 0.640625 0.5972222222222222 0.109375 0.24722222222222223
0 0.759375 0.12222222222222222 0.0125 0.03333333333333333
0 0.240625 0.5416666666666666 0.109375 0.24722222222222223
0 0.6859375 0.33611111111111114 0.0640625 0.1388888888888889
0 0.3 0.30277777777777776 0.0640625 0.1388888888888889
0 0.7515625 0.19444444444444445 0.0296875 0.06666666666666667
0 0.9453125 0.09722222222222222 0.0125 0.03333333333333333
0 0.7921875 0.12777777777777777 0.0125 0.03333333333333333
0 0.5796875 0.09722222222222222 0.0125 0.03333333333333333
0 0.6859375 0.10555555555555556 0.0125 0.03333333333333333
0 0.3875 0.1388888888888889 0.0125 0.03333333333333333
0 0.5953125 0.1111111111111111 0.0125 0.03333333333333333
0 0.7328125 0.09722222222222222 0.0125 0.03333333333333333
0 0.8328125 0.18611111111111112 0.0296875 0.06666666666666667
0 0.071875 0.30277777777777776 0.0640625 0.1388888888888889
0 0.8109375 0.10555555555555556 0.0125 0.03333333333333333
0 0.51875 0.2916666666666667 0.0640625 0.1388888888888889
0 0.5125 0.1 0.0125 0.03333333333333333
0 0.4671875 0.175 0.0296875 0.06666666666666667
0 0.9609375 0.21388888888888888 0.0296875 0.06666666666666667
0 0.5234375 0.16944444444444445 0.0296875 0.06666666666666667
0 0.4921875 0.10555555555555556 0.0125 0.03333333333333333
0 0.6703125 0.17222222222222222 0.0296875 0.06666666666666667
0 0.5875 0.15833333333333333 0.0296875 0.06666666666666667
0 0.3296875 0.13055555555555556 0.0125 0.03333333333333333
0 0.0859375 0.20833333333333334 0.0296875 0.06666666666666667
0 0.875 0.3138888888888889 0.0640625 0.1388888888888889
0 0.5734375 0.11666666666666667 0.0125 0.03333333333333333
0 0.61875 0.09166666666666666 0.0125 0.03333333333333333
0 0.5515625 0.1388888888888889 0.0125 0.03333333333333333
0 0.6390625 0.08888888888888889 0.0125 0.03333333333333333
0 0.5921875 0.23055555555555557 0.0296875 0.06666666666666667
0 0.453125 0.32222222222222224 0.0640625 0.1388888888888889
0 0.5578125 0.10277777777777777 0.0125 0.03333333333333333
0 0.346875 0.2388888888888889 0.0296875 0.06666666666666667
0 0.7203125 0.5083333333333333 0.109375 0.24722222222222223
0 0.7015625 0.10833333333333334 0.0125 0.03333333333333333
0 0.771875 0.14444444444444443 0.015625 0.041666666666666664
0 0.5828125 0.019444444444444445 0.0125 0.03333333333333333
0 0.821875 0.10833333333333334 0.0125 0.03333333333333333
0 0.4328125 0.225 0.0296875 0.06666666666666667
0 0.6234375 0.15833333333333333 0.0296875 0.06666666666666667
0 0.765625 0.08888888888888889 0.0125 0.03333333333333333
0 0.990625 0.18611111111111112 0.0296875 0.06666666666666667
0 0.2140625 0.28888888888888886 0.0640625 0.1388888888888889
0 0.7546875 0.06944444444444445 0.0125 0.03333333333333333
