0 0.07816091954022988 0.45321100917431195 0.01264367816091954 0.031192660550458717
0 0.12413793103448276 0.44587155963302755 0.01264367816091954 0.031192660550458717
0 0.2850574712643678 0.45137614678899085 0.014942528735632184 0.025688073394495414
0 0.8655172413793103 0.6128440366972477 0.0367816091954023 0.08073394495412844
0 0.15172413793103448 0.47522935779816516 0.01264367816091954 0.031192660550458717
0 0.09540229885057472 0.44954128440366975 0.01264367816091954 0.031192660550458717
0 0.8149425287356322 0.5779816513761468 0.0367816091954023 0.08073394495412844
0 0.2942528735632184 0.44587155963302755 0.014942528735632184 0.025688073394495414
0 0.2206896551724138 0.48807339449541287 0.014942528735632184 0.025688073394495414
0 0.31264367816091954 0.5192660550458715 0.014942528735632184 0.025688073394495414
0 0.6183908045977011 0.6862385321100918 0.07011494252873564 0.12477064220183487
0 0.03793103448275862 0.48073394495412847 0.01264367816091954 0.031192660550458717
0 0.4632183908045977 0.6862385321100918 0.07011494252873564 0.12477064220183487
0 0.08620689655172414 0.45871559633027525 0.01264367816091954 0.031192660550458717
0 0.36091954022988504 0.5137614678899083 0.014942528735632184 0.025688073394495414
0 0.8448275862068966 0.5761467889908257 0.0367816091954023 0.08073394495412844
0 0.4160919540229885 0.544954128440367 0.021839080459770115 0.045871559633027525
0 0.3160919540229885 0.44036697247706424 0.014942528735632184 0.025688073394495414
0 0.34022988505747126 0.45504587155963305 0.014942528735632184 0.025688073394495414
0 0.11954022988505747 0.47155963302752296 0.01264367816091954 0.031192660550458717
0 0.06321839080459771 0.45504587155963305 0.01264367816091954 0.031192660550458717
0 0.21379310344827587 0.46422018348623856 0.014942528735632184 0.025688073394495414
0 0.41839080459770117 0.5192660550458715 0.021839080459770115 0.045871559633027525
0 0.06436781609195402 0.47339449541284406 0.01264367816091954 0.031192660550458717
0 0.022988505747126436 0.44587155963302755 0.01264367816091954 0.031192660550458717
0 0.1310344827586207 0.5357798165137615 0.020689655172413793 0.05137614678899083
0 0.09310344827586207 0.47155963302752296 0.01264367816091954 0.031192660550458717
0 0.44482758620689655 0.5486238532110091 0.021839080459770115 0.045871559633027525
0 0.01264367816091954 0.43853211009174314 0.010344827586206896 0.012844036697247707
0 0.34597701149425286 0.653211009174312 0.07011494252873564 0.12477064220183487
0 0.4057471264367816 0.5596330275229358 0.021839080459770115 0.045871559633027525
0 0.20114942528735633 0.5027522935779817 0.014942528735632184 0.025688073394495414
0 0.16551724137931034 0.47339449541284406 0.014942528735632184 0.025688073394495414
0 0.25862068965517243 0.4935779816513762 0.014942528735632184 0.025688073394495414
0 0.020689655172413793 0.5357798165137615 0.020689655172413793 0.05137614678899083
0 0.11379310344827587 0.44403669724770645 0.01264367816091954 0.031192660550458717
0 0.14482758620689656 0.48440366972477067 0.01264367816091954 0.031192660550458717
0 0.9701149425287356 0.6018348623853211 0.0367816091954023 0.08073394495412844
0 0.05747126436781609 0.5486238532110091 0.020689655172413793 0.05137614678899083
0 0.3080459770114943 0.44770642201834865 0.014942528735632184 0.025688073394495414
0 0.3528735632183908 0.44587155963302755 0.014942528735632184 0.025688073394495414
0 0.8344827586206897 0.5981651376146789 0.0367816091954023 0.08073394495412844
0 0.7977011494252874 0.6880733944954128 0.07011494252873564 0.12477064220183487
0 0.3873563218390805 0.45688073394495415 0.014942528735632184 0.025688073394495414
0 0.664367816091954 0.5577981651376147 0.027586206896551724 0.05504587155963303
0 0.4747126436781609 0.5651376146788991 0.021839080459770115 0.045871559633027525
0 0.5126436781609195 0.6660550458715596 0.07011494252873564 0.12477064220183487
0 0.5804597701149425 0.5926605504587156 0.027586206896551724 0.05504587155963303
0 0.2770114942528736 0.5247706422018349 0.014942528735632184 0.025688073394495414
0 0.28735632183908044 0.47339449541284406 0.014942528735632184 0.025688073394495414
0 0.5505747126436782 0.5394495412844037 0.027586206896551724 0.05504587155963303
0 0.6735632183908046 0.6752293577981652 0.07011494252873564 0.12477064220183487
0 0.14367816091954022 0.46972477064220186 0.01264367816091954 0.031192660550458717
0 0.2218390804597701 0.5045871559633027 0.014942528735632184 0.025688073394495414
0 0.047126436781609195 0.45321100917431195 0.01264367816091954 0.031192660550458717
0 0.3252873563218391 0.43669724770642204 0.014942528735632184 0.025688073394495414
0 0.539080459770115 0.5669724770642202 0.027586206896551724 0.05504587155963303
0 0.31839080459770114 0.48990825688073397 0.014942528735632184 0.025688073394495414
0 0.03908045977011494 0.44220183486238535 0.01264367816091954 0.031192660550458717
0 0.37126436781609196 0.5376146788990825 0.021839080459770115 0.045871559633027525
0 0.3218390804597701 0.5155963302752293 0.014942528735632184 0.025688073394495414
0 0.18735632183908046 0.46238532110091746 0.014942528735632184 0.025688073394495414
0 0.7149425287356321 0.6091743119266055 0.027586206896551724 0.05504587155963303
0 0.07586206896551724 0.48073394495412847 0.01264367816091954 0.031192660550458717
0 0.3954022988505747 0.5192660550458715 0.014942528735632184 0.025688073394495414
0 0.07701149425287357 0.44220183486238535 0.01264367816091954 0.031192660550458717
0 0.271264367816092 0.48440366972477067 0.014942528735632184 0.025688073394495414
0 0.1896551724137931 0.4954128440366973 0.014942528735632184 0.025688073394495414
