0 0.37010309278350517 0.1276923076923077 0.007216494845360825 0.013846153846153847
0 0.3783505154639175 0.052307692307692305 0.006185567010309278 0.012307692307692308
0 0.4845360824742268 0.10923076923076923 0.006185567010309278 0.012307692307692308
0 0.5721649484536082 0.024615384615384615 0.006185567010309278 0.012307692307692308
0 0.5030927835051546 0.46923076923076923 0.01134020618556701 0.02923076923076923
0 0.822680412371134 0.03230769230769231 0.006185567010309278 0.012307692307692308
0 0.3731958762886598 0.10615384615384615 0.006185567010309278 0.012307692307692308
0 0.5030927835051546 0.006153846153846154 0.006185567010309278 0.012307692307692308
0 0.37938144329896906 0.1723076923076923 0.007216494845360825 0.013846153846153847
0 0.3463917525773196 0.004615384615384616 0.006185567010309278 0.012307692307692308
0 0.25876288659793817 0.7276923076923076 0.013402061855670102 0.02923076923076923
0 0.28556701030927834 0.04 0.006185567010309278 0.012307692307692308
0 0.2845360824742268 0.24923076923076923 0.007216494845360825 0.013846153846153847
0 0.1422680412371134 0.17076923076923076 0.007216494845360825 0.013846153846153847
0 0.6164948453608248 0.02923076923076923 0.006185567010309278 0.012307692307692308
0 0.5082474226804123 0.05692307692307692 0.006185567010309278 0.012307692307692308
0 0.9855670103092784 0.09538461538461539 0.006185567010309278 0.012307692307692308
0 0.3804123711340206 0.018461538461538463 0.006185567010309278 0.012307692307692308
0 0.002061855670103093 0.5953846153846154 0.01134020618556701 0.02923076923076923
0 0.8494845360824742 0.036923076923076927 0.006185567010309278 0.012307692307692308
0 0.19484536082474227 0.010769230769230769 0.006185567010309278 0.012307692307692308
0 0.8164948453608247 0.19692307692307692 0.007216494845360825 0.013846153846153847
0 0.2907216494845361 0.18923076923076923 0.007216494845360825 0.013846153846153847
0 0.0 0.37538461538461537 0.008247422680412371 0.016923076923076923
0 0.4402061855670103 0.007692307692307693 0.006185567010309278 0.012307692307692308
0 0.22989690721649483 0.10615384615384615 0.006185567010309278 0.012307692307692308
0 0.20412371134020618 0.2723076923076923 0.007216494845360825 0.013846153846153847
0 0.9030927835051547 0.024615384615384615 0.006185567010309278 0.012307692307692308
0 0.520618556701031 0.04153846153846154 0.006185567010309278 0.012307692307692308
0 0.25463917525773194 0.46 0.01134020618556701 0.02923076923076923
0 0.8020618556701031 0.1723076923076923 0.007216494845360825 0.013846153846153847
0 0.3288659793814433 0.07384615384615385 0.006185567010309278 0.012307692307692308
0 0.40824742268041236 0.06923076923076923 0.006185567010309278 0.012307692307692308
0 0.9845360824742269 0.7507692307692307 0.013402061855670102 0.02923076923076923
0 0.4298969072164949 0.3153846153846154 0.007216494845360825 0.013846153846153847
0 0.568041237113402 0.038461538461538464 0.006185567010309278 0.012307692307692308
0 0.0010309278350515464 0.5646153846153846 0.01134020618556701 0.02923076923076923
0 0.865979381443299 0.3476923076923077 0.007216494845360825 0.013846153846153847
0 0.41855670103092785 0.23384615384615384 0.007216494845360825 0.013846153846153847
0 0.4154639175257732 0.03230769230769231 0.006185567010309278 0.012307692307692308
0 0.27319587628865977 0.1076923076923077 0.006185567010309278 0.012307692307692308
0 0.9072164948453608 0.009230769230769232 0.006185567010309278 0.012307692307692308
0 0.6350515463917525 0.38461538461538464 0.007216494845360825 0.013846153846153847
0 0.016494845360824743 0.08153846153846153 0.006185567010309278 0.012307692307692308
0 0.8474226804123711 0.14615384615384616 0.007216494845360825 0.013846153846153847
0 0.5608247422680412 0.1723076923076923 0.007216494845360825 0.013846153846153847
0 0.11134020618556702 0.6553846153846153 0.01134020618556701 0.02923076923076923
0 0.7587628865979381 0.09846153846153846 0.006185567010309278 0.012307692307692308
0 0.3515463917525773 0.007692307692307693 0.006185567010309278 0.012307692307692308
0 0.5268041237113402 0.34 0.007216494845360825 0.013846153846153847
0 0.7835051546391752 0.08615384615384615 0.006185567010309278 0.012307692307692308
0 0.34329896907216495 0.16923076923076924 0.007216494845360825 0.013846153846153847
0 0.8494845360824742 0.42153846153846153 0.01134020618556701 0.02923076923076923
0 0.177319587628866 0.14 0.007216494845360825 0.013846153846153847
0 0.5175257731958763 0.018461538461538463 0.006185567010309278 0.012307692307692308
0 0.44742268041237115 0.05076923076923077 0.006185567010309278 0.012307692307692308
0 0.5257731958762887 0.4338461538461538 0.01134020618556701 0.02923076923076923
0 0.5804123711340207 0.06923076923076923 0.006185567010309278 0.012307692307692308
0 0.6381443298969072 0.5984615384615385 0.01134020618556701 0.02923076923076923
0 0.3 0.04153846153846154 0.006185567010309278 0.012307692307692308
0 0.9 0.06615384615384616 0.006185567010309278 0.012307692307692308
0 0.3680412371134021 0.11076923076923077 0.006185567010309278 0.012307692307692308
0 0.8989690721649485 0.08615384615384615 0.006185567010309278 0.012307692307692308
0 0.8845360824742268 0.2153846153846154 0.007216494845360825 0.013846153846153847
0 0.031958762886597936 0.26461538461538464 0.007216494845360825 0.013846153846153847
0 0.7896907216494845 0.2123076923076923 0.007216494845360825 0.013846153846153847
0 0.7195876288659794 0.803076923076923 0.013402061855670102 0.02923076923076923
0 0.13814432989690723 0.036923076923076927 0.006185567010309278 0.012307692307692308
0 0.05979381443298969 0.05384615384615385 0.006185567010309278 0.012307692307692308
0 0.49381443298969074 0.04153846153846154 0.006185567010309278 0.012307692307692308
0 0.9092783505154639 0.47384615384615386 0.01134020618556701 0.02923076923076923
0 0.98659793814433 0.036923076923076927 0.006185567010309278 0.012307692307692308
0 0.25463917525773194 0.25076923076923074 0.007216494845360825 0.013846153846153847
0 0.7216494845360825 0.22153846153846155 0.007216494845360825 0.013846153846153847
0 0.8536082474226804 0.16 0.007216494845360825 0.013846153846153847
0 0.5247422680412371 0.006153846153846154 0.006185567010309278 0.012307692307692308
0 0.3391752577319588 0.4815384615384615 0.01134020618556701 0.02923076923076923
0 0.6639175257731958 0.012307692307692308 0.006185567010309278 0.012307692307692308
0 0.2134020618556701 0.15846153846153846 0.007216494845360825 0.013846153846153847
0 0.06391752577319587 0.09384615384615384 0.006185567010309278 0.012307692307692308
0 0.09072164948453608 0.12153846153846154 0.007216494845360825 0.013846153846153847
0 0.5329896907216495 0.31076923076923074 0.007216494845360825 0.013846153846153847
0 0.5731958762886598 0.09076923076923077 0.006185567010309278 0.012307692307692308
0 0.8886597938144329 0.74 0.013402061855670102 0.02923076923076923
0 0.5835051546391753 0.18769230769230769 0.007216494845360825 0.013846153846153847
0 0.1268041237113402 0.9907692307692307 0.013402061855670102 0.02923076923076923
0 0.49072164948453606 0.46153846153846156 0.01134020618556701 0.02923076923076923
0 0.31752577319587627 0.010769230769230769 0.006185567010309278 0.012307692307692308
0 0.7381443298969073 0.42153846153846153 0.01134020618556701 0.02923076923076923
0 0.734020618556701 0.8430769230769231 0.013402061855670102 0.02923076923076923
0 0.5536082474226804 0.26461538461538464 0.007216494845360825 0.013846153846153847
0 0.37628865979381443 0.06461538461538462 0.006185567010309278 0.012307692307692308
0 0.041237113402061855 0.038461538461538464 0.006185567010309278 0.012307692307692308
0 0.5515463917525774 0.026153846153846153 0.006185567010309278 0.012307692307692308
0 0.01134020618556701 0.13846153846153847 0.007216494845360825 0.013846153846153847
0 0.2804123711340206 0.36615384615384616 0.007216494845360825 0.013846153846153847
0 0.8123711340206186 0.5215384615384615 0.01134020618556701 0.02923076923076923
0 0.5824742268041238 0.6184615384615385 0.01134020618556701 0.02923076923076923
0 0.9515463917525773 0.3953846153846154 0.007216494845360825 0.013846153846153847
0 0.11958762886597939 0.05846153846153846 0.006185567010309278 0.012307692307692308
0 0.41649484536082476 0.5769230769230769 0.01134020618556701 0.02923076923076923
0 0.7680412371134021 0.28 0.007216494845360825 0.013846153846153847
0 0.822680412371134 0.39384615384615385 0.007216494845360825 0.013846153846153847
0 0.5185567010309279 0.10153846153846154 0.006185567010309278 0.012307692307692308
0 0.3216494845360825 0.29384615384615387 0.007216494845360825 0.013846153846153847
0 0.4536082474226804 0.023076923076923078 0.006185567010309278 0.012307692307692308
0 0.9608247422680413 0.11384615384615385 0.006185567010309278 0.012307692307692308
0 0.711340206185567 0.38461538461538464 0.007216494845360825 0.013846153846153847
0 0.38762886597938145 0.05384615384615385 0.006185567010309278 0.012307692307692308
0 0.2463917525773196 0.2630769230769231 0.007216494845360825 0.013846153846153847
0 0.25876288659793817 0.27076923076923076 0.007216494845360825 0.013846153846153847
0 0.4670103092783505 0.1723076923076923 0.007216494845360825 0.013846153846153847
0 0.7731958762886598 0.20615384615384616 0.007216494845360825 0.013846153846153847
0 0.023711340206185566 0.009230769230769232 0.006185567010309278 0.012307692307692308
0 0.4134020618556701 0.18769230769230769 0.007216494845360825 0.013846153846153847
0 0.7463917525773196 0.033846153846153845 0.006185567010309278 0.012307692307692308
0 0.488659793814433 0.3384615384615385 0.007216494845360825 0.013846153846153847
0 0.6762886597938145 0.09076923076923077 0.006185567010309278 0.012307692307692308
0 0.12268041237113401 0.5907692307692308 0.01134020618556701 0.02923076923076923
0 0.8484536082474227 0.8246153846153846 0.013402061855670102 0.02923076923076923
0 0.9381443298969072 0.04 0.006185567010309278 0.012307692307692308
0 0.16804123711340208 0.023076923076923078 0.006185567010309278 0.012307692307692308
0 0.6618556701030928 0.19230769230769232 0.007216494845360825 0.013846153846153847
0 0.003092783505154639 0.6107692307692307 0.01134020618556701 0.02923076923076923
0 0.7814432989690722 0.13846153846153847 0.007216494845360825 0.013846153846153847
0 0.2422680412371134 0.1646153846153846 0.007216494845360825 0.013846153846153847
0 0.2381443298969072 0.03230769230769231 0.006185567010309278 0.012307692307692308
0 0.7309278350515463 0.02923076923076923 0.006185567010309278 0.012307692307692308
0 0.06701030927835051 0.013846153846153847 0.006185567010309278 0.012307692307692308
0 0.2175257731958763 0.24615384615384617 0.007216494845360825 0.013846153846153847
0 0.08144329896907217 0.06769230769230769 0.006185567010309278 0.012307692307692308
0 0.37422680412371134 0.09384615384615384 0.006185567010309278 0.012307692307692308
0 0.40824742268041236 0.04461538461538461 0.006185567010309278 0.012307692307692308
0 0.1309278350515464 0.08153846153846153 0.006185567010309278 0.012307692307692308
0 0.856701030927835 0.2123076923076923 0.007216494845360825 0.013846153846153847
0 0.07422680412371134 0.25076923076923074 0.007216494845360825 0.013846153846153847
0 0.4639175257731959 0.046153846153846156 0.006185567010309278 0.012307692307692308
0 0.9752577319587629 0.14153846153846153 0.007216494845360825 0.013846153846153847
0 0.22061855670103092 0.04 0.006185567010309278 0.012307692307692308
0 0.7257731958762886 0.038461538461538464 0.006185567010309278 0.012307692307692308
0 0.15257731958762888 0.6 0.01134020618556701 0.02923076923076923
0 0.013402061855670102 0.24923076923076923 0.007216494845360825 0.013846153846153847
0 0.44948453608247424 0.4723076923076923 0.01134020618556701 0.02923076923076923
0 0.10309278350515463 0.16 0.007216494845360825 0.013846153846153847
0 0.5402061855670103 0.08307692307692308 0.006185567010309278 0.012307692307692308
0 0.4092783505154639 0.1676923076923077 0.007216494845360825 0.013846153846153847
0 0.8639175257731959 0.05846153846153846 0.006185567010309278 0.012307692307692308
0 0.8371134020618557 0.36923076923076925 0.007216494845360825 0.013846153846153847
0 0.4144329896907217 0.8261538461538461 0.013402061855670102 0.02923076923076923
0 0.5164948453608248 0.033846153846153845 0.006185567010309278 0.012307692307692308
0 0.16494845360824742 0.0 0.006185567010309278 0.012307692307692308
0 0.6824742268041237 0.1723076923076923 0.007216494845360825 0.013846153846153847
0 0.8690721649484536 0.4123076923076923 0.01134020618556701 0.02923076923076923
0 0.8711340206185567 0.13538461538461538 0.007216494845360825 0.013846153846153847
0 0.17835051546391753 0.08153846153846153 0.006185567010309278 0.012307692307692308
0 0.8639175257731959 0.006153846153846154 0.006185567010309278 0.012307692307692308
0 0.5257731958762887 0.021538461538461538 0.006185567010309278 0.012307692307692308
0 0.3 0.21846153846153846 0.007216494845360825 0.013846153846153847
0 0.18865979381443299 0.04153846153846154 0.006185567010309278 0.012307692307692308
0 0.45670103092783504 0.09384615384615384 0.006185567010309278 0.012307692307692308
0 0.5237113402061856 0.74 0.013402061855670102 0.02923076923076923
0 0.5690721649484536 0.05076923076923077 0.006185567010309278 0.012307692307692308
0 0.4505154639175258 0.06153846153846154 0.006185567010309278 0.012307692307692308
0 0.2824742268041237 0.012307692307692308 0.006185567010309278 0.012307692307692308
0 0.2443298969072165 0.20615384615384616 0.007216494845360825 0.013846153846153847
0 0.16494845360824742 0.20307692307692307 0.007216494845360825 0.013846153846153847
0 0.9587628865979382 0.09538461538461539 0.006185567010309278 0.012307692307692308
0 0.0731958762886598 0.021538461538461538 0.006185567010309278 0.012307692307692308
0 0.8701030927835052 0.9646153846153847 0.013402061855670102 0.02923076923076923
0 0.2020618556701031 0.29384615384615387 0.007216494845360825 0.013846153846153847
0 0.12371134020618557 0.12923076923076923 0.007216494845360825 0.013846153846153847
0 0.7206185567010309 0.2523076923076923 0.007216494845360825 0.013846153846153847
0 0.9824742268041237 0.021538461538461538 0.006185567010309278 0.012307692307692308
0 0.018556701030927835 0.14461538461538462 0.007216494845360825 0.013846153846153847
0 0.8731958762886598 0.27384615384615385 0.007216494845360825 0.013846153846153847
0 0.2979381443298969 0.4969230769230769 0.01134020618556701 0.02923076923076923
0 0.7412371134020619 0.72 0.013402061855670102 0.02923076923076923
0 0.6072164948453608 0.003076923076923077 0.006185567010309278 0.012307692307692308
0 0.27319587628865977 0.006153846153846154 0.006185567010309278 0.012307692307692308
0 0.8082474226804124 0.21846153846153846 0.007216494845360825 0.013846153846153847
0 0.2597938144329897 0.9138461538461539 0.013402061855670102 0.02923076923076923
0 0.16907216494845362 0.48 0.01134020618556701 0.02923076923076923
0 0.33505154639175255 0.34307692307692306 0.007216494845360825 0.013846153846153847
0 0.4618556701030928 0.024615384615384615 0.006185567010309278 0.012307692307692308
0 0.27835051546391754 0.16153846153846155 0.007216494845360825 0.013846153846153847
0 0.1979381443298969 0.09384615384615384 0.006185567010309278 0.012307692307692308
0 0.40309278350515465 0.0 0.006185567010309278 0.012307692307692308
0 0.40309278350515465 0.047692307692307694 0.006185567010309278 0.012307692307692308
0 0.5144329896907216 0.007692307692307693 0.006185567010309278 0.012307692307692308
0 0.13195876288659794 0.02923076923076923 0.006185567010309278 0.012307692307692308
0 0.3597938144329897 0.09384615384615384 0.006185567010309278 0.012307692307692308
0 0.06597938144329897 0.1723076923076923 0.007216494845360825 0.013846153846153847
0 0.1670103092783505 0.18769230769230769 0.007216494845360825 0.013846153846153847
0 0.05670103092783505 0.36923076923076925 0.007216494845360825 0.013846153846153847
0 0.4216494845360825 0.6553846153846153 0.01134020618556701 0.02923076923076923
0 0.7371134020618557 0.49230769230769234 0.01134020618556701 0.02923076923076923
0 0.03608247422680412 0.12153846153846154 0.007216494845360825 0.013846153846153847
0 0.16391752577319588 0.03076923076923077 0.006185567010309278 0.012307692307692308
0 0.277319587628866 0.047692307692307694 0.006185567010309278 0.012307692307692308
0 0.8494845360824742 0.0015384615384615385 0.006185567010309278 0.012307692307692308
0 0.07422680412371134 0.19846153846153847 0.007216494845360825 0.013846153846153847
0 0.354639175257732 0.25846153846153846 0.007216494845360825 0.013846153846153847
0 0.911340206185567 0.13846153846153847 0.007216494845360825 0.013846153846153847
0 0.28865979381443296 0.05692307692307692 0.006185567010309278 0.012307692307692308
0 0.3463917525773196 0.09076923076923077 0.006185567010309278 0.012307692307692308
0 0.11237113402061856 0.46923076923076923 0.01134020618556701 0.02923076923076923
0 0.311340206185567 0.6630769230769231 0.01134020618556701 0.02923076923076923
0 0.709278350515464 0.043076923076923075 0.006185567010309278 0.012307692307692308
0 0.44123711340206184 0.07846153846153846 0.006185567010309278 0.012307692307692308
0 0.15979381443298968 0.08615384615384615 0.006185567010309278 0.012307692307692308
0 0.5948453608247423 0.046153846153846156 0.006185567010309278 0.012307692307692308
0 0.5804123711340207 0.4815384615384615 0.01134020618556701 0.02923076923076923
0 0.1463917525773196 0.03076923076923077 0.006185567010309278 0.012307692307692308
0 0.4639175257731959 0.016923076923076923 0.006185567010309278 0.012307692307692308
0 0.9618556701030928 0.8584615384615385 0.013402061855670102 0.02923076923076923
0 0.44123711340206184 0.36153846153846153 0.007216494845360825 0.013846153846153847
0 0.03814432989690722 0.3323076923076923 0.007216494845360825 0.013846153846153847
0 0.6896907216494845 0.05692307692307692 0.006185567010309278 0.012307692307692308
0 0.5865979381443299 0.03230769230769231 0.006185567010309278 0.012307692307692308
0 0.10515463917525773 0.03230769230769231 0.006185567010309278 0.012307692307692308
0 0.01134020618556701 0.16 0.007216494845360825 0.013846153846153847
0 0.48350515463917526 0.09384615384615384 0.006185567010309278 0.012307692307692308
0 0.05154639175257732 0.07538461538461538 0.006185567010309278 0.012307692307692308
0 0.9958762886597938 0.03076923076923077 0.006185567010309278 0.012307692307692308
0 0.13917525773195877 0.0015384615384615385 0.006185567010309278 0.012307692307692308
0 0.5463917525773195 0.24 0.007216494845360825 0.013846153846153847
0 0.3030927835051546 0.026153846153846153 0.006185567010309278 0.012307692307692308
0 0.756701030927835 0.06461538461538462 0.006185567010309278 0.012307692307692308
0 0.6010309278350515 0.05692307692307692 0.006185567010309278 0.012307692307692308
0 0.8422680412371134 0.07076923076923076 0.006185567010309278 0.012307692307692308
0 0.1556701030927835 0.4076923076923077 0.01134020618556701 0.02923076923076923
0 0.17010309278350516 0.13538461538461538 0.007216494845360825 0.013846153846153847
0 0.177319587628866 0.43538461538461537 0.01134020618556701 0.02923076923076923
0 0.12371134020618557 0.7384615384615385 0.013402061855670102 0.02923076923076923
0 0.22989690721649483 0.018461538461538463 0.006185567010309278 0.012307692307692308
0 0.9134020618556701 0.16 0.007216494845360825 0.013846153846153847
0 0.5412371134020618 0.1076923076923077 0.006185567010309278 0.012307692307692308
0 0.04742268041237113 0.006153846153846154 0.006185567010309278 0.012307692307692308
0 0.41855670103092785 0.13384615384615384 0.007216494845360825 0.013846153846153847
0 0.30412371134020616 0.036923076923076927 0.006185567010309278 0.012307692307692308
0 0.6948453608247422 0.28923076923076924 0.007216494845360825 0.013846153846153847
0 0.5835051546391753 0.003076923076923077 0.006185567010309278 0.012307692307692308
0 0.6659793814432989 0.13846153846153847 0.007216494845360825 0.013846153846153847
0 0.8865979381443299 0.24923076923076923 0.007216494845360825 0.013846153846153847
0 0.7484536082474227 0.41846153846153844 0.01134020618556701 0.02923076923076923
0 0.4505154639175258 0.1276923076923077 0.007216494845360825 0.013846153846153847
0 0.7546391752577319 0.24 0.007216494845360825 0.013846153846153847
0 0.9855670103092784 0.17076923076923076 0.007216494845360825 0.013846153846153847
0 0.5010309278350515 0.02923076923076923 0.006185567010309278 0.012307692307692308
0 0.9030927835051547 0.19692307692307692 0.007216494845360825 0.013846153846153847
0 0.6835051546391753 0.7061538461538461 0.013402061855670102 0.02923076923076923
0 0.4896907216494845 0.13230769230769232 0.007216494845360825 0.013846153846153847
0 0.822680412371134 0.24615384615384617 0.007216494845360825 0.013846153846153847
0 0.656701030927835 0.3323076923076923 0.007216494845360825 0.013846153846153847
0 0.3247422680412371 0.052307692307692305 0.006185567010309278 0.012307692307692308
0 0.8577319587628865 0.24153846153846154 0.007216494845360825 0.013846153846153847
0 0.6484536082474227 0.13230769230769232 0.007216494845360825 0.013846153846153847
0 0.6762886597938145 0.39692307692307693 0.01134020618556701 0.02923076923076923
0 0.9443298969072165 0.018461538461538463 0.006185567010309278 0.012307692307692308
0 0.5020618556701031 0.14923076923076922 0.007216494845360825 0.013846153846153847
0 0.10412371134020619 0.5184615384615384 0.01134020618556701 0.02923076923076923
0 0.03402061855670103 0.18769230769230769 0.007216494845360825 0.013846153846153847
0 0.5092783505154639 0.32 0.007216494845360825 0.013846153846153847
0 0.027835051546391754 0.58 0.01134020618556701 0.02923076923076923
0 0.21855670103092784 0.015384615384615385 0.006185567010309278 0.012307692307692308
0 0.5628865979381443 0.06923076923076923 0.006185567010309278 0.012307692307692308
0 0.6494845360824743 0.013846153846153847 0.006185567010309278 0.012307692307692308
0 0.7278350515463917 0.10461538461538461 0.006185567010309278 0.012307692307692308
0 0.6216494845360825 0.05076923076923077 0.006185567010309278 0.012307692307692308
0 0.09484536082474226 0.17846153846153845 0.007216494845360825 0.013846153846153847
0 0.4577319587628866 0.20615384615384616 0.007216494845360825 0.013846153846153847
0 0.4195876288659794 0.009230769230769232 0.006185567010309278 0.012307692307692308
0 0.6134020618556701 0.24 0.007216494845360825 0.013846153846153847
0 0.42783505154639173 0.018461538461538463 0.006185567010309278 0.012307692307692308
0 0.14948453608247422 0.010769230769230769 0.006185567010309278 0.012307692307692308
0 0.6639175257731958 0.11384615384615385 0.006185567010309278 0.012307692307692308
0 0.013402061855670102 0.4323076923076923 0.01134020618556701 0.02923076923076923
0 0.30412371134020616 0.34615384615384615 0.007216494845360825 0.013846153846153847
0 0.12164948453608247 0.9338461538461539 0.013402061855670102 0.02923076923076923
0 0.7742268041237114 0.003076923076923077 0.006185567010309278 0.012307692307692308
0 0.8185567010309278 0.16923076923076924 0.007216494845360825 0.013846153846153847
0 0.0711340206185567 0.3553846153846154 0.007216494845360825 0.013846153846153847
0 0.05463917525773196 0.2230769230769231 0.007216494845360825 0.013846153846153847
0 0.004123711340206186 0.10615384615384615 0.006185567010309278 0.012307692307692308
0 0.3061855670103093 0.006153846153846154 0.006185567010309278 0.012307692307692308
0 0.6237113402061856 0.08923076923076922 0.006185567010309278 0.012307692307692308
0 0.6721649484536083 0.23384615384615384 0.007216494845360825 0.013846153846153847
0 0.14948453608247422 0.5507692307692308 0.01134020618556701 0.02923076923076923
0 0.9680412371134021 0.08923076923076922 0.006185567010309278 0.012307692307692308
0 0.36907216494845363 0.7215384615384616 0.013402061855670102 0.02923076923076923
0 0.5773195876288659 0.37846153846153846 0.007216494845360825 0.013846153846153847
0 0.15670103092783505 0.06153846153846154 0.006185567010309278 0.012307692307692308
0 0.03608247422680412 0.10923076923076923 0.006185567010309278 0.012307692307692308
0 0.211340206185567 0.1476923076923077 0.007216494845360825 0.013846153846153847
0 0.050515463917525774 0.6430769230769231 0.01134020618556701 0.02923076923076923
0 0.6402061855670103 0.23076923076923078 0.007216494845360825 0.013846153846153847
0 0.8494845360824742 0.09846153846153846 0.006185567010309278 0.012307692307692308
0 0.22371134020618558 0.05076923076923077 0.006185567010309278 0.012307692307692308
0 0.5577319587628866 0.018461538461538463 0.006185567010309278 0.012307692307692308
0 0.12371134020618557 0.18615384615384614 0.007216494845360825 0.013846153846153847
0 0.43711340206185567 0.2907692307692308 0.007216494845360825 0.013846153846153847
0 0.8907216494845361 0.2276923076923077 0.007216494845360825 0.013846153846153847
0 0.6237113402061856 0.17846153846153845 0.007216494845360825 0.013846153846153847
0 0.24123711340206186 0.05076923076923077 0.006185567010309278 0.012307692307692308
0 0.5515463917525774 0.007692307692307693 0.006185567010309278 0.012307692307692308
0 0.31030927835051547 0.07076923076923076 0.006185567010309278 0.012307692307692308
0 0.37010309278350517 0.007692307692307693 0.006185567010309278 0.012307692307692308
0 0.25876288659793817 0.31384615384615383 0.007216494845360825 0.013846153846153847
0 0.9649484536082474 0.5138461538461538 0.01134020618556701 0.02923076923076923
0 0.6577319587628866 0.05384615384615385 0.006185567010309278 0.012307692307692308
0 0.46804123711340206 0.006153846153846154 0.006185567010309278 0.012307692307692308
0 0.5701030927835051 0.7938461538461539 0.013402061855670102 0.02923076923076923
0 0.4268041237113402 0.04 0.006185567010309278 0.012307692307692308
0 0.9257731958762887 0.24307692307692308 0.007216494845360825 0.013846153846153847
0 0.8175257731958763 0.10153846153846154 0.006185567010309278 0.012307692307692308
0 0.5092783505154639 0.08923076923076922 0.006185567010309278 0.012307692307692308
0 0.37216494845360826 0.14615384615384616 0.007216494845360825 0.013846153846153847
0 0.9731958762886598 0.07384615384615385 0.006185567010309278 0.012307692307692308
0 0.9216494845360824 0.4323076923076923 0.01134020618556701 0.02923076923076923
0 0.8247422680412371 0.06461538461538462 0.006185567010309278 0.012307692307692308
0 0.0010309278350515464 0.2569230769230769 0.007216494845360825 0.013846153846153847
0 0.9711340206185567 0.4307692307692308 0.01134020618556701 0.02923076923076923
0 0.060824742268041236 0.19692307692307692 0.007216494845360825 0.013846153846153847
0 0.029896907216494847 0.8292307692307692 0.013402061855670102 0.02923076923076923
0 0.6494845360824743 0.25076923076923074 0.007216494845360825 0.013846153846153847
0 0.7546391752577319 0.11076923076923077 0.006185567010309278 0.012307692307692308
0 0.8020618556701031 0.5815384615384616 0.01134020618556701 0.02923076923076923
0 0.08144329896907217 0.5492307692307692 0.01134020618556701 0.02923076923076923
0 0.9690721649484536 0.24615384615384617 0.007216494845360825 0.013846153846153847
0 0.7855670103092783 0.055384615384615386 0.006185567010309278 0.012307692307692308
0 0.24536082474226803 0.5938461538461538 0.01134020618556701 0.02923076923076923
0 0.11134020618556702 0.2784615384615385 0.007216494845360825 0.013846153846153847
0 0.7505154639175258 0.08923076923076922 0.006185567010309278 0.012307692307692308
0 0.22371134020618558 0.07692307692307693 0.006185567010309278 0.012307692307692308
0 0.24948453608247423 0.04461538461538461 0.006185567010309278 0.012307692307692308
0 0.14432989690721648 0.07384615384615385 0.006185567010309278 0.012307692307692308
0 0.2721649484536082 0.03230769230769231 0.006185567010309278 0.012307692307692308
0 0.7443298969072165 0.009230769230769232 0.006185567010309278 0.012307692307692308
0 0.46804123711340206 0.08153846153846153 0.006185567010309278 0.012307692307692308
0 0.1402061855670103 0.23076923076923078 0.007216494845360825 0.013846153846153847
0 0.18969072164948453 0.02923076923076923 0.006185567010309278 0.012307692307692308
0 0.3288659793814433 0.56 0.01134020618556701 0.02923076923076923
0 0.11134020618556702 0.06307692307692307 0.006185567010309278 0.012307692307692308
0 0.6494845360824743 0.22615384615384615 0.007216494845360825 0.013846153846153847
0 0.3979381443298969 0.021538461538461538 0.006185567010309278 0.012307692307692308
0 0.4484536082474227 0.4169230769230769 0.01134020618556701 0.02923076923076923
0 0.23917525773195877 0.24 0.007216494845360825 0.013846153846153847
0 0.024742268041237112 0.16 0.007216494845360825 0.013846153846153847
0 0.9938144329896907 0.4815384615384615 0.010309278350515464 0.024615384615384615
0 0.6195876288659794 0.7292307692307692 0.013402061855670102 0.02923076923076923
0 0.3371134020618557 0.803076923076923 0.013402061855670102 0.02923076923076923
0 0.24123711340206186 0.19230769230769232 0.007216494845360825 0.013846153846153847
0 0.34845360824742266 0.12615384615384614 0.007216494845360825 0.013846153846153847
0 0.9783505154639175 0.2276923076923077 0.007216494845360825 0.013846153846153847
0 0.6123711340206186 0.2923076923076923 0.007216494845360825 0.013846153846153847
0 0.5628865979381443 0.2523076923076923 0.007216494845360825 0.013846153846153847
0 0.23711340206185566 0.12 0.007216494845360825 0.013846153846153847
0 0.7536082474226804 0.3323076923076923 0.007216494845360825 0.013846153846153847
0 0.8639175257731959 0.024615384615384615 0.006185567010309278 0.012307692307692308
0 0.5989690721649484 0.14461538461538462 0.007216494845360825 0.013846153846153847
0 0.5731958762886598 0.11076923076923077 0.006185567010309278 0.012307692307692308
0 0.06907216494845361 0.14461538461538462 0.007216494845360825 0.013846153846153847
0 0.1824742268041237 0.8769230769230769 0.013402061855670102 0.02923076923076923
0 0.6020618556701031 0.38461538461538464 0.007216494845360825 0.013846153846153847
0 0.40515463917525774 0.15846153846153846 0.007216494845360825 0.013846153846153847
0 0.2309278350515464 0.42923076923076925 0.01134020618556701 0.02923076923076923
0 0.9123711340206185 0.08615384615384615 0.006185567010309278 0.012307692307692308
0 0.10515463917525773 0.0 0.006185567010309278 0.012307692307692308
0 0.009278350515463918 0.06461538461538462 0.006185567010309278 0.012307692307692308
0 0.5793814432989691 0.12 0.007216494845360825 0.013846153846153847
0 0.05567010309278351 0.45384615384615384 0.01134020618556701 0.02923076923076923
0 0.3247422680412371 0.12923076923076923 0.007216494845360825 0.013846153846153847
0 0.32061855670103095 0.10615384615384615 0.006185567010309278 0.012307692307692308
0 0.27835051546391754 0.54 0.01134020618556701 0.02923076923076923
0 0.1670103092783505 0.3861538461538462 0.007216494845360825 0.013846153846153847
0 0.7402061855670103 0.11384615384615385 0.006185567010309278 0.012307692307692308
0 0.1 0.016923076923076923 0.006185567010309278 0.012307692307692308
0 0.43402061855670104 0.17076923076923076 0.007216494845360825 0.013846153846153847
0 0.5773195876288659 0.24 0.007216494845360825 0.013846153846153847
0 0.7288659793814433 0.06307692307692307 0.006185567010309278 0.012307692307692308
0 0.0731958762886598 0.06769230769230769 0.006185567010309278 0.012307692307692308
0 0.04020618556701031 0.8769230769230769 0.013402061855670102 0.02923076923076923
0 0.6907216494845361 0.6353846153846154 0.01134020618556701 0.02923076923076923
0 0.7597938144329897 0.003076923076923077 0.006185567010309278 0.012307692307692308
0 0.17422680412371133 0.06615384615384616 0.006185567010309278 0.012307692307692308
0 0.2134020618556701 0.023076923076923078 0.006185567010309278 0.012307692307692308
0 0.2556701030927835 0.016923076923076923 0.006185567010309278 0.012307692307692308
0 0.6711340206185566 0.003076923076923077 0.006185567010309278 0.012307692307692308
0 0.01958762886597938 0.02923076923076923 0.006185567010309278 0.012307692307692308
0 0.016494845360824743 0.009230769230769232 0.006185567010309278 0.012307692307692308
0 0.09484536082474226 0.07846153846153846 0.006185567010309278 0.012307692307692308
0 0.44948453608247424 0.19230769230769232 0.007216494845360825 0.013846153846153847
0 0.4515463917525773 0.7323076923076923 0.013402061855670102 0.02923076923076923
0 0.24536082474226803 0.5061538461538462 0.01134020618556701 0.02923076923076923
0 0.18556701030927836 0.796923076923077 0.013402061855670102 0.02923076923076923
0 0.511340206185567 0.1123076923076923 0.006185567010309278 0.012307692307692308
0 0.6020618556701031 0.08615384615384615 0.006185567010309278 0.012307692307692308
0 0.44329896907216493 0.03538461538461538 0.006185567010309278 0.012307692307692308
0 0.10103092783505155 0.8646153846153846 0.013402061855670102 0.02923076923076923
0 0.0 0.14615384615384616 0.007216494845360825 0.013846153846153847
0 0.8865979381443299 0.10153846153846154 0.006185567010309278 0.012307692307692308
0 0.7154639175257732 0.16923076923076924 0.007216494845360825 0.013846153846153847
0 0.22474226804123712 0.06923076923076923 0.006185567010309278 0.012307692307692308
0 0.19072164948453607 0.2523076923076923 0.007216494845360825 0.013846153846153847
0 0.7649484536082474 0.12307692307692308 0.007216494845360825 0.013846153846153847
0 0.4 0.8938461538461538 0.013402061855670102 0.02923076923076923
0 0.10824742268041238 0.31076923076923074 0.007216494845360825 0.013846153846153847
0 0.6391752577319587 0.6707692307692308 0.01134020618556701 0.02923076923076923
0 0.088659793814433 0.24769230769230768 0.007216494845360825 0.013846153846153847
0 0.9164948453608247 0.2246153846153846 0.007216494845360825 0.013846153846153847
0 0.8030927835051547 0.36615384615384616 0.007216494845360825 0.013846153846153847
0 0.5360824742268041 0.12307692307692308 0.007216494845360825 0.013846153846153847
0 0.34845360824742266 0.024615384615384615 0.006185567010309278 0.012307692307692308
0 0.05670103092783505 0.4015384615384615 0.01134020618556701 0.02923076923076923
0 0.22268041237113403 0.10615384615384615 0.006185567010309278 0.012307692307692308
0 0.47216494845360824 0.03076923076923077 0.006185567010309278 0.012307692307692308
0 0.9154639175257732 0.3261538461538461 0.007216494845360825 0.013846153846153847
0 0.8762886597938144 0.08615384615384615 0.006185567010309278 0.012307692307692308
0 0.7329896907216494 0.0015384615384615385 0.006185567010309278 0.012307692307692308
0 0.33505154639175255 0.046153846153846156 0.006185567010309278 0.012307692307692308
0 0.9824742268041237 0.06769230769230769 0.006185567010309278 0.012307692307692308
0 0.37010309278350517 0.3169230769230769 0.007216494845360825 0.013846153846153847
0 0.03402061855670103 0.0876923076923077 0.006185567010309278 0.012307692307692308
0 0.3030927835051546 0.1 0.006185567010309278 0.012307692307692308
0 0.3917525773195876 0.6353846153846154 0.01134020618556701 0.02923076923076923
0 0.5649484536082474 0.3476923076923077 0.007216494845360825 0.013846153846153847
0 0.3247422680412371 0.44153846153846155 0.01134020618556701 0.02923076923076923
0 0.4092783505154639 0.1076923076923077 0.006185567010309278 0.012307692307692308
0 0.3731958762886598 0.046153846153846156 0.006185567010309278 0.012307692307692308
0 0.8793814432989691 0.5323076923076923 0.01134020618556701 0.02923076923076923
0 0.6030927835051546 0.027692307692307693 0.006185567010309278 0.012307692307692308
0 0.9443298969072165 0.2246153846153846 0.007216494845360825 0.013846153846153847
0 0.8350515463917526 0.015384615384615385 0.006185567010309278 0.012307692307692308
0 0.677319587628866 0.11384615384615385 0.006185567010309278 0.012307692307692308
0 0.3577319587628866 0.033846153846153845 0.006185567010309278 0.012307692307692308
0 0.17422680412371133 0.006153846153846154 0.006185567010309278 0.012307692307692308
0 0.27422680412371137 0.12 0.007216494845360825 0.013846153846153847
0 0.3680412371134021 0.42615384615384616 0.01134020618556701 0.02923076923076923
0 0.3649484536082474 0.3523076923076923 0.007216494845360825 0.013846153846153847
0 0.7618556701030927 0.1723076923076923 0.007216494845360825 0.013846153846153847
0 0.4742268041237113 0.06461538461538462 0.006185567010309278 0.012307692307692308
0 0.845360824742268 0.18461538461538463 0.007216494845360825 0.013846153846153847
0 0.797938144329897 0.12307692307692308 0.007216494845360825 0.013846153846153847
0 0.8123711340206186 0.015384615384615385 0.006185567010309278 0.012307692307692308
0 0.32989690721649484 0.026153846153846153 0.006185567010309278 0.012307692307692308
0 0.9226804123711341 0.28615384615384615 0.007216494845360825 0.013846153846153847
0 0.6865979381443299 0.40923076923076923 0.01134020618556701 0.02923076923076923
0 0.2958762886597938 0.1646153846153846 0.007216494845360825 0.013846153846153847
0 0.9350515463917526 0.556923076923077 0.01134020618556701 0.02923076923076923
0 0.4154639175257732 0.06307692307692307 0.006185567010309278 0.012307692307692308
0 0.17525773195876287 0.1723076923076923 0.007216494845360825 0.013846153846153847
0 0.2649484536082474 0.05846153846153846 0.006185567010309278 0.012307692307692308
0 0.40515463917525774 0.3507692307692308 0.007216494845360825 0.013846153846153847
0 0.23402061855670103 0.14307692307692307 0.007216494845360825 0.013846153846153847
0 0.11134020618556702 0.03076923076923077 0.006185567010309278 0.012307692307692308
0 0.03711340206185567 0.015384615384615385 0.006185567010309278 0.012307692307692308
0 0.44536082474226807 0.11846153846153847 0.007216494845360825 0.013846153846153847
0 0.4948453608247423 0.6046153846153847 0.01134020618556701 0.02923076923076923
0 0.9278350515463918 0.046153846153846156 0.006185567010309278 0.012307692307692308
0 0.865979381443299 0.39384615384615385 0.007216494845360825 0.013846153846153847
0 0.7061855670103093 0.12923076923076923 0.007216494845360825 0.013846153846153847
0 0.09690721649484536 0.04 0.006185567010309278 0.012307692307692308
0 0.023711340206185566 0.06307692307692307 0.006185567010309278 0.012307692307692308
0 0.25773195876288657 0.1676923076923077 0.007216494845360825 0.013846153846153847
0 0.002061855670103093 0.18769230769230769 0.007216494845360825 0.013846153846153847
0 0.8123711340206186 0.09230769230769231 0.006185567010309278 0.012307692307692308
0 0.9948453608247423 0.30615384615384617 0.007216494845360825 0.013846153846153847
0 0.3938144329896907 0.4969230769230769 0.01134020618556701 0.02923076923076923
0 0.1360824742268041 0.3984615384615385 0.01134020618556701 0.02923076923076923
0 0.7525773195876289 0.15692307692307692 0.007216494845360825 0.013846153846153847
0 0.465979381443299 0.6092307692307692 0.01134020618556701 0.02923076923076923
0 0.845360824742268 0.08615384615384615 0.006185567010309278 0.012307692307692308
0 0.3804123711340206 0.16153846153846155 0.007216494845360825 0.013846153846153847
0 0.9134020618556701 0.26153846153846155 0.007216494845360825 0.013846153846153847
0 0.5371134020618556 0.6153846153846154 0.01134020618556701 0.02923076923076923
0 0.45463917525773195 0.14307692307692307 0.007216494845360825 0.013846153846153847
0 0.15463917525773196 0.19076923076923077 0.007216494845360825 0.013846153846153847
0 0.98659793814433 0.3323076923076923 0.007216494845360825 0.013846153846153847
0 0.25463917525773194 0.1 0.006185567010309278 0.012307692307692308
0 0.9690721649484536 0.38769230769230767 0.007216494845360825 0.013846153846153847
0 0.6329896907216495 0.12307692307692308 0.007216494845360825 0.013846153846153847
0 0.9938144329896907 0.36615384615384616 0.007216494845360825 0.013846153846153847
0 0.5484536082474227 0.19692307692307692 0.007216494845360825 0.013846153846153847
0 0.38556701030927837 0.20307692307692307 0.007216494845360825 0.013846153846153847
0 0.21649484536082475 0.36923076923076925 0.007216494845360825 0.013846153846153847
0 0.48350515463917526 0.13692307692307693 0.007216494845360825 0.013846153846153847
0 0.06804123711340206 0.02923076923076923 0.006185567010309278 0.012307692307692308
0 0.545360824742268 0.004615384615384616 0.006185567010309278 0.012307692307692308
0 0.43195876288659796 0.006153846153846154 0.006185567010309278 0.012307692307692308
0 0.37938144329896906 0.07538461538461538 0.006185567010309278 0.012307692307692308
0 0.7762886597938145 0.8815384615384615 0.013402061855670102 0.02923076923076923
0 0.6206185567010309 0.4907692307692308 0.01134020618556701 0.02923076923076923
0 0.38144329896907214 0.03538461538461538 0.006185567010309278 0.012307692307692308
0 0.3907216494845361 0.4323076923076923 0.01134020618556701 0.02923076923076923
0 0.7030927835051546 0.010769230769230769 0.006185567010309278 0.012307692307692308
0 0.5268041237113402 0.2676923076923077 0.007216494845360825 0.013846153846153847
0 0.7793814432989691 0.39384615384615385 0.007216494845360825 0.013846153846153847
0 0.9092783505154639 0.10461538461538461 0.006185567010309278 0.012307692307692308
0 0.5288659793814433 0.07538461538461538 0.006185567010309278 0.012307692307692308
0 0.3824742268041237 0.26 0.007216494845360825 0.013846153846153847
0 0.9505154639175257 0.7338461538461538 0.013402061855670102 0.02923076923076923
0 0.32061855670103095 0.0876923076923077 0.006185567010309278 0.012307692307692308
0 0.5412371134020618 0.6661538461538462 0.01134020618556701 0.02923076923076923
0 0.5463917525773195 0.48923076923076925 0.01134020618556701 0.02923076923076923
0 0.21649484536082475 0.5661538461538461 0.01134020618556701 0.02923076923076923
0 0.7958762886597938 0.036923076923076927 0.006185567010309278 0.012307692307692308
0 0.009278350515463918 0.023076923076923078 0.006185567010309278 0.012307692307692308
0 0.058762886597938144 0.14923076923076922 0.007216494845360825 0.013846153846153847
0 0.2670103092783505 0.11846153846153847 0.007216494845360825 0.013846153846153847
0 0.21443298969072164 0.703076923076923 0.013402061855670102 0.02923076923076923
0 0.029896907216494847 0.018461538461538463 0.006185567010309278 0.012307692307692308
0 0.7288659793814433 0.20923076923076922 0.007216494845360825 0.013846153846153847
0 0.16288659793814433 0.25384615384615383 0.007216494845360825 0.013846153846153847
0 0.6371134020618556 0.006153846153846154 0.006185567010309278 0.012307692307692308
0 0.31649484536082473 0.16153846153846155 0.007216494845360825 0.013846153846153847
0 0.554639175257732 0.28923076923076924 0.007216494845360825 0.013846153846153847
0 0.031958762886597936 0.04461538461538461 0.006185567010309278 0.012307692307692308
0 0.8752577319587629 0.3076923076923077 0.007216494845360825 0.013846153846153847
0 0.6927835051546392 0.018461538461538463 0.006185567010309278 0.012307692307692308
0 0.07422680412371134 0.3292307692307692 0.007216494845360825 0.013846153846153847
0 0.8340206185567011 0.6584615384615384 0.01134020618556701 0.02923076923076923
0 0.38144329896907214 0.48923076923076925 0.01134020618556701 0.02923076923076923
0 0.18762886597938144 0.15384615384615385 0.007216494845360825 0.013846153846153847
0 0.003092783505154639 0.2153846153846154 0.007216494845360825 0.013846153846153847
0 0.16082474226804125 0.03076923076923077 0.006185567010309278 0.012307692307692308
0 0.6505154639175258 0.8153846153846154 0.013402061855670102 0.02923076923076923
0 0.5443298969072164 0.036923076923076927 0.006185567010309278 0.012307692307692308
0 0.6412371134020619 0.19384615384615383 0.007216494845360825 0.013846153846153847
0 0.8288659793814434 0.2553846153846154 0.007216494845360825 0.013846153846153847
0 0.05154639175257732 0.021538461538461538 0.006185567010309278 0.012307692307692308
0 0.008247422680412371 0.036923076923076927 0.006185567010309278 0.012307692307692308
0 0.12268041237113401 0.24461538461538462 0.007216494845360825 0.013846153846153847
0 0.2381443298969072 0.08461538461538462 0.006185567010309278 0.012307692307692308
0 0.28865979381443296 0.13846153846153847 0.007216494845360825 0.013846153846153847
0 0.6494845360824743 0.09538461538461539 0.006185567010309278 0.012307692307692308
0 0.9958762886597938 0.15846153846153846 0.006185567010309278 0.012307692307692308
0 0.6731958762886598 0.023076923076923078 0.006185567010309278 0.012307692307692308
0 0.9257731958762887 0.09538461538461539 0.006185567010309278 0.012307692307692308
0 0.7721649484536083 0.03076923076923077 0.006185567010309278 0.012307692307692308
0 0.041237113402061855 0.7523076923076923 0.013402061855670102 0.02923076923076923
0 0.35051546391752575 0.04461538461538461 0.006185567010309278 0.012307692307692308
0 0.8536082474226804 0.2246153846153846 0.007216494845360825 0.013846153846153847
0 0.3422680412371134 0.2169230769230769 0.007216494845360825 0.013846153846153847
0 0.4288659793814433 0.05384615384615385 0.006185567010309278 0.012307692307692308
0 0.1865979381443299 0.6430769230769231 0.01134020618556701 0.02923076923076923
0 0.027835051546391754 0.03230769230769231 0.006185567010309278 0.012307692307692308
0 0.8886597938144329 0.052307692307692305 0.006185567010309278 0.012307692307692308
0 0.211340206185567 0.7107692307692308 0.013402061855670102 0.02923076923076923
0 0.8206185567010309 0.27692307692307694 0.007216494845360825 0.013846153846153847
0 0.4814432989690722 0.2630769230769231 0.007216494845360825 0.013846153846153847
0 0.709278350515464 0.08461538461538462 0.006185567010309278 0.012307692307692308
0 0.9237113402061856 0.40923076923076923 0.01134020618556701 0.02923076923076923
0 0.3556701030927835 0.05692307692307692 0.006185567010309278 0.012307692307692308
0 0.9731958762886598 0.27076923076923076 0.007216494845360825 0.013846153846153847
0 0.4865979381443299 0.676923076923077 0.01134020618556701 0.02923076923076923
0 0.3804123711340206 0.32 0.007216494845360825 0.013846153846153847
0 0.38969072164948454 0.0015384615384615385 0.006185567010309278 0.012307692307692308
0 0.32783505154639175 0.11384615384615385 0.006185567010309278 0.012307692307692308
0 0.49072164948453606 0.036923076923076927 0.006185567010309278 0.012307692307692308
0 0.6659793814432989 0.49846153846153846 0.01134020618556701 0.02923076923076923
0 0.16907216494845362 0.2969230769230769 0.007216494845360825 0.013846153846153847
0 0.49690721649484537 0.2323076923076923 0.007216494845360825 0.013846153846153847
0 0.4742268041237113 0.013846153846153847 0.006185567010309278 0.012307692307692308
0 0.6670103092783505 0.04153846153846154 0.006185567010309278 0.012307692307692308
0 0.33505154639175255 0.6307692307692307 0.01134020618556701 0.02923076923076923
0 0.5195876288659794 0.19692307692307692 0.007216494845360825 0.013846153846153847
0 0.031958762886597936 0.25076923076923074 0.007216494845360825 0.013846153846153847
0 0.21443298969072164 0.5523076923076923 0.01134020618556701 0.02923076923076923
0 0.0711340206185567 0.0015384615384615385 0.006185567010309278 0.012307692307692308
0 0.13505154639175257 0.06153846153846154 0.006185567010309278 0.012307692307692308
0 0.8556701030927835 0.12 0.007216494845360825 0.013846153846153847
0 0.10309278350515463 0.10923076923076923 0.006185567010309278 0.012307692307692308
0 0.2020618556701031 0.04 0.006185567010309278 0.012307692307692308
0 0.7711340206185567 0.23076923076923078 0.007216494845360825 0.013846153846153847
0 0.0865979381443299 0.018461538461538463 0.006185567010309278 0.012307692307692308
0 0.6195876288659794 0.28 0.007216494845360825 0.013846153846153847
0 0.10721649484536082 0.18153846153846154 0.007216494845360825 0.013846153846153847
0 0.5474226804123712 0.09076923076923077 0.006185567010309278 0.012307692307692308
0 0.26288659793814434 0.08 0.006185567010309278 0.012307692307692308
0 0.4402061855670103 0.33076923076923076 0.007216494845360825 0.013846153846153847
0 0.2876288659793814 0.0 0.006185567010309278 0.012307692307692308
0 0.6072164948453608 0.26461538461538464 0.007216494845360825 0.013846153846153847
0 0.5711340206185567 0.15076923076923077 0.007216494845360825 0.013846153846153847
0 0.8824742268041237 0.6753846153846154 0.01134020618556701 0.02923076923076923
0 0.18969072164948453 0.02 0.006185567010309278 0.012307692307692308
0 0.32989690721649484 0.6 0.01134020618556701 0.02923076923076923
0 0.1154639175257732 0.14615384615384616 0.007216494845360825 0.013846153846153847
0 0.3020618556701031 0.11692307692307692 0.006185567010309278 0.012307692307692308
0 0.088659793814433 0.09538461538461539 0.006185567010309278 0.012307692307692308
0 0.654639175257732 0.07846153846153846 0.006185567010309278 0.012307692307692308
0 0.7134020618556701 0.10153846153846154 0.006185567010309278 0.012307692307692308
0 0.8804123711340206 0.012307692307692308 0.006185567010309278 0.012307692307692308
0 0.8103092783505155 0.41846153846153844 0.01134020618556701 0.02923076923076923
0 0.8969072164948454 0.8415384615384616 0.013402061855670102 0.02923076923076923
0 0.8329896907216495 0.12615384615384614 0.007216494845360825 0.013846153846153847
0 0.843298969072165 0.015384615384615385 0.006185567010309278 0.012307692307692308
0 0.4288659793814433 0.26 0.007216494845360825 0.013846153846153847
0 0.9752577319587629 0.12 0.007216494845360825 0.013846153846153847
0 0.5381443298969072 0.047692307692307694 0.006185567010309278 0.012307692307692308
0 0.8402061855670103 0.2276923076923077 0.007216494845360825 0.013846153846153847
0 0.7618556701030927 0.6630769230769231 0.01134020618556701 0.02923076923076923
0 0.7835051546391752 0.26153846153846155 0.007216494845360825 0.013846153846153847
0 0.07938144329896907 0.038461538461538464 0.006185567010309278 0.012307692307692308
0 0.27319587628865977 0.07846153846153846 0.006185567010309278 0.012307692307692308
0 0.4298969072164949 0.09076923076923077 0.006185567010309278 0.012307692307692308
