0 0.4995112414467253 0.017391304347826087 0.004887585532746823 0.006956521739130435
0 0.3782991202346041 0.3843478260869565 0.020527859237536656 0.04521739130434783
0 0.12121212121212122 0.07130434782608695 0.004887585532746823 0.006956521739130435
0 0.7585532746823069 0.20695652173913043 0.016617790811339198 0.03130434782608696
0 0.017595307917888565 0.18434782608695652 0.016617790811339198 0.03130434782608696
0 0.07624633431085044 0.14782608695652175 0.015640273704789834 0.02434782608695652
0 0.4574780058651026 0.07130434782608695 0.004887585532746823 0.006956521739130435
0 0.4868035190615836 0.7791304347826087 0.03714565004887586 0.0817391304347826
0 0.2678396871945259 0.16869565217391305 0.015640273704789834 0.02434782608695652
0 0.8993157380254154 0.12173913043478261 0.015640273704789834 0.02434782608695652
0 0.25806451612903225 0.26260869565217393 0.016617790811339198 0.03130434782608696
0 0.42717497556207235 0.3269565217391304 0.020527859237536656 0.04521739130434783
0 0.21114369501466276 0.3008695652173913 0.020527859237536656 0.04521739130434783
0 0.6881720430107527 0.06260869565217392 0.004887585532746823 0.006956521739130435
0 0.6686217008797654 0.04521739130434783 0.004887585532746823 0.006956521739130435
0 0.6168132942326491 0.1582608695652174 0.015640273704789834 0.02434782608695652
0 0.7409579667644184 0.04173913043478261 0.004887585532746823 0.006956521739130435
0 0.3763440860215054 0.3426086956521739 0.020527859237536656 0.04521739130434783
0 0.26881720430107525 0.41391304347826086 0.026392961876832845 0.04521739130434783
0 0.44086021505376344 0.3634782608695652 0.020527859237536656 0.04521739130434783
0 0.11339198435972629 0.5008695652173913 0.026392961876832845 0.04521739130434783
0 0.04105571847507331 0.1356521739130435 0.015640273704789834 0.02434782608695652
0 0.45161290322580644 0.40869565217391307 0.020527859237536656 0.04521739130434783
0 0.6177908113391984 0.40695652173913044 0.020527859237536656 0.04521739130434783
0 0.06744868035190615 0.06782608695652174 0.004887585532746823 0.006956521739130435
0 0.8690127077223851 0.04173913043478261 0.004887585532746823 0.006956521739130435
0 0.10068426197458455 0.3339130434782609 0.020527859237536656 0.04521739130434783
0 0.28934506353861195 0.06260869565217392 0.004887585532746823 0.006956521739130435
0 0.2434017595307918 0.21391304347826087 0.016617790811339198 0.03130434782608696
0 0.20430107526881722 0.24695652173913044 0.016617790811339198 0.03130434782608696
0 0.5210166177908113 0.3791304347826087 0.020527859237536656 0.04521739130434783
0 0.002932551319648094 0.7426086956521739 0.03714565004887586 0.0817391304347826
0 0.19452590420332355 0.13391304347826086 0.015640273704789834 0.02434782608695652
0 0.8611925708699902 0.3026086956521739 0.020527859237536656 0.04521739130434783
0 0.2619745845552297 0.06608695652173913 0.004887585532746823 0.006956521739130435
0 0.7214076246334311 0.6452173913043479 0.030303030303030304 0.06260869565217392
0 0.1906158357771261 0.01565217391304348 0.004887585532746823 0.006956521739130435
0 0.3655913978494624 0.12869565217391304 0.015640273704789834 0.02434782608695652
0 0.4467253176930596 0.4643478260869565 0.026392961876832845 0.04521739130434783
0 0.501466275659824 0.12521739130434784 0.015640273704789834 0.02434782608695652
0 0.4682306940371456 0.057391304347826085 0.004887585532746823 0.006956521739130435
0 0.08308895405669599 0.19304347826086957 0.016617790811339198 0.03130434782608696
0 0.386119257086999 0.5356521739130434 0.026392961876832845 0.04521739130434783
0 0.05571847507331378 0.34782608695652173 0.020527859237536656 0.04521739130434783
0 0.5483870967741935 0.33217391304347826 0.020527859237536656 0.04521739130434783
0 0.7820136852394917 0.17043478260869566 0.015640273704789834 0.02434782608695652
0 0.501466275659824 0.20695652173913043 0.016617790811339198 0.03130434782608696
0 0.19159335288367546 0.06260869565217392 0.004887585532746823 0.006956521739130435
0 0.533724340175953 0.050434782608695654 0.004887585532746823 0.006956521739130435
0 0.4604105571847507 0.06260869565217392 0.004887585532746823 0.006956521739130435
0 0.7468230694037146 0.3808695652173913 0.020527859237536656 0.04521739130434783
0 0.2238514173998045 0.3843478260869565 0.020527859237536656 0.04521739130434783
0 0.9716520039100685 0.3982608695652174 0.020527859237536656 0.04521739130434783
0 0.9980449657869013 0.029565217391304348 0.004887585532746823 0.006956521739130435
0 0.7243401759530792 0.05217391304347826 0.004887585532746823 0.006956521739130435
0 0.6725317693059628 0.4191304347826087 0.026392961876832845 0.04521739130434783
0 0.20918866080156404 0.32521739130434785 0.020527859237536656 0.04521739130434783
0 0.7565982404692082 0.13217391304347825 0.015640273704789834 0.02434782608695652
0 0.8651026392961877 0.12 0.015640273704789834 0.02434782608695652
0 0.9325513196480938 0.03304347826086956 0.004887585532746823 0.006956521739130435
0 0.17497556207233628 0.019130434782608695 0.004887585532746823 0.006956521739130435
0 0.1495601173020528 0.21913043478260869 0.016617790811339198 0.03130434782608696
0 0.8269794721407625 0.23478260869565218 0.016617790811339198 0.03130434782608696
0 0.3949169110459433 0.14782608695652175 0.015640273704789834 0.02434782608695652
0 0.01466275659824047 0.020869565217391306 0.004887585532746823 0.006956521739130435
0 0.05865102639296188 0.22086956521739132 0.016617790811339198 0.03130434782608696
0 0.9305962854349951 0.3582608695652174 0.020527859237536656 0.04521739130434783
0 0.3567937438905181 0.16 0.015640273704789834 0.02434782608695652
0 0.7644183773216031 0.13391304347826086 0.015640273704789834 0.02434782608695652
0 0.6226783968719453 0.017391304347826087 0.004887585532746823 0.006956521739130435
0 0.35386119257087 0.22608695652173913 0.016617790811339198 0.03130434782608696
0 0.22482893450635386 0.07130434782608695 0.004887585532746823 0.006956521739130435
0 0.19941348973607037 0.1582608695652174 0.015640273704789834 0.02434782608695652
0 0.6001955034213099 0.022608695652173914 0.004887585532746823 0.006956521739130435
0 0.656891495601173 0.1426086956521739 0.015640273704789834 0.02434782608695652
0 0.8152492668621701 0.2417391304347826 0.016617790811339198 0.03130434782608696
0 0.176930596285435 0.04869565217391304 0.004887585532746823 0.006956521739130435
0 0.26588465298142716 0.02434782608695652 0.004887585532746823 0.006956521739130435
0 0.7096774193548387 0.06086956521739131 0.004887585532746823 0.006956521739130435
0 0.8680351906158358 0.1356521739130435 0.015640273704789834 0.02434782608695652
0 0.4496578690127077 0.17217391304347826 0.015640273704789834 0.02434782608695652
0 0.15151515151515152 0.01391304347826087 0.004887585532746823 0.006956521739130435
0 0.016617790811339198 0.1582608695652174 0.015640273704789834 0.02434782608695652
0 0.10459433040078202 0.1373913043478261 0.015640273704789834 0.02434782608695652
0 0.5855327468230694 0.02434782608695652 0.004887585532746823 0.006956521739130435
0 0.34506353861192574 0.2643478260869565 0.016617790811339198 0.03130434782608696
0 0.5474095796676441 0.20347826086956522 0.016617790811339198 0.03130434782608696
0 0.5728250244379277 0.1565217391304348 0.015640273704789834 0.02434782608695652
0 0.21700879765395895 0.28695652173913044 0.020527859237536656 0.04521739130434783
0 0.8387096774193549 0.3356521739130435 0.020527859237536656 0.04521739130434783
0 0.41935483870967744 0.050434782608695654 0.004887585532746823 0.006956521739130435
0 0.23949169110459434 0.15304347826086956 0.015640273704789834 0.02434782608695652
0 0.6842619745845552 0.35304347826086957 0.020527859237536656 0.04521739130434783
0 0.1935483870967742 0.17565217391304347 0.016617790811339198 0.03130434782608696
0 0.8944281524926686 0.1426086956521739 0.015640273704789834 0.02434782608695652
0 0.21700879765395895 0.06608695652173913 0.004887585532746823 0.006956521739130435
0 0.3519061583577713 0.010434782608695653 0.004887585532746823 0.006956521739130435
0 0.7575757575757576 0.7443478260869565 0.03714565004887586 0.0817391304347826
0 0.01466275659824047 0.06608695652173913 0.004887585532746823 0.006956521739130435
0 0.5913978494623656 0.12869565217391304 0.015640273704789834 0.02434782608695652
0 0.24926686217008798 0.02608695652173913 0.004887585532746823 0.006956521739130435
0 0.6383186705767351 0.06260869565217392 0.004887585532746823 0.006956521739130435
0 0.5434995112414467 0.050434782608695654 0.004887585532746823 0.006956521739130435
0 0.3919843597262952 0.1582608695652174 0.015640273704789834 0.02434782608695652
0 0.6480938416422287 0.15130434782608695 0.015640273704789834 0.02434782608695652
0 0.6158357771260997 0.020869565217391306 0.004887585532746823 0.006956521739130435
0 0.03519061583577713 0.4852173913043478 0.026392961876832845 0.04521739130434783
0 0.21114369501466276 0.1443478260869565 0.015640273704789834 0.02434782608695652
0 0.7135874877810362 0.04695652173913043 0.004887585532746823 0.006956521739130435
0 0.21505376344086022 0.18434782608695652 0.016617790811339198 0.03130434782608696
0 0.3206256109481916 0.3130434782608696 0.020527859237536656 0.04521739130434783
0 0.22189638318670576 0.8208695652173913 0.03714565004887586 0.0817391304347826
0 0.9149560117302052 0.30434782608695654 0.020527859237536656 0.04521739130434783
0 0.8103616813294232 0.13391304347826086 0.015640273704789834 0.02434782608695652
0 0.8826979472140762 0.04869565217391304 0.004887585532746823 0.006956521739130435
0 0.08602150537634409 0.22260869565217392 0.016617790811339198 0.03130434782608696
0 0.8934506353861192 0.17043478260869566 0.015640273704789834 0.02434782608695652
0 0.02737047898338221 0.04173913043478261 0.004887585532746823 0.006956521739130435
0 0.6823069403714564 0.44521739130434784 0.026392961876832845 0.04521739130434783
0 0.9266862170087976 0.6365217391304347 0.030303030303030304 0.06260869565217392
0 0.6226783968719453 0.19652173913043477 0.016617790811339198 0.03130434782608696
0 0.13098729227761485 0.16869565217391305 0.015640273704789834 0.02434782608695652
0 0.5004887585532747 0.14608695652173914 0.015640273704789834 0.02434782608695652
0 0.6363636363636364 0.13391304347826086 0.015640273704789834 0.02434782608695652
0 0.5024437927663734 0.036521739130434785 0.004887585532746823 0.006956521739130435
0 0.7869012707722385 0.06434782608695652 0.004887585532746823 0.006956521739130435
0 0.030303030303030304 0.034782608695652174 0.004887585532746823 0.006956521739130435
0 0.08211143695014662 0.8660869565217392 0.03714565004887586 0.0817391304347826
0 0.7409579667644184 0.19478260869565217 0.016617790811339198 0.03130434782608696
0 0.7233626588465298 0.1582608695652174 0.015640273704789834 0.02434782608695652
0 0.9882697947214076 0.11478260869565217 0.004887585532746823 0.006956521739130435
0 0.20821114369501467 0.21391304347826087 0.016617790811339198 0.03130434782608696
0 0.45454545454545453 0.21739130434782608 0.016617790811339198 0.03130434782608696
0 0.5288367546432062 0.44173913043478263 0.026392961876832845 0.04521739130434783
0 0.5464320625610948 0.25565217391304346 0.016617790811339198 0.03130434782608696
0 0.7194525904203324 0.029565217391304348 0.004887585532746823 0.006956521739130435
0 0.6529814271749755 0.06260869565217392 0.004887585532746823 0.006956521739130435
0 0.19257086999022482 0.27304347826086955 0.020527859237536656 0.04521739130434783
0 0.0635386119257087 0.18956521739130436 0.016617790811339198 0.03130434782608696
0 0.6862170087976539 0.4834782608695652 0.026392961876832845 0.04521739130434783
0 0.34701857282502446 0.19130434782608696 0.016617790811339198 0.03130434782608696
0 0.8220918866080157 0.1373913043478261 0.015640273704789834 0.02434782608695652
0 0.14565004887585534 0.24695652173913044 0.016617790811339198 0.03130434782608696
0 0.7624633431085044 0.43478260869565216 0.026392961876832845 0.04521739130434783
0 0.33724340175953077 0.3008695652173913 0.020527859237536656 0.04521739130434783
0 0.9335288367546432 0.18956521739130436 0.016617790811339198 0.03130434782608696
0 0.1495601173020528 0.04869565217391304 0.004887585532746823 0.006956521739130435
0 0.5102639296187683 0.6852173913043478 0.030303030303030304 0.06260869565217392
0 0.9149560117302052 0.03304347826086956 0.004887585532746823 0.006956521739130435
0 0.5004887585532747 0.2417391304347826 0.016617790811339198 0.03130434782608696
0 0.6959921798631477 0.034782608695652174 0.004887585532746823 0.006956521739130435
0 0.15347018572825025 0.06434782608695652 0.004887585532746823 0.006956521739130435
0 0.11143695014662756 0.5547826086956522 0.030303030303030304 0.06260869565217392
0 0.5513196480938416 0.043478260869565216 0.004887585532746823 0.006956521739130435
0 0.3391984359726295 0.1634782608695652 0.015640273704789834 0.02434782608695652
0 0.30596285434995113 0.20347826086956522 0.016617790811339198 0.03130434782608696
0 0.5190615835777126 0.08347826086956522 0.004887585532746823 0.006956521739130435
0 0.6383186705767351 0.16869565217391305 0.015640273704789834 0.02434782608695652
0 0.8826979472140762 0.19130434782608696 0.016617790811339198 0.03130434782608696
0 0.4701857282502444 0.03304347826086956 0.004887585532746823 0.006956521739130435
0 0.24242424242424243 0.27652173913043476 0.020527859237536656 0.04521739130434783
0 0.8729227761485826 0.49217391304347824 0.026392961876832845 0.04521739130434783
0 0.9159335288367546 0.06260869565217392 0.004887585532746823 0.006956521739130435
0 0.5513196480938416 0.02782608695652174 0.004887585532746823 0.006956521739130435
0 0.13294232649071358 0.02434782608695652 0.004887585532746823 0.006956521739130435
0 0.059628543499511244 0.2817391304347826 0.020527859237536656 0.04521739130434783
0 0.5953079178885631 0.02608695652173913 0.004887585532746823 0.006956521739130435
0 0.6471163245356794 0.2747826086956522 0.020527859237536656 0.04521739130434783
0 0.14760508308895406 0.1408695652173913 0.015640273704789834 0.02434782608695652
0 0.6021505376344086 0.288695652173913 0.020527859237536656 0.04521739130434783
0 0.1300097751710655 0.21217391304347827 0.016617790811339198 0.03130434782608696
0 0.16715542521994134 0.21913043478260869 0.016617790811339198 0.03130434782608696
0 0.1348973607038123 0.3617391304347826 0.020527859237536656 0.04521739130434783
0 0.9354838709677419 0.21565217391304348 0.016617790811339198 0.03130434782608696
0 0.0635386119257087 0.04869565217391304 0.004887585532746823 0.006956521739130435
0 0.9814271749755621 0.13217391304347825 0.004887585532746823 0.006956521739130435
0 0.4613880742913001 0.1582608695652174 0.015640273704789834 0.02434782608695652
0 0.07331378299120235 0.05565217391304348 0.004887585532746823 0.006956521739130435
0 0.5366568914956011 0.14956521739130435 0.015640273704789834 0.02434782608695652
0 0.6608015640273704 0.036521739130434785 0.004887585532746823 0.006956521739130435
0 0.7487781036168133 0.22434782608695653 0.016617790811339198 0.03130434782608696
0 0.8934506353861192 0.03826086956521739 0.004887585532746823 0.006956521739130435
0 0.8768328445747801 0.1373913043478261 0.015640273704789834 0.02434782608695652
0 0.15347018572825025 0.17565217391304347 0.016617790811339198 0.03130434782608696
0 0.6627565982404692 0.3391304347826087 0.020527859237536656 0.04521739130434783
0 0.4398826979472141 0.2817391304347826 0.020527859237536656 0.04521739130434783
0 0.3391984359726295 0.19478260869565217 0.016617790811339198 0.03130434782608696
0 0.28641251221896386 0.020869565217391306 0.004887585532746823 0.006956521739130435
0 0.09286412512218964 0.04 0.004887585532746823 0.006956521739130435
0 0.2805474095796676 0.057391304347826085 0.004887585532746823 0.006956521739130435
0 0.9521016617790812 0.551304347826087 0.026392961876832845 0.04521739130434783
0 0.552297165200391 0.13391304347826086 0.015640273704789834 0.02434782608695652
0 0.4965786901270772 0.542608695652174 0.030303030303030304 0.06260869565217392
0 0.41544477028348 0.1582608695652174 0.015640273704789834 0.02434782608695652
0 0.020527859237536656 0.4608695652173913 0.026392961876832845 0.04521739130434783
0 0.27663734115347016 0.391304347826087 0.020527859237536656 0.04521739130434783
0 0.04007820136852395 0.2382608695652174 0.016617790811339198 0.03130434782608696
0 0.017595307917888565 0.1408695652173913 0.015640273704789834 0.02434782608695652
0 0.8191593352883676 0.06086956521739131 0.004887585532746823 0.006956521739130435
0 0.11827956989247312 0.03130434782608696 0.004887585532746823 0.006956521739130435
0 0.3567937438905181 0.38608695652173913 0.020527859237536656 0.04521739130434783
0 0.8035190615835777 0.3026086956521739 0.020527859237536656 0.04521739130434783
0 0.05767350928641251 0.20173913043478262 0.016617790811339198 0.03130434782608696
0 0.23264907135874877 0.04 0.004887585532746823 0.006956521739130435
0 0.8455522971652004 0.1791304347826087 0.016617790811339198 0.03130434782608696
0 0.0 0.2782608695652174 0.015640273704789834 0.029565217391304348
0 0.2961876832844575 0.24347826086956523 0.016617790811339198 0.03130434782608696
0 0.3626588465298143 0.08521739130434783 0.004887585532746823 0.006956521739130435
0 0.5620723362658846 0.06434782608695652 0.004887585532746823 0.006956521739130435
0 0.024437927663734114 0.06260869565217392 0.004887585532746823 0.006956521739130435
0 0.5239491691104594 0.17043478260869566 0.015640273704789834 0.02434782608695652
0 0.0772238514173998 0.36869565217391304 0.020527859237536656 0.04521739130434783
0 0.13098729227761485 0.04521739130434783 0.004887585532746823 0.006956521739130435
0 0.5317693059628543 0.03130434782608696 0.004887585532746823 0.006956521739130435
0 0.6637341153470185 0.22434782608695653 0.016617790811339198 0.03130434782608696
0 0.24144672531769307 0.17217391304347826 0.015640273704789834 0.02434782608695652
0 0.04594330400782014 0.2608695652173913 0.016617790811339198 0.03130434782608696
0 0.7067448680351907 0.21391304347826087 0.016617790811339198 0.03130434782608696
0 0.11143695014662756 0.20521739130434782 0.016617790811339198 0.03130434782608696
0 0.5747800586510264 0.06956521739130435 0.004887585532746823 0.006956521739130435
0 0.29227761485826004 0.020869565217391306 0.004887585532746823 0.006956521739130435
0 0.9941348973607038 0.25217391304347825 0.015640273704789834 0.03130434782608696
0 0.9931573802541545 0.05217391304347826 0.004887585532746823 0.006956521739130435
0 0.7673509286412512 0.17739130434782607 0.016617790811339198 0.03130434782608696
0 0.5913978494623656 0.5565217391304348 0.030303030303030304 0.06260869565217392
0 0.04007820136852395 0.2 0.016617790811339198 0.03130434782608696
0 0.9071358748778103 0.17565217391304347 0.016617790811339198 0.03130434782608696
0 0.7282502443792767 0.13391304347826086 0.015640273704789834 0.02434782608695652
0 0.047898338220918865 0.019130434782608695 0.004887585532746823 0.006956521739130435
0 0.41055718475073316 0.06608695652173913 0.004887585532746823 0.006956521739130435
0 0.5796676441837733 0.02782608695652174 0.004887585532746823 0.006956521739130435
0 0.29423264907135877 0.19826086956521738 0.016617790811339198 0.03130434782608696
0 0.07526881720430108 0.12521739130434784 0.015640273704789834 0.02434782608695652
0 0.2785923753665689 0.4539130434782609 0.026392961876832845 0.04521739130434783
0 0.40175953079178883 0.26260869565217393 0.016617790811339198 0.03130434782608696
0 0.5610948191593352 0.18782608695652173 0.016617790811339198 0.03130434782608696
0 0.5728250244379277 0.13391304347826086 0.015640273704789834 0.02434782608695652
0 0.6119257086999023 0.19304347826086957 0.016617790811339198 0.03130434782608696
0 0.5610948191593352 0.04521739130434783 0.004887585532746823 0.006956521739130435
0 0.43206256109481916 0.019130434782608695 0.004887585532746823 0.006956521739130435
0 0.2844574780058651 0.07304347826086957 0.004887585532746823 0.006956521739130435
0 0.7741935483870968 0.13391304347826086 0.015640273704789834 0.02434782608695652
0 0.24926686217008798 0.04521739130434783 0.004887585532746823 0.006956521739130435
0 0.1378299120234604 0.14608695652173914 0.015640273704789834 0.02434782608695652
0 0.6168132942326491 0.03304347826086956 0.004887585532746823 0.006956521739130435
0 0.9921798631476051 0.17565217391304347 0.004887585532746823 0.006956521739130435
0 0.31671554252199413 0.37217391304347824 0.020527859237536656 0.04521739130434783
0 0.5571847507331378 0.17043478260869566 0.015640273704789834 0.02434782608695652
0 0.5034213098729228 0.22260869565217392 0.016617790811339198 0.03130434782608696
0 0.6265884652981427 0.13043478260869565 0.015640273704789834 0.02434782608695652
0 0.844574780058651 0.06782608695652174 0.004887585532746823 0.006956521739130435
0 0.4868035190615836 0.2852173913043478 0.020527859237536656 0.04521739130434783
0 0.14173998044965788 0.020869565217391306 0.004887585532746823 0.006956521739130435
0 0.18084066471163246 0.06956521739130435 0.004887585532746823 0.006956521739130435
0 0.6754643206256109 0.07304347826086957 0.004887585532746823 0.006956521739130435
0 0.1466275659824047 0.16695652173913045 0.015640273704789834 0.02434782608695652
0 0.20039100684261973 0.04173913043478261 0.004887585532746823 0.006956521739130435
0 0.7908113391984359 0.29391304347826086 0.020527859237536656 0.04521739130434783
0 0.8191593352883676 0.3426086956521739 0.020527859237536656 0.04521739130434783
0 0.49364613880742914 0.20173913043478262 0.016617790811339198 0.03130434782608696
0 0.570869990224829 0.04869565217391304 0.004887585532746823 0.006956521739130435
0 0.29521016617790813 0.036521739130434785 0.004887585532746823 0.006956521739130435
0 0.17008797653958943 0.20173913043478262 0.016617790811339198 0.03130434782608696
0 0.5601173020527859 0.13043478260869565 0.015640273704789834 0.02434782608695652
0 0.7018572825024438 0.03826086956521739 0.004887585532746823 0.006956521739130435
0 0.9237536656891495 0.13043478260869565 0.015640273704789834 0.02434782608695652
0 0.8563049853372434 0.17565217391304347 0.016617790811339198 0.03130434782608696
0 0.006842619745845552 0.21739130434782608 0.015640273704789834 0.02434782608695652
0 0.5268817204301075 0.12521739130434784 0.015640273704789834 0.02434782608695652
0 0.6744868035190615 0.03826086956521739 0.004887585532746823 0.006956521739130435
0 0.5913978494623656 0.24869565217391304 0.016617790811339198 0.03130434782608696
0 0.6314760508308895 0.036521739130434785 0.004887585532746823 0.006956521739130435
0 0.48289345063538613 0.32869565217391306 0.020527859237536656 0.04521739130434783
0 0.13098729227761485 0.25217391304347825 0.016617790811339198 0.03130434782608696
0 0.09481915933528837 0.01391304347826087 0.004887585532746823 0.006956521739130435
0 0.04007820136852395 0.04173913043478261 0.004887585532746823 0.006956521739130435
0 0.4525904203323558 0.1391304347826087 0.015640273704789834 0.02434782608695652
0 0.6344086021505376 0.34956521739130436 0.020527859237536656 0.04521739130434783
0 0.2179863147605083 0.6 0.030303030303030304 0.06260869565217392
0 0.3998044965786901 0.19130434782608696 0.016617790811339198 0.03130434782608696
0 0.7751710654936461 0.3947826086956522 0.020527859237536656 0.04521739130434783
0 0.8719452590420332 0.20695652173913043 0.016617790811339198 0.03130434782608696
0 0.3147605083088954 0.6434782608695652 0.030303030303030304 0.06260869565217392
0 0.9481915933528837 0.036521739130434785 0.004887585532746823 0.006956521739130435
0 0.04105571847507331 0.06608695652173913 0.004887585532746823 0.006956521739130435
0 0.6480938416422287 0.12521739130434784 0.015640273704789834 0.02434782608695652
0 0.7663734115347018 0.25043478260869567 0.016617790811339198 0.03130434782608696
0 0.4868035190615836 0.17739130434782607 0.016617790811339198 0.03130434782608696
0 0.016617790811339198 0.21391304347826087 0.016617790811339198 0.03130434782608696
0 0.7878787878787878 0.12695652173913044 0.015640273704789834 0.02434782608695652
0 0.6392961876832844 0.22608695652173913 0.016617790811339198 0.03130434782608696
0 0.28152492668621704 0.14608695652173914 0.015640273704789834 0.02434782608695652
0 0.956989247311828 0.043478260869565216 0.004887585532746823 0.006956521739130435
0 0.9736070381231672 0.48869565217391303 0.026392961876832845 0.04521739130434783
0 0.8826979472140762 0.21913043478260869 0.016617790811339198 0.03130434782608696
0 0.7458455522971652 0.29739130434782607 0.020527859237536656 0.04521739130434783
0 0.21114369501466276 0.5408695652173913 0.030303030303030304 0.06260869565217392
0 0.7908113391984359 0.1826086956521739 0.016617790811339198 0.03130434782608696
0 0.3519061583577713 0.1808695652173913 0.016617790811339198 0.03130434782608696
0 0.17595307917888564 0.13217391304347825 0.015640273704789834 0.02434782608695652
0 0.8279569892473119 0.46608695652173915 0.026392961876832845 0.04521739130434783
0 0.7008797653958945 0.06086956521739131 0.004887585532746823 0.006956521739130435
0 0.0 0.34956521739130436 0.020527859237536656 0.04173913043478261
0 0.4750733137829912 0.04695652173913043 0.004887585532746823 0.006956521739130435
0 0.2130987292277615 0.2643478260869565 0.016617790811339198 0.03130434782608696
0 0.7370478983382209 0.21913043478260869 0.016617790811339198 0.03130434782608696
0 0.7419354838709677 0.14608695652173914 0.015640273704789834 0.02434782608695652
0 0.49266862170087977 0.06956521739130435 0.004887585532746823 0.006956521739130435
0 0.6089931573802542 0.33043478260869563 0.020527859237536656 0.04521739130434783
0 0.9716520039100685 0.33217391304347826 0.020527859237536656 0.04521739130434783
0 0.2727272727272727 0.7078260869565217 0.030303030303030304 0.06260869565217392
0 0.3069403714565005 0.25043478260869567 0.016617790811339198 0.03130434782608696
0 0.4252199413489736 0.6121739130434782 0.030303030303030304 0.06260869565217392
0 0.9833822091886608 0.05391304347826087 0.004887585532746823 0.006956521739130435
0 0.4604105571847507 0.27652173913043476 0.020527859237536656 0.04521739130434783
0 0.16911045943304007 0.3095652173913043 0.020527859237536656 0.04521739130434783
0 0.1652003910068426 0.12869565217391304 0.015640273704789834 0.02434782608695652
0 0.5532746823069403 0.2852173913043478 0.020527859237536656 0.04521739130434783
0 0.5483870967741935 0.034782608695652174 0.004887585532746823 0.006956521739130435
0 0.2287390029325513 0.0 0.004887585532746823 0.006956521739130435
0 0.1300097751710655 0.06434782608695652 0.004887585532746823 0.006956521739130435
0 0.7693059628543499 0.20869565217391303 0.016617790811339198 0.03130434782608696
0 0.40860215053763443 0.3947826086956522 0.020527859237536656 0.04521739130434783
0 0.4252199413489736 0.5008695652173913 0.026392961876832845 0.04521739130434783
0 0.5718475073313783 0.034782608695652174 0.004887585532746823 0.006956521739130435
0 0.989247311827957 0.21739130434782608 0.011730205278592375 0.022608695652173914
0 0.7331378299120235 0.3808695652173913 0.020527859237536656 0.04521739130434783
0 0.3978494623655914 0.22434782608695653 0.016617790811339198 0.03130434782608696
0 0.039100684261974585 0.1565217391304348 0.015640273704789834 0.02434782608695652
0 0.5278592375366569 0.5982608695652174 0.030303030303030304 0.06260869565217392
0 0.45650048875855326 0.019130434782608695 0.004887585532746823 0.006956521739130435
0 0.5659824046920822 0.3739130434782609 0.020527859237536656 0.04521739130434783
0 0.24535679374389052 0.23652173913043478 0.016617790811339198 0.03130434782608696
0 0.5004887585532747 0.27652173913043476 0.020527859237536656 0.04521739130434783
0 0.21212121212121213 0.022608695652173914 0.004887585532746823 0.006956521739130435
0 0.6764418377321603 0.5721739130434783 0.030303030303030304 0.06260869565217392
0 0.9051808406647116 0.4330434782608696 0.026392961876832845 0.04521739130434783
0 0.5405669599217986 0.036521739130434785 0.004887585532746823 0.006956521739130435
0 0.6559139784946236 0.16521739130434782 0.015640273704789834 0.02434782608695652
0 0.08308895405669599 0.05391304347826087 0.004887585532746823 0.006956521739130435
0 0.22287390029325513 0.020869565217391306 0.004887585532746823 0.006956521739130435
0 0.09970674486803519 0.010434782608695653 0.004887585532746823 0.006956521739130435
0 0.11436950146627566 0.24869565217391304 0.016617790811339198 0.03130434782608696
0 0.43792766373411535 0.19826086956521738 0.016617790811339198 0.03130434782608696
0 0.3548387096774194 0.25565217391304346 0.016617790811339198 0.03130434782608696
0 0.3812316715542522 0.06956521739130435 0.004887585532746823 0.006956521739130435
0 0.8054740957966764 0.18608695652173912 0.016617790811339198 0.03130434782608696
0 0.3196480938416422 0.15478260869565216 0.015640273704789834 0.02434782608695652
0 0.8875855327468231 0.29739130434782607 0.020527859237536656 0.04521739130434783
0 0.603128054740958 0.06086956521739131 0.004887585532746823 0.006956521739130435
0 0.656891495601173 0.2 0.016617790811339198 0.03130434782608696
0 0.6109481915933529 0.04695652173913043 0.004887585532746823 0.006956521739130435
0 0.3489736070381232 0.1443478260869565 0.015640273704789834 0.02434782608695652
0 0.750733137829912 0.03304347826086956 0.004887585532746823 0.006956521739130435
0 0.624633431085044 0.8539130434782609 0.03714565004887586 0.0817391304347826
0 0.5259042033235581 0.036521739130434785 0.004887585532746823 0.006956521739130435
0 0.5151515151515151 0.019130434782608695 0.004887585532746823 0.006956521739130435
0 0.9335288367546432 0.10956521739130434 0.015640273704789834 0.02434782608695652
0 0.7331378299120235 0.03826086956521739 0.004887585532746823 0.006956521739130435
0 0.8611925708699902 0.35478260869565215 0.020527859237536656 0.04521739130434783
0 0.3284457478005865 0.19478260869565217 0.016617790811339198 0.03130434782608696
0 0.9042033235581622 0.391304347826087 0.020527859237536656 0.04521739130434783
0 0.7800586510263929 0.21913043478260869 0.016617790811339198 0.03130434782608696
0 0.4418377321603128 0.1565217391304348 0.015640273704789834 0.02434782608695652
0 0.8836754643206256 0.12347826086956522 0.015640273704789834 0.02434782608695652
0 0.9560117302052786 0.06608695652173913 0.004887585532746823 0.006956521739130435
0 0.0 0.37217391304347824 0.020527859237536656 0.04173913043478261
0 0.9305962854349951 0.1408695652173913 0.015640273704789834 0.02434782608695652
0 0.5904203323558163 0.21739130434782608 0.016617790811339198 0.03130434782608696
0 0.978494623655914 0.4365217391304348 0.026392961876832845 0.04521739130434783
0 0.37438905180840665 0.16869565217391305 0.015640273704789834 0.02434782608695652
0 0.22482893450635386 0.050434782608695654 0.004887585532746823 0.006956521739130435
0 0.5161290322580645 0.13043478260869565 0.015640273704789834 0.02434782608695652
0 0.667644183773216 0.03130434782608696 0.004887585532746823 0.006956521739130435
0 0.6001955034213099 0.4852173913043478 0.026392961876832845 0.04521739130434783
0 0.8592375366568915 0.14608695652173914 0.015640273704789834 0.02434782608695652
0 0.19550342130987292 0.07130434782608695 0.004887585532746823 0.006956521739130435
0 0.6432062561094819 0.050434782608695654 0.004887585532746823 0.006956521739130435
0 0.9990224828934506 0.6521739130434783 0.02737047898338221 0.04869565217391304
0 0.9951124144672532 0.1426086956521739 0.004887585532746823 0.006956521739130435
0 0.7526881720430108 0.17043478260869566 0.015640273704789834 0.02434782608695652
0 0.34310850439882695 0.24 0.016617790811339198 0.03130434782608696
0 0.3704789833822092 0.3217391304347826 0.020527859237536656 0.04521739130434783
0 0.5992179863147605 0.17739130434782607 0.016617790811339198 0.03130434782608696
0 0.20918866080156404 0.4 0.020527859237536656 0.04521739130434783
0 0.05474095796676442 0.01217391304347826 0.004887585532746823 0.006956521739130435
0 0.41935483870967744 0.022608695652173914 0.004887585532746823 0.006956521739130435
0 0.09188660801564028 0.1617391304347826 0.015640273704789834 0.02434782608695652
0 0.09090909090909091 0.06782608695652174 0.004887585532746823 0.006956521739130435
0 0.6754643206256109 0.37043478260869567 0.020527859237536656 0.04521739130434783
0 0.5454545454545454 0.07130434782608695 0.004887585532746823 0.006956521739130435
0 0.9081133919843597 0.16 0.015640273704789834 0.02434782608695652
0 0.5972629521016618 0.043478260869565216 0.004887585532746823 0.006956521739130435
0 0.44086021505376344 0.1791304347826087 0.016617790811339198 0.03130434782608696
0 0.956989247311828 0.11826086956521739 0.004887585532746823 0.006956521739130435
0 0.2668621700879765 0.27304347826086955 0.020527859237536656 0.04521739130434783
0 0.6959921798631477 0.23304347826086957 0.016617790811339198 0.03130434782608696
0 0.7712609970674487 0.8156521739130435 0.03714565004887586 0.0817391304347826
0 0.093841642228739 0.2956521739130435 0.020527859237536656 0.04521739130434783
0 0.05180840664711633 0.16 0.015640273704789834 0.02434782608695652
0 0.841642228739003 0.1391304347826087 0.015640273704789834 0.02434782608695652
0 0.4995112414467253 0.1808695652173913 0.016617790811339198 0.03130434782608696
0 0.08699902248289346 0.15304347826086956 0.015640273704789834 0.02434782608695652
0 0.15053763440860216 0.14782608695652175 0.015640273704789834 0.02434782608695652
0 0.31573802541544477 0.3582608695652174 0.020527859237536656 0.04521739130434783
0 0.3949169110459433 0.08521739130434783 0.004887585532746823 0.006956521739130435
0 0.9188660801564027 0.8556521739130435 0.03714565004887586 0.0817391304347826
0 0.12218963831867058 0.043478260869565216 0.004887585532746823 0.006956521739130435
0 0.9638318670576735 0.17217391304347826 0.004887585532746823 0.006956521739130435
0 0.015640273704789834 0.5547826086956522 0.030303030303030304 0.06260869565217392
0 0.06940371456500488 0.04695652173913043 0.004887585532746823 0.006956521739130435
0 0.7986314760508308 0.4052173913043478 0.020527859237536656 0.04521739130434783
0 0.9657869012707723 0.04521739130434783 0.004887585532746823 0.006956521739130435
0 0.8279569892473119 0.12347826086956522 0.015640273704789834 0.02434782608695652
0 0.5884652981427175 0.06434782608695652 0.004887585532746823 0.006956521739130435
0 0.17497556207233628 0.04 0.004887585532746823 0.006956521739130435
0 0.5083088954056696 0.25565217391304346 0.016617790811339198 0.03130434782608696
0 0.6011730205278593 0.1356521739130435 0.015640273704789834 0.02434782608695652
0 0.056695992179863146 0.043478260869565216 0.004887585532746823 0.006956521739130435
0 0.20332355816226785 0.3565217391304348 0.020527859237536656 0.04521739130434783
0 0.823069403714565 0.5791304347826087 0.030303030303030304 0.06260869565217392
0 0.8690127077223851 0.2539130434782609 0.016617790811339198 0.03130434782608696
0 0.6070381231671554 0.02434782608695652 0.004887585532746823 0.006956521739130435
0 0.40371456500488756 0.22956521739130434 0.016617790811339198 0.03130434782608696
0 0.17790811339198437 0.21217391304347827 0.016617790811339198 0.03130434782608696
0 0.13587487781036167 0.04521739130434783 0.004887585532746823 0.006956521739130435
0 0.27370478983382207 0.5008695652173913 0.026392961876832845 0.04521739130434783
0 0.6129032258064516 0.06086956521739131 0.004887585532746823 0.006956521739130435
0 0.5366568914956011 0.1356521739130435 0.015640273704789834 0.02434782608695652
0 0.1573802541544477 0.6921739130434783 0.030303030303030304 0.06260869565217392
0 0.43499511241446726 0.057391304347826085 0.004887585532746823 0.006956521739130435
0 0.3587487781036168 0.8504347826086956 0.03714565004887586 0.0817391304347826
0 0.11534701857282502 0.29391304347826086 0.020527859237536656 0.04521739130434783
0 0.24437927663734116 0.13217391304347825 0.015640273704789834 0.02434782608695652
0 0.28934506353861195 0.44173913043478263 0.026392961876832845 0.04521739130434783
0 0.8963831867057673 0.22956521739130434 0.016617790811339198 0.03130434782608696
0 0.7585532746823069 0.07478260869565218 0.004887585532746823 0.006956521739130435
0 0.11143695014662756 0.46608695652173915 0.026392961876832845 0.04521739130434783
0 0.9579667644183774 0.15304347826086956 0.004887585532746823 0.006956521739130435
0 0.5347018572825024 0.017391304347826087 0.004887585532746823 0.006956521739130435
0 0.44281524926686217 0.04695652173913043 0.004887585532746823 0.006956521739130435
0 0.6842619745845552 0.043478260869565216 0.004887585532746823 0.006956521739130435
0 0.989247311827957 0.3773913043478261 0.020527859237536656 0.04521739130434783
0 0.7214076246334311 0.3269565217391304 0.020527859237536656 0.04521739130434783
0 0.8426197458455523 0.24 0.016617790811339198 0.03130434782608696
0 0.21114369501466276 0.4817391304347826 0.026392961876832845 0.04521739130434783
0 0.1603128054740958 0.24869565217391304 0.016617790811339198 0.03130434782608696
0 0.5190615835777126 0.057391304347826085 0.004887585532746823 0.006956521739130435
0 0.20918866080156404 0.017391304347826087 0.004887585532746823 0.006956521739130435
0 0.3890518084066471 0.16695652173913045 0.015640273704789834 0.02434782608695652
0 0.512218963831867 0.49043478260869566 0.026392961876832845 0.04521739130434783
0 0.5376344086021505 0.16695652173913045 0.015640273704789834 0.02434782608695652
0 0.48191593352883677 0.1408695652173913 0.015640273704789834 0.02434782608695652
0 0.7282502443792767 0.07130434782608695 0.004887585532746823 0.006956521739130435
0 0.4291300097751711 0.07652173913043478 0.004887585532746823 0.006956521739130435
0 0.3020527859237537 0.1582608695652174 0.015640273704789834 0.02434782608695652
0 0.9227761485826002 0.057391304347826085 0.004887585532746823 0.006956521739130435
0 0.10654936461388075 0.05565217391304348 0.004887585532746823 0.006956521739130435
0 0.6265884652981427 0.21913043478260869 0.016617790811339198 0.03130434782608696
0 0.21407624633431085 0.04521739130434783 0.004887585532746823 0.006956521739130435
0 0.18181818181818182 0.1373913043478261 0.015640273704789834 0.02434782608695652
0 0.6549364613880743 0.034782608695652174 0.004887585532746823 0.006956521739130435
0 0.9472140762463344 0.12869565217391304 0.015640273704789834 0.02434782608695652
0 0.9335288367546432 0.2852173913043478 0.020527859237536656 0.04521739130434783
0 0.9872922776148583 0.19826086956521738 0.004887585532746823 0.006956521739130435
0 0.198435972629521 0.1443478260869565 0.015640273704789834 0.02434782608695652
0 0.520039100684262 0.03826086956521739 0.004887585532746823 0.006956521739130435
0 0.0039100684261974585 0.13391304347826086 0.015640273704789834 0.02608695652173913
0 0.04985337243401759 0.034782608695652174 0.004887585532746823 0.006956521739130435
0 0.8279569892473119 0.42782608695652175 0.026392961876832845 0.04521739130434783
0 0.32649071358748777 0.07130434782608695 0.004887585532746823 0.006956521739130435
0 0.375366568914956 0.15478260869565216 0.015640273704789834 0.02434782608695652
0 0.6471163245356794 0.03130434782608696 0.004887585532746823 0.006956521739130435
0 0.2209188660801564 0.15478260869565216 0.015640273704789834 0.02434782608695652
0 0.9765395894428153 0.3008695652173913 0.020527859237536656 0.04521739130434783
0 0.8191593352883676 0.1791304347826087 0.016617790811339198 0.03130434782608696
0 0.833822091886608 0.18608695652173912 0.016617790811339198 0.03130434782608696
0 0.38025415444770283 0.4608695652173913 0.026392961876832845 0.04521739130434783
0 0.5826001955034213 0.050434782608695654 0.004887585532746823 0.006956521739130435
0 0.48484848484848486 0.022608695652173914 0.004887585532746823 0.006956521739130435
0 0.3978494623655914 0.04695652173913043 0.004887585532746823 0.006956521739130435
0 0.34506353861192574 0.1408695652173913 0.015640273704789834 0.02434782608695652
0 0.11241446725317693 0.1426086956521739 0.015640273704789834 0.02434782608695652
0 0.033235581622678395 0.020869565217391306 0.004887585532746823 0.006956521739130435
0 0.49560117302052786 0.12869565217391304 0.015640273704789834 0.02434782608695652
0 0.592375366568915 0.2782608695652174 0.020527859237536656 0.04521739130434783
0 0.6471163245356794 0.19130434782608696 0.016617790811339198 0.03130434782608696
0 0.42717497556207235 0.31130434782608696 0.020527859237536656 0.04521739130434783
0 0.3998044965786901 0.20521739130434782 0.016617790811339198 0.03130434782608696
0 0.8924731182795699 0.6852173913043478 0.030303030303030304 0.06260869565217392
0 0.5698924731182796 0.20173913043478262 0.016617790811339198 0.03130434782608696
0 0.8387096774193549 0.288695652173913 0.020527859237536656 0.04521739130434783
0 0.24731182795698925 0.06608695652173913 0.004887585532746823 0.006956521739130435
0 0.3675464320625611 0.020869565217391306 0.004887585532746823 0.006956521739130435
0 0.9960899315738025 0.11826086956521739 0.004887585532746823 0.006956521739130435
0 0.06256109481915934 0.1408695652173913 0.015640273704789834 0.02434782608695652
0 0.6608015640273704 0.06434782608695652 0.004887585532746823 0.006956521739130435
0 0.9794721407624634 0.27652173913043476 0.020527859237536656 0.04521739130434783
0 0.6735092864125122 0.05391304347826087 0.004887585532746823 0.006956521739130435
0 0.2619745845552297 0.32521739130434785 0.020527859237536656 0.04521739130434783
0 0.7096774193548387 0.1408695652173913 0.015640273704789834 0.02434782608695652
0 0.5884652981427175 0.036521739130434785 0.004887585532746823 0.006956521739130435
0 0.12609970674486803 0.006956521739130435 0.004887585532746823 0.006956521739130435
0 0.7311827956989247 0.19130434782608696 0.016617790811339198 0.03130434782608696
0 0.9012707722385142 0.31130434782608696 0.020527859237536656 0.04521739130434783
0 0.509286412512219 0.02434782608695652 0.004887585532746823 0.006956521739130435
0 0.3870967741935484 0.7565217391304347 0.03714565004887586 0.0817391304347826
0 0.10752688172043011 0.19478260869565217 0.016617790811339198 0.03130434782608696
0 0.5669599217986315 0.02608695652173913 0.004887585532746823 0.006956521739130435
0 0.3763440860215054 0.43826086956521737 0.026392961876832845 0.04521739130434783
0 0.39296187683284456 0.3130434782608696 0.020527859237536656 0.04521739130434783
0 0.017595307917888565 0.2539130434782609 0.016617790811339198 0.03130434782608696
0 0.49266862170087977 0.15478260869565216 0.015640273704789834 0.02434782608695652
0 0.45161290322580644 0.15478260869565216 0.015640273704789834 0.02434782608695652
0 0.5591397849462365 0.03130434782608696 0.004887585532746823 0.006956521739130435
0 0.7605083088954057 0.16 0.015640273704789834 0.02434782608695652
0 0.5855327468230694 0.37043478260869567 0.020527859237536656 0.04521739130434783
0 0.9100684261974584 0.12695652173913044 0.015640273704789834 0.02434782608695652
0 0.3088954056695992 0.1408695652173913 0.015640273704789834 0.02434782608695652
0 0.9657869012707723 0.13217391304347825 0.004887585532746823 0.006956521739130435
0 0.4281524926686217 0.1408695652173913 0.015640273704789834 0.02434782608695652
0 0.07624633431085044 0.017391304347826087 0.004887585532746823 0.006956521739130435
0 0.06744868035190615 0.22956521739130434 0.016617790811339198 0.03130434782608696
0 0.010752688172043012 0.04521739130434783 0.004887585532746823 0.006956521739130435
0 0.15249266862170088 0.29043478260869565 0.020527859237536656 0.04521739130434783
0 0.03812316715542522 0.3408695652173913 0.020527859237536656 0.04521739130434783
0 0.635386119257087 0.2591304347826087 0.016617790811339198 0.03130434782608696
0 0.22482893450635386 0.13043478260869565 0.015640273704789834 0.02434782608695652
0 0.2404692082111437 0.02434782608695652 0.004887585532746823 0.006956521739130435
0 0.1378299120234604 0.13043478260869565 0.015640273704789834 0.02434782608695652
0 0.47409579667644186 0.40869565217391307 0.020527859237536656 0.04521739130434783
0 0.40762463343108507 0.18608695652173912 0.016617790811339198 0.03130434782608696
0 0.7311827956989247 0.05391304347826087 0.004887585532746823 0.006956521739130435
0 0.533724340175953 0.19652173913043477 0.016617790811339198 0.03130434782608696
0 0.6304985337243402 0.06434782608695652 0.004887585532746823 0.006956521739130435
0 0.26295210166177907 0.04 0.004887585532746823 0.006956521739130435
0 0.9403714565004888 0.05217391304347826 0.004887585532746823 0.006956521739130435
0 0.28641251221896386 0.010434782608695653 0.004887585532746823 0.006956521739130435
0 0.9560117302052786 0.1356521739130435 0.004887585532746823 0.006956521739130435
0 0.624633431085044 0.6556521739130434 0.030303030303030304 0.06260869565217392
0 0.29716520039100686 0.5826086956521739 0.030303030303030304 0.06260869565217392
0 0.946236559139785 0.16 0.015640273704789834 0.02434782608695652
0 0.7986314760508308 0.24 0.016617790811339198 0.03130434782608696
0 0.7976539589442815 0.1634782608695652 0.015640273704789834 0.02434782608695652
0 0.2619745845552297 0.35130434782608694 0.020527859237536656 0.04521739130434783
0 0.29423264907135877 0.1443478260869565 0.015640273704789834 0.02434782608695652
0 0.10948191593352884 0.64 0.030303030303030304 0.06260869565217392
0 0.7781036168132942 0.30434782608695654 0.020527859237536656 0.04521739130434783
0 0.1573802541544477 0.3356521739130435 0.020527859237536656 0.04521739130434783
0 0.8260019550342131 0.15478260869565216 0.015640273704789834 0.02434782608695652
0 0.6412512218963832 0.022608695652173914 0.004887585532746823 0.006956521739130435
0 0.07429130009775171 0.03130434782608696 0.004887585532746823 0.006956521739130435
0 0.458455522971652 0.1391304347826087 0.015640273704789834 0.02434782608695652
0 0.7282502443792767 0.11130434782608696 0.015640273704789834 0.02434782608695652
0 0.6021505376344086 0.20347826086956522 0.016617790811339198 0.03130434782608696
0 0.6256109481915934 0.7547826086956522 0.03714565004887586 0.0817391304347826
0 0.3040078201368524 0.22782608695652173 0.016617790811339198 0.03130434782608696
0 0.36950146627565983 0.18782608695652173 0.016617790811339198 0.03130434782608696
0 0.2785923753665689 0.04 0.004887585532746823 0.006956521739130435
0 0.9217986314760508 0.15304347826086956 0.015640273704789834 0.02434782608695652
0 0.5777126099706745 0.01565217391304348 0.004887585532746823 0.006956521739130435
0 0.44574780058651026 0.22260869565217392 0.016617790811339198 0.03130434782608696
0 0.3411534701857282 0.17565217391304347 0.016617790811339198 0.03130434782608696
0 0.6001955034213099 0.41391304347826086 0.026392961876832845 0.04521739130434783
0 0.12609970674486803 0.40869565217391307 0.020527859237536656 0.04521739130434783
0 0.9902248289345064 0.03304347826086956 0.004887585532746823 0.006956521739130435
0 0.2697947214076246 0.30782608695652175 0.020527859237536656 0.04521739130434783
0 0.24144672531769307 0.04521739130434783 0.004887585532746823 0.006956521739130435
0 0.6265884652981427 0.02782608695652174 0.004887585532746823 0.006956521739130435
0 0.9022482893450635 0.059130434782608696 0.004887585532746823 0.006956521739130435
0 0.25806451612903225 0.21913043478260869 0.016617790811339198 0.03130434782608696
0 0.04594330400782014 0.40869565217391307 0.020527859237536656 0.04521739130434783
0 0.9521016617790812 0.35304347826086957 0.020527859237536656 0.04521739130434783
0 0.2932551319648094 0.26956521739130435 0.020527859237536656 0.04521739130434783
0 0.9217986314760508 0.26956521739130435 0.020527859237536656 0.04521739130434783
0 0.49364613880742914 0.25217391304347825 0.016617790811339198 0.03130434782608696
0 0.1681329423264907 0.020869565217391306 0.004887585532746823 0.006956521739130435
0 0.24242424242424243 0.1443478260869565 0.015640273704789834 0.02434782608695652
0 0.8660801564027371 0.16521739130434782 0.015640273704789834 0.02434782608695652
0 0.2013685239491691 0.05565217391304348 0.004887585532746823 0.006956521739130435
0 0.9237536656891495 0.022608695652173914 0.004887585532746823 0.006956521739130435
0 0.2570869990224829 0.07304347826086957 0.004887585532746823 0.006956521739130435
0 0.32942326490713586 0.1408695652173913 0.015640273704789834 0.02434782608695652
0 0.7820136852394917 0.5269565217391304 0.026392961876832845 0.04521739130434783
0 0.16715542521994134 0.050434782608695654 0.004887585532746823 0.006956521739130435
0 0.6901270772238515 0.3008695652173913 0.020527859237536656 0.04521739130434783
0 0.8709677419354839 0.06434782608695652 0.004887585532746823 0.006956521739130435
0 0.696969696969697 0.34608695652173915 0.020527859237536656 0.04521739130434783
0 0.42424242424242425 0.1565217391304348 0.015640273704789834 0.02434782608695652
0 0.09872922776148582 0.27304347826086955 0.020527859237536656 0.04521739130434783
0 0.016617790811339198 0.6278260869565218 0.030303030303030304 0.06260869565217392
0 0.38025415444770283 0.1408695652173913 0.015640273704789834 0.02434782608695652
0 0.24926686217008798 0.1826086956521739 0.016617790811339198 0.03130434782608696
0 0.11241446725317693 0.15304347826086956 0.015640273704789834 0.02434782608695652
0 0.26295210166177907 0.1634782608695652 0.015640273704789834 0.02434782608695652
0 0.1573802541544477 0.01391304347826087 0.004887585532746823 0.006956521739130435
0 0.5591397849462365 0.017391304347826087 0.004887585532746823 0.006956521739130435
0 0.34506353861192574 0.5147826086956522 0.026392961876832845 0.04521739130434783
0 0.946236559139785 0.22782608695652173 0.016617790811339198 0.03130434782608696
0 0.5024437927663734 0.05391304347826087 0.004887585532746823 0.006956521739130435
