0 0.21770833333333334 0.6601851851851852 0.05677083333333333 0.125
0 0.2635416666666667 0.6388888888888888 0.05677083333333333 0.125
0 0.50625 0.7935185185185185 0.05677083333333333 0.125
0 0.5796875 0.6296296296296297 0.05677083333333333 0.125
0 0.6927083333333334 0.6537037037037037 0.05677083333333333 0.125
0 0.28802083333333334 0.7481481481481481 0.05677083333333333 0.125
0 0.8072916666666666 0.7222222222222222 0.05677083333333333 0.125
0 0.459375 0.6231481481481481 0.05677083333333333 0.125
0 0.9078125 0.6805555555555556 0.05677083333333333 0.125
0 0.9557291666666666 0.6703703703703704 0.05677083333333333 0.125
0 0.63125 0.5185185185185185 0.036458333333333336 0.06296296296296296
0 0.9223958333333333 0.6231481481481481 0.05677083333333333 0.125
0 0.7302083333333333 0.75 0.05677083333333333 0.125
0 0.9973958333333334 0.6768518518518518 0.05677083333333333 0.125
0 0.8875 0.6398148148148148 0.05677083333333333 0.125
0 0.584375 0.6833333333333333 0.05677083333333333 0.125
0 0.25625 0.7185185185185186 0.05677083333333333 0.125
0 0.8442708333333333 0.6435185185185185 0.05677083333333333 0.125
0 0.89375 0.7805555555555556 0.05677083333333333 0.125
0 0.8802083333333334 0.7101851851851851 0.05677083333333333 0.125
0 0.14322916666666666 0.6574074074074074 0.05677083333333333 0.125
0 0.9661458333333334 0.6481481481481481 0.05677083333333333 0.125
0 0.7901041666666667 0.6583333333333333 0.05677083333333333 0.125
0 0.5619791666666667 0.7101851851851851 0.05677083333333333 0.125
0 0.6677083333333333 0.7416666666666667 0.05677083333333333 0.125
0 0.4171875 0.9 0.10208333333333333 0.18981481481481483
0 0.5052083333333334 0.6231481481481481 0.05677083333333333 0.125
0 0.5333333333333333 0.6694444444444444 0.05677083333333333 0.125
0 0.25 0.7435185185185185 0.05677083333333333 0.125
0 0.30833333333333335 0.6805555555555556 0.05677083333333333 0.125
0 0.8932291666666666 0.6240740740740741 0.05677083333333333 0.125
0 0.5213541666666667 0.899074074074074 0.10208333333333333 0.18981481481481483
0 0.8869791666666667 0.9111111111111111 0.10208333333333333 0.18981481481481483
0 0.4744791666666667 0.6305555555555555 0.05677083333333333 0.125
0 0.6364583333333333 0.7175925925925926 0.05677083333333333 0.125
0 0.8223958333333333 0.8324074074074074 0.10208333333333333 0.18981481481481483
0 0.2859375 0.6092592592592593 0.05677083333333333 0.125
0 0.28020833333333334 0.687962962962963 0.05677083333333333 0.125
0 0.20677083333333332 0.9564814814814815 0.10208333333333333 0.18981481481481483
0 0.903125 0.6518518518518519 0.05677083333333333 0.125
0 0.5375 0.6222222222222222 0.05677083333333333 0.125
0 0.9765625 0.7018518518518518 0.05677083333333333 0.125
0 0.7078125 0.725925925925926 0.05677083333333333 0.125
0 0.9359375 0.6722222222222223 0.05677083333333333 0.125
0 0.3729166666666667 0.6768518518518518 0.05677083333333333 0.125
0 0.059375 0.6398148148148148 0.05677083333333333 0.125
0 0.7114583333333333 0.6564814814814814 0.05677083333333333 0.125
0 0.209375 0.6342592592592593 0.05677083333333333 0.125
0 0.3177083333333333 0.6092592592592593 0.05677083333333333 0.125
