0 0.31 0.952 0.08 0.12
0 0.8 0.956 0.08 0.12
0 0.6833333333333333 0.176 0.056666666666666664 0.088
0 0.6233333333333333 0.836 0.08 0.12
0 0.82 0.472 0.07666666666666666 0.104
0 0.5233333333333333 0.652 0.07666666666666666 0.104
0 0.5866666666666667 0.504 0.07666666666666666 0.104
0 0.07333333333333333 0.628 0.06333333333333334 0.088
0 0.5533333333333333 0.06 0.056666666666666664 0.088
0 0.2 0.612 0.07666666666666666 0.104
0 0.55 0.944 0.08 0.12
0 0.36 0.264 0.056666666666666664 0.088
0 0.5466666666666666 0.328 0.056666666666666664 0.088
0 0.36333333333333334 0.612 0.07666666666666666 0.104
0 0.11333333333333333 0.176 0.056666666666666664 0.088
0 0.9533333333333334 0.588 0.06333333333333334 0.088
0 0.7366666666666667 0.648 0.07666666666666666 0.104
0 0.7166666666666667 0.032 0.043333333333333335 0.064
0 0.02 0.892 0.08 0.12
0 0.8833333333333333 0.844 0.06333333333333334 0.08
0 0.12 0.048 0.056666666666666664 0.088
0 0.24 0.44 0.07666666666666666 0.104
0 0.8 0.3 0.056666666666666664 0.088
0 0.1 0.94 0.08 0.12
