0 0.6093117408906883 0.5238095238095238 0.004048582995951417 0.0031746031746031746
0 0.38461538461538464 0.5936507936507937 0.004048582995951417 0.0031746031746031746
0 0.29959514170040485 0.653968253968254 0.004048582995951417 0.0031746031746031746
0 0.39473684210526316 0.6412698412698413 0.004048582995951417 0.0031746031746031746
0 0.4109311740890688 0.6857142857142857 0.004048582995951417 0.0031746031746031746
0 0.7064777327935222 0.5904761904761905 0.004048582995951417 0.0031746031746031746
0 0.6174089068825911 0.5174603174603175 0.004048582995951417 0.0031746031746031746
0 0.562753036437247 0.6 0.004048582995951417 0.0031746031746031746
0 0.6234817813765182 0.5555555555555556 0.004048582995951417 0.0031746031746031746
0 0.41295546558704455 0.5873015873015873 0.004048582995951417 0.0031746031746031746
0 0.694331983805668 0.6634920634920635 0.004048582995951417 0.0031746031746031746
0 0.5323886639676113 0.6253968253968254 0.004048582995951417 0.0031746031746031746
0 0.7186234817813765 0.5428571428571428 0.004048582995951417 0.0031746031746031746
0 0.6295546558704453 0.5301587301587302 0.004048582995951417 0.0031746031746031746
0 0.8238866396761133 0.6190476190476191 0.004048582995951417 0.0031746031746031746
0 0.6497975708502024 0.5142857142857142 0.004048582995951417 0.0031746031746031746
0 0.7834008097165992 0.5142857142857142 0.004048582995951417 0.0031746031746031746
0 0.5 0.7174603174603175 0.004048582995951417 0.0031746031746031746
0 0.4352226720647773 0.6412698412698413 0.004048582995951417 0.0031746031746031746
0 0.46356275303643724 0.8095238095238095 0.004048582995951417 0.0031746031746031746
0 0.5121457489878543 0.7206349206349206 0.004048582995951417 0.0031746031746031746
0 0.6032388663967612 0.6952380952380952 0.004048582995951417 0.0031746031746031746
0 0.771255060728745 0.6603174603174603 0.004048582995951417 0.0031746031746031746
0 0.7510121457489879 0.6349206349206349 0.004048582995951417 0.0031746031746031746
0 0.6538461538461539 0.6793650793650794 0.004048582995951417 0.0031746031746031746
0 0.840080971659919 0.6158730158730159 0.004048582995951417 0.0031746031746031746
0 0.7408906882591093 0.6158730158730159 0.004048582995951417 0.0031746031746031746
0 0.6821862348178138 0.6666666666666666 0.004048582995951417 0.0031746031746031746
0 0.7165991902834008 0.6031746031746031 0.004048582995951417 0.0031746031746031746
0 0.4777327935222672 0.7396825396825397 0.004048582995951417 0.0031746031746031746
0 0.6194331983805668 0.5079365079365079 0.004048582995951417 0.0031746031746031746
0 0.8643724696356275 0.5365079365079365 0.004048582995951417 0.0031746031746031746
0 0.8522267206477733 0.5301587301587302 0.004048582995951417 0.0031746031746031746
0 0.6133603238866396 0.7619047619047619 0.004048582995951417 0.0031746031746031746
0 0.6700404858299596 0.6634920634920635 0.004048582995951417 0.0031746031746031746
0 0.7307692307692307 0.5492063492063493 0.004048582995951417 0.0031746031746031746
0 0.771255060728745 0.5206349206349207 0.004048582995951417 0.0031746031746031746
0 0.7226720647773279 0.7238095238095238 0.004048582995951417 0.0031746031746031746
0 0.7145748987854251 0.7682539682539683 0.004048582995951417 0.0031746031746031746
0 0.6923076923076923 0.5396825396825397 0.004048582995951417 0.0031746031746031746
0 0.7327935222672065 0.638095238095238 0.004048582995951417 0.0031746031746031746
0 0.520242914979757 0.6 0.004048582995951417 0.0031746031746031746
0 0.5587044534412956 0.692063492063492 0.004048582995951417 0.0031746031746031746
0 0.6477732793522267 0.5555555555555556 0.004048582995951417 0.0031746031746031746
0 0.7591093117408907 0.6952380952380952 0.004048582995951417 0.0031746031746031746
0 0.8016194331983806 0.5650793650793651 0.004048582995951417 0.0031746031746031746
0 0.7935222672064778 0.5365079365079365 0.004048582995951417 0.0031746031746031746
0 0.5607287449392713 0.5873015873015873 0.004048582995951417 0.0031746031746031746
0 0.451417004048583 0.7333333333333333 0.004048582995951417 0.0031746031746031746
0 0.45546558704453444 0.5873015873015873 0.004048582995951417 0.0031746031746031746
0 0.03441295546558704 0.7904761904761904 0.004048582995951417 0.0031746031746031746
0 0.7449392712550608 0.7015873015873015 0.004048582995951417 0.0031746031746031746
0 0.4352226720647773 0.7968253968253968 0.004048582995951417 0.0031746031746031746
0 0.7672064777327935 0.7333333333333333 0.004048582995951417 0.0031746031746031746
0 0.819838056680162 0.6634920634920635 0.004048582995951417 0.0031746031746031746
0 0.694331983805668 0.5079365079365079 0.004048582995951417 0.0031746031746031746
0 0.548582995951417 0.5650793650793651 0.004048582995951417 0.0031746031746031746
0 0.7813765182186235 0.6063492063492063 0.004048582995951417 0.0031746031746031746
0 0.4433198380566802 0.6190476190476191 0.004048582995951417 0.0031746031746031746
0 0.8157894736842105 0.5587301587301587 0.004048582995951417 0.0031746031746031746
0 0.5040485829959515 0.6317460317460317 0.004048582995951417 0.0031746031746031746
0 0.6174089068825911 0.5936507936507937 0.004048582995951417 0.0031746031746031746
0 0.4048582995951417 0.7492063492063492 0.004048582995951417 0.0031746031746031746
0 0.5769230769230769 0.692063492063492 0.004048582995951417 0.0031746031746031746
0 0.3481781376518219 0.6412698412698413 0.004048582995951417 0.0031746031746031746
0 0.0465587044534413 0.7523809523809524 0.004048582995951417 0.0031746031746031746
0 0.7935222672064778 0.6634920634920635 0.004048582995951417 0.0031746031746031746
0 0.5344129554655871 0.5873015873015873 0.004048582995951417 0.0031746031746031746
0 0.5161943319838057 0.5714285714285714 0.004048582995951417 0.0031746031746031746
0 0.7793522267206477 0.546031746031746 0.004048582995951417 0.0031746031746031746
0 0.6578947368421053 0.5619047619047619 0.004048582995951417 0.0031746031746031746
0 0.42105263157894735 0.6349206349206349 0.004048582995951417 0.0031746031746031746
0 0.4939271255060729 0.6190476190476191 0.004048582995951417 0.0031746031746031746
0 0.7004048582995951 0.7206349206349206 0.004048582995951417 0.0031746031746031746
0 0.771255060728745 0.6031746031746031 0.004048582995951417 0.0031746031746031746
0 0.8805668016194332 0.5396825396825397 0.004048582995951417 0.0031746031746031746
