0 0.17875 0.4896810506566604 0.01875 0.028142589118198873
0 0.7075 0.1275797373358349 0.015 0.028142589118198873
0 0.4625 0.6641651031894934 0.01875 0.028142589118198873
0 0.605 0.797373358348968 0.01875 0.028142589118198873
0 0.16 0.8067542213883677 0.01875 0.028142589118198873
0 0.1475 0.5534709193245778 0.01875 0.028142589118198873
0 0.105 0.17073170731707318 0.015 0.028142589118198873
0 0.63375 0.7954971857410882 0.01875 0.028142589118198873
0 0.42 0.4896810506566604 0.01875 0.028142589118198873
0 0.50125 0.900562851782364 0.01875 0.028142589118198873
0 0.84125 0.5590994371482176 0.01875 0.028142589118198873
0 0.20375 0.3433395872420263 0.015 0.028142589118198873
0 0.22875 0.10131332082551595 0.015 0.028142589118198873
0 0.29375 0.0600375234521576 0.015 0.028142589118198873
0 0.53375 0.6303939962476548 0.01875 0.028142589118198873
0 0.52875 0.8292682926829268 0.01875 0.028142589118198873
0 0.3675 0.3677298311444653 0.015 0.028142589118198873
0 0.8525 0.9343339587242027 0.01875 0.028142589118198873
0 0.54375 0.32645403377110693 0.015 0.028142589118198873
0 0.265 0.9399624765478424 0.01875 0.028142589118198873
0 0.4775 0.35834896810506567 0.015 0.028142589118198873
0 0.0975 0.8273921200750469 0.01875 0.028142589118198873
0 0.3925 0.8348968105065666 0.01875 0.028142589118198873
0 0.19 0.12195121951219512 0.015 0.028142589118198873
0 0.90875 0.801125703564728 0.01875 0.028142589118198873
0 0.38125 0.225140712945591 0.015 0.028142589118198873
0 0.805 0.11444652908067542 0.015 0.028142589118198873
0 0.26125 0.25328330206378985 0.015 0.028142589118198873
0 0.28 0.19887429643527205 0.015 0.028142589118198873
0 0.1975 0.23639774859287055 0.015 0.028142589118198873
0 0.175 0.2851782363977486 0.015 0.028142589118198873
0 0.14 0.3808630393996248 0.015 0.028142589118198873
0 0.03125 0.6604127579737336 0.01875 0.028142589118198873
0 0.2375 0.3058161350844278 0.015 0.028142589118198873
0 0.395 0.3076923076923077 0.015 0.028142589118198873
0 0.75375 0.7298311444652908 0.01875 0.028142589118198873
0 0.74125 0.5590994371482176 0.01875 0.028142589118198873
0 0.89125 0.2270168855534709 0.015 0.028142589118198873
0 0.4725 0.6060037523452158 0.01875 0.028142589118198873
0 0.755 0.08442776735459662 0.015 0.028142589118198873
0 0.8025 0.19136960600375236 0.015 0.028142589118198873
0 0.33875 0.2401500938086304 0.015 0.028142589118198873
0 0.36 0.6829268292682927 0.01875 0.028142589118198873
0 0.19875 0.013133208255159476 0.015 0.028142589118198873
0 0.805 0.5834896810506567 0.01875 0.028142589118198873
0 0.2575 0.6360225140712945 0.01875 0.028142589118198873
0 0.82875 0.6866791744840526 0.01875 0.028142589118198873
0 0.0225 0.10881801125703565 0.015 0.028142589118198873
0 0.40375 0.3433395872420263 0.015 0.028142589118198873
0 0.94625 0.44652908067542213 0.015 0.028142589118198873
0 0.5325 0.44090056285178236 0.015 0.028142589118198873
0 0.5275 0.23639774859287055 0.015 0.028142589118198873
0 0.0925 0.1050656660412758 0.015 0.028142589118198873
0 0.875 0.6322701688555347 0.01875 0.028142589118198873
0 0.65875 0.4352720450281426 0.015 0.028142589118198873
0 0.78625 0.5478424015009381 0.01875 0.028142589118198873
0 0.87375 0.975609756097561 0.01875 0.028142589118198873
0 0.13625 0.21200750469043153 0.015 0.028142589118198873
0 0.6325 0.5834896810506567 0.01875 0.028142589118198873
0 0.1225 0.8086303939962477 0.01875 0.028142589118198873
0 0.35875 0.5891181988742964 0.01875 0.028142589118198873
0 0.43 0.38461538461538464 0.015 0.028142589118198873
0 0.79 0.6641651031894934 0.01875 0.028142589118198873
0 0.72875 0.6585365853658537 0.01875 0.028142589118198873
0 0.63125 0.4165103189493433 0.015 0.028142589118198873
0 0.455 0.5328330206378987 0.01875 0.028142589118198873
0 0.35375 0.05065666041275797 0.015 0.028142589118198873
0 0.65625 0.2870544090056285 0.015 0.028142589118198873
0 0.20125 0.06191369606003752 0.015 0.028142589118198873
0 0.0375 0.551594746716698 0.01875 0.028142589118198873
0 0.19625 0.8799249530956847 0.01875 0.028142589118198873
0 0.07375 0.0150093808630394 0.015 0.028142589118198873
0 0.35625 0.849906191369606 0.01875 0.028142589118198873
0 0.465 0.4709193245778612 0.01875 0.028142589118198873
0 0.6225 0.009380863039399626 0.015 0.028142589118198873
0 0.0325 0.4596622889305816 0.01625 0.028142589118198873
0 0.52375 0.6791744840525328 0.01875 0.028142589118198873
0 0.45375 0.06566604127579738 0.015 0.028142589118198873
0 0.5125 0.2945590994371482 0.015 0.028142589118198873
0 0.82125 0.8424015009380863 0.01875 0.028142589118198873
0 0.71875 0.8536585365853658 0.01875 0.028142589118198873
0 0.81625 0.7729831144465291 0.01875 0.028142589118198873
0 0.99 0.40337711069418386 0.015 0.028142589118198873
0 0.10125 0.45590994371482174 0.015 0.028142589118198873
0 0.11 0.5290806754221389 0.01875 0.028142589118198873
0 0.6125 0.6022514071294559 0.01875 0.028142589118198873
0 0.15 0.2626641651031895 0.015 0.028142589118198873
0 0.465 0.3170731707317073 0.015 0.028142589118198873
0 0.90375 0.37523452157598497 0.015 0.028142589118198873
0 0.78125 0.4821763602251407 0.01875 0.028142589118198873
0 0.0725 0.8986866791744841 0.01875 0.028142589118198873
0 0.1075 0.24765478424015008 0.015 0.028142589118198873
0 0.74125 0.5966228893058161 0.01875 0.028142589118198873
0 0.0625 0.2682926829268293 0.015 0.028142589118198873
0 0.67625 0.2326454033771107 0.015 0.028142589118198873
0 0.29625 0.01125703564727955 0.015 0.028142589118198873
0 0.3925 0.043151969981238276 0.015 0.028142589118198873
0 0.47 0.42964352720450283 0.015 0.028142589118198873
0 0.83 0.45590994371482174 0.015 0.028142589118198873
0 0.4975 0.8236397748592871 0.01875 0.028142589118198873
0 0.44625 0.1894934333958724 0.015 0.028142589118198873
0 0.75625 0.2270168855534709 0.015 0.028142589118198873
0 0.24 0.0300187617260788 0.015 0.028142589118198873
0 0.46375 0.7073170731707317 0.01875 0.028142589118198873
0 0.42375 0.8386491557223265 0.01875 0.028142589118198873
0 0.905 0.29080675422138835 0.015 0.028142589118198873
0 0.0175 0.3058161350844278 0.015 0.028142589118198873
0 0.96 0.3227016885553471 0.015 0.028142589118198873
0 0.69375 0.6547842401500938 0.01875 0.028142589118198873
0 0.51875 0.6022514071294559 0.01875 0.028142589118198873
0 0.585 0.50093808630394 0.01875 0.028142589118198873
0 0.20125 0.8217636022514071 0.01875 0.028142589118198873
0 0.11625 0.624765478424015 0.01875 0.028142589118198873
0 0.16 0.21388367729831145 0.015 0.028142589118198873
0 0.6275 0.28142589118198874 0.015 0.028142589118198873
0 0.19125 0.5534709193245778 0.01875 0.028142589118198873
0 0.105 0.2926829268292683 0.015 0.028142589118198873
0 0.48125 0.21388367729831145 0.015 0.028142589118198873
0 0.27125 0.7654784240150094 0.01875 0.028142589118198873
0 0.89 0.5853658536585366 0.01875 0.028142589118198873
0 0.23875 0.34709193245778613 0.015 0.028142589118198873
0 0.39125 0.651031894934334 0.01875 0.028142589118198873
0 0.5775 0.10318949343339587 0.015 0.028142589118198873
0 0.55125 0.48405253283302063 0.01875 0.028142589118198873
0 0.51375 0.37335834896810505 0.015 0.028142589118198873
0 0.10375 0.3902439024390244 0.015 0.028142589118198873
0 0.29875 0.29080675422138835 0.015 0.028142589118198873
0 0.8375 0.6303939962476548 0.01875 0.028142589118198873
0 0.5125 0.49343339587242024 0.01875 0.028142589118198873
0 0.57125 0.8236397748592871 0.01875 0.028142589118198873
0 0.43375 0.726078799249531 0.01875 0.028142589118198873
0 0.53625 0.926829268292683 0.01875 0.028142589118198873
0 0.2575 0.474671669793621 0.01875 0.028142589118198873
0 0.42125 0.15196998123827393 0.015 0.028142589118198873
0 0.165 0.6210131332082551 0.01875 0.028142589118198873
0 0.775 0.6172607879924953 0.01875 0.028142589118198873
0 0.23125 0.14634146341463414 0.015 0.028142589118198873
0 0.7925 0.05065666041275797 0.015 0.028142589118198873
0 0.47875 0.7617260787992496 0.01875 0.028142589118198873
0 0.53125 0.7673545966228893 0.01875 0.028142589118198873
0 0.6375 0.3395872420262664 0.015 0.028142589118198873
0 0.69 0.8030018761726079 0.01875 0.028142589118198873
0 0.58125 0.4146341463414634 0.015 0.028142589118198873
0 0.9 0.6772983114446529 0.01875 0.028142589118198873
0 0.86375 0.7448405253283302 0.01875 0.028142589118198873
0 0.8775 0.06191369606003752 0.015 0.028142589118198873
0 0.385 0.1294559099437148 0.015 0.028142589118198873
0 0.68375 0.36397748592870544 0.015 0.028142589118198873
0 0.44375 0.5816135084427767 0.01875 0.028142589118198873
0 0.56875 0.574108818011257 0.01875 0.028142589118198873
0 0.82625 0.2270168855534709 0.015 0.028142589118198873
0 0.2025 0.1726078799249531 0.015 0.028142589118198873
0 0.1575 0.16135084427767354 0.015 0.028142589118198873
0 0.4675 0.849906191369606 0.01875 0.028142589118198873
0 0.75 0.4971857410881801 0.01875 0.028142589118198873
0 0.39125 0.724202626641651 0.01875 0.028142589118198873
0 0.82625 0.150093808630394 0.015 0.028142589118198873
0 0.49625 0.549718574108818 0.01875 0.028142589118198873
0 0.87125 0.5290806754221389 0.01875 0.028142589118198873
0 0.31625 0.9305816135084428 0.01875 0.028142589118198873
0 0.36125 0.31894934333958724 0.015 0.028142589118198873
0 0.415 0.009380863039399626 0.015 0.028142589118198873
0 0.9025 0.8686679174484052 0.01875 0.028142589118198873
0 0.04125 0.15572232645403378 0.015 0.028142589118198873
0 0.39875 0.5834896810506567 0.01875 0.028142589118198873
0 0.80875 0.4596622889305816 0.015 0.028142589118198873
0 0.9175 0.3076923076923077 0.015 0.028142589118198873
0 0.06375 0.5159474671669794 0.01875 0.028142589118198873
0 0.925 0.41088180112570355 0.015 0.028142589118198873
0 0.67625 0.0225140712945591 0.015 0.028142589118198873
0 0.33 0.020637898686679174 0.015 0.028142589118198873
0 0.79375 0.975609756097561 0.01875 0.028142589118198873
0 0.9075 0.11819887429643527 0.015 0.028142589118198873
0 0.35375 0.8986866791744841 0.01875 0.028142589118198873
0 0.62125 0.7223264540337712 0.01875 0.028142589118198873
0 0.14875 0.9324577861163227 0.01875 0.028142589118198873
0 0.58875 0.1425891181988743 0.015 0.028142589118198873
0 0.23125 0.8818011257035647 0.01875 0.028142589118198873
0 0.5575 0.8911819887429644 0.01875 0.028142589118198873
0 0.06625 0.8292682926829268 0.01875 0.028142589118198873
0 0.1525 0.07317073170731707 0.015 0.028142589118198873
0 0.24 0.2176360225140713 0.015 0.028142589118198873
