0 0.07659574468085106 0.3 0.06099290780141844 0.09574468085106383
0 0.8765957446808511 0.18936170212765957 0.08226950354609928 0.18085106382978725
0 0.6709219858156028 0.08297872340425531 0.0524822695035461 0.09787234042553192
0 0.15177304964539007 0.2276595744680851 0.075177304964539 0.16382978723404254
0 0.2723404255319149 0.30638297872340425 0.075177304964539 0.16382978723404254
0 0.19574468085106383 0.3638297872340426 0.075177304964539 0.16382978723404254
0 0.9602836879432625 0.10638297872340426 0.0524822695035461 0.09787234042553192
0 0.924822695035461 0.3 0.08226950354609928 0.18085106382978725
0 0.7475177304964539 0.225531914893617 0.14893617021276595 0.2170212765957447
0 0.526241134751773 0.2936170212765957 0.08652482269503546 0.14893617021276595
0 0.07659574468085106 0.14468085106382977 0.032624113475177303 0.07872340425531915
0 0.5219858156028369 0.14042553191489363 0.04113475177304964 0.07872340425531915
0 0.13191489361702127 0.3680851063829787 0.075177304964539 0.16382978723404254
0 0.4425531914893617 0.13191489361702127 0.04113475177304964 0.07872340425531915
0 0.4794326241134752 0.4553191489361702 0.06524822695035461 0.1574468085106383
0 0.8340425531914893 0.08297872340425531 0.0524822695035461 0.09787234042553192
0 0.5063829787234042 0.17446808510638298 0.04113475177304964 0.07872340425531915
0 0.22836879432624113 0.16808510638297872 0.075177304964539 0.16382978723404254
0 0.0070921985815602835 0.3553191489361702 0.032624113475177303 0.07872340425531915
0 0.4056737588652482 0.07872340425531915 0.01702127659574468 0.03404255319148936
0 0.6312056737588653 0.17446808510638298 0.0524822695035461 0.1148936170212766
