0 0.7213333333333334 0.524 0.016 0.03
0 0.08133333333333333 0.89 0.016 0.03
0 0.652 0.244 0.016 0.03
0 0.712 0.346 0.016 0.03
0 0.02666666666666667 0.106 0.016 0.03
0 0.9613333333333334 0.712 0.016 0.03
0 0.492 0.584 0.016 0.03
0 0.4053333333333333 0.028 0.016 0.03
0 0.29733333333333334 0.61 0.016 0.03
0 0.6066666666666667 0.412 0.016 0.03
0 0.18933333333333333 0.894 0.016 0.03
0 0.168 0.422 0.016 0.03
0 0.47733333333333333 0.52 0.016 0.03
0 0.112 0.284 0.016 0.03
0 0.252 0.206 0.016 0.03
0 0.4106666666666667 0.42 0.016 0.03
0 0.452 0.716 0.016 0.03
0 0.712 0.772 0.016 0.03
0 0.8973333333333333 0.426 0.016 0.03
0 0.836 0.374 0.016 0.03
0 0.7453333333333333 0.328 0.016 0.03
0 0.8786666666666667 0.89 0.016 0.03
0 0.936 0.42 0.016 0.03
0 0.384 0.988 0.016 0.03
0 0.9866666666666667 0.102 0.016 0.03
0 0.2773333333333333 0.362 0.016 0.03
0 0.31733333333333336 0.392 0.016 0.03
0 0.464 0.498 0.016 0.03
0 0.18266666666666667 0.26 0.016 0.03
0 0.8626666666666667 0.1 0.016 0.03
0 0.2866666666666667 0.846 0.016 0.03
0 0.176 0.454 0.016 0.03
0 0.07066666666666667 0.17 0.016 0.03
0 0.09866666666666667 0.924 0.016 0.03
0 0.15333333333333332 0.956 0.016 0.03
0 0.9546666666666667 0.324 0.016 0.03
0 0.332 0.546 0.016 0.03
0 0.7733333333333333 0.974 0.016 0.03
0 0.764 0.086 0.016 0.03
0 0.7133333333333334 0.7 0.016 0.03
0 0.21866666666666668 0.634 0.016 0.03
0 0.708 0.988 0.016 0.03
0 0.9773333333333334 0.952 0.016 0.03
0 0.488 0.496 0.016 0.03
0 0.304 0.288 0.016 0.03
0 0.12933333333333333 0.876 0.016 0.03
0 0.3 0.486 0.016 0.03
0 0.9946666666666667 0.36 0.016 0.03
0 0.4106666666666667 0.254 0.016 0.03
0 0.5293333333333333 0.412 0.016 0.03
0 0.06666666666666667 0.106 0.016 0.03
0 0.04933333333333333 0.52 0.016 0.03
0 0.09333333333333334 0.95 0.016 0.03
0 0.3546666666666667 0.732 0.016 0.03
0 0.6066666666666667 0.566 0.016 0.03
0 0.792 0.37 0.016 0.03
0 0.09333333333333334 0.006 0.016 0.03
0 0.6906666666666667 0.526 0.016 0.03
0 0.096 0.204 0.016 0.03
0 0.31333333333333335 0.158 0.016 0.03
0 0.27066666666666667 0.124 0.016 0.03
0 0.988 0.454 0.016 0.03
0 0.20266666666666666 0.36 0.016 0.03
0 0.058666666666666666 0.99 0.016 0.03
0 0.5093333333333333 0.98 0.016 0.03
0 0.8346666666666667 0.456 0.016 0.03
0 0.44666666666666666 0.768 0.016 0.03
0 0.9746666666666667 0.808 0.016 0.03
0 0.5626666666666666 0.686 0.016 0.03
0 0.12533333333333332 0.41 0.016 0.03
0 0.17733333333333334 0.11 0.016 0.03
0 0.4093333333333333 0.786 0.016 0.03
0 0.5546666666666666 0.866 0.016 0.03
0 0.604 0.256 0.016 0.03
0 0.656 0.876 0.016 0.03
0 0.016 1.0 0.016 0.03
0 0.3466666666666667 0.228 0.016 0.03
0 0.8213333333333334 0.56 0.016 0.03
0 0.13866666666666666 0.772 0.016 0.03
0 0.5106666666666667 0.838 0.016 0.03
0 0.3546666666666667 0.662 0.016 0.03
0 0.356 0.35 0.016 0.03
0 0.436 0.882 0.016 0.03
0 0.41333333333333333 0.952 0.016 0.03
0 0.49866666666666665 0.296 0.016 0.03
0 0.716 0.968 0.016 0.03
0 0.616 0.692 0.016 0.03
0 0.017333333333333333 0.742 0.016 0.03
0 0.624 0.758 0.016 0.03
0 0.5973333333333334 0.528 0.016 0.03
0 0.848 0.66 0.016 0.03
0 0.48 0.044 0.016 0.03
0 0.768 0.42 0.016 0.03
0 0.7506666666666667 0.916 0.016 0.03
0 0.7866666666666666 0.584 0.016 0.03
0 0.14666666666666667 0.526 0.016 0.03
0 0.10666666666666667 0.03 0.016 0.03
0 0.984 0.552 0.016 0.03
0 0.648 0.838 0.016 0.03
0 0.9093333333333333 0.6 0.016 0.03
0 0.248 0.412 0.016 0.03
0 0.32133333333333336 0.502 0.016 0.03
0 0.7906666666666666 0.49 0.016 0.03
0 0.2906666666666667 0.218 0.016 0.03
0 0.43733333333333335 0.402 0.016 0.03
0 0.92 0.23 0.016 0.03
0 0.992 0.74 0.016 0.03
0 0.7893333333333333 0.636 0.016 0.03
0 0.23866666666666667 0.098 0.016 0.03
0 0.724 0.388 0.016 0.03
0 0.652 0.108 0.016 0.03
0 0.316 0.324 0.016 0.03
0 0.084 0.42 0.016 0.03
0 0.3426666666666667 0.29 0.016 0.03
0 0.014666666666666666 0.456 0.016 0.03
0 0.037333333333333336 0.382 0.016 0.03
0 0.09066666666666667 0.73 0.016 0.03
0 0.5026666666666667 0.946 0.016 0.03
0 0.936 0.556 0.016 0.03
0 0.12933333333333333 0.602 0.016 0.03
0 0.46 0.462 0.016 0.03
0 0.36 0.388 0.016 0.03
0 0.13466666666666666 0.452 0.016 0.03
0 0.6973333333333334 0.872 0.016 0.03
0 0.7573333333333333 0.78 0.016 0.03
0 0.5506666666666666 0.662 0.016 0.03
0 0.27066666666666667 0.518 0.016 0.03
0 0.37066666666666664 0.944 0.016 0.03
0 0.8413333333333334 0.7 0.016 0.03
0 0.296 0.784 0.016 0.03
0 0.6213333333333333 0.326 0.016 0.03
0 0.688 0.988 0.016 0.03
0 0.18933333333333333 0.282 0.016 0.03
0 0.9586666666666667 0.36 0.016 0.03
0 0.09066666666666667 0.592 0.016 0.03
0 0.852 0.956 0.016 0.03
0 0.15866666666666668 0.388 0.016 0.03
0 0.68 0.834 0.016 0.03
0 0.492 0.906 0.016 0.03
0 0.9586666666666667 0.492 0.016 0.03
0 0.4533333333333333 0.6 0.016 0.03
0 0.3333333333333333 0.81 0.016 0.03
0 0.816 0.268 0.016 0.03
0 0.2 0.004 0.016 0.03
0 0.35733333333333334 0.172 0.016 0.03
0 0.248 0.854 0.016 0.03
0 0.336 0.726 0.016 0.03
0 0.128 0.206 0.016 0.03
0 0.96 0.634 0.016 0.03
0 0.052 0.36 0.016 0.03
0 0.432 0.352 0.016 0.03
0 0.8133333333333334 0.842 0.016 0.03
0 0.6506666666666666 0.554 0.016 0.03
0 0.9653333333333334 0.142 0.016 0.03
0 0.5373333333333333 0.64 0.016 0.03
0 0.0026666666666666666 0.424 0.012 0.022
0 0.368 0.164 0.016 0.03
0 0.8386666666666667 0.914 0.016 0.03
0 0.10266666666666667 0.662 0.016 0.03
0 0.6786666666666666 0.228 0.016 0.03
0 0.6973333333333334 0.134 0.016 0.03
0 0.244 0.988 0.016 0.03
0 0.616 0.29 0.016 0.03
0 0.3973333333333333 0.922 0.016 0.03
0 0.9106666666666666 0.634 0.016 0.03
0 0.068 0.566 0.016 0.03
0 0.6733333333333333 0.356 0.016 0.03
0 0.08266666666666667 0.032 0.016 0.03
0 0.272 0.328 0.016 0.03
0 0.772 0.554 0.016 0.03
0 0.912 0.132 0.016 0.03
0 0.496 0.786 0.016 0.03
0 0.6066666666666667 0.874 0.016 0.03
0 0.788 0.734 0.016 0.03
0 0.06666666666666667 0.382 0.016 0.03
0 0.828 0.77 0.016 0.03
0 0.8573333333333333 0.596 0.016 0.03
0 0.9933333333333333 0.592 0.016 0.03
0 0.5853333333333334 0.632 0.016 0.03
0 0.20933333333333334 0.908 0.016 0.03
0 0.43466666666666665 0.318 0.016 0.03
0 0.008 0.714 0.016 0.03
0 0.9853333333333333 0.708 0.016 0.03
0 0.32133333333333336 0.772 0.016 0.03
0 0.9933333333333333 0.87 0.016 0.03
0 0.03333333333333333 0.558 0.016 0.03
0 0.8026666666666666 0.948 0.016 0.03
0 0.12666666666666668 0.008 0.016 0.03
0 0.3586666666666667 0.468 0.016 0.03
0 0.04533333333333334 0.428 0.016 0.03
0 0.9906666666666667 0.132 0.016 0.03
0 0.11866666666666667 0.56 0.016 0.03
0 0.16933333333333334 0.208 0.016 0.03
0 0.3 0.884 0.016 0.03
0 0.152 0.332 0.016 0.03
0 0.588 0.966 0.016 0.03
0 0.4706666666666667 0.978 0.016 0.03
0 0.216 0.426 0.016 0.03
0 0.7733333333333333 0.838 0.016 0.03
0 0.38133333333333336 0.78 0.016 0.03
0 0.7533333333333333 0.218 0.016 0.03
0 0.9253333333333333 0.524 0.016 0.03
0 0.088 0.696 0.016 0.03
0 0.4186666666666667 0.604 0.016 0.03
0 0.7066666666666667 0.902 0.016 0.03
0 0.49733333333333335 0.674 0.016 0.03
0 0.9226666666666666 0.878 0.016 0.03
0 0.408 0.218 0.016 0.03
0 0.04133333333333333 0.748 0.016 0.03
0 0.8466666666666667 0.524 0.016 0.03
0 0.6386666666666667 0.23 0.016 0.03
0 0.8986666666666666 0.838 0.016 0.03
0 0.7546666666666667 0.522 0.016 0.03
0 0.04533333333333334 0.322 0.016 0.03
0 0.012 0.358 0.016 0.03
0 0.236 0.666 0.016 0.03
0 0.11733333333333333 0.982 0.016 0.03
0 0.272 0.294 0.016 0.03
0 0.3546666666666667 0.896 0.016 0.03
0 0.332 0.452 0.016 0.03
0 0.7653333333333333 0.388 0.016 0.03
0 0.25333333333333335 0.88 0.016 0.03
0 0.5626666666666666 0.392 0.016 0.03
0 0.5493333333333333 0.364 0.016 0.03
0 0.236 0.336 0.016 0.03
0 0.6586666666666666 0.284 0.016 0.03
0 0.29733333333333334 0.822 0.016 0.03
0 0.6786666666666666 0.944 0.016 0.03
0 0.5213333333333333 0.528 0.016 0.03
0 0.7346666666666667 0.592 0.016 0.03
0 0.7493333333333333 0.814 0.016 0.03
0 0.9826666666666667 0.324 0.016 0.03
0 0.7146666666666667 0.808 0.016 0.03
0 0.5373333333333333 0.942 0.016 0.03
0 0.44133333333333336 0.56 0.016 0.03
0 0.168 0.59 0.016 0.03
0 0.2906666666666667 0.98 0.016 0.03
0 0.6666666666666666 0.77 0.016 0.03
0 0.064 0.804 0.016 0.03
0 0.5613333333333334 0.528 0.016 0.03
0 0.20266666666666666 0.414 0.016 0.03
0 0.9693333333333334 0.532 0.016 0.03
0 0.7026666666666667 0.308 0.016 0.03
0 0.5026666666666667 0.286 0.016 0.03
0 0.43066666666666664 0.672 0.016 0.03
0 0.28 0.73 0.016 0.03
0 0.208 0.852 0.016 0.03
0 0.4693333333333333 0.84 0.016 0.03
0 0.06933333333333333 0.642 0.016 0.03
0 0.5946666666666667 0.214 0.016 0.03
0 0.8746666666666667 0.496 0.016 0.03
0 0.02266666666666667 0.432 0.016 0.03
0 0.5786666666666667 0.732 0.016 0.03
0 0.7986666666666666 0.91 0.016 0.03
0 0.508 0.002 0.008 0.018
0 0.9813333333333333 0.296 0.016 0.03
0 0.048 0.026 0.016 0.03
0 0.536 0.26 0.016 0.03
0 0.9373333333333334 0.158 0.016 0.03
0 0.45066666666666666 0.248 0.016 0.03
0 0.14666666666666667 0.812 0.016 0.03
0 0.45466666666666666 0.294 0.016 0.03
0 0.13866666666666666 0.502 0.016 0.03
0 0.37333333333333335 0.814 0.016 0.03
0 0.16 0.836 0.016 0.03
0 0.8893333333333333 0.82 0.016 0.03
0 0.9733333333333334 0.674 0.016 0.03
0 0.296 0.252 0.016 0.03
0 0.6426666666666667 0.978 0.016 0.03
0 0.556 0.846 0.016 0.03
0 0.9506666666666667 0.472 0.016 0.03
0 0.552 0.98 0.016 0.03
0 0.43066666666666664 0.698 0.016 0.03
0 0.452 0.234 0.016 0.03
0 0.12533333333333332 0.11 0.016 0.03
0 0.4026666666666667 0.56 0.016 0.03
0 0.16533333333333333 0.686 0.016 0.03
0 0.428 0.982 0.016 0.03
0 0.8773333333333333 0.352 0.016 0.03
0 0.32 0.106 0.016 0.03
0 0.068 0.524 0.016 0.03
0 0.22 0.5 0.016 0.03
0 0.9533333333333334 0.606 0.016 0.03
0 0.20133333333333334 0.978 0.016 0.03
0 0.248 0.77 0.016 0.03
0 0.9786666666666667 0.426 0.016 0.03
0 0.8053333333333333 0.392 0.016 0.03
0 0.76 0.954 0.016 0.03
0 0.06933333333333333 0.956 0.016 0.03
0 0.82 0.874 0.016 0.03
0 0.32 0.946 0.016 0.03
0 0.20133333333333334 0.038 0.016 0.03
0 0.012 0.484 0.016 0.03
0 0.056 0.776 0.016 0.03
0 0.66 0.738 0.016 0.03
0 0.8626666666666667 0.562 0.016 0.03
0 0.42133333333333334 0.512 0.016 0.03
0 0.5346666666666666 0.292 0.016 0.03
0 0.2693333333333333 0.914 0.016 0.03
0 0.008 0.274 0.016 0.03
0 0.6053333333333333 0.834 0.016 0.03
0 0.37466666666666665 0.652 0.016 0.03
0 0.11333333333333333 0.528 0.016 0.03
0 0.836 0.608 0.016 0.03
0 0.17866666666666667 0.652 0.016 0.03
0 0.31333333333333335 0.562 0.016 0.03
0 0.3293333333333333 0.596 0.016 0.03
0 0.7853333333333333 0.78 0.016 0.03
0 0.11866666666666667 0.164 0.016 0.03
0 0.276 0.774 0.016 0.03
0 0.7293333333333333 0.264 0.016 0.03
0 0.5066666666666667 0.496 0.016 0.03
0 0.8826666666666667 0.242 0.016 0.03
0 0.8746666666666667 0.776 0.016 0.03
0 0.2 0.556 0.016 0.03
0 0.52 0.09 0.016 0.03
0 0.452 0.916 0.016 0.03
0 0.5413333333333333 0.584 0.016 0.03
0 0.37866666666666665 0.464 0.016 0.03
0 0.8013333333333333 0.22 0.016 0.03
0 0.11466666666666667 0.26 0.016 0.03
0 0.2 0.172 0.016 0.03
0 0.4106666666666667 0.096 0.016 0.03
0 0.9693333333333334 0.392 0.016 0.03
0 0.36666666666666664 0.564 0.016 0.03
0 0.9586666666666667 0.23 0.016 0.03
0 0.018666666666666668 0.524 0.016 0.03
0 0.68 0.122 0.016 0.03
0 0.8093333333333333 0.1 0.016 0.03
0 0.8946666666666667 0.17 0.016 0.03
0 0.13466666666666666 0.928 0.016 0.03
0 0.5973333333333334 0.36 0.016 0.03
0 0.3413333333333333 0.842 0.016 0.03
0 0.488 0.388 0.016 0.03
0 0.30933333333333335 0.658 0.016 0.03
0 0.8893333333333333 0.39 0.016 0.03
0 0.04933333333333333 0.912 0.016 0.03
0 0.5666666666666667 0.262 0.016 0.03
0 0.176 0.926 0.016 0.03
0 0.8013333333333333 0.524 0.016 0.03
0 0.16666666666666666 0.874 0.016 0.03
0 0.5706666666666667 0.868 0.016 0.03
0 0.2773333333333333 0.554 0.016 0.03
0 0.1 0.772 0.016 0.03
0 0.0013333333333333333 0.884 0.012 0.022
0 0.936 0.952 0.016 0.03
0 0.7346666666666667 0.662 0.016 0.03
0 0.15333333333333332 0.306 0.016 0.03
0 0.32666666666666666 0.372 0.016 0.03
0 0.9186666666666666 0.804 0.016 0.03
0 0.25866666666666666 0.252 0.016 0.03
0 0.19066666666666668 0.714 0.016 0.03
0 0.8813333333333333 0.67 0.016 0.03
0 0.9946666666666667 0.626 0.016 0.03
0 0.6306666666666667 0.362 0.016 0.03
0 0.6613333333333333 0.45 0.016 0.03
0 0.05466666666666667 0.008 0.016 0.03
0 0.034666666666666665 0.886 0.016 0.03
0 0.9386666666666666 0.292 0.016 0.03
0 0.888 0.106 0.016 0.03
0 0.9946666666666667 0.986 0.016 0.03
0 0.8773333333333333 0.628 0.016 0.03
0 0.9253333333333333 0.392 0.016 0.03
0 0.8626666666666667 0.986 0.016 0.03
0 0.5266666666666666 0.552 0.016 0.03
0 0.5666666666666667 0.738 0.016 0.03
0 0.9946666666666667 0.498 0.016 0.03
0 0.22 0.26 0.016 0.03
0 0.78 0.866 0.016 0.03
0 0.7573333333333333 0.358 0.016 0.03
0 0.36133333333333334 0.766 0.016 0.03
0 0.424 0.48 0.016 0.03
0 0.17066666666666666 0.542 0.016 0.03
0 0.5733333333333334 0.422 0.016 0.03
0 0.6906666666666667 0.288 0.016 0.03
0 0.9266666666666666 0.262 0.016 0.03
0 0.31066666666666665 0.92 0.016 0.03
0 0.2773333333333333 0.958 0.016 0.03
0 0.7546666666666667 0.494 0.016 0.03
0 0.0026666666666666666 0.616 0.012 0.022
0 0.5733333333333334 0.094 0.016 0.03
0 0.936 0.704 0.016 0.03
0 0.02666666666666667 0.258 0.016 0.03
0 0.256 0.592 0.016 0.03
0 0.6253333333333333 0.946 0.016 0.03
0 0.384 0.49 0.016 0.03
0 0.852 0.422 0.016 0.03
0 0.836 0.482 0.016 0.03
0 0.072 0.292 0.016 0.03
0 0.736 0.874 0.016 0.03
0 0.44133333333333336 0.22 0.016 0.03
0 0.018666666666666668 0.004 0.016 0.03
0 0.808 0.66 0.016 0.03
0 0.5333333333333333 0.776 0.016 0.03
0 0.050666666666666665 0.628 0.016 0.03
0 0.43333333333333335 0.522 0.016 0.03
0 0.7346666666666667 0.736 0.016 0.03
0 0.21466666666666667 0.888 0.016 0.03
0 0.464 0.118 0.016 0.03
0 0.828 0.318 0.016 0.03
0 0.39466666666666667 0.53 0.016 0.03
0 0.5493333333333333 0.502 0.016 0.03
0 0.29333333333333333 0.424 0.016 0.03
0 0.8946666666666667 0.56 0.016 0.03
0 0.39866666666666667 0.394 0.016 0.03
0 0.016 0.162 0.016 0.03
0 0.8106666666666666 0.35 0.016 0.03
0 0.564 0.55 0.016 0.03
0 0.632 0.614 0.016 0.03
0 0.48133333333333334 0.182 0.016 0.03
0 0.764 0.666 0.016 0.03
0 0.13866666666666666 0.63 0.016 0.03
0 0.8653333333333333 0.326 0.016 0.03
0 0.6813333333333333 0.69 0.016 0.03
0 0.8213333333333334 0.98 0.016 0.03
0 0.5253333333333333 0.168 0.016 0.03
0 0.3373333333333333 0.988 0.016 0.03
0 0.9466666666666667 0.984 0.016 0.03
0 0.384 0.294 0.016 0.03
0 0.04533333333333334 0.464 0.016 0.03
0 0.8546666666666667 0.844 0.016 0.03
0 0.9373333333333334 0.672 0.016 0.03
0 0.348 0.32 0.016 0.03
0 0.816 0.418 0.016 0.03
0 0.04 0.69 0.016 0.03
0 0.39866666666666667 0.73 0.016 0.03
0 0.8973333333333333 0.294 0.016 0.03
0 0.528 0.876 0.016 0.03
0 0.5306666666666666 0.908 0.016 0.03
0 0.11466666666666667 0.38 0.016 0.03
0 0.888 0.956 0.016 0.03
0 0.6933333333333334 0.734 0.016 0.03
0 0.9013333333333333 0.456 0.016 0.03
0 0.788 0.322 0.016 0.03
0 0.8386666666666667 0.168 0.016 0.03
0 0.06266666666666666 0.006 0.016 0.03
0 0.5933333333333334 0.496 0.016 0.03
0 0.376 0.258 0.016 0.03
0 0.9466666666666667 0.58 0.016 0.03
0 0.20266666666666666 0.328 0.016 0.03
0 0.39466666666666667 0.874 0.016 0.03
0 0.6346666666666667 0.802 0.016 0.03
0 0.23066666666666666 0.528 0.016 0.03
0 0.9053333333333333 0.318 0.016 0.03
0 0.5813333333333334 0.326 0.016 0.03
0 0.38 0.854 0.016 0.03
0 0.35333333333333333 0.912 0.016 0.03
0 0.6386666666666667 0.404 0.016 0.03
0 0.9466666666666667 0.142 0.016 0.03
0 0.12666666666666668 0.736 0.016 0.03
0 0.31066666666666665 0.732 0.016 0.03
0 0.6226666666666667 0.912 0.016 0.03
0 0.6893333333333334 0.562 0.016 0.03
0 0.4226666666666667 0.62 0.016 0.03
0 0.496 0.464 0.016 0.03
0 0.4013333333333333 0.32 0.016 0.03
0 0.02 0.642 0.016 0.03
0 0.5973333333333334 0.972 0.016 0.03
0 0.224 0.582 0.016 0.03
0 0.8346666666666667 0.632 0.016 0.03
0 0.16266666666666665 0.168 0.016 0.03
0 0.58 0.77 0.016 0.03
0 0.888 0.988 0.016 0.03
0 0.16 0.988 0.016 0.03
0 0.5746666666666667 0.31 0.016 0.03
0 0.5186666666666667 0.4 0.016 0.03
0 0.748 0.454 0.016 0.03
0 0.4866666666666667 0.562 0.016 0.03
0 0.4706666666666667 0.654 0.016 0.03
0 0.716 0.126 0.016 0.03
0 0.005333333333333333 0.924 0.013333333333333334 0.026
0 0.6573333333333333 0.912 0.016 0.03
0 0.476 0.69 0.016 0.03
0 0.8986666666666666 0.672 0.016 0.03
0 0.7026666666666667 0.632 0.016 0.03
0 0.4533333333333333 0.95 0.016 0.03
