0 0.4990234375 0.53125 0.005859375 0.009114583333333334
0 0.78515625 0.63671875 0.0146484375 0.028645833333333332
0 0.7939453125 0.55859375 0.0068359375 0.01171875
0 0.7802734375 0.578125 0.005859375 0.009114583333333334
0 0.7841796875 0.6158854166666666 0.0146484375 0.028645833333333332
0 0.5537109375 0.6497395833333334 0.0146484375 0.028645833333333332
0 0.529296875 0.5325520833333334 0.005859375 0.009114583333333334
0 0.1201171875 0.62890625 0.0146484375 0.028645833333333332
0 0.892578125 0.6953125 0.0146484375 0.028645833333333332
0 0.255859375 0.6393229166666666 0.0146484375 0.028645833333333332
0 0.572265625 0.9674479166666666 0.033203125 0.05859375
0 0.6728515625 0.7421875 0.01953125 0.029947916666666668
0 0.349609375 0.58984375 0.005859375 0.009114583333333334
0 0.3671875 0.5625 0.005859375 0.009114583333333334
0 0.724609375 0.6106770833333334 0.005859375 0.009114583333333334
0 0.744140625 0.6080729166666666 0.005859375 0.009114583333333334
0 0.06640625 0.6783854166666666 0.0146484375 0.028645833333333332
0 0.17578125 0.625 0.0146484375 0.028645833333333332
0 0.759765625 0.6015625 0.005859375 0.009114583333333334
0 0.607421875 0.5716145833333334 0.005859375 0.009114583333333334
0 0.837890625 0.6145833333333334 0.0146484375 0.028645833333333332
0 0.455078125 0.5768229166666666 0.005859375 0.009114583333333334
0 0.501953125 0.5390625 0.005859375 0.009114583333333334
0 0.3994140625 0.5455729166666666 0.005859375 0.009114583333333334
0 0.3046875 0.6979166666666666 0.0146484375 0.028645833333333332
0 0.40234375 0.6354166666666666 0.0146484375 0.028645833333333332
0 0.8203125 0.6276041666666666 0.0146484375 0.028645833333333332
0 0.4658203125 0.6953125 0.0146484375 0.028645833333333332
0 0.08203125 0.7408854166666666 0.01953125 0.029947916666666668
0 0.595703125 0.5638020833333334 0.005859375 0.009114583333333334
0 0.4296875 0.6158854166666666 0.0146484375 0.028645833333333332
0 0.3720703125 0.5755208333333334 0.005859375 0.009114583333333334
0 0.3857421875 0.61328125 0.005859375 0.009114583333333334
0 0.9755859375 0.6588541666666666 0.0146484375 0.028645833333333332
0 0.765625 0.6588541666666666 0.0146484375 0.028645833333333332
0 0.673828125 0.6341145833333334 0.0146484375 0.028645833333333332
0 0.3203125 0.6106770833333334 0.005859375 0.009114583333333334
0 0.9501953125 0.5950520833333334 0.0068359375 0.01171875
0 0.39453125 0.6744791666666666 0.0146484375 0.028645833333333332
0 0.18359375 0.6640625 0.0146484375 0.028645833333333332
0 0.2685546875 0.6145833333333334 0.0146484375 0.028645833333333332
0 0.4697265625 0.5247395833333334 0.005859375 0.009114583333333334
0 0.9189453125 0.5846354166666666 0.0068359375 0.01171875
0 0.3408203125 0.58203125 0.005859375 0.009114583333333334
0 0.3544921875 0.5572916666666666 0.005859375 0.009114583333333334
0 0.681640625 0.5768229166666666 0.005859375 0.009114583333333334
0 0.3671875 0.61328125 0.005859375 0.009114583333333334
0 0.7060546875 0.6315104166666666 0.0146484375 0.028645833333333332
0 0.33984375 0.56640625 0.005859375 0.009114583333333334
0 0.919921875 0.6419270833333334 0.0146484375 0.028645833333333332
0 0.546875 0.5416666666666666 0.005859375 0.009114583333333334
0 0.0283203125 0.7903645833333334 0.01953125 0.029947916666666668
0 0.48828125 0.5390625 0.005859375 0.009114583333333334
0 0.1689453125 0.6236979166666666 0.0146484375 0.028645833333333332
0 0.248046875 0.6510416666666666 0.0146484375 0.028645833333333332
0 0.455078125 0.5338541666666666 0.005859375 0.009114583333333334
0 0.525390625 0.5989583333333334 0.005859375 0.009114583333333334
0 0.8056640625 0.5572916666666666 0.0068359375 0.01171875
0 0.4365234375 0.6354166666666666 0.0146484375 0.028645833333333332
0 0.328125 0.6458333333333334 0.0146484375 0.028645833333333332
0 0.283203125 0.6341145833333334 0.0146484375 0.028645833333333332
0 0.087890625 0.71484375 0.0146484375 0.028645833333333332
0 0.935546875 0.578125 0.0068359375 0.01171875
0 0.4755859375 0.5390625 0.005859375 0.009114583333333334
0 0.5625 0.7578125 0.01953125 0.029947916666666668
0 0.9140625 0.8216145833333334 0.033203125 0.05859375
0 0.41796875 0.5481770833333334 0.005859375 0.009114583333333334
0 0.318359375 0.59375 0.005859375 0.009114583333333334
0 0.3876953125 0.5755208333333334 0.005859375 0.009114583333333334
0 0.5048828125 0.546875 0.005859375 0.009114583333333334
0 0.408203125 0.61328125 0.005859375 0.009114583333333334
0 0.3603515625 0.81640625 0.0244140625 0.024739583333333332
0 0.5654296875 0.5299479166666666 0.005859375 0.009114583333333334
0 0.3310546875 0.56640625 0.005859375 0.009114583333333334
0 0.65234375 0.63671875 0.0146484375 0.028645833333333332
0 0.6162109375 0.5690104166666666 0.005859375 0.009114583333333334
0 0.408203125 0.6575520833333334 0.0146484375 0.028645833333333332
0 0.568359375 0.5911458333333334 0.005859375 0.009114583333333334
0 0.2900390625 0.6106770833333334 0.005859375 0.009114583333333334
0 0.7216796875 0.5598958333333334 0.005859375 0.009114583333333334
0 0.060546875 0.6627604166666666 0.0146484375 0.028645833333333332
0 0.14453125 0.9231770833333334 0.033203125 0.05859375
0 0.0703125 0.8671875 0.033203125 0.05859375
0 0.33203125 0.6041666666666666 0.005859375 0.009114583333333334
0 0.69921875 0.7200520833333334 0.0146484375 0.028645833333333332
0 0.416015625 0.5338541666666666 0.005859375 0.009114583333333334
0 0.708984375 0.5963541666666666 0.005859375 0.009114583333333334
0 0.318359375 0.8151041666666666 0.01953125 0.029947916666666668
0 0.4921875 0.5911458333333334 0.005859375 0.009114583333333334
0 0.5224609375 0.6197916666666666 0.0146484375 0.028645833333333332
0 0.392578125 0.5638020833333334 0.005859375 0.009114583333333334
0 0.4365234375 0.5364583333333334 0.005859375 0.009114583333333334
0 0.9775390625 0.6080729166666666 0.0068359375 0.01171875
0 0.966796875 0.765625 0.01953125 0.029947916666666668
0 0.1728515625 0.66796875 0.0146484375 0.028645833333333332
0 0.12890625 0.6510416666666666 0.0146484375 0.028645833333333332
0 0.6708984375 0.6927083333333334 0.0146484375 0.028645833333333332
0 0.01953125 0.7526041666666666 0.01953125 0.029947916666666668
0 0.98046875 0.5924479166666666 0.0068359375 0.01171875
0 0.412109375 0.59375 0.005859375 0.009114583333333334
0 0.61328125 0.5833333333333334 0.005859375 0.009114583333333334
0 0.068359375 0.6197916666666666 0.0146484375 0.028645833333333332
0 0.8916015625 0.5716145833333334 0.0068359375 0.01171875
0 0.9326171875 0.640625 0.0146484375 0.028645833333333332
0 0.2900390625 0.5703125 0.005859375 0.009114583333333334
0 0.1923828125 0.6875 0.0146484375 0.028645833333333332
0 0.9345703125 0.6653645833333334 0.0146484375 0.028645833333333332
0 0.9658203125 0.6536458333333334 0.0146484375 0.028645833333333332
0 0.4501953125 0.609375 0.005859375 0.009114583333333334
0 0.4833984375 0.625 0.0146484375 0.028645833333333332
0 0.78125 0.5963541666666666 0.0068359375 0.01171875
0 0.185546875 0.0 0.005859375 0.00390625
0 0.845703125 0.5716145833333334 0.0068359375 0.01171875
0 0.5166015625 0.5325520833333334 0.005859375 0.009114583333333334
0 0.7421875 0.5690104166666666 0.005859375 0.009114583333333334
0 0.4365234375 0.5442708333333334 0.005859375 0.009114583333333334
0 0.5302734375 0.65234375 0.0146484375 0.028645833333333332
0 0.7265625 0.65625 0.0146484375 0.028645833333333332
0 0.599609375 0.55078125 0.005859375 0.009114583333333334
0 0.828125 0.6419270833333334 0.0146484375 0.028645833333333332
0 0.25390625 0.67578125 0.0146484375 0.028645833333333332
0 0.380859375 0.5533854166666666 0.005859375 0.009114583333333334
0 0.623046875 0.5598958333333334 0.005859375 0.009114583333333334
0 0.4345703125 0.8203125 0.033203125 0.05859375
0 0.9716796875 0.6315104166666666 0.0146484375 0.028645833333333332
0 0.1923828125 0.6263020833333334 0.0146484375 0.028645833333333332
0 0.359375 0.6484375 0.0146484375 0.028645833333333332
0 0.6982421875 0.5768229166666666 0.005859375 0.009114583333333334
0 0.33203125 0.55859375 0.005859375 0.009114583333333334
0 0.6884765625 0.6953125 0.0146484375 0.028645833333333332
0 0.3330078125 0.6263020833333334 0.0146484375 0.028645833333333332
0 0.60546875 0.5455729166666666 0.005859375 0.009114583333333334
0 0.380859375 0.63671875 0.0146484375 0.028645833333333332
0 0.64453125 0.6145833333333334 0.0146484375 0.028645833333333332
0 0.3681640625 0.0 0.005859375 0.00390625
0 0.37109375 0.0 0.005859375 0.00390625
0 0.783203125 0.5572916666666666 0.0068359375 0.01171875
0 0.486328125 0.6588541666666666 0.0146484375 0.028645833333333332
0 0.8056640625 0.5651041666666666 0.0068359375 0.01171875
0 0.2744140625 0.6223958333333334 0.0146484375 0.028645833333333332
0 0.59375 0.5377604166666666 0.005859375 0.009114583333333334
0 0.6435546875 0.6028645833333334 0.005859375 0.009114583333333334
0 0.7392578125 0.7200520833333334 0.0146484375 0.028645833333333332
0 0.7509765625 0.7825520833333334 0.01953125 0.029947916666666668
0 0.7685546875 0.5625 0.005859375 0.009114583333333334
0 0.6943359375 0.63671875 0.0146484375 0.028645833333333332
0 0.705078125 0.8294270833333334 0.033203125 0.05859375
0 0.3857421875 0.7174479166666666 0.0146484375 0.028645833333333332
0 0.6259765625 0.609375 0.005859375 0.009114583333333334
0 0.4765625 0.64453125 0.0146484375 0.028645833333333332
0 0.521484375 0.5533854166666666 0.005859375 0.009114583333333334
0 0.373046875 0.0 0.005859375 0.00390625
0 0.9189453125 0.5651041666666666 0.0068359375 0.01171875
0 0.078125 0.79296875 0.01953125 0.029947916666666668
0 0.9345703125 0.6953125 0.0146484375 0.028645833333333332
0 0.798828125 0.6354166666666666 0.0146484375 0.028645833333333332
0 0.76953125 0.6145833333333334 0.0146484375 0.028645833333333332
0 0.4033203125 0.5859375 0.005859375 0.009114583333333334
0 0.3564453125 0.6302083333333334 0.0146484375 0.028645833333333332
0 0.33984375 0.7786458333333334 0.01953125 0.029947916666666668
0 0.3935546875 0.6236979166666666 0.0146484375 0.028645833333333332
0 0.7861328125 0.6549479166666666 0.0146484375 0.028645833333333332
0 0.5771484375 0.62890625 0.0146484375 0.028645833333333332
0 0.224609375 0.0 0.005859375 0.00390625
0 0.1015625 0.7838541666666666 0.01953125 0.029947916666666668
0 0.53515625 0.5677083333333334 0.005859375 0.009114583333333334
0 0.6962890625 0.5494791666666666 0.005859375 0.009114583333333334
0 0.5859375 0.5377604166666666 0.005859375 0.009114583333333334
0 0.73046875 0.5885416666666666 0.005859375 0.009114583333333334
0 0.6806640625 0.6484375 0.0146484375 0.028645833333333332
0 0.435546875 0.5299479166666666 0.005859375 0.009114583333333334
0 0.392578125 0.76953125 0.01953125 0.029947916666666668
0 0.892578125 0.640625 0.0146484375 0.028645833333333332
0 0.5546875 0.5572916666666666 0.005859375 0.009114583333333334
0 0.609375 0.73828125 0.01953125 0.029947916666666668
0 0.4658203125 0.53125 0.005859375 0.009114583333333334
0 0.57421875 0.6666666666666666 0.0146484375 0.028645833333333332
0 0.6142578125 0.5481770833333334 0.005859375 0.009114583333333334
0 0.1796875 0.9205729166666666 0.033203125 0.05859375
0 0.2744140625 0.625 0.0146484375 0.028645833333333332
0 0.599609375 0.6015625 0.005859375 0.009114583333333334
0 0.98828125 0.91015625 0.033203125 0.05859375
0 0.5048828125 0.8333333333333334 0.033203125 0.05859375
0 0.130859375 0.6692708333333334 0.0146484375 0.028645833333333332
0 0.4287109375 0.67578125 0.0146484375 0.028645833333333332
0 0.875 0.6223958333333334 0.0146484375 0.028645833333333332
0 0.2265625 0.9479166666666666 0.033203125 0.05859375
0 0.291015625 0.6302083333333334 0.0146484375 0.028645833333333332
0 0.4697265625 0.546875 0.005859375 0.009114583333333334
0 0.37890625 0.5625 0.005859375 0.009114583333333334
0 0.337890625 0.6614583333333334 0.0146484375 0.028645833333333332
0 0.6875 0.5572916666666666 0.005859375 0.009114583333333334
0 0.0361328125 0.7174479166666666 0.015625 0.029947916666666668
0 0.2353515625 0.8190104166666666 0.0244140625 0.024739583333333332
0 0.892578125 0.6575520833333334 0.0146484375 0.028645833333333332
0 0.5263671875 0.5768229166666666 0.005859375 0.009114583333333334
0 0.5888671875 0.5559895833333334 0.005859375 0.009114583333333334
0 0.677734375 0.7200520833333334 0.0146484375 0.028645833333333332
0 0.5634765625 0.5390625 0.005859375 0.009114583333333334
0 0.490234375 0.5247395833333334 0.005859375 0.009114583333333334
0 0.525390625 0.6380208333333334 0.0146484375 0.028645833333333332
0 0.9599609375 0.6653645833333334 0.0146484375 0.028645833333333332
0 0.3095703125 0.7317708333333334 0.015625 0.029947916666666668
0 0.76171875 0.6315104166666666 0.0146484375 0.028645833333333332
0 0.28125 0.7604166666666666 0.01953125 0.029947916666666668
0 0.1025390625 0.69921875 0.0146484375 0.028645833333333332
0 0.8740234375 0.5690104166666666 0.0068359375 0.01171875
0 0.044921875 0.9479166666666666 0.033203125 0.05859375
0 0.4375 0.5859375 0.005859375 0.009114583333333334
0 0.966796875 0.8125 0.01953125 0.029947916666666668
0 0.4521484375 0.5260416666666666 0.005859375 0.009114583333333334
0 0.1337890625 0.81640625 0.0244140625 0.024739583333333332
0 0.0634765625 0.0 0.005859375 0.00390625
0 0.2734375 0.6770833333333334 0.0146484375 0.028645833333333332
0 0.59765625 0.5859375 0.005859375 0.009114583333333334
0 0.63671875 0.5768229166666666 0.005859375 0.009114583333333334
0 0.9111328125 0.5807291666666666 0.0068359375 0.01171875
0 0.0830078125 0.6380208333333334 0.0146484375 0.028645833333333332
0 0.50390625 0.6419270833333334 0.0146484375 0.028645833333333332
0 0.3173828125 0.6041666666666666 0.005859375 0.009114583333333334
0 0.673828125 0.6692708333333334 0.0146484375 0.028645833333333332
0 0.3896484375 0.5950520833333334 0.005859375 0.009114583333333334
0 0.486328125 0.546875 0.005859375 0.009114583333333334
0 0.798828125 0.609375 0.0068359375 0.01171875
0 0.369140625 0.5950520833333334 0.005859375 0.009114583333333334
0 0.2001953125 0.6796875 0.0146484375 0.028645833333333332
0 0.646484375 0.5559895833333334 0.005859375 0.009114583333333334
0 0.82421875 0.56640625 0.0068359375 0.01171875
0 0.1279296875 0.6354166666666666 0.0146484375 0.028645833333333332
0 0.44140625 0.75 0.01953125 0.029947916666666668
0 0.6689453125 0.5546875 0.005859375 0.009114583333333334
0 0.8759765625 0.6458333333333334 0.0146484375 0.028645833333333332
0 0.353515625 0.6145833333333334 0.0146484375 0.028645833333333332
0 0.5771484375 0.5494791666666666 0.005859375 0.009114583333333334
0 0.7978515625 0.6223958333333334 0.0146484375 0.028645833333333332
0 0.6630859375 0.58984375 0.005859375 0.009114583333333334
0 0.546875 0.53125 0.005859375 0.009114583333333334
0 0.3515625 0.6653645833333334 0.0146484375 0.028645833333333332
0 0.625 0.5807291666666666 0.005859375 0.009114583333333334
0 0.68359375 0.6158854166666666 0.0146484375 0.028645833333333332
0 0.2646484375 0.6080729166666666 0.00390625 0.010416666666666666
0 0.7548828125 0.5716145833333334 0.005859375 0.009114583333333334
0 0.06640625 0.640625 0.0146484375 0.028645833333333332
0 0.1591796875 0.6770833333333334 0.0146484375 0.028645833333333332
0 0.31640625 0.5598958333333334 0.005859375 0.009114583333333334
0 0.84765625 0.8736979166666666 0.033203125 0.05859375
0 0.4208984375 0.5690104166666666 0.005859375 0.009114583333333334
0 0.5546875 0.6315104166666666 0.0146484375 0.028645833333333332
0 0.4814453125 0.6809895833333334 0.0146484375 0.028645833333333332
0 0.607421875 0.6328125 0.0146484375 0.028645833333333332
0 0.6298828125 0.625 0.0146484375 0.028645833333333332
0 0.6875 0.5989583333333334 0.005859375 0.009114583333333334
0 0.853515625 0.625 0.0146484375 0.028645833333333332
0 0.6337890625 0.5598958333333334 0.005859375 0.009114583333333334
0 0.5361328125 0.5455729166666666 0.005859375 0.009114583333333334
0 0.0361328125 0.6822916666666666 0.013671875 0.020833333333333332
0 0.203125 0.0 0.005859375 0.00390625
0 0.5009765625 0.78125 0.01953125 0.029947916666666668
0 0.8828125 0.5859375 0.0068359375 0.01171875
0 0.3125 0.6328125 0.0146484375 0.028645833333333332
0 0.341796875 0.6393229166666666 0.0146484375 0.028645833333333332
0 0.3056640625 0.6223958333333334 0.0146484375 0.028645833333333332
0 0.7568359375 0.6979166666666666 0.0146484375 0.028645833333333332
0 0.4541015625 0.5455729166666666 0.005859375 0.009114583333333334
0 0.3251953125 0.62890625 0.0146484375 0.028645833333333332
0 0.1318359375 0.6953125 0.0146484375 0.028645833333333332
