0 0.5502645502645502 0.7246575342465753 0.009259259259259259 0.024657534246575342
0 0.6078042328042328 0.7616438356164383 0.009259259259259259 0.024657534246575342
0 0.008597883597883597 0.1917808219178082 0.004629629629629629 0.010958904109589041
0 0.6554232804232805 0.9054794520547945 0.009259259259259259 0.024657534246575342
0 0.6653439153439153 0.6835616438356165 0.009259259259259259 0.024657534246575342
0 0.33465608465608465 0.6219178082191781 0.007275132275132275 0.01780821917808219
0 0.6712962962962963 0.46164383561643835 0.006613756613756613 0.012328767123287671
0 0.621031746031746 0.5383561643835616 0.006613756613756613 0.012328767123287671
0 0.25793650793650796 0.7027397260273973 0.007275132275132275 0.01780821917808219
0 0.4781746031746032 0.5397260273972603 0.006613756613756613 0.012328767123287671
0 0.7473544973544973 0.8205479452054795 0.006613756613756613 0.021917808219178082
0 0.9907407407407407 0.7287671232876712 0.007936507936507936 0.019178082191780823
0 0.0291005291005291 0.1178082191780822 0.004629629629629629 0.010958904109589041
0 0.28703703703703703 0.3835616438356164 0.004629629629629629 0.01780821917808219
0 0.3816137566137566 0.5123287671232877 0.004629629629629629 0.01780821917808219
0 0.1421957671957672 0.43424657534246575 0.004629629629629629 0.01780821917808219
0 0.625 0.8164383561643835 0.009259259259259259 0.024657534246575342
0 0.004629629629629629 0.11232876712328767 0.004629629629629629 0.010958904109589041
0 0.5661375661375662 0.6589041095890411 0.009259259259259259 0.024657534246575342
0 0.10383597883597884 0.47534246575342465 0.004629629629629629 0.01780821917808219
0 0.3425925925925926 0.10547945205479452 0.004629629629629629 0.010958904109589041
0 0.7638888888888888 0.036986301369863014 0.005291005291005291 0.00821917808219178
0 0.9543650793650794 0.0027397260273972603 0.005291005291005291 0.00821917808219178
0 0.6302910052910053 0.9013698630136986 0.009259259259259259 0.024657534246575342
0 0.6851851851851852 0.726027397260274 0.009259259259259259 0.024657534246575342
0 0.47156084656084657 0.6547945205479452 0.009259259259259259 0.024657534246575342
0 0.27843915343915343 0.4575342465753425 0.004629629629629629 0.01780821917808219
0 0.458994708994709 0.5794520547945206 0.006613756613756613 0.012328767123287671
0 0.1349206349206349 0.27671232876712326 0.005952380952380952 0.012328767123287671
0 0.8452380952380952 0.030136986301369864 0.005291005291005291 0.00821917808219178
0 0.6759259259259259 0.6712328767123288 0.009259259259259259 0.024657534246575342
0 0.44113756613756616 0.40273972602739727 0.005952380952380952 0.012328767123287671
0 0.3630952380952381 0.7082191780821918 0.007275132275132275 0.01780821917808219
0 0.4861111111111111 0.3698630136986301 0.005952380952380952 0.012328767123287671
0 0.6488095238095238 0.0547945205479452 0.005291005291005291 0.00821917808219178
0 0.1970899470899471 0.7356164383561644 0.007275132275132275 0.01780821917808219
0 0.06349206349206349 0.11095890410958904 0.004629629629629629 0.010958904109589041
0 0.7962962962962963 0.0547945205479452 0.005291005291005291 0.00821917808219178
0 0.42328042328042326 0.34794520547945207 0.005952380952380952 0.012328767123287671
0 0.16335978835978837 0.33424657534246577 0.005952380952380952 0.012328767123287671
0 0.17063492063492064 0.16027397260273973 0.004629629629629629 0.010958904109589041
0 0.8445767195767195 0.00684931506849315 0.005291005291005291 0.00821917808219178
0 0.6898148148148148 0.8356164383561644 0.009259259259259259 0.024657534246575342
0 0.5992063492063492 0.4657534246575342 0.006613756613756613 0.012328767123287671
0 0.3373015873015873 0.584931506849315 0.004629629629629629 0.01780821917808219
0 0.7215608465608465 0.6808219178082192 0.006613756613756613 0.021917808219178082
0 0.2718253968253968 0.3780821917808219 0.004629629629629629 0.01780821917808219
0 0.7870370370370371 0.7013698630136986 0.006613756613756613 0.021917808219178082
0 0.2863756613756614 0.4123287671232877 0.004629629629629629 0.01780821917808219
0 0.7123015873015873 0.5095890410958904 0.006613756613756613 0.012328767123287671
0 0.2857142857142857 0.6506849315068494 0.007275132275132275 0.01780821917808219
0 0.1349206349206349 0.16301369863013698 0.004629629629629629 0.010958904109589041
0 0.25595238095238093 0.4191780821917808 0.004629629629629629 0.01780821917808219
0 0.2261904761904762 0.5589041095890411 0.004629629629629629 0.01780821917808219
0 0.2175925925925926 0.20821917808219179 0.004629629629629629 0.010958904109589041
0 0.7724867724867724 0.07397260273972603 0.005291005291005291 0.00821917808219178
0 0.007275132275132275 0.16575342465753426 0.004629629629629629 0.010958904109589041
0 0.05357142857142857 0.25616438356164384 0.005952380952380952 0.012328767123287671
0 0.7440476190476191 0.056164383561643834 0.005291005291005291 0.00821917808219178
0 0.44576719576719576 0.6506849315068494 0.009259259259259259 0.024657534246575342
0 0.0496031746031746 0.6945205479452055 0.007275132275132275 0.01780821917808219
0 0.3802910052910053 0.3726027397260274 0.004629629629629629 0.01780821917808219
0 0.013888888888888888 0.24794520547945206 0.005291005291005291 0.010958904109589041
0 0.08862433862433862 0.3780821917808219 0.004629629629629629 0.01780821917808219
0 0.6243386243386243 0.038356164383561646 0.005291005291005291 0.00821917808219178
0 0.9603174603174603 0.6671232876712329 0.007936507936507936 0.019178082191780823
0 0.7275132275132276 0.7794520547945205 0.006613756613756613 0.021917808219178082
0 0.7275132275132276 0.6904109589041096 0.006613756613756613 0.021917808219178082
0 0.8895502645502645 0.6589041095890411 0.007936507936507936 0.019178082191780823
0 0.503968253968254 0.436986301369863 0.006613756613756613 0.012328767123287671
0 0.3664021164021164 0.10547945205479452 0.004629629629629629 0.010958904109589041
0 0.22288359788359788 0.4136986301369863 0.004629629629629629 0.01780821917808219
0 0.7268518518518519 0.8808219178082192 0.006613756613756613 0.021917808219178082
0 0.2175925925925926 0.38082191780821917 0.004629629629629629 0.01780821917808219
0 0.4689153439153439 0.4780821917808219 0.006613756613756613 0.012328767123287671
0 0.6078042328042328 0.7027397260273973 0.009259259259259259 0.024657534246575342
0 0.19907407407407407 0.6643835616438356 0.007275132275132275 0.01780821917808219
0 0.8134920634920635 0.5205479452054794 0.007936507936507936 0.019178082191780823
0 0.330026455026455 0.4465753424657534 0.004629629629629629 0.01780821917808219
0 0.7486772486772487 0.6767123287671233 0.006613756613756613 0.021917808219178082
0 0.9378306878306878 0.5917808219178082 0.007936507936507936 0.019178082191780823
0 0.8465608465608465 0.11643835616438356 0.005291005291005291 0.00821917808219178
0 0.6064814814814815 0.8808219178082192 0.009259259259259259 0.024657534246575342
0 0.66005291005291 0.4602739726027397 0.006613756613756613 0.012328767123287671
0 0.12764550264550265 0.436986301369863 0.004629629629629629 0.01780821917808219
0 0.2744708994708995 0.23972602739726026 0.005952380952380952 0.012328767123287671
0 0.8809523809523809 0.038356164383561646 0.005291005291005291 0.00821917808219178
0 0.26256613756613756 0.7109589041095891 0.007275132275132275 0.01780821917808219
0 0.5575396825396826 0.5712328767123288 0.006613756613756613 0.012328767123287671
0 0.10449735449735449 0.436986301369863 0.004629629629629629 0.01780821917808219
0 0.04298941798941799 0.3780821917808219 0.004629629629629629 0.01780821917808219
0 0.7863756613756614 0.026027397260273973 0.005291005291005291 0.00821917808219178
0 0.7175925925925926 0.056164383561643834 0.005291005291005291 0.00821917808219178
0 0.8558201058201058 0.036986301369863014 0.005291005291005291 0.00821917808219178
0 0.25793650793650796 0.32465753424657534 0.005952380952380952 0.012328767123287671
0 0.23875661375661375 0.23835616438356164 0.005952380952380952 0.012328767123287671
0 0.6329365079365079 0.6178082191780822 0.006613756613756613 0.012328767123287671
0 0.9279100529100529 0.9041095890410958 0.011904761904761904 0.0273972602739726
0 0.8333333333333334 0.8328767123287671 0.011904761904761904 0.0273972602739726
0 0.5509259259259259 0.863013698630137 0.009259259259259259 0.024657534246575342
0 0.5026455026455027 0.3684931506849315 0.005952380952380952 0.012328767123287671
0 0.17923280423280424 0.5301369863013699 0.004629629629629629 0.01780821917808219
0 0.2605820105820106 0.11643835616438356 0.004629629629629629 0.010958904109589041
0 0.17923280423280424 0.6931506849315069 0.007275132275132275 0.01780821917808219
0 0.4080687830687831 0.10136986301369863 0.004629629629629629 0.010958904109589041
0 0.07208994708994709 0.34383561643835614 0.005952380952380952 0.012328767123287671
0 0.8253968253968254 0.7753424657534247 0.006613756613756613 0.021917808219178082
0 0.07936507936507936 0.6945205479452055 0.007275132275132275 0.01780821917808219
0 0.8207671957671958 0.024657534246575342 0.005291005291005291 0.00821917808219178
0 0.1818783068783069 0.7246575342465753 0.007275132275132275 0.01780821917808219
0 0.1164021164021164 0.510958904109589 0.004629629629629629 0.01780821917808219
0 0.3115079365079365 0.5945205479452055 0.004629629629629629 0.01780821917808219
0 0.5707671957671958 0.8602739726027397 0.009259259259259259 0.024657534246575342
0 0.3664021164021164 0.38082191780821917 0.004629629629629629 0.01780821917808219
0 0.24801587301587302 0.2945205479452055 0.005952380952380952 0.012328767123287671
0 0.9874338624338624 0.050684931506849315 0.005291005291005291 0.00821917808219178
0 0.5085978835978836 0.3958904109589041 0.005952380952380952 0.012328767123287671
0 0.6177248677248677 0.4589041095890411 0.006613756613756613 0.012328767123287671
0 0.6765873015873016 0.01780821917808219 0.005291005291005291 0.00821917808219178
0 0.548941798941799 0.43561643835616437 0.006613756613756613 0.012328767123287671
0 0.5767195767195767 0.647945205479452 0.006613756613756613 0.012328767123287671
0 0.027777777777777776 0.3178082191780822 0.005952380952380952 0.012328767123287671
0 0.3855820105820106 0.5821917808219178 0.004629629629629629 0.01780821917808219
0 0.751984126984127 0.8054794520547945 0.006613756613756613 0.021917808219178082
0 0.5264550264550265 0.0013698630136986301 0.005291005291005291 0.00821917808219178
0 0.4695767195767196 0.40136986301369865 0.005952380952380952 0.012328767123287671
0 0.20833333333333334 0.3287671232876712 0.005952380952380952 0.012328767123287671
0 0.5357142857142857 0.7438356164383562 0.009259259259259259 0.024657534246575342
0 0.9166666666666666 0.6232876712328768 0.007936507936507936 0.019178082191780823
0 0.2876984126984127 0.626027397260274 0.007275132275132275 0.01780821917808219
0 0.7043650793650794 0.13972602739726028 0.005291005291005291 0.00821917808219178
0 0.8822751322751323 0.8575342465753425 0.011904761904761904 0.0273972602739726
0 0.05026455026455026 0.1136986301369863 0.004629629629629629 0.010958904109589041
0 0.3148148148148148 0.7438356164383562 0.007275132275132275 0.01780821917808219
0 0.26455026455026454 0.1821917808219178 0.004629629629629629 0.010958904109589041
0 0.5066137566137566 0.1273972602739726 0.005291005291005291 0.00821917808219178
0 0.3445767195767196 0.5506849315068493 0.004629629629629629 0.01780821917808219
0 0.5205026455026455 0.8383561643835616 0.009259259259259259 0.024657534246575342
0 0.7976190476190477 0.563013698630137 0.007936507936507936 0.019178082191780823
0 0.13690476190476192 0.30547945205479454 0.005952380952380952 0.012328767123287671
0 0.5535714285714286 0.39315068493150684 0.005952380952380952 0.012328767123287671
0 0.6078042328042328 0.4301369863013699 0.006613756613756613 0.012328767123287671
0 0.7453703703703703 0.8616438356164383 0.006613756613756613 0.021917808219178082
0 0.25132275132275134 0.35342465753424657 0.004629629629629629 0.01780821917808219
0 0.6746031746031746 0.821917808219178 0.009259259259259259 0.024657534246575342
0 0.047619047619047616 0.16712328767123288 0.004629629629629629 0.010958904109589041
0 0.42394179894179895 0.6410958904109589 0.009259259259259259 0.024657534246575342
0 0.4748677248677249 0.6123287671232877 0.006613756613756613 0.012328767123287671
0 0.5826719576719577 0.815068493150685 0.009259259259259259 0.024657534246575342
0 0.39285714285714285 0.626027397260274 0.005952380952380952 0.01780821917808219
0 0.29365079365079366 0.15753424657534246 0.004629629629629629 0.010958904109589041
0 0.3425925925925926 0.17671232876712328 0.004629629629629629 0.010958904109589041
0 0.4298941798941799 0.6863013698630137 0.009259259259259259 0.024657534246575342
0 0.1488095238095238 0.18356164383561643 0.004629629629629629 0.010958904109589041
0 0.6455026455026455 0.4547945205479452 0.006613756613756613 0.012328767123287671
0 0.7242063492063492 0.6684931506849315 0.006613756613756613 0.021917808219178082
0 0.48743386243386244 0.1821917808219178 0.005291005291005291 0.009589041095890411
0 0.9464285714285714 0.7616438356164383 0.008597883597883597 0.02054794520547945
0 0.6964285714285714 0.5082191780821917 0.006613756613756613 0.012328767123287671
0 0.541005291005291 0.021917808219178082 0.005291005291005291 0.00821917808219178
0 0.2863756613756614 0.7287671232876712 0.007275132275132275 0.01780821917808219
0 0.6335978835978836 0.07945205479452055 0.005291005291005291 0.00821917808219178
0 0.376984126984127 0.6808219178082192 0.007275132275132275 0.01780821917808219
0 0.923941798941799 0.03561643835616438 0.005291005291005291 0.00821917808219178
0 0.6018518518518519 0.836986301369863 0.009259259259259259 0.024657534246575342
0 0.4828042328042328 0.6534246575342466 0.009259259259259259 0.024657534246575342
0 0.5251322751322751 0.5671232876712329 0.006613756613756613 0.012328767123287671
0 0.2976190476190476 0.31917808219178084 0.005952380952380952 0.012328767123287671
0 0.83994708994709 0.10821917808219178 0.005291005291005291 0.00821917808219178
0 0.08267195767195767 0.33972602739726027 0.005952380952380952 0.012328767123287671
0 0.9365079365079365 0.13150684931506848 0.005291005291005291 0.00821917808219178
0 0.8174603174603174 0.6068493150684932 0.007936507936507936 0.019178082191780823
0 0.7341269841269841 0.6698630136986301 0.006613756613756613 0.021917808219178082
0 0.12632275132275134 0.40273972602739727 0.004629629629629629 0.01780821917808219
0 0.8657407407407407 0.00410958904109589 0.005291005291005291 0.00821917808219178
0 0.5972222222222222 0.5301369863013699 0.006613756613756613 0.012328767123287671
0 0.5257936507936508 0.01780821917808219 0.005291005291005291 0.00821917808219178
0 0.10383597883597884 0.27945205479452057 0.005952380952380952 0.012328767123287671
0 0.22817460317460317 0.4876712328767123 0.004629629629629629 0.01780821917808219
0 0.6435185185185185 0.6178082191780822 0.006613756613756613 0.012328767123287671
0 0.7427248677248677 0.010958904109589041 0.005291005291005291 0.00821917808219178
0 0.27843915343915343 0.34794520547945207 0.005952380952380952 0.012328767123287671
0 0.25132275132275134 0.24383561643835616 0.005952380952380952 0.012328767123287671
0 0.15343915343915343 0.6767123287671233 0.007275132275132275 0.01780821917808219
0 0.8604497354497355 0.019178082191780823 0.005291005291005291 0.00821917808219178
0 0.03571428571428571 0.1684931506849315 0.004629629629629629 0.010958904109589041
0 0.5886243386243386 0.8876712328767123 0.009259259259259259 0.024657534246575342
0 0.8333333333333334 0.019178082191780823 0.005291005291005291 0.00821917808219178
0 0.25066137566137564 0.11232876712328767 0.004629629629629629 0.010958904109589041
0 0.22685185185185186 0.6767123287671233 0.007275132275132275 0.01780821917808219
0 0.5615079365079365 0.43561643835616437 0.006613756613756613 0.012328767123287671
0 0.17328042328042328 0.2547945205479452 0.005952380952380952 0.012328767123287671
0 0.07936507936507936 0.7164383561643836 0.007275132275132275 0.01780821917808219
0 0.16534391534391535 0.5315068493150685 0.004629629629629629 0.01780821917808219
0 0.1984126984126984 0.15753424657534246 0.004629629629629629 0.010958904109589041
0 0.027777777777777776 0.3506849315068493 0.005291005291005291 0.0136986301369863
0 0.22156084656084657 0.7178082191780822 0.007275132275132275 0.01780821917808219
0 0.7936507936507936 0.7136986301369863 0.006613756613756613 0.021917808219178082
0 0.3445767195767196 0.6561643835616439 0.007275132275132275 0.01780821917808219
0 0.591931216931217 0.4328767123287671 0.006613756613756613 0.012328767123287671
0 0.66005291005291 0.8575342465753425 0.009259259259259259 0.024657534246575342
0 0.25992063492063494 0.26575342465753427 0.005952380952380952 0.012328767123287671
0 0.4708994708994709 0.7917808219178082 0.009259259259259259 0.024657534246575342
0 0.25 0.5273972602739726 0.004629629629629629 0.01780821917808219
0 0.10912698412698413 0.689041095890411 0.007275132275132275 0.01780821917808219
0 0.2605820105820106 0.23835616438356164 0.005952380952380952 0.012328767123287671
0 0.5046296296296297 0.8013698630136986 0.009259259259259259 0.024657534246575342
0 0.0958994708994709 0.21506849315068494 0.004629629629629629 0.010958904109589041
0 0.9146825396825397 0.7 0.007936507936507936 0.019178082191780823
0 0.12367724867724868 0.2095890410958904 0.004629629629629629 0.010958904109589041
0 0.5343915343915344 0.031506849315068496 0.005291005291005291 0.00821917808219178
0 0.30092592592592593 0.29041095890410956 0.005952380952380952 0.012328767123287671
0 0.2328042328042328 0.6698630136986301 0.007275132275132275 0.01780821917808219
0 0.23082010582010581 0.38493150684931504 0.004629629629629629 0.01780821917808219
0 0.45171957671957674 0.826027397260274 0.009259259259259259 0.024657534246575342
0 0.8273809523809523 0.15205479452054796 0.005291005291005291 0.00821917808219178
0 0.48412698412698413 0.5068493150684932 0.006613756613756613 0.012328767123287671
0 0.49007936507936506 0.8273972602739726 0.009259259259259259 0.024657534246575342
0 0.6732804232804233 0.0410958904109589 0.005291005291005291 0.00821917808219178
0 0.582010582010582 0.07260273972602739 0.005291005291005291 0.00821917808219178
0 0.841931216931217 0.5287671232876713 0.007936507936507936 0.019178082191780823
0 0.5052910052910053 0.0684931506849315 0.005291005291005291 0.00821917808219178
0 0.23412698412698413 0.6013698630136987 0.004629629629629629 0.01780821917808219
0 0.26455026455026454 0.7383561643835617 0.007275132275132275 0.01780821917808219
0 0.7473544973544973 0.1273972602739726 0.005291005291005291 0.00821917808219178
0 0.17526455026455026 0.6109589041095891 0.004629629629629629 0.01780821917808219
0 0.9636243386243386 0.6698630136986301 0.007936507936507936 0.019178082191780823
0 0.4279100529100529 0.6602739726027397 0.009259259259259259 0.024657534246575342
0 0.09854497354497355 0.6424657534246575 0.007275132275132275 0.01780821917808219
0 0.6924603174603174 0.03972602739726028 0.005291005291005291 0.00821917808219178
0 0.15873015873015872 0.3 0.005952380952380952 0.012328767123287671
0 0.06812169312169312 0.2821917808219178 0.005952380952380952 0.012328767123287671
0 0.8240740740740741 0.6082191780821918 0.007936507936507936 0.019178082191780823
0 0.5072751322751323 0.4986301369863014 0.006613756613756613 0.012328767123287671
0 0.39285714285714285 0.28904109589041094 0.005952380952380952 0.012328767123287671
0 0.9947089947089947 0.4986301369863014 0.007936507936507936 0.019178082191780823
0 0.7301587301587301 0.7616438356164383 0.006613756613756613 0.021917808219178082
0 0.6587301587301587 0.7164383561643836 0.009259259259259259 0.024657534246575342
0 0.16534391534391535 0.4671232876712329 0.004629629629629629 0.01780821917808219
0 0.082010582010582 0.6356164383561644 0.007275132275132275 0.01780821917808219
0 0.2605820105820106 0.29315068493150687 0.005952380952380952 0.012328767123287671
0 0.167989417989418 0.426027397260274 0.004629629629629629 0.01780821917808219
0 0.14087301587301587 0.36164383561643837 0.004629629629629629 0.01780821917808219
0 0.03439153439153439 0.19041095890410958 0.004629629629629629 0.010958904109589041
0 0.8101851851851852 0.005479452054794521 0.005291005291005291 0.00821917808219178
0 0.3306878306878307 0.10410958904109589 0.004629629629629629 0.010958904109589041
0 0.8273809523809523 0.012328767123287671 0.005291005291005291 0.00821917808219178
0 0.05555555555555555 0.1863013698630137 0.004629629629629629 0.010958904109589041
0 0.796957671957672 0.0027397260273972603 0.005291005291005291 0.00821917808219178
0 0.13955026455026456 0.4 0.004629629629629629 0.01780821917808219
0 0.6038359788359788 0.7301369863013699 0.009259259259259259 0.024657534246575342
0 0.05886243386243386 0.44246575342465755 0.004629629629629629 0.01780821917808219
0 0.1832010582010582 0.4602739726027397 0.004629629629629629 0.01780821917808219
0 0.5244708994708994 0.6945205479452055 0.009259259259259259 0.024657534246575342
0 0.07671957671957672 0.24794520547945206 0.005952380952380952 0.012328767123287671
0 0.6494708994708994 0.5383561643835616 0.006613756613756613 0.012328767123287671
0 0.9768518518518519 0.5958904109589042 0.007936507936507936 0.019178082191780823
0 0.207010582010582 0.5671232876712329 0.004629629629629629 0.01780821917808219
0 0.18121693121693122 0.36164383561643837 0.004629629629629629 0.01780821917808219
0 0.031084656084656083 0.14383561643835616 0.004629629629629629 0.010958904109589041
0 0.6335978835978836 0.7164383561643836 0.009259259259259259 0.024657534246575342
0 0.8584656084656085 0.5246575342465754 0.007936507936507936 0.019178082191780823
0 0.7784391534391535 0.8506849315068493 0.006613756613756613 0.021917808219178082
0 0.7083333333333334 0.826027397260274 0.009259259259259259 0.024657534246575342
0 0.7757936507936508 0.7726027397260274 0.006613756613756613 0.021917808219178082
0 0.5681216931216931 0.673972602739726 0.009259259259259259 0.024657534246575342
0 0.32142857142857145 0.6589041095890411 0.007275132275132275 0.01780821917808219
0 0.19246031746031747 0.39452054794520547 0.004629629629629629 0.01780821917808219
0 0.8194444444444444 0.036986301369863014 0.005291005291005291 0.00821917808219178
0 0.5753968253968254 0.14246575342465753 0.005291005291005291 0.00821917808219178
0 0.4880952380952381 0.7452054794520548 0.009259259259259259 0.024657534246575342
0 0.18981481481481483 0.36164383561643837 0.004629629629629629 0.01780821917808219
0 0.23743386243386244 0.7027397260273973 0.007275132275132275 0.01780821917808219
0 0.9880952380952381 0.6068493150684932 0.007936507936507936 0.019178082191780823
0 0.2533068783068783 0.13561643835616438 0.004629629629629629 0.010958904109589041
0 0.2923280423280423 0.5917808219178082 0.004629629629629629 0.01780821917808219
0 0.5648148148148148 0.6082191780821918 0.006613756613756613 0.012328767123287671
0 0.42063492063492064 0.2863013698630137 0.005952380952380952 0.012328767123287671
0 0.6144179894179894 0.049315068493150684 0.005291005291005291 0.00821917808219178
0 0.5436507936507936 0.5 0.006613756613756613 0.012328767123287671
0 0.8035714285714286 0.7219178082191781 0.006613756613756613 0.021917808219178082
0 0.6891534391534392 0.5465753424657535 0.006613756613756613 0.012328767123287671
0 0.7037037037037037 0.8794520547945206 0.009259259259259259 0.024657534246575342
0 0.2830687830687831 0.2684931506849315 0.005952380952380952 0.012328767123287671
0 0.3941798941798942 0.10410958904109589 0.004629629629629629 0.010958904109589041
0 0.8088624338624338 0.023287671232876714 0.005291005291005291 0.00821917808219178
0 0.09126984126984126 0.6356164383561644 0.007275132275132275 0.01780821917808219
0 0.3630952380952381 0.12876712328767123 0.004629629629629629 0.010958904109589041
0 0.164021164021164 0.7136986301369863 0.007275132275132275 0.01780821917808219
0 0.2347883597883598 0.6356164383561644 0.007275132275132275 0.01780821917808219
0 0.01984126984126984 0.3178082191780822 0.005952380952380952 0.012328767123287671
0 0.9854497354497355 0.010958904109589041 0.005291005291005291 0.00821917808219178
0 0.5185185185185185 0.4301369863013699 0.006613756613756613 0.012328767123287671
0 0.31216931216931215 0.12465753424657534 0.004629629629629629 0.010958904109589041
0 0.13293650793650794 0.5095890410958904 0.004629629629629629 0.01780821917808219
0 0.7777777777777778 0.0547945205479452 0.005291005291005291 0.00821917808219178
0 0.9047619047619048 0.7013698630136986 0.007936507936507936 0.019178082191780823
0 0.21957671957671956 0.2958904109589041 0.005952380952380952 0.012328767123287671
0 0.01455026455026455 0.29041095890410956 0.005952380952380952 0.012328767123287671
0 0.4107142857142857 0.3452054794520548 0.005952380952380952 0.012328767123287671
0 0.2123015873015873 0.3547945205479452 0.004629629629629629 0.01780821917808219
0 0.12301587301587301 0.30684931506849317 0.005952380952380952 0.012328767123287671
0 0.14947089947089948 0.4657534246575342 0.004629629629629629 0.01780821917808219
0 0.7056878306878307 0.6986301369863014 0.009259259259259259 0.024657534246575342
0 0.6640211640211641 0.5808219178082191 0.006613756613756613 0.012328767123287671
0 0.9325396825396826 0.6232876712328768 0.007936507936507936 0.019178082191780823
0 0.023148148148148147 0.6493150684931507 0.007275132275132275 0.01780821917808219
0 0.3683862433862434 0.17397260273972603 0.004629629629629629 0.010958904109589041
0 0.4801587301587302 0.33972602739726027 0.005952380952380952 0.012328767123287671
0 0.09656084656084656 0.3684931506849315 0.004629629629629629 0.01780821917808219
0 0.9087301587301587 0.8657534246575342 0.011904761904761904 0.0273972602739726
0 0.8359788359788359 0.6205479452054794 0.007936507936507936 0.019178082191780823
0 0.4636243386243386 0.16164383561643836 0.005291005291005291 0.009589041095890411
0 0.8101851851851852 0.647945205479452 0.006613756613756613 0.021917808219178082
0 0.1349206349206349 0.47534246575342465 0.004629629629629629 0.01780821917808219
0 0.7235449735449735 0.13150684931506848 0.005291005291005291 0.00821917808219178
0 0.23148148148148148 0.20684931506849316 0.004629629629629629 0.010958904109589041
0 0.2566137566137566 0.20684931506849316 0.004629629629629629 0.010958904109589041
0 0.43915343915343913 0.7150684931506849 0.009259259259259259 0.024657534246575342
0 0.9940476190476191 0.5027397260273972 0.007936507936507936 0.019178082191780823
0 0.37566137566137564 0.726027397260274 0.007275132275132275 0.01780821917808219
0 0.056878306878306875 0.31232876712328766 0.005952380952380952 0.012328767123287671
0 0.1917989417989418 0.6027397260273972 0.004629629629629629 0.01780821917808219
0 0.3373015873015873 0.5191780821917809 0.004629629629629629 0.01780821917808219
0 0.6481481481481481 0.7397260273972602 0.009259259259259259 0.024657534246575342
0 0.6190476190476191 0.7150684931506849 0.009259259259259259 0.024657534246575342
0 0.08994708994708994 0.4410958904109589 0.004629629629629629 0.01780821917808219
0 0.16137566137566137 0.20821917808219179 0.004629629629629629 0.010958904109589041
0 0.21362433862433863 0.24794520547945206 0.005952380952380952 0.012328767123287671
0 0.4894179894179894 0.4767123287671233 0.006613756613756613 0.012328767123287671
0 0.09523809523809523 0.34657534246575344 0.005952380952380952 0.012328767123287671
0 0.13690476190476192 0.18493150684931506 0.004629629629629629 0.010958904109589041
0 0.6025132275132276 0.4986301369863014 0.006613756613756613 0.012328767123287671
0 0.7123015873015873 0.547945205479452 0.006613756613756613 0.012328767123287671
0 0.20105820105820105 0.7095890410958904 0.007275132275132275 0.01780821917808219
0 0.5138888888888888 0.36575342465753424 0.005952380952380952 0.012328767123287671
0 0.6071428571428571 0.14520547945205478 0.005291005291005291 0.00821917808219178
0 0.43783068783068785 0.3150684931506849 0.005952380952380952 0.012328767123287671
0 0.056216931216931214 0.2863013698630137 0.005952380952380952 0.012328767123287671
0 0.11706349206349206 0.2547945205479452 0.005952380952380952 0.012328767123287671
0 0.5092592592592593 0.4684931506849315 0.006613756613756613 0.012328767123287671
0 0.15608465608465608 0.27123287671232876 0.005952380952380952 0.012328767123287671
0 0.25793650793650796 0.5575342465753425 0.004629629629629629 0.01780821917808219
0 0.37037037037037035 0.1506849315068493 0.004629629629629629 0.010958904109589041
0 0.7731481481481481 0.6424657534246575 0.006613756613756613 0.021917808219178082
0 0.5376984126984127 0.8095890410958904 0.009259259259259259 0.024657534246575342
0 0.35119047619047616 0.7054794520547946 0.007275132275132275 0.01780821917808219
0 0.09523809523809523 0.18767123287671234 0.004629629629629629 0.010958904109589041
0 0.20502645502645503 0.11643835616438356 0.004629629629629629 0.010958904109589041
0 0.533068783068783 0.7561643835616438 0.009259259259259259 0.024657534246575342
0 0.18584656084656084 0.16301369863013698 0.004629629629629629 0.010958904109589041
0 0.3478835978835979 0.4821917808219178 0.004629629629629629 0.01780821917808219
0 0.11044973544973545 0.6397260273972603 0.007275132275132275 0.01780821917808219
0 0.35119047619047616 0.7232876712328767 0.007275132275132275 0.01780821917808219
0 0.4556878306878307 0.6164383561643836 0.006613756613756613 0.012328767123287671
0 0.5853174603174603 0.663013698630137 0.009259259259259259 0.024657534246575342
0 0.5218253968253969 0.636986301369863 0.006613756613756613 0.012328767123287671
0 0.39616402116402116 0.3410958904109589 0.005952380952380952 0.012328767123287671
0 0.16203703703703703 0.5 0.004629629629629629 0.01780821917808219
0 0.7261904761904762 0.7383561643835617 0.006613756613756613 0.021917808219178082
0 0.24801587301587302 0.5986301369863014 0.004629629629629629 0.01780821917808219
0 0.9543650793650794 0.6534246575342466 0.007936507936507936 0.019178082191780823
0 0.44775132275132273 0.33972602739726027 0.005952380952380952 0.012328767123287671
0 0.792989417989418 0.015068493150684932 0.005291005291005291 0.00821917808219178
0 0.4351851851851852 0.28356164383561644 0.005952380952380952 0.012328767123287671
0 0.08465608465608465 0.2808219178082192 0.005952380952380952 0.012328767123287671
0 0.2400793650793651 0.3561643835616438 0.004629629629629629 0.01780821917808219
0 0.9007936507936508 0.6863013698630137 0.007936507936507936 0.019178082191780823
0 0.26521164021164023 0.12876712328767123 0.004629629629629629 0.010958904109589041
0 0.44841269841269843 0.15205479452054796 0.005291005291005291 0.009589041095890411
0 0.5343915343915344 0.6547945205479452 0.009259259259259259 0.024657534246575342
0 0.4087301587301587 0.6547945205479452 0.009259259259259259 0.024657534246575342
0 0.6693121693121693 0.0684931506849315 0.005291005291005291 0.00821917808219178
0 0.3683862433862434 0.6219178082191781 0.007275132275132275 0.01780821917808219
0 0.3531746031746032 0.1273972602739726 0.004629629629629629 0.010958904109589041
0 0.9246031746031746 0.00410958904109589 0.005291005291005291 0.00821917808219178
0 0.015873015873015872 0.21506849315068494 0.004629629629629629 0.010958904109589041
0 0.7347883597883598 0.8287671232876712 0.006613756613756613 0.021917808219178082
0 0.6805555555555556 0.8684931506849315 0.009259259259259259 0.024657534246575342
0 0.8128306878306878 0.7561643835616438 0.006613756613756613 0.021917808219178082
0 0.7738095238095238 0.7342465753424657 0.006613756613756613 0.021917808219178082
0 0.783068783068783 0.036986301369863014 0.005291005291005291 0.00821917808219178
0 0.9629629629629629 0.7767123287671233 0.008597883597883597 0.02054794520547945
0 0.09060846560846561 0.16164383561643836 0.004629629629629629 0.010958904109589041
0 0.8558201058201058 0.6109589041095891 0.007936507936507936 0.019178082191780823
0 0.6276455026455027 0.8602739726027397 0.009259259259259259 0.024657534246575342
0 0.48677248677248675 0.14931506849315068 0.005291005291005291 0.00821917808219178
0 0.24735449735449735 0.32465753424657534 0.005952380952380952 0.012328767123287671
0 0.6798941798941799 0.052054794520547946 0.005291005291005291 0.00821917808219178
0 0.3373015873015873 0.35342465753424657 0.004629629629629629 0.01780821917808219
0 0.6276455026455027 0.6438356164383562 0.006613756613756613 0.012328767123287671
0 0.3048941798941799 0.44931506849315067 0.004629629629629629 0.01780821917808219
0 0.9007936507936508 0.0410958904109589 0.005291005291005291 0.00821917808219178
0 0.7321428571428571 0.010958904109589041 0.005291005291005291 0.00821917808219178
0 0.23214285714285715 0.32465753424657534 0.005952380952380952 0.012328767123287671
0 0.2771164021164021 0.5986301369863014 0.004629629629629629 0.01780821917808219
0 0.34854497354497355 0.40821917808219177 0.004629629629629629 0.01780821917808219
0 0.15674603174603174 0.4232876712328767 0.004629629629629629 0.01780821917808219
0 0.07936507936507936 0.15753424657534246 0.004629629629629629 0.010958904109589041
0 0.28505291005291006 0.1136986301369863 0.004629629629629629 0.010958904109589041
0 0.3029100529100529 0.5465753424657535 0.004629629629629629 0.01780821917808219
0 0.3637566137566138 0.5164383561643836 0.004629629629629629 0.01780821917808219
0 0.13756613756613756 0.13972602739726028 0.004629629629629629 0.010958904109589041
0 0.6025132275132276 0.5013698630136987 0.006613756613756613 0.012328767123287671
0 0.16071428571428573 0.6123287671232877 0.004629629629629629 0.01780821917808219
0 0.666005291005291 0.03424657534246575 0.005291005291005291 0.00821917808219178
0 0.6666666666666666 0.536986301369863 0.006613756613756613 0.012328767123287671
0 0.013227513227513227 0.34657534246575344 0.005291005291005291 0.0136986301369863
0 0.10119047619047619 0.1136986301369863 0.004629629629629629 0.010958904109589041
0 0.7083333333333334 0.07260273972602739 0.005291005291005291 0.00821917808219178
0 0.49007936507936506 0.33972602739726027 0.005952380952380952 0.012328767123287671
0 0.7222222222222222 0.5534246575342465 0.006613756613756613 0.012328767123287671
0 0.5661375661375662 0.9095890410958904 0.009259259259259259 0.024657534246575342
0 0.6620370370370371 0.052054794520547946 0.005291005291005291 0.00821917808219178
0 0.7109788359788359 0.46986301369863015 0.006613756613756613 0.012328767123287671
0 0.3915343915343915 0.6506849315068494 0.007275132275132275 0.019178082191780823
0 0.6064814814814815 0.9068493150684932 0.009259259259259259 0.024657534246575342
0 0.21164021164021163 0.1589041095890411 0.004629629629629629 0.010958904109589041
0 0.04034391534391534 0.28493150684931506 0.005952380952380952 0.012328767123287671
0 0.027116402116402115 0.25616438356164384 0.005291005291005291 0.010958904109589041
0 0.751984126984127 0.00684931506849315 0.005291005291005291 0.00821917808219178
0 0.3816137566137566 0.34383561643835614 0.005952380952380952 0.012328767123287671
0 0.5231481481481481 0.46986301369863015 0.006613756613756613 0.012328767123287671
0 0.3082010582010582 0.5205479452054794 0.004629629629629629 0.01780821917808219
0 0.908068783068783 0.0 0.005291005291005291 0.00821917808219178
0 0.6256613756613757 0.684931506849315 0.009259259259259259 0.024657534246575342
0 0.3637566137566138 0.29041095890410956 0.005952380952380952 0.012328767123287671
0 0.3326719576719577 0.4095890410958904 0.004629629629629629 0.01780821917808219
0 0.6851851851851852 0.46301369863013697 0.006613756613756613 0.012328767123287671
0 0.2876984126984127 0.13013698630136986 0.004629629629629629 0.010958904109589041
0 0.5059523809523809 0.01643835616438356 0.005291005291005291 0.00821917808219178
0 0.03968253968253968 0.11917808219178082 0.004629629629629629 0.010958904109589041
0 0.5720899470899471 0.07260273972602739 0.005291005291005291 0.00821917808219178
0 0.13690476190476192 0.7068493150684931 0.007275132275132275 0.01780821917808219
0 0.9338624338624338 0.030136986301369864 0.005291005291005291 0.00821917808219178
0 0.3551587301587302 0.35205479452054794 0.004629629629629629 0.01780821917808219
0 0.44775132275132273 0.678082191780822 0.009259259259259259 0.024657534246575342
0 0.47685185185185186 0.4438356164383562 0.006613756613756613 0.012328767123287671
0 0.1779100529100529 0.39452054794520547 0.004629629629629629 0.01780821917808219
0 0.7374338624338624 0.02054794520547945 0.005291005291005291 0.00821917808219178
0 0.11044973544973545 0.1178082191780822 0.004629629629629629 0.010958904109589041
0 0.09523809523809523 0.3082191780821918 0.005952380952380952 0.012328767123287671
0 0.7354497354497355 0.7780821917808219 0.006613756613756613 0.021917808219178082
0 0.36904761904761907 0.34794520547945207 0.005952380952380952 0.012328767123287671
0 0.12235449735449735 0.3643835616438356 0.004629629629629629 0.01780821917808219
0 0.6064814814814815 0.6095890410958904 0.006613756613756613 0.012328767123287671
0 0.251984126984127 0.1780821917808219 0.004629629629629629 0.010958904109589041
0 0.8716931216931217 0.024657534246575342 0.005291005291005291 0.00821917808219178
0 0.7123015873015873 0.03287671232876712 0.005291005291005291 0.00821917808219178
0 0.4708994708994709 0.1589041095890411 0.005291005291005291 0.009589041095890411
0 0.3783068783068783 0.29315068493150687 0.005952380952380952 0.012328767123287671
0 0.5582010582010583 0.8465753424657534 0.009259259259259259 0.024657534246575342
0 0.5205026455026455 0.5383561643835616 0.006613756613756613 0.012328767123287671
0 0.5641534391534392 0.6397260273972603 0.006613756613756613 0.012328767123287671
0 0.503968253968254 0.6958904109589041 0.009259259259259259 0.024657534246575342
0 0.7804232804232805 0.7 0.006613756613756613 0.021917808219178082
0 0.7671957671957672 0.7315068493150685 0.006613756613756613 0.021917808219178082
0 0.5376984126984127 0.6410958904109589 0.006613756613756613 0.012328767123287671
0 0.6527777777777778 0.7109589041095891 0.009259259259259259 0.024657534246575342
0 0.7109788359788359 0.678082191780822 0.006613756613756613 0.021917808219178082
0 0.8763227513227513 0.5287671232876713 0.007936507936507936 0.019178082191780823
0 0.44775132275132273 0.7205479452054795 0.009259259259259259 0.024657534246575342
0 0.6858465608465608 0.019178082191780823 0.005291005291005291 0.00821917808219178
0 0.6441798941798942 0.6506849315068494 0.009259259259259259 0.024657534246575342
0 0.056216931216931214 0.1410958904109589 0.004629629629629629 0.010958904109589041
0 0.6018518518518519 0.012328767123287671 0.005291005291005291 0.00821917808219178
0 0.5251322751322751 0.5 0.006613756613756613 0.012328767123287671
0 0.39616402116402116 0.5082191780821917 0.004629629629629629 0.01780821917808219
0 0.5343915343915344 0.4301369863013699 0.006613756613756613 0.012328767123287671
0 0.2757936507936508 0.29178082191780824 0.005952380952380952 0.012328767123287671
0 0.3716931216931217 0.6671232876712329 0.007275132275132275 0.01780821917808219
0 0.11441798941798942 0.6958904109589041 0.007275132275132275 0.01780821917808219
0 0.6521164021164021 0.4945205479452055 0.006613756613756613 0.012328767123287671
0 0.5588624338624338 0.026027397260273973 0.005291005291005291 0.00821917808219178
0 0.333994708994709 0.673972602739726 0.007275132275132275 0.01780821917808219
0 0.583994708994709 0.6054794520547945 0.006613756613756613 0.012328767123287671
0 0.14814814814814814 0.16027397260273973 0.004629629629629629 0.010958904109589041
0 0.2996031746031746 0.13150684931506848 0.004629629629629629 0.010958904109589041
0 0.6785714285714286 0.6273972602739726 0.006613756613756613 0.012328767123287671
0 0.7652116402116402 0.7917808219178082 0.006613756613756613 0.021917808219178082
0 0.046296296296296294 0.1410958904109589 0.004629629629629629 0.010958904109589041
0 0.46825396825396826 0.15616438356164383 0.005291005291005291 0.009589041095890411
0 0.7625661375661376 0.678082191780822 0.006613756613756613 0.021917808219178082
0 0.5343915343915344 0.8890410958904109 0.009259259259259259 0.024657534246575342
0 0.4252645502645503 0.31643835616438354 0.005952380952380952 0.012328767123287671
0 0.3525132275132275 0.6561643835616439 0.007275132275132275 0.01780821917808219
0 0.4074074074074074 0.5452054794520548 0.004629629629629629 0.01780821917808219
0 0.878968253968254 0.0589041095890411 0.005291005291005291 0.00821917808219178
0 0.41203703703703703 0.5150684931506849 0.004629629629629629 0.01780821917808219
0 0.296957671957672 0.48356164383561645 0.004629629629629629 0.01780821917808219
0 0.6190476190476191 0.7027397260273973 0.009259259259259259 0.024657534246575342
0 0.23346560846560846 0.27534246575342464 0.005952380952380952 0.012328767123287671
0 0.17724867724867724 0.4958904109589041 0.004629629629629629 0.01780821917808219
0 0.4001322751322751 0.7150684931506849 0.008597883597883597 0.021917808219178082
0 0.5582010582010583 0.4684931506849315 0.006613756613756613 0.012328767123287671
0 0.24537037037037038 0.37945205479452054 0.004629629629629629 0.01780821917808219
0 0.5423280423280423 0.6821917808219178 0.009259259259259259 0.024657534246575342
0 0.6653439153439153 0.019178082191780823 0.005291005291005291 0.00821917808219178
0 0.3478835978835979 0.4520547945205479 0.004629629629629629 0.01780821917808219
0 0.1164021164021164 0.2821917808219178 0.005952380952380952 0.012328767123287671
0 0.3062169312169312 0.6301369863013698 0.007275132275132275 0.01780821917808219
0 0.7447089947089947 0.7041095890410959 0.006613756613756613 0.021917808219178082
0 0.7037037037037037 0.8616438356164383 0.009259259259259259 0.024657534246575342
0 0.5813492063492064 0.636986301369863 0.006613756613756613 0.012328767123287671
0 0.7136243386243386 0.13972602739726028 0.005291005291005291 0.00821917808219178
0 0.07208994708994709 0.21643835616438356 0.005291005291005291 0.010958904109589041
0 0.9623015873015873 0.0027397260273972603 0.005291005291005291 0.00821917808219178
0 0.3531746031746032 0.5931506849315068 0.004629629629629629 0.01780821917808219
0 0.9821428571428571 0.6013698630136987 0.007936507936507936 0.019178082191780823
0 0.5674603174603174 0.8191780821917808 0.009259259259259259 0.024657534246575342
0 0.21957671957671956 0.5246575342465754 0.004629629629629629 0.01780821917808219
0 0.37962962962962965 0.4808219178082192 0.004629629629629629 0.01780821917808219
0 0.541005291005291 0.46986301369863015 0.006613756613756613 0.012328767123287671
0 0.8293650793650794 0.030136986301369864 0.005291005291005291 0.00821917808219178
0 0.2605820105820106 0.4534246575342466 0.004629629629629629 0.01780821917808219
0 0.4583333333333333 0.6671232876712329 0.009259259259259259 0.024657534246575342
0 0.7294973544973545 0.030136986301369864 0.005291005291005291 0.00821917808219178
0 0.18981481481481483 0.5671232876712329 0.004629629629629629 0.01780821917808219
0 0.33664021164021163 0.3780821917808219 0.004629629629629629 0.01780821917808219
0 0.13227513227513227 0.11643835616438356 0.004629629629629629 0.010958904109589041
0 0.4384920634920635 0.6356164383561644 0.007936507936507936 0.01780821917808219
0 0.7202380952380952 0.02054794520547945 0.005291005291005291 0.00821917808219178
0 0.9107142857142857 0.0136986301369863 0.005291005291005291 0.00821917808219178
0 0.18386243386243387 0.3013698630136986 0.005952380952380952 0.012328767123287671
0 0.7473544973544973 0.0410958904109589 0.005291005291005291 0.00821917808219178
0 0.32605820105820105 0.4794520547945205 0.004629629629629629 0.01780821917808219
0 0.30092592592592593 0.23972602739726026 0.005952380952380952 0.012328767123287671
0 0.2896825396825397 0.1780821917808219 0.004629629629629629 0.010958904109589041
0 0.4093915343915344 0.6424657534246575 0.009259259259259259 0.024657534246575342
0 0.6878306878306878 0.7780821917808219 0.009259259259259259 0.024657534246575342
0 0.25925925925925924 0.38493150684931504 0.004629629629629629 0.01780821917808219
0 0.6818783068783069 0.541095890410959 0.006613756613756613 0.012328767123287671
0 0.32275132275132273 0.5205479452054794 0.004629629629629629 0.01780821917808219
0 0.19113756613756613 0.6986301369863014 0.007275132275132275 0.01780821917808219
0 0.6164021164021164 0.5671232876712329 0.006613756613756613 0.012328767123287671
0 0.12764550264550265 0.7164383561643836 0.007275132275132275 0.01780821917808219
0 0.7341269841269841 0.473972602739726 0.006613756613756613 0.012328767123287671
0 0.11441798941798942 0.4383561643835616 0.004629629629629629 0.01780821917808219
0 0.6891534391534392 0.7356164383561644 0.009259259259259259 0.024657534246575342
0 0.2361111111111111 0.1136986301369863 0.004629629629629629 0.010958904109589041
0 0.3048941798941799 0.2671232876712329 0.005952380952380952 0.012328767123287671
0 0.5059523809523809 0.7273972602739726 0.009259259259259259 0.024657534246575342
0 0.6693121693121693 0.7109589041095891 0.009259259259259259 0.024657534246575342
0 0.7757936507936508 0.7589041095890411 0.006613756613756613 0.021917808219178082
0 0.7387566137566137 0.6945205479452055 0.006613756613756613 0.021917808219178082
0 0.9497354497354498 0.6493150684931507 0.007936507936507936 0.019178082191780823
0 0.5978835978835979 0.6383561643835617 0.006613756613756613 0.012328767123287671
0 0.12103174603174603 0.4767123287671233 0.004629629629629629 0.01780821917808219
0 0.15542328042328044 0.2602739726027397 0.005952380952380952 0.012328767123287671
0 0.6898148148148148 0.0547945205479452 0.005291005291005291 0.00821917808219178
0 0.6977513227513228 0.4657534246575342 0.006613756613756613 0.012328767123287671
0 0.16534391534391535 0.3958904109589041 0.004629629629629629 0.01780821917808219
0 0.7996031746031746 0.023287671232876714 0.005291005291005291 0.00821917808219178
0 0.7982804232804233 0.012328767123287671 0.005291005291005291 0.00821917808219178
0 0.2175925925925926 0.136986301369863 0.004629629629629629 0.010958904109589041
0 0.2222222222222222 0.5958904109589042 0.004629629629629629 0.01780821917808219
0 0.37433862433862436 0.5465753424657535 0.004629629629629629 0.01780821917808219
0 0.3101851851851852 0.236986301369863 0.005952380952380952 0.012328767123287671
0 0.04497354497354497 0.20136986301369864 0.004629629629629629 0.010958904109589041
0 0.30886243386243384 0.6493150684931507 0.007275132275132275 0.01780821917808219
0 0.8406084656084656 0.057534246575342465 0.005291005291005291 0.00821917808219178
0 0.8617724867724867 0.8356164383561644 0.011904761904761904 0.0273972602739726
0 0.6746031746031746 0.7191780821917808 0.009259259259259259 0.024657534246575342
0 0.16865079365079366 0.27671232876712326 0.005952380952380952 0.012328767123287671
0 0.4126984126984127 0.6863013698630137 0.009259259259259259 0.024657534246575342
0 0.7744708994708994 0.6876712328767123 0.006613756613756613 0.021917808219178082
0 0.2447089947089947 0.7178082191780822 0.007275132275132275 0.01780821917808219
0 0.4642857142857143 0.3136986301369863 0.005952380952380952 0.012328767123287671
0 0.7261904761904762 0.012328767123287671 0.005291005291005291 0.00821917808219178
0 0.17857142857142858 0.5684931506849316 0.004629629629629629 0.01780821917808219
0 0.17989417989417988 0.1136986301369863 0.004629629629629629 0.010958904109589041
0 0.9365079365079365 0.0027397260273972603 0.005291005291005291 0.00821917808219178
0 0.4021164021164021 0.40684931506849314 0.004629629629629629 0.01780821917808219
0 0.5661375661375662 0.5328767123287671 0.006613756613756613 0.012328767123287671
0 0.125 0.33972602739726027 0.005952380952380952 0.012328767123287671
0 0.9966931216931217 0.6219178082191781 0.007936507936507936 0.019178082191780823
0 0.10846560846560846 0.33424657534246577 0.005952380952380952 0.012328767123287671
0 0.5218253968253969 0.7424657534246575 0.009259259259259259 0.024657534246575342
0 0.9298941798941799 0.7178082191780822 0.007936507936507936 0.019178082191780823
0 0.6111111111111112 0.6452054794520548 0.006613756613756613 0.012328767123287671
0 0.7546296296296297 0.7205479452054795 0.006613756613756613 0.021917808219178082
0 0.3167989417989418 0.547945205479452 0.004629629629629629 0.01780821917808219
0 0.7784391534391535 0.030136986301369864 0.005291005291005291 0.00821917808219178
0 0.923941798941799 0.8178082191780822 0.011904761904761904 0.0273972602739726
0 0.6620370370370371 0.5424657534246575 0.006613756613756613 0.012328767123287671
0 0.7354497354497355 0.5082191780821917 0.006613756613756613 0.012328767123287671
0 0.36574074074074076 0.4808219178082192 0.004629629629629629 0.01780821917808219
0 0.3458994708994709 0.14931506849315068 0.004629629629629629 0.010958904109589041
0 0.7652116402116402 0.6821917808219178 0.006613756613756613 0.021917808219178082
0 0.7764550264550265 0.6013698630136987 0.007936507936507936 0.019178082191780823
0 0.5171957671957672 0.6602739726027397 0.009259259259259259 0.024657534246575342
0 0.48478835978835977 0.5835616438356165 0.006613756613756613 0.012328767123287671
0 0.2724867724867725 0.3219178082191781 0.005952380952380952 0.012328767123287671
0 0.08267195767195767 0.31095890410958904 0.005952380952380952 0.012328767123287671
0 0.2400793650793651 0.18082191780821918 0.004629629629629629 0.010958904109589041
0 0.1818783068783069 0.13561643835616438 0.004629629629629629 0.010958904109589041
0 0.7625661375661376 0.8493150684931506 0.006613756613756613 0.021917808219178082
0 0.2824074074074074 0.4849315068493151 0.004629629629629629 0.01780821917808219
0 0.3558201058201058 0.17671232876712328 0.004629629629629629 0.010958904109589041
0 0.544973544973545 0.826027397260274 0.009259259259259259 0.024657534246575342
0 0.47619047619047616 0.7410958904109589 0.009259259259259259 0.024657534246575342
0 0.5033068783068783 0.6561643835616439 0.009259259259259259 0.024657534246575342
0 0.7876984126984127 0.13835616438356163 0.005291005291005291 0.00821917808219178
0 0.3915343915343915 0.5493150684931507 0.004629629629629629 0.01780821917808219
0 0.20436507936507936 0.17945205479452056 0.004629629629629629 0.010958904109589041
0 0.1970899470899471 0.1178082191780822 0.004629629629629629 0.010958904109589041
0 0.12433862433862433 0.5465753424657535 0.004629629629629629 0.01780821917808219
0 0.1527777777777778 0.36164383561643837 0.004629629629629629 0.01780821917808219
0 0.17328042328042328 0.1863013698630137 0.004629629629629629 0.010958904109589041
0 0.6071428571428571 0.06164383561643835 0.005291005291005291 0.00821917808219178
0 0.9312169312169312 0.06164383561643835 0.005291005291005291 0.00821917808219178
0 0.5436507936507936 0.7150684931506849 0.009259259259259259 0.024657534246575342
0 0.18783068783068782 0.33013698630136984 0.005952380952380952 0.012328767123287671
0 0.14947089947089948 0.3315068493150685 0.005952380952380952 0.012328767123287671
0 0.5555555555555556 0.7917808219178082 0.009259259259259259 0.024657534246575342
0 0.6997354497354498 0.07123287671232877 0.005291005291005291 0.00821917808219178
0 0.9285714285714286 0.045205479452054796 0.005291005291005291 0.00821917808219178
0 0.6858465608465608 0.7547945205479452 0.009259259259259259 0.024657534246575342
0 0.21428571428571427 0.4904109589041096 0.004629629629629629 0.01780821917808219
0 0.23544973544973544 0.7383561643835617 0.007275132275132275 0.01780821917808219
0 0.2824074074074074 0.1547945205479452 0.004629629629629629 0.010958904109589041
0 0.8346560846560847 0.005479452054794521 0.005291005291005291 0.00821917808219178
0 0.09457671957671958 0.7027397260273973 0.007275132275132275 0.01780821917808219
0 0.5224867724867724 0.810958904109589 0.009259259259259259 0.024657534246575342
0 0.5958994708994709 0.663013698630137 0.009259259259259259 0.024657534246575342
0 0.5343915343915344 0.5315068493150685 0.006613756613756613 0.012328767123287671
0 0.5582010582010583 0.6493150684931507 0.009259259259259259 0.024657534246575342
0 0.2294973544973545 0.3589041095890411 0.004629629629629629 0.01780821917808219
0 0.7043650793650794 0.036986301369863014 0.005291005291005291 0.00821917808219178
0 0.12433862433862433 0.1178082191780822 0.004629629629629629 0.010958904109589041
0 0.16997354497354497 0.6986301369863014 0.007275132275132275 0.01780821917808219
0 0.9854497354497355 0.5383561643835616 0.007936507936507936 0.019178082191780823
0 0.39285714285714285 0.3767123287671233 0.004629629629629629 0.01780821917808219
0 0.5747354497354498 0.4328767123287671 0.006613756613756613 0.012328767123287671
0 0.021164021164021163 0.19315068493150686 0.004629629629629629 0.010958904109589041
0 0.3406084656084656 0.6506849315068494 0.007275132275132275 0.01780821917808219
0 0.9054232804232805 0.6753424657534246 0.007936507936507936 0.019178082191780823
0 0.22156084656084657 0.736986301369863 0.007275132275132275 0.01780821917808219
0 0.5145502645502645 0.6712328767123288 0.009259259259259259 0.024657534246575342
0 0.48544973544973546 0.16027397260273973 0.005291005291005291 0.00821917808219178
0 0.2665343915343915 0.6561643835616439 0.007275132275132275 0.01780821917808219
0 0.2208994708994709 0.4534246575342466 0.004629629629629629 0.01780821917808219
0 0.705026455026455 0.5493150684931507 0.006613756613756613 0.012328767123287671
0 0.06812169312169312 0.38082191780821917 0.004629629629629629 0.01780821917808219
0 0.1626984126984127 0.5027397260273972 0.004629629629629629 0.01780821917808219
0 0.2837301587301587 0.23972602739726026 0.005952380952380952 0.012328767123287671
0 0.004629629629629629 0.13561643835616438 0.004629629629629629 0.010958904109589041
0 0.6851851851851852 0.6232876712328768 0.006613756613756613 0.012328767123287671
0 0.14351851851851852 0.27671232876712326 0.005952380952380952 0.012328767123287671
0 0.6474867724867724 0.7328767123287672 0.009259259259259259 0.024657534246575342
0 0.5972222222222222 0.6972602739726027 0.009259259259259259 0.024657534246575342
0 0.1931216931216931 0.42191780821917807 0.004629629629629629 0.01780821917808219
0 0.20634920634920634 0.6150684931506849 0.007275132275132275 0.01780821917808219
0 0.7380952380952381 0.5493150684931507 0.006613756613756613 0.012328767123287671
0 0.5932539682539683 0.13287671232876713 0.005291005291005291 0.00821917808219178
0 0.6924603174603174 0.08082191780821918 0.005291005291005291 0.00821917808219178
0 0.6858465608465608 0.031506849315068496 0.005291005291005291 0.00821917808219178
0 0.041666666666666664 0.34657534246575344 0.005952380952380952 0.012328767123287671
0 0.9404761904761905 0.012328767123287671 0.005291005291005291 0.00821917808219178
0 0.5542328042328042 0.6698630136986301 0.009259259259259259 0.024657534246575342
0 0.4576719576719577 0.15753424657534246 0.005291005291005291 0.010958904109589041
0 0.41534391534391535 0.7520547945205479 0.009259259259259259 0.024657534246575342
0 0.0582010582010582 0.40821917808219177 0.004629629629629629 0.01780821917808219
0 0.39814814814814814 0.4794520547945205 0.004629629629629629 0.01780821917808219
0 0.3558201058201058 0.26438356164383564 0.005952380952380952 0.012328767123287671
0 0.03373015873015873 0.21643835616438356 0.004629629629629629 0.010958904109589041
0 0.955026455026455 0.9136986301369863 0.011904761904761904 0.0273972602739726
0 0.7354497354497355 0.045205479452054796 0.005291005291005291 0.00821917808219178
0 0.5740740740740741 0.563013698630137 0.006613756613756613 0.012328767123287671
0 0.8253968253968254 0.5671232876712329 0.007936507936507936 0.019178082191780823
0 0.14616402116402116 0.6863013698630137 0.007275132275132275 0.01780821917808219
0 0.8267195767195767 0.7616438356164383 0.006613756613756613 0.021917808219178082
0 0.07076719576719577 0.3150684931506849 0.005952380952380952 0.012328767123287671
0 0.05886243386243386 0.16712328767123288 0.004629629629629629 0.010958904109589041
0 0.19576719576719576 0.3273972602739726 0.005952380952380952 0.012328767123287671
0 0.125 0.13835616438356163 0.004629629629629629 0.010958904109589041
0 0.9907407407407407 0.0 0.005291005291005291 0.00821917808219178
0 0.12962962962962962 0.6808219178082192 0.007275132275132275 0.01780821917808219
0 0.8015873015873016 0.6068493150684932 0.007936507936507936 0.019178082191780823
0 0.7890211640211641 0.6 0.007936507936507936 0.019178082191780823
0 0.656084656084656 0.06986301369863014 0.005291005291005291 0.00821917808219178
0 0.7116402116402116 0.8095890410958904 0.006613756613756613 0.021917808219178082
0 0.7103174603174603 0.7178082191780822 0.006613756613756613 0.021917808219178082
0 0.22023809523809523 0.15616438356164383 0.004629629629629629 0.010958904109589041
0 0.6468253968253969 0.8876712328767123 0.009259259259259259 0.024657534246575342
0 0.4173280423280423 0.4410958904109589 0.004629629629629629 0.01643835616438356
0 0.48743386243386244 0.4 0.005952380952380952 0.012328767123287671
0 0.5588624338624338 0.4958904109589041 0.006613756613756613 0.012328767123287671
0 0.19246031746031747 0.673972602739726 0.007275132275132275 0.01780821917808219
0 0.5403439153439153 0.5753424657534246 0.006613756613756613 0.012328767123287671
0 0.669973544973545 0.6246575342465753 0.006613756613756613 0.012328767123287671
0 0.9596560846560847 0.5821917808219178 0.007936507936507936 0.019178082191780823
0 0.2566137566137566 0.1506849315068493 0.004629629629629629 0.010958904109589041
0 0.1931216931216931 0.5328767123287671 0.004629629629629629 0.01780821917808219
0 0.07738095238095238 0.19041095890410958 0.004629629629629629 0.010958904109589041
0 0.18518518518518517 0.2589041095890411 0.005952380952380952 0.012328767123287671
0 0.6693121693121693 0.009589041095890411 0.005291005291005291 0.00821917808219178
0 0.7228835978835979 0.5904109589041096 0.006613756613756613 0.012328767123287671
0 0.7559523809523809 0.7287671232876712 0.006613756613756613 0.021917808219178082
0 0.37367724867724866 0.6506849315068494 0.007275132275132275 0.01780821917808219
0 0.6382275132275133 0.00684931506849315 0.005291005291005291 0.00821917808219178
0 0.08597883597883597 0.4767123287671233 0.004629629629629629 0.01780821917808219
0 0.5343915343915344 0.15205479452054796 0.005291005291005291 0.00821917808219178
0 0.42923280423280424 0.647945205479452 0.009259259259259259 0.024657534246575342
0 0.15211640211640212 0.39863013698630134 0.004629629629629629 0.01780821917808219
0 0.7982804232804233 0.13835616438356163 0.005291005291005291 0.00821917808219178
0 0.5006613756613757 0.6794520547945205 0.009259259259259259 0.024657534246575342
0 0.19246031746031747 0.13150684931506848 0.004629629629629629 0.010958904109589041
0 0.7645502645502645 0.00821917808219178 0.005291005291005291 0.00821917808219178
0 0.6170634920634921 0.6082191780821918 0.006613756613756613 0.012328767123287671
0 0.5462962962962963 0.6328767123287671 0.006613756613756613 0.012328767123287671
0 0.7109788359788359 0.5917808219178082 0.006613756613756613 0.012328767123287671
0 0.5833333333333334 0.7136986301369863 0.009259259259259259 0.024657534246575342
0 0.5178571428571429 0.7863013698630137 0.009259259259259259 0.024657534246575342
0 0.11706349206349206 0.1410958904109589 0.004629629629629629 0.010958904109589041
0 0.6904761904761905 0.15753424657534246 0.005291005291005291 0.00821917808219178
0 0.2566137566137566 0.6328767123287671 0.007275132275132275 0.01780821917808219
0 0.3558201058201058 0.6684931506849315 0.007275132275132275 0.01780821917808219
0 0.7156084656084656 0.009589041095890411 0.005291005291005291 0.00821917808219178
0 0.9041005291005291 0.6643835616438356 0.007936507936507936 0.019178082191780823
0 0.921957671957672 0.7109589041095891 0.007936507936507936 0.019178082191780823
0 0.14153439153439154 0.25068493150684934 0.005952380952380952 0.012328767123287671
0 0.5132275132275133 0.01780821917808219 0.005291005291005291 0.00821917808219178
0 0.07076719576719577 0.19315068493150686 0.004629629629629629 0.010958904109589041
0 0.39814814814814814 0.3136986301369863 0.005952380952380952 0.012328767123287671
0 0.023148148148148147 0.136986301369863 0.004629629629629629 0.010958904109589041
0 0.9927248677248677 0.01780821917808219 0.005291005291005291 0.00821917808219178
0 0.20502645502645503 0.42191780821917807 0.004629629629629629 0.01780821917808219
0 0.4636243386243386 0.17397260273972603 0.005291005291005291 0.010958904109589041
0 0.17328042328042328 0.6506849315068494 0.007275132275132275 0.01780821917808219
0 0.8121693121693122 0.7315068493150685 0.006613756613756613 0.021917808219178082
0 0.4623015873015873 0.33972602739726027 0.005952380952380952 0.012328767123287671
0 0.2876984126984127 0.29315068493150687 0.005952380952380952 0.012328767123287671
0 0.14484126984126985 0.11232876712328767 0.004629629629629629 0.010958904109589041
0 0.8095238095238095 0.5602739726027397 0.007936507936507936 0.019178082191780823
0 0.08068783068783068 0.136986301369863 0.004629629629629629 0.010958904109589041
0 0.6785714285714286 0.7273972602739726 0.009259259259259259 0.024657534246575342
0 0.8181216931216931 0.8027397260273973 0.006613756613756613 0.021917808219178082
0 0.4212962962962963 0.6712328767123288 0.009259259259259259 0.024657534246575342
0 0.7235449735449735 0.4684931506849315 0.006613756613756613 0.012328767123287671
0 0.16666666666666666 0.21506849315068494 0.005291005291005291 0.010958904109589041
0 0.5085978835978836 0.5712328767123288 0.006613756613756613 0.012328767123287671
0 0.416005291005291 0.3780821917808219 0.005952380952380952 0.012328767123287671
0 0.09854497354497355 0.40273972602739727 0.004629629629629629 0.01780821917808219
0 0.2533068783068783 0.684931506849315 0.007275132275132275 0.01780821917808219
0 0.14682539682539683 0.31232876712328766 0.005952380952380952 0.012328767123287671
0 0.8220899470899471 0.056164383561643834 0.005291005291005291 0.00821917808219178
0 0.24404761904761904 0.4534246575342466 0.004629629629629629 0.01780821917808219
0 0.21957671957671956 0.32465753424657534 0.005952380952380952 0.012328767123287671
0 0.8915343915343915 0.050684931506849315 0.005291005291005291 0.00821917808219178
0 0.794973544973545 0.03561643835616438 0.005291005291005291 0.00821917808219178
0 0.6150793650793651 0.7506849315068493 0.009259259259259259 0.024657534246575342
0 0.6382275132275133 0.7232876712328767 0.009259259259259259 0.024657534246575342
0 0.833994708994709 0.5602739726027397 0.007936507936507936 0.019178082191780823
0 0.667989417989418 0.14931506849315068 0.005291005291005291 0.00821917808219178
0 0.07341269841269842 0.11506849315068493 0.004629629629629629 0.010958904109589041
0 0.19775132275132276 0.3013698630136986 0.005952380952380952 0.012328767123287671
0 0.3544973544973545 0.10547945205479452 0.004629629629629629 0.010958904109589041
0 0.27645502645502645 0.17945205479452056 0.004629629629629629 0.010958904109589041
0 0.36044973544973546 0.5452054794520548 0.004629629629629629 0.01780821917808219
0 0.957010582010582 0.5452054794520548 0.007936507936507936 0.019178082191780823
0 0.4755291005291005 0.1506849315068493 0.005291005291005291 0.00821917808219178
0 0.7056878306878307 0.04794520547945205 0.005291005291005291 0.00821917808219178
0 0.4642857142857143 0.673972602739726 0.009259259259259259 0.024657534246575342
0 0.21494708994708994 0.11506849315068493 0.004629629629629629 0.010958904109589041
0 0.056216931216931214 0.34794520547945207 0.005952380952380952 0.012328767123287671
0 0.20634920634920634 0.13424657534246576 0.004629629629629629 0.010958904109589041
0 0.4583333333333333 0.7041095890410959 0.009259259259259259 0.024657534246575342
0 0.5515873015873016 0.009589041095890411 0.005291005291005291 0.00821917808219178
0 0.6349206349206349 0.03561643835616438 0.005291005291005291 0.00821917808219178
0 0.8809523809523809 0.0027397260273972603 0.005291005291005291 0.00821917808219178
0 0.38293650793650796 0.1506849315068493 0.004629629629629629 0.010958904109589041
0 0.13558201058201058 0.33835616438356164 0.005952380952380952 0.012328767123287671
0 0.16997354497354497 0.3 0.005952380952380952 0.012328767123287671
0 0.2328042328042328 0.2958904109589041 0.005952380952380952 0.012328767123287671
0 0.42923280423280424 0.8013698630136986 0.009259259259259259 0.024657534246575342
0 0.416005291005291 0.40273972602739727 0.005952380952380952 0.012328767123287671
0 0.34523809523809523 0.31643835616438354 0.005952380952380952 0.012328767123287671
0 0.37037037037037035 0.5876712328767123 0.004629629629629629 0.01780821917808219
0 0.2361111111111111 0.1643835616438356 0.004629629629629629 0.010958904109589041
0 0.05555555555555555 0.22054794520547946 0.005291005291005291 0.010958904109589041
0 0.2638888888888889 0.48904109589041095 0.004629629629629629 0.01780821917808219
0 0.542989417989418 0.030136986301369864 0.005291005291005291 0.00821917808219178
0 0.3055555555555556 0.1547945205479452 0.004629629629629629 0.010958904109589041
0 0.3551587301587302 0.32602739726027397 0.005952380952380952 0.012328767123287671
0 0.0667989417989418 0.14246575342465753 0.004629629629629629 0.010958904109589041
0 0.007275132275132275 0.6342465753424658 0.007275132275132275 0.01780821917808219
0 0.2943121693121693 0.34657534246575344 0.005952380952380952 0.012328767123287671
0 0.3002645502645503 0.18082191780821918 0.004629629629629629 0.010958904109589041
0 0.43386243386243384 0.37397260273972605 0.005952380952380952 0.012328767123287671
0 0.6468253968253969 0.6794520547945205 0.009259259259259259 0.024657534246575342
0 0.27116402116402116 0.1547945205479452 0.004629629629629629 0.010958904109589041
0 0.38293650793650796 0.40821917808219177 0.004629629629629629 0.01780821917808219
0 0.1130952380952381 0.39452054794520547 0.004629629629629629 0.01780821917808219
0 0.9808201058201058 0.46301369863013697 0.007936507936507936 0.019178082191780823
0 0.2466931216931217 0.663013698630137 0.007275132275132275 0.01780821917808219
0 0.26521164021164023 0.3547945205479452 0.004629629629629629 0.01780821917808219
0 0.35912698412698413 0.15342465753424658 0.004629629629629629 0.010958904109589041
0 0.7605820105820106 0.6397260273972603 0.006613756613756613 0.021917808219178082
0 0.1765873015873016 0.5 0.004629629629629629 0.01780821917808219
0 0.19973544973544974 0.4917808219178082 0.004629629629629629 0.01780821917808219
0 0.22552910052910052 0.2452054794520548 0.005952380952380952 0.012328767123287671
0 0.658068783068783 0.009589041095890411 0.005291005291005291 0.00821917808219178
0 0.22023809523809523 0.6986301369863014 0.007275132275132275 0.01780821917808219
0 0.7466931216931217 0.5082191780821917 0.006613756613756613 0.012328767123287671
0 0.17195767195767195 0.1178082191780822 0.004629629629629629 0.010958904109589041
0 0.5634920634920635 0.00684931506849315 0.005291005291005291 0.00821917808219178
0 0.08664021164021164 0.1095890410958904 0.004629629629629629 0.010958904109589041
0 0.4748677248677249 0.7041095890410959 0.009259259259259259 0.024657534246575342
0 0.656084656084656 0.03287671232876712 0.005291005291005291 0.00821917808219178
0 0.9477513227513228 0.00410958904109589 0.005291005291005291 0.00821917808219178
0 0.8981481481481481 0.009589041095890411 0.005291005291005291 0.00821917808219178
0 0.027116402116402115 0.7 0.007275132275132275 0.01780821917808219
0 0.5244708994708994 0.7602739726027398 0.009259259259259259 0.024657534246575342
0 0.5046296296296297 0.5356164383561643 0.006613756613756613 0.012328767123287671
0 0.5264550264550265 0.6671232876712329 0.009259259259259259 0.024657534246575342
0 0.7493386243386243 0.7095890410958904 0.006613756613756613 0.021917808219178082
0 0.15873015873015872 0.7054794520547946 0.007275132275132275 0.01780821917808219
0 0.27645502645502645 0.6917808219178082 0.007275132275132275 0.01780821917808219
0 0.4417989417989418 0.6698630136986301 0.009259259259259259 0.024657534246575342
0 0.21626984126984128 0.27123287671232876 0.005952380952380952 0.012328767123287671
0 0.6904761904761905 0.5 0.006613756613756613 0.012328767123287671
0 0.9940476190476191 0.6136986301369863 0.007936507936507936 0.019178082191780823
0 0.7314814814814815 0.7479452054794521 0.006613756613756613 0.021917808219178082
0 0.44576719576719576 0.37397260273972605 0.005952380952380952 0.012328767123287671
0 0.15343915343915343 0.1136986301369863 0.004629629629629629 0.010958904109589041
0 0.5925925925925926 0.726027397260274 0.009259259259259259 0.024657534246575342
0 0.9437830687830688 0.6424657534246575 0.007936507936507936 0.019178082191780823
0 0.08994708994708994 0.4 0.004629629629629629 0.01780821917808219
0 0.10714285714285714 0.30684931506849317 0.005952380952380952 0.012328767123287671
0 0.22883597883597884 0.13561643835616438 0.004629629629629629 0.010958904109589041
0 0.4914021164021164 0.647945205479452 0.006613756613756613 0.012328767123287671
0 0.6818783068783069 0.5767123287671233 0.006613756613756613 0.012328767123287671
0 0.2361111111111111 0.5575342465753425 0.004629629629629629 0.01780821917808219
0 0.8227513227513228 0.5219178082191781 0.007936507936507936 0.019178082191780823
0 0.14947089947089948 0.7109589041095891 0.007275132275132275 0.01780821917808219
0 0.4146825396825397 0.7191780821917808 0.009259259259259259 0.024657534246575342
0 0.6970899470899471 0.626027397260274 0.006613756613756613 0.021917808219178082
0 0.17261904761904762 0.2493150684931507 0.005952380952380952 0.012328767123287671
0 0.9246031746031746 0.6287671232876713 0.007936507936507936 0.019178082191780823
0 0.07407407407407407 0.44246575342465755 0.004629629629629629 0.01780821917808219
0 0.5661375661375662 0.024657534246575342 0.005291005291005291 0.00821917808219178
0 0.783068783068783 0.01643835616438356 0.005291005291005291 0.00821917808219178
0 0.871031746031746 0.45616438356164385 0.007936507936507936 0.019178082191780823
0 0.548941798941799 0.6109589041095891 0.006613756613756613 0.012328767123287671
0 0.8346560846560847 0.06986301369863014 0.005291005291005291 0.00821917808219178
0 0.455026455026455 0.4041095890410959 0.005952380952380952 0.012328767123287671
0 0.4027777777777778 0.5821917808219178 0.004629629629629629 0.01780821917808219
0 0.9728835978835979 0.589041095890411 0.007936507936507936 0.019178082191780823
0 0.6574074074074074 0.8287671232876712 0.009259259259259259 0.024657534246575342
0 0.40674603174603174 0.28904109589041094 0.005952380952380952 0.012328767123287671
0 0.6514550264550265 0.043835616438356165 0.005291005291005291 0.00821917808219178
0 0.4887566137566138 0.6986301369863014 0.009259259259259259 0.024657534246575342
0 0.2843915343915344 0.7054794520547946 0.007275132275132275 0.01780821917808219
0 0.9252645502645502 0.01780821917808219 0.005291005291005291 0.00821917808219178
0 0.0582010582010582 0.3780821917808219 0.004629629629629629 0.01780821917808219
0 0.5006613756613757 0.6342465753424658 0.006613756613756613 0.012328767123287671
0 0.1818783068783069 0.27123287671232876 0.005952380952380952 0.012328767123287671
0 0.5932539682539683 0.09452054794520548 0.005291005291005291 0.00821917808219178
0 0.041005291005291 0.2589041095890411 0.005952380952380952 0.012328767123287671
0 0.4365079365079365 0.33972602739726027 0.005952380952380952 0.012328767123287671
0 0.3776455026455027 0.10273972602739725 0.004629629629629629 0.010958904109589041
0 0.1765873015873016 0.24794520547945206 0.005952380952380952 0.012328767123287671
0 0.45171957671957674 0.6452054794520548 0.006613756613756613 0.012328767123287671
0 0.2705026455026455 0.20273972602739726 0.004629629629629629 0.010958904109589041
0 0.7705026455026455 0.021917808219178082 0.005291005291005291 0.00821917808219178
0 0.20238095238095238 0.2054794520547945 0.004629629629629629 0.010958904109589041
0 0.460978835978836 0.3726027397260274 0.005952380952380952 0.012328767123287671
0 0.06746031746031746 0.25068493150684934 0.005952380952380952 0.012328767123287671
0 0.15476190476190477 0.14246575342465753 0.004629629629629629 0.010958904109589041
0 0.026455026455026454 0.2876712328767123 0.005952380952380952 0.012328767123287671
0 0.593915343915344 0.5684931506849316 0.006613756613756613 0.012328767123287671
0 0.7228835978835979 0.5095890410958904 0.006613756613756613 0.012328767123287671
0 0.3101851851851852 0.1095890410958904 0.004629629629629629 0.010958904109589041
0 0.20238095238095238 0.27123287671232876 0.005952380952380952 0.012328767123287671
0 0.8042328042328042 0.024657534246575342 0.005291005291005291 0.00821917808219178
0 0.41203703703703703 0.37945205479452054 0.004629629629629629 0.01780821917808219
0 0.21362433862433863 0.689041095890411 0.007275132275132275 0.01780821917808219
0 0.38822751322751325 0.3178082191780822 0.005952380952380952 0.012328767123287671
0 0.1111111111111111 0.3698630136986301 0.004629629629629629 0.01780821917808219
0 0.015873015873015872 0.1178082191780822 0.004629629629629629 0.010958904109589041
0 0.7076719576719577 0.00684931506849315 0.005291005291005291 0.00821917808219178
0 0.8333333333333334 0.04657534246575343 0.005291005291005291 0.00821917808219178
0 0.5132275132275133 0.6465753424657534 0.006613756613756613 0.012328767123287671
0 0.6421957671957672 0.7082191780821918 0.009259259259259259 0.024657534246575342
0 0.6911375661375662 0.7506849315068493 0.009259259259259259 0.024657534246575342
0 0.12764550264550265 0.25068493150684934 0.005952380952380952 0.012328767123287671
0 0.6283068783068783 0.06027397260273973 0.005291005291005291 0.00821917808219178
0 0.4880952380952381 0.5383561643835616 0.006613756613756613 0.012328767123287671
0 0.9768518518518519 0.9232876712328767 0.011904761904761904 0.0273972602739726
0 0.6805555555555556 0.9054794520547945 0.009259259259259259 0.024657534246575342
0 0.7863756613756614 0.6452054794520548 0.006613756613756613 0.021917808219178082
0 0.16666666666666666 0.13150684931506848 0.004629629629629629 0.010958904109589041
0 0.041666666666666664 0.410958904109589 0.004629629629629629 0.01643835616438356
0 0.3862433862433862 0.44931506849315067 0.004629629629629629 0.01780821917808219
0 0.7116402116402116 0.6643835616438356 0.006613756613756613 0.021917808219178082
0 0.49272486772486773 0.6589041095890411 0.009259259259259259 0.024657534246575342
0 0.8571428571428571 0.563013698630137 0.007936507936507936 0.019178082191780823
0 0.9451058201058201 0.8 0.008597883597883597 0.02054794520547945
0 0.5753968253968254 0.8397260273972603 0.009259259259259259 0.024657534246575342
0 0.5740740740740741 0.7136986301369863 0.009259259259259259 0.024657534246575342
0 0.6058201058201058 0.8054794520547945 0.009259259259259259 0.024657534246575342
0 0.453042328042328 0.3136986301369863 0.005952380952380952 0.012328767123287671
0 0.2863756613756614 0.20410958904109588 0.004629629629629629 0.010958904109589041
0 0.24603174603174602 0.15753424657534246 0.004629629629629629 0.010958904109589041
0 0.4748677248677249 0.37397260273972605 0.005952380952380952 0.012328767123287671
0 0.5535714285714286 0.5328767123287671 0.006613756613756613 0.012328767123287671
0 0.1574074074074074 0.5726027397260274 0.004629629629629629 0.01780821917808219
0 0.6818783068783069 0.13287671232876713 0.005291005291005291 0.00821917808219178
0 0.2830687830687831 0.5575342465753425 0.004629629629629629 0.01780821917808219
0 0.6494708994708994 0.5739726027397261 0.006613756613756613 0.012328767123287671
0 0.6124338624338624 0.7712328767123288 0.009259259259259259 0.024657534246575342
0 0.2156084656084656 0.18493150684931506 0.004629629629629629 0.010958904109589041
0 0.7242063492063492 0.04246575342465753 0.005291005291005291 0.00821917808219178
0 0.44113756613756616 0.773972602739726 0.009259259259259259 0.024657534246575342
0 0.7043650793650794 0.0589041095890411 0.005291005291005291 0.00821917808219178
0 0.7870370370370371 0.050684931506849315 0.005291005291005291 0.00821917808219178
0 0.5238095238095238 0.39452054794520547 0.005952380952380952 0.012328767123287671
0 0.5396825396825397 0.39452054794520547 0.005952380952380952 0.012328767123287671
0 0.5337301587301587 0.6136986301369863 0.006613756613756613 0.012328767123287671
0 0.041005291005291 0.31917808219178084 0.005952380952380952 0.012328767123287671
0 0.15145502645502645 0.24794520547945206 0.005952380952380952 0.012328767123287671
0 0.49603174603174605 0.6356164383561644 0.006613756613756613 0.012328767123287671
0 0.7003968253968254 0.5835616438356165 0.006613756613756613 0.012328767123287671
0 0.37037037037037035 0.2671232876712329 0.005952380952380952 0.012328767123287671
0 0.022486772486772486 0.16575342465753426 0.004629629629629629 0.010958904109589041
0 0.3723544973544973 0.31643835616438354 0.005952380952380952 0.012328767123287671
0 0.4794973544973545 0.673972602739726 0.009259259259259259 0.024657534246575342
0 0.41335978835978837 0.31095890410958904 0.005952380952380952 0.012328767123287671
0 0.6402116402116402 0.5356164383561643 0.006613756613756613 0.012328767123287671
0 0.20304232804232805 0.6410958904109589 0.007275132275132275 0.01780821917808219
0 0.2003968253968254 0.36164383561643837 0.004629629629629629 0.01780821917808219
0 0.10846560846560846 0.20684931506849316 0.004629629629629629 0.010958904109589041
0 0.49404761904761907 0.7602739726027398 0.009259259259259259 0.024657534246575342
0 0.6170634920634921 0.647945205479452 0.006613756613756613 0.012328767123287671
0 0.5978835978835979 0.06164383561643835 0.005291005291005291 0.00821917808219178
0 0.7824074074074074 0.8356164383561644 0.006613756613756613 0.021917808219178082
0 0.8492063492063492 0.0547945205479452 0.005291005291005291 0.00821917808219178
0 0.7546296296296297 0.4726027397260274 0.006613756613756613 0.012328767123287671
0 0.18253968253968253 0.4273972602739726 0.004629629629629629 0.01780821917808219
0 0.15873015873015872 0.18767123287671234 0.004629629629629629 0.010958904109589041
0 0.22883597883597884 0.17945205479452056 0.004629629629629629 0.010958904109589041
0 0.548941798941799 0.6589041095890411 0.009259259259259259 0.024657534246575342
0 0.2896825396825397 0.5260273972602739 0.004629629629629629 0.01780821917808219
0 0.3531746031746032 0.37945205479452054 0.004629629629629629 0.01780821917808219
0 0.20965608465608465 0.29726027397260274 0.005952380952380952 0.012328767123287671
0 0.6488095238095238 0.13287671232876713 0.005291005291005291 0.00821917808219178
0 0.5595238095238095 0.005479452054794521 0.005291005291005291 0.00821917808219178
0 0.6746031746031746 0.5821917808219178 0.006613756613756613 0.012328767123287671
0 0.6527777777777778 0.7506849315068493 0.009259259259259259 0.024657534246575342
0 0.1765873015873016 0.6698630136986301 0.007275132275132275 0.01780821917808219
0 0.6997354497354498 0.6684931506849315 0.009259259259259259 0.024657534246575342
0 0.36243386243386244 0.40273972602739727 0.004629629629629629 0.01780821917808219
0 0.21825396825396826 0.6438356164383562 0.007275132275132275 0.01780821917808219
0 0.6203703703703703 0.06164383561643835 0.005291005291005291 0.00821917808219178
0 0.8187830687830688 0.7904109589041096 0.006613756613756613 0.021917808219178082
0 0.06415343915343916 0.6958904109589041 0.007275132275132275 0.01780821917808219
0 0.6818783068783069 0.4986301369863014 0.006613756613756613 0.012328767123287671
0 0.6428571428571429 0.9164383561643835 0.009259259259259259 0.024657534246575342
0 0.9305555555555556 0.7356164383561644 0.007936507936507936 0.019178082191780823
0 0.45965608465608465 0.536986301369863 0.006613756613756613 0.012328767123287671
0 0.2751322751322751 0.1178082191780822 0.004629629629629629 0.010958904109589041
0 0.533068783068783 0.049315068493150684 0.005291005291005291 0.00821917808219178
0 0.7876984126984127 0.0027397260273972603 0.005291005291005291 0.00821917808219178
0 0.29298941798941797 0.1095890410958904 0.004629629629629629 0.010958904109589041
0 0.4113756613756614 0.6671232876712329 0.009259259259259259 0.024657534246575342
0 0.37632275132275134 0.13013698630136986 0.004629629629629629 0.010958904109589041
0 0.1865079365079365 0.647945205479452 0.007275132275132275 0.01780821917808219
0 0.2414021164021164 0.26575342465753427 0.005952380952380952 0.012328767123287671
0 0.4093915343915344 0.4794520547945205 0.004629629629629629 0.01780821917808219
0 0.794973544973545 0.8095890410958904 0.006613756613756613 0.021917808219178082
0 0.3392857142857143 0.7041095890410959 0.007275132275132275 0.01780821917808219
0 0.6607142857142857 0.07260273972602739 0.005291005291005291 0.00821917808219178
0 0.207010582010582 0.4575342465753425 0.004629629629629629 0.01780821917808219
0 0.3955026455026455 0.684931506849315 0.007936507936507936 0.02054794520547945
0 0.6395502645502645 0.5739726027397261 0.006613756613756613 0.012328767123287671
0 0.4636243386243386 0.6589041095890411 0.009259259259259259 0.024657534246575342
0 0.14616402116402116 0.5383561643835616 0.004629629629629629 0.01780821917808219
0 0.2857142857142857 0.31917808219178084 0.005952380952380952 0.012328767123287671
0 0.26587301587301587 0.5150684931506849 0.004629629629629629 0.01780821917808219
0 0.1388888888888889 0.5808219178082191 0.004629629629629629 0.01780821917808219
0 0.08002645502645503 0.40684931506849314 0.004629629629629629 0.01780821917808219
0 0.5826719576719577 0.5287671232876713 0.006613756613756613 0.012328767123287671
0 0.16468253968253968 0.36712328767123287 0.004629629629629629 0.01780821917808219
0 0.9682539682539683 0.6931506849315069 0.007936507936507936 0.019178082191780823
0 0.17261904761904762 0.3287671232876712 0.005952380952380952 0.012328767123287671
0 0.3498677248677249 0.29315068493150687 0.005952380952380952 0.012328767123287671
0 0.6488095238095238 0.7726027397260274 0.009259259259259259 0.024657534246575342
0 0.6256613756613757 0.5712328767123288 0.006613756613756613 0.012328767123287671
0 0.18716931216931218 0.20684931506849316 0.004629629629629629 0.010958904109589041
0 0.10383597883597884 0.7178082191780822 0.007275132275132275 0.01780821917808219
0 0.028439153439153438 0.3821917808219178 0.005952380952380952 0.012328767123287671
0 0.5615079365079365 0.7328767123287672 0.009259259259259259 0.024657534246575342
0 0.49272486772486773 0.6123287671232877 0.006613756613756613 0.012328767123287671
