0 0.9197916666666667 0.6291079812206573 0.023958333333333335 0.04225352112676056
0 0.565625 0.6244131455399061 0.023958333333333335 0.04225352112676056
0 0.8114583333333333 0.48043818466353677 0.020833333333333332 0.03286384976525822
0 0.709375 0.09546165884194054 0.01875 0.025039123630672927
0 0.13020833333333334 0.9890453834115805 0.023958333333333335 0.04225352112676056
0 0.8177083333333334 0.7214397496087637 0.023958333333333335 0.04225352112676056
0 0.020833333333333332 0.7793427230046949 0.023958333333333335 0.04225352112676056
0 0.020833333333333332 0.7496087636932708 0.023958333333333335 0.04225352112676056
0 0.33125 0.7652582159624414 0.023958333333333335 0.04225352112676056
0 0.475 0.458528951486698 0.020833333333333332 0.03286384976525822
0 0.30104166666666665 0.13145539906103287 0.01875 0.025039123630672927
0 0.6072916666666667 0.5054773082942097 0.020833333333333332 0.03286384976525822
0 0.4375 0.004694835680751174 0.016666666666666666 0.0297339593114241
0 0.8604166666666667 0.29890453834115804 0.020833333333333332 0.03286384976525822
0 0.6916666666666667 0.6291079812206573 0.023958333333333335 0.04225352112676056
0 0.27291666666666664 0.07042253521126761 0.016666666666666666 0.03129890453834116
0 0.278125 0.2378716744913928 0.01875 0.025039123630672927
0 0.125 0.18466353677621283 0.01875 0.025039123630672927
0 0.9927083333333333 0.4835680751173709 0.020833333333333332 0.03442879499217527
0 0.490625 0.4225352112676056 0.020833333333333332 0.03286384976525822
0 0.12916666666666668 0.1267605633802817 0.01875 0.025039123630672927
0 0.8166666666666667 0.8482003129890454 0.023958333333333335 0.04225352112676056
0 0.678125 0.7511737089201878 0.023958333333333335 0.04225352112676056
0 0.7135416666666666 0.2942097026604069 0.020833333333333332 0.03286384976525822
0 0.9520833333333333 0.594679186228482 0.023958333333333335 0.04225352112676056
0 0.684375 0.48200312989045385 0.020833333333333332 0.03286384976525822
0 0.11979166666666667 0.6353677621283255 0.023958333333333335 0.04225352112676056
0 0.30625 0.5086071987480438 0.020833333333333332 0.03286384976525822
0 0.6427083333333333 0.7245696400625978 0.023958333333333335 0.04225352112676056
0 0.24791666666666667 0.5101721439749609 0.020833333333333332 0.03286384976525822
0 0.05625 0.6369327073552425 0.023958333333333335 0.04225352112676056
0 0.4197916666666667 0.837245696400626 0.023958333333333335 0.04225352112676056
0 0.003125 0.6807511737089202 0.023958333333333335 0.04225352112676056
0 0.765625 0.6291079812206573 0.023958333333333335 0.04225352112676056
0 0.83125 0.08763693270735524 0.01875 0.025039123630672927
0 0.49270833333333336 0.5446009389671361 0.020833333333333332 0.03286384976525822
0 0.5 0.5477308294209703 0.022916666666666665 0.03912363067292645
0 0.6822916666666666 0.8857589984350548 0.023958333333333335 0.04225352112676056
0 0.3104166666666667 0.564945226917058 0.023958333333333335 0.04225352112676056
0 0.5416666666666666 0.06259780907668232 0.016666666666666666 0.03129890453834116
0 0.5083333333333333 0.3161189358372457 0.020833333333333332 0.03286384976525822
0 0.43645833333333334 0.3192488262910798 0.020833333333333332 0.03286384976525822
0 0.4166666666666667 0.7276995305164319 0.023958333333333335 0.04225352112676056
0 0.68125 0.010954616588419406 0.016666666666666666 0.03129890453834116
0 0.07291666666666667 0.23943661971830985 0.01875 0.025039123630672927
0 0.3885416666666667 0.701095461658842 0.023958333333333335 0.04225352112676056
0 0.15729166666666666 0.09076682316118936 0.01875 0.025039123630672927
0 0.35208333333333336 0.10328638497652583 0.01875 0.025039123630672927
0 0.6041666666666666 0.10328638497652583 0.01875 0.025039123630672927
0 0.89375 0.7480438184663537 0.023958333333333335 0.04225352112676056
0 0.6822916666666666 0.7230046948356808 0.023958333333333335 0.04225352112676056
0 0.353125 0.4788732394366197 0.020833333333333332 0.03286384976525822
0 0.3125 0.23317683881064163 0.01875 0.025039123630672927
0 0.5729166666666666 0.7089201877934272 0.023958333333333335 0.04225352112676056
0 0.440625 0.7370892018779343 0.023958333333333335 0.04225352112676056
0 0.2635416666666667 0.26134585289514867 0.01875 0.025039123630672927
0 0.7729166666666667 0.08450704225352113 0.01875 0.025039123630672927
0 0.003125 0.7887323943661971 0.023958333333333335 0.04225352112676056
0 0.853125 0.5884194053208138 0.023958333333333335 0.04225352112676056
0 0.540625 0.09546165884194054 0.01875 0.025039123630672927
0 0.08020833333333334 0.07981220657276995 0.01875 0.025039123630672927
0 0.39479166666666665 0.8591549295774648 0.023958333333333335 0.04225352112676056
0 0.5572916666666666 0.8591549295774648 0.023958333333333335 0.04225352112676056
0 0.378125 0.3129890453834116 0.020833333333333332 0.03286384976525822
0 0.25729166666666664 0.1189358372456964 0.01875 0.025039123630672927
0 0.99375 0.21752738654147105 0.019791666666666666 0.0297339593114241
0 0.40208333333333335 0.6541471048513302 0.023958333333333335 0.04225352112676056
0 0.35833333333333334 0.30985915492957744 0.020833333333333332 0.03286384976525822
0 0.8666666666666667 0.4616588419405321 0.020833333333333332 0.03286384976525822
0 0.659375 0.5320813771517997 0.020833333333333332 0.03286384976525822
0 0.029166666666666667 0.10641627543035993 0.01875 0.025039123630672927
0 0.04791666666666667 0.7902973395931142 0.023958333333333335 0.04225352112676056
0 0.3875 0.07042253521126761 0.016666666666666666 0.03129890453834116
0 0.24583333333333332 0.010954616588419406 0.016666666666666666 0.03129890453834116
0 0.2947916666666667 0.10485133020344288 0.01875 0.025039123630672927
0 0.010416666666666666 0.23161189358372458 0.01875 0.026604068857589983
0 0.22604166666666667 0.5571205007824727 0.023958333333333335 0.04225352112676056
0 0.375 0.6306729264475743 0.023958333333333335 0.04225352112676056
0 0.3927083333333333 0.012519561815336464 0.016666666666666666 0.03129890453834116
0 0.5020833333333333 0.13302034428794993 0.01875 0.025039123630672927
0 0.69375 0.04225352112676056 0.016666666666666666 0.03129890453834116
0 0.6427083333333333 0.3114241001564945 0.020833333333333332 0.03286384976525822
0 0.21458333333333332 0.6353677621283255 0.023958333333333335 0.04225352112676056
0 0.934375 0.4679186228482003 0.020833333333333332 0.03286384976525822
0 0.14791666666666667 0.39906103286384975 0.020833333333333332 0.03286384976525822
0 0.24270833333333333 0.7402190923317684 0.023958333333333335 0.04225352112676056
0 0.17083333333333334 0.49608763693270735 0.020833333333333332 0.03286384976525822
0 0.5541666666666667 0.5571205007824727 0.023958333333333335 0.04225352112676056
0 0.471875 0.2566510172143975 0.01875 0.025039123630672927
0 0.9572916666666667 0.19874804381846636 0.01875 0.025039123630672927
0 0.4739583333333333 0.8779342723004695 0.023958333333333335 0.04225352112676056
0 0.190625 0.3223787167449139 0.020833333333333332 0.03286384976525822
0 0.21979166666666666 0.20344287949921752 0.01875 0.025039123630672927
0 0.24895833333333334 0.07511737089201878 0.016666666666666666 0.03129890453834116
0 0.95625 0.4287949921752739 0.020833333333333332 0.03286384976525822
0 0.9760416666666667 0.001564945226917058 0.017708333333333333 0.028169014084507043
0 0.946875 0.8153364632237872 0.023958333333333335 0.04225352112676056
0 0.20104166666666667 0.0782472613458529 0.01875 0.025039123630672927
0 0.753125 0.1298904538341158 0.01875 0.025039123630672927
0 0.315625 0.26917057902973396 0.01875 0.025039123630672927
0 0.5333333333333333 0.050078247261345854 0.016666666666666666 0.03129890453834116
0 0.20416666666666666 0.4272300469483568 0.020833333333333332 0.03286384976525822
0 0.9572916666666667 0.8826291079812206 0.023958333333333335 0.04225352112676056
0 0.090625 0.7824726134585289 0.023958333333333335 0.04225352112676056
0 0.9364583333333333 0.051643192488262914 0.016666666666666666 0.03129890453834116
0 0.7666666666666667 0.2942097026604069 0.020833333333333332 0.03286384976525822
0 0.9895833333333334 0.37715179968701096 0.019791666666666666 0.0297339593114241
0 0.44895833333333335 0.054773082942097026 0.016666666666666666 0.03129890453834116
0 0.6395833333333333 0.3755868544600939 0.020833333333333332 0.03286384976525822
0 0.7322916666666667 0.24882629107981222 0.01875 0.025039123630672927
0 0.5760416666666667 0.37089201877934275 0.020833333333333332 0.03286384976525822
0 0.6958333333333333 0.28325508607198746 0.01875 0.025039123630672927
0 0.8895833333333333 0.7198748043818466 0.023958333333333335 0.04225352112676056
0 0.4395833333333333 0.5226917057902973 0.020833333333333332 0.03286384976525822
0 0.534375 0.8059467918622848 0.023958333333333335 0.04225352112676056
0 0.26458333333333334 0.8716744913928013 0.023958333333333335 0.04225352112676056
0 0.5802083333333333 0.24726134585289514 0.01875 0.025039123630672927
0 0.996875 0.41158059467918623 0.020833333333333332 0.03286384976525822
0 0.13541666666666666 0.012519561815336464 0.016666666666666666 0.03129890453834116
0 0.12083333333333333 0.2347417840375587 0.01875 0.025039123630672927
0 0.728125 0.3395931142410016 0.020833333333333332 0.03286384976525822
0 0.7427083333333333 0.7120500782472613 0.023958333333333335 0.04225352112676056
0 0.834375 0.30672926447574334 0.020833333333333332 0.03286384976525822
0 0.184375 0.6619718309859155 0.023958333333333335 0.04225352112676056
0 0.15625 0.6103286384976526 0.023958333333333335 0.04225352112676056
0 0.6104166666666667 0.5868544600938967 0.023958333333333335 0.04225352112676056
0 0.5916666666666667 0.8309859154929577 0.023958333333333335 0.04225352112676056
0 0.74375 0.7464788732394366 0.023958333333333335 0.04225352112676056
0 0.703125 0.7355242566510172 0.023958333333333335 0.04225352112676056
0 0.07083333333333333 0.04538341158059468 0.016666666666666666 0.03129890453834116
0 0.9270833333333334 0.2942097026604069 0.020833333333333332 0.03286384976525822
0 0.9020833333333333 0.8904538341158059 0.023958333333333335 0.04225352112676056
0 0.46875 0.564945226917058 0.023958333333333335 0.04225352112676056
0 0.95625 0.4131455399061033 0.020833333333333332 0.03286384976525822
0 0.9197916666666667 0.7652582159624414 0.023958333333333335 0.04225352112676056
0 0.46145833333333336 0.6651017214397497 0.023958333333333335 0.04225352112676056
0 0.07395833333333333 0.48826291079812206 0.020833333333333332 0.03286384976525822
0 0.584375 0.28794992175273865 0.01875 0.025039123630672927
0 0.578125 0.3364632237871675 0.020833333333333332 0.03286384976525822
0 0.3645833333333333 0.2597809076682316 0.01875 0.025039123630672927
0 0.178125 0.9937402190923318 0.023958333333333335 0.04225352112676056
0 0.21979166666666666 0.03129890453834116 0.016666666666666666 0.03129890453834116
0 0.29270833333333335 0.8403755868544601 0.023958333333333335 0.04225352112676056
0 0.046875 0.8935837245696401 0.023958333333333335 0.04225352112676056
0 0.7822916666666667 0.41784037558685444 0.020833333333333332 0.03286384976525822
0 0.6166666666666667 0.9890453834115805 0.023958333333333335 0.04225352112676056
0 0.340625 0.8215962441314554 0.023958333333333335 0.04225352112676056
0 0.046875 0.18153364632237873 0.01875 0.025039123630672927
0 0.30625 0.24726134585289514 0.01875 0.025039123630672927
0 0.84375 0.41784037558685444 0.020833333333333332 0.03286384976525822
0 0.6989583333333333 0.4272300469483568 0.020833333333333332 0.03286384976525822
0 0.7989583333333333 0.29890453834115804 0.020833333333333332 0.03286384976525822
0 0.45208333333333334 0.37089201877934275 0.020833333333333332 0.03286384976525822
0 0.23958333333333334 0.9827856025039123 0.023958333333333335 0.04225352112676056
0 0.31875 0.8982785602503912 0.023958333333333335 0.04225352112676056
0 0.005208333333333333 0.023474178403755867 0.017708333333333333 0.026604068857589983
0 0.18645833333333334 0.5477308294209703 0.021875 0.03755868544600939
0 0.19479166666666667 0.006259780907668232 0.016666666666666666 0.03129890453834116
0 0.6479166666666667 0.03755868544600939 0.016666666666666666 0.03129890453834116
0 0.125 0.8435054773082942 0.023958333333333335 0.04225352112676056
0 0.89375 0.04538341158059468 0.016666666666666666 0.03129890453834116
0 0.7145833333333333 0.5461658841940532 0.020833333333333332 0.03442879499217527
0 0.014583333333333334 0.054773082942097026 0.017708333333333333 0.028169014084507043
0 0.975 0.5774647887323944 0.023958333333333335 0.04225352112676056
0 0.19375 0.13615023474178403 0.01875 0.025039123630672927
0 0.25416666666666665 0.323943661971831 0.020833333333333332 0.03286384976525822
0 0.384375 0.2863849765258216 0.01875 0.025039123630672927
0 0.8385416666666666 0.27386541471048514 0.01875 0.025039123630672927
0 0.7 0.06103286384976526 0.016666666666666666 0.03129890453834116
0 0.13854166666666667 0.5774647887323944 0.023958333333333335 0.04225352112676056
0 0.9375 0.5618153364632238 0.023958333333333335 0.04225352112676056
0 0.40625 0.622848200312989 0.023958333333333335 0.04225352112676056
0 0.3729166666666667 0.543035993740219 0.020833333333333332 0.03286384976525822
0 0.14166666666666666 0.4507042253521127 0.020833333333333332 0.03286384976525822
0 0.13541666666666666 0.3302034428794992 0.020833333333333332 0.03286384976525822
0 0.353125 0.21752738654147105 0.01875 0.025039123630672927
0 0.6489583333333333 0.4162754303599374 0.020833333333333332 0.03286384976525822
0 0.18854166666666666 0.8450704225352113 0.023958333333333335 0.04225352112676056
0 0.096875 0.3677621283255086 0.020833333333333332 0.03286384976525822
0 0.11458333333333333 0.405320813771518 0.020833333333333332 0.03286384976525822
0 0.8135416666666667 0.053208137715179966 0.016666666666666666 0.03129890453834116
0 0.3645833333333333 0.2863849765258216 0.01875 0.025039123630672927
0 0.88125 0.2942097026604069 0.020833333333333332 0.03286384976525822
0 0.6104166666666667 0.6682316118935837 0.023958333333333335 0.04225352112676056
0 0.7520833333333333 0.0892018779342723 0.01875 0.025039123630672927
0 0.7916666666666666 0.5633802816901409 0.023958333333333335 0.04225352112676056
0 0.559375 0.4241001564945227 0.020833333333333332 0.03286384976525822
0 0.07708333333333334 0.1111111111111111 0.01875 0.025039123630672927
0 0.12083333333333333 0.701095461658842 0.023958333333333335 0.04225352112676056
0 0.42291666666666666 0.9029733959311425 0.023958333333333335 0.04225352112676056
0 0.640625 0.4397496087636933 0.020833333333333332 0.03286384976525822
0 0.9666666666666667 0.7417840375586855 0.023958333333333335 0.04225352112676056
0 0.026041666666666668 0.3599374021909233 0.020833333333333332 0.03286384976525822
0 0.48854166666666665 0.01564945226917058 0.016666666666666666 0.03129890453834116
0 0.265625 0.6244131455399061 0.023958333333333335 0.04225352112676056
0 0.7302083333333333 0.5774647887323944 0.023958333333333335 0.04225352112676056
0 0.328125 0.010954616588419406 0.016666666666666666 0.03129890453834116
0 0.16666666666666666 0.5101721439749609 0.020833333333333332 0.03286384976525822
0 0.7895833333333333 0.050078247261345854 0.016666666666666666 0.03129890453834116
0 0.6145833333333334 0.2535211267605634 0.01875 0.025039123630672927
0 0.6447916666666667 0.004694835680751174 0.016666666666666666 0.03129890453834116
0 0.071875 0.8622848200312989 0.023958333333333335 0.04225352112676056
0 0.16979166666666667 0.7965571205007824 0.023958333333333335 0.04225352112676056
0 0.9177083333333333 0.5868544600938967 0.023958333333333335 0.04225352112676056
0 0.6135416666666667 0.2190923317683881 0.01875 0.025039123630672927
0 0.19583333333333333 0.4726134585289515 0.020833333333333332 0.03286384976525822
0 0.6291666666666667 0.6244131455399061 0.023958333333333335 0.04225352112676056
0 0.4875 0.3489827856025039 0.020833333333333332 0.03286384976525822
0 0.15104166666666666 0.7683881064162754 0.023958333333333335 0.04225352112676056
0 0.12083333333333333 0.053208137715179966 0.016666666666666666 0.03129890453834116
0 0.8979166666666667 0.8482003129890454 0.023958333333333335 0.04225352112676056
0 0.4822916666666667 0.5978090766823161 0.023958333333333335 0.04225352112676056
0 0.6958333333333333 0.37871674491392804 0.020833333333333332 0.03286384976525822
0 0.23541666666666666 0.918622848200313 0.023958333333333335 0.04225352112676056
0 0.22708333333333333 0.7167449139280125 0.023958333333333335 0.04225352112676056
0 0.16770833333333332 0.41158059467918623 0.020833333333333332 0.03286384976525822
0 0.4895833333333333 0.2942097026604069 0.020833333333333332 0.03286384976525822
0 0.4895833333333333 0.11580594679186229 0.01875 0.025039123630672927
0 0.6729166666666667 0.6259780907668232 0.023958333333333335 0.04225352112676056
0 0.85 0.2942097026604069 0.020833333333333332 0.03286384976525822
0 0.7291666666666666 0.6870109546165885 0.023958333333333335 0.04225352112676056
0 0.046875 0.5273865414710485 0.020833333333333332 0.03286384976525822
0 0.10208333333333333 0.7417840375586855 0.023958333333333335 0.04225352112676056
0 0.7927083333333333 0.26134585289514867 0.01875 0.025039123630672927
0 0.6447916666666667 0.352112676056338 0.020833333333333332 0.03286384976525822
0 0.596875 0.9154929577464789 0.023958333333333335 0.04225352112676056
0 0.31979166666666664 0.4209702660406886 0.020833333333333332 0.03286384976525822
0 0.8802083333333334 0.11737089201877934 0.01875 0.025039123630672927
0 0.740625 0.9420970266040689 0.023958333333333335 0.04225352112676056
0 0.3 0.7136150234741784 0.023958333333333335 0.04225352112676056
0 0.10208333333333333 0.18466353677621283 0.01875 0.025039123630672927
0 0.759375 0.7480438184663537 0.023958333333333335 0.04225352112676056
0 0.3729166666666667 0.053208137715179966 0.016666666666666666 0.03129890453834116
0 0.9947916666666666 0.4538341158059468 0.020833333333333332 0.03442879499217527
0 0.7875 0.6807511737089202 0.023958333333333335 0.04225352112676056
0 0.359375 0.6776212832550861 0.023958333333333335 0.04225352112676056
0 0.075 0.5086071987480438 0.020833333333333332 0.03286384976525822
0 0.15416666666666667 0.28482003129890454 0.01875 0.025039123630672927
0 0.07395833333333333 0.15179968701095461 0.01875 0.025039123630672927
0 0.74375 0.45539906103286387 0.020833333333333332 0.03286384976525822
0 0.59375 0.010954616588419406 0.016666666666666666 0.03129890453834116
0 0.8489583333333334 0.23630672926447574 0.01875 0.025039123630672927
0 0.984375 0.8012519561815337 0.023958333333333335 0.04225352112676056
0 0.240625 0.8857589984350548 0.023958333333333335 0.04225352112676056
0 0.37395833333333334 0.39593114241001565 0.020833333333333332 0.03286384976525822
0 0.740625 0.865414710485133 0.023958333333333335 0.04225352112676056
0 0.17708333333333334 0.7245696400625978 0.023958333333333335 0.04225352112676056
0 0.6541666666666667 0.6791862284820032 0.023958333333333335 0.04225352112676056
0 0.190625 0.048513302034428794 0.016666666666666666 0.03129890453834116
0 0.5041666666666667 0.04381846635367762 0.016666666666666666 0.03129890453834116
0 0.640625 0.2347417840375587 0.01875 0.025039123630672927
0 0.029166666666666667 0.5884194053208138 0.023958333333333335 0.04225352112676056
0 0.7729166666666667 0.3286384976525822 0.020833333333333332 0.03286384976525822
0 0.9166666666666666 0.39123630672926446 0.020833333333333332 0.03286384976525822
0 0.8020833333333334 0.594679186228482 0.023958333333333335 0.04225352112676056
0 0.834375 0.025039123630672927 0.016666666666666666 0.03129890453834116
0 0.5375 0.5054773082942097 0.020833333333333332 0.03286384976525822
0 0.5104166666666666 0.7355242566510172 0.023958333333333335 0.04225352112676056
0 0.6770833333333334 0.7902973395931142 0.023958333333333335 0.04225352112676056
0 0.24166666666666667 0.6619718309859155 0.023958333333333335 0.04225352112676056
0 0.13229166666666667 0.08294209702660407 0.01875 0.025039123630672927
0 0.596875 0.06416275430359937 0.016666666666666666 0.03129890453834116
0 0.35625 0.7276995305164319 0.023958333333333335 0.04225352112676056
0 0.5302083333333333 0.28794992175273865 0.01875 0.025039123630672927
0 0.9416666666666667 0.323943661971831 0.020833333333333332 0.03286384976525822
0 0.009375 0.1705790297339593 0.01875 0.025039123630672927
0 0.43020833333333336 0.09702660406885759 0.01875 0.025039123630672927
0 0.4041666666666667 0.14241001564945227 0.01875 0.025039123630672927
0 0.017708333333333333 0.018779342723004695 0.017708333333333333 0.026604068857589983
0 0.9864583333333333 0.2895148669796557 0.01875 0.025039123630672927
0 0.11354166666666667 0.8059467918622848 0.023958333333333335 0.04225352112676056
0 0.171875 0.3004694835680751 0.020833333333333332 0.03286384976525822
0 0.03854166666666667 0.4241001564945227 0.020833333333333332 0.03286384976525822
0 0.46145833333333336 0.12363067292644757 0.01875 0.025039123630672927
0 0.3104166666666667 0.6541471048513302 0.023958333333333335 0.04225352112676056
0 0.47708333333333336 0.7511737089201878 0.023958333333333335 0.04225352112676056
0 0.05625 0.012519561815336464 0.016666666666666666 0.03129890453834116
0 0.6541666666666667 0.10172143974960876 0.01875 0.025039123630672927
0 0.48125 0.051643192488262914 0.016666666666666666 0.03129890453834116
0 0.9322916666666666 0.5226917057902973 0.020833333333333332 0.03286384976525822
0 0.04583333333333333 0.47104851330203446 0.020833333333333332 0.03286384976525822
0 0.8708333333333333 0.5868544600938967 0.023958333333333335 0.04225352112676056
0 0.328125 0.6979655712050078 0.023958333333333335 0.04225352112676056
0 0.6645833333333333 0.86697965571205 0.023958333333333335 0.04225352112676056
0 0.56875 0.2237871674491393 0.01875 0.025039123630672927
0 0.5364583333333334 0.48043818466353677 0.020833333333333332 0.03286384976525822
0 0.5145833333333333 0.35524256651017216 0.020833333333333332 0.03286384976525822
0 0.32916666666666666 0.5524256651017214 0.020833333333333332 0.03442879499217527
0 0.003125 0.47104851330203446 0.020833333333333332 0.03286384976525822
0 0.09791666666666667 0.6025039123630673 0.023958333333333335 0.04225352112676056
0 0.22395833333333334 0.8059467918622848 0.023958333333333335 0.04225352112676056
0 0.534375 0.672926447574335 0.023958333333333335 0.04225352112676056
