0 0.7326315789473684 0.4786821705426357 0.05368421052631579 0.10077519379844961
0 0.5852631578947368 0.47093023255813954 0.02631578947368421 0.05813953488372093
0 0.8105263157894737 0.2558139534883721 0.030526315789473683 0.0562015503875969
0 0.6326315789473684 0.41472868217054265 0.02526315789473684 0.05813953488372093
0 0.31894736842105265 0.24224806201550386 0.018947368421052633 0.040697674418604654
0 0.010526315789473684 0.37790697674418605 0.014736842105263158 0.029069767441860465
0 0.868421052631579 0.5329457364341085 0.08526315789473685 0.16279069767441862
0 0.18947368421052632 0.4689922480620155 0.024210526315789474 0.05426356589147287
0 0.6221052631578947 0.5329457364341085 0.0431578947368421 0.11046511627906977
0 0.38421052631578945 0.5174418604651163 0.03263157894736842 0.07364341085271318
0 0.2326315789473684 0.42829457364341084 0.024210526315789474 0.05426356589147287
0 0.15473684210526314 0.3856589147286822 0.024210526315789474 0.05426356589147287
0 0.7821052631578947 0.5096899224806202 0.05368421052631579 0.10077519379844961
0 0.47368421052631576 0.45542635658914726 0.03368421052631579 0.06782945736434108
0 0.40842105263157896 0.43023255813953487 0.02 0.03488372093023256
0 0.16631578947368422 0.501937984496124 0.022105263157894735 0.04844961240310078
0 0.5494736842105263 0.3624031007751938 0.02631578947368421 0.05813953488372093
0 0.7073684210526315 0.7403100775193798 0.0968421052631579 0.2441860465116279
0 0.30105263157894735 0.4437984496124031 0.045263157894736845 0.11434108527131782
0 0.021052631578947368 0.45930232558139533 0.045263157894736845 0.12209302325581395
0 0.20526315789473684 0.43023255813953487 0.024210526315789474 0.05426356589147287
0 0.06526315789473684 0.37790697674418605 0.014736842105263158 0.029069767441860465
0 0.6673684210526316 0.42441860465116277 0.02526315789473684 0.05813953488372093
0 0.34842105263157896 0.6976744186046512 0.0968421052631579 0.2441860465116279
0 0.5494736842105263 0.4166666666666667 0.02631578947368421 0.05813953488372093
0 0.7221052631578947 0.40310077519379844 0.023157894736842106 0.05232558139534884
0 0.4357894736842105 0.47674418604651164 0.023157894736842106 0.04263565891472868
0 0.4189473684210526 0.3682170542635659 0.02 0.03488372093023256
0 0.7547368421052632 0.45348837209302323 0.023157894736842106 0.05232558139534884
0 0.6189473684210526 0.4321705426356589 0.02526315789473684 0.05813953488372093
0 0.26631578947368423 0.41472868217054265 0.045263157894736845 0.11434108527131782
0 0.3178947368421053 0.36046511627906974 0.045263157894736845 0.11434108527131782
0 0.8894736842105263 0.45542635658914726 0.05157894736842105 0.10271317829457365
0 0.25263157894736843 0.3798449612403101 0.045263157894736845 0.11434108527131782
0 0.10105263157894737 0.4186046511627907 0.045263157894736845 0.12209302325581395
0 0.6052631578947368 0.49612403100775193 0.02526315789473684 0.05813953488372093
0 0.4568421052631579 0.3953488372093023 0.02 0.03488372093023256
0 0.7231578947368421 0.5775193798449613 0.0431578947368421 0.11046511627906977
0 0.3473684210526316 0.48255813953488375 0.045263157894736845 0.11434108527131782
0 0.34842105263157896 0.437984496124031 0.045263157894736845 0.11434108527131782
0 0.8242105263157895 0.4631782945736434 0.05157894736842105 0.10271317829457365
0 0.4494736842105263 0.8275193798449613 0.0968421052631579 0.2441860465116279
0 0.48210526315789476 0.39341085271317827 0.02 0.03488372093023256
