0 0.9533333333333334 0.14035087719298245 0.02 0.040100250626566414
0 0.9866666666666667 0.06015037593984962 0.02 0.040100250626566414
0 0.195 0.06265664160401002 0.023333333333333334 0.03508771929824561
0 0.5 0.46115288220551376 0.023333333333333334 0.03508771929824561
0 0.8666666666666667 0.17543859649122806 0.02 0.040100250626566414
0 0.36 0.2907268170426065 0.023333333333333334 0.03508771929824561
0 0.9166666666666666 0.6917293233082706 0.023333333333333334 0.040100250626566414
0 0.8 0.2606516290726817 0.02 0.040100250626566414
0 0.47833333333333333 0.5639097744360902 0.025 0.042606516290726815
0 0.22833333333333333 0.47869674185463656 0.023333333333333334 0.03508771929824561
0 0.8766666666666667 0.706766917293233 0.023333333333333334 0.040100250626566414
0 0.625 0.45864661654135336 0.02 0.040100250626566414
0 0.16666666666666666 0.2706766917293233 0.023333333333333334 0.03508771929824561
0 0.6966666666666667 0.43609022556390975 0.02 0.040100250626566414
0 0.43 0.2857142857142857 0.023333333333333334 0.03508771929824561
0 0.6816666666666666 0.045112781954887216 0.02 0.040100250626566414
0 0.37833333333333335 0.5087719298245614 0.023333333333333334 0.03508771929824561
0 0.79 0.39348370927318294 0.02 0.040100250626566414
0 0.7933333333333333 0.5037593984962406 0.02 0.040100250626566414
0 0.13833333333333334 0.15538847117794485 0.023333333333333334 0.03508771929824561
0 0.6683333333333333 0.12280701754385964 0.02 0.040100250626566414
0 0.525 0.08771929824561403 0.023333333333333334 0.03508771929824561
0 0.17166666666666666 0.2957393483709273 0.023333333333333334 0.03508771929824561
0 0.575 0.7869674185463659 0.025 0.042606516290726815
0 0.3333333333333333 0.06766917293233082 0.023333333333333334 0.03508771929824561
0 0.8083333333333333 0.08521303258145363 0.02 0.040100250626566414
0 0.03 0.37844611528822053 0.023333333333333334 0.03508771929824561
0 0.6533333333333333 0.03258145363408521 0.02 0.040100250626566414
0 0.26666666666666666 0.10526315789473684 0.023333333333333334 0.03508771929824561
0 0.31833333333333336 0.38847117794486213 0.023333333333333334 0.03508771929824561
0 0.9933333333333333 0.44110275689223055 0.02 0.040100250626566414
0 0.845 0.7218045112781954 0.023333333333333334 0.040100250626566414
0 0.9733333333333334 0.49122807017543857 0.02 0.040100250626566414
0 0.8866666666666667 0.24561403508771928 0.02 0.040100250626566414
0 0.9683333333333334 0.3458646616541353 0.02 0.040100250626566414
0 0.5533333333333333 0.09273182957393483 0.023333333333333334 0.03508771929824561
0 0.8183333333333334 0.6741854636591479 0.023333333333333334 0.040100250626566414
0 0.7266666666666667 0.18295739348370926 0.02 0.040100250626566414
0 0.37666666666666665 0.39097744360902253 0.023333333333333334 0.03508771929824561
0 0.155 0.681704260651629 0.025 0.042606516290726815
0 0.5083333333333333 0.7994987468671679 0.025 0.042606516290726815
0 0.465 0.6917293233082706 0.025 0.042606516290726815
0 0.49666666666666665 0.017543859649122806 0.021666666666666667 0.03508771929824561
0 0.43666666666666665 0.5413533834586466 0.023333333333333334 0.03759398496240601
0 0.7133333333333334 0.38095238095238093 0.02 0.040100250626566414
0 0.96 0.6015037593984962 0.023333333333333334 0.040100250626566414
0 0.6033333333333334 0.15288220551378445 0.02 0.040100250626566414
0 0.20166666666666666 0.10776942355889724 0.023333333333333334 0.03508771929824561
0 0.20166666666666666 0.7343358395989975 0.025 0.042606516290726815
0 0.31333333333333335 0.06766917293233082 0.023333333333333334 0.03508771929824561
0 0.6883333333333334 0.6240601503759399 0.023333333333333334 0.040100250626566414
0 0.63 0.21052631578947367 0.02 0.040100250626566414
0 0.7 0.543859649122807 0.023333333333333334 0.040100250626566414
0 0.275 0.5112781954887218 0.023333333333333334 0.03508771929824561
0 0.4166666666666667 0.5889724310776943 0.025 0.042606516290726815
0 0.8266666666666667 0.10526315789473684 0.02 0.040100250626566414
0 0.7666666666666667 0.7919799498746867 0.023333333333333334 0.040100250626566414
0 0.77 0.22305764411027568 0.02 0.040100250626566414
0 0.02666666666666667 0.45363408521303256 0.023333333333333334 0.03508771929824561
0 0.23166666666666666 0.6340852130325815 0.025 0.042606516290726815
0 0.385 0.47117794486215536 0.023333333333333334 0.03508771929824561
0 0.2633333333333333 0.002506265664160401 0.023333333333333334 0.03508771929824561
0 0.48 0.10025062656641603 0.023333333333333334 0.03508771929824561
0 0.9266666666666666 0.22055137844611528 0.02 0.040100250626566414
0 0.395 0.42355889724310775 0.023333333333333334 0.03508771929824561
0 0.10666666666666667 0.2606516290726817 0.023333333333333334 0.03508771929824561
0 0.5466666666666666 0.6416040100250626 0.025 0.042606516290726815
0 0.26 0.047619047619047616 0.023333333333333334 0.03508771929824561
0 0.9666666666666667 0.8421052631578947 0.023333333333333334 0.040100250626566414
0 0.315 0.7192982456140351 0.025 0.042606516290726815
0 0.5616666666666666 0.5914786967418546 0.025 0.042606516290726815
0 0.655 0.39348370927318294 0.02 0.040100250626566414
0 0.14833333333333334 0.13283208020050125 0.023333333333333334 0.03508771929824561
0 0.7616666666666667 0.5914786967418546 0.023333333333333334 0.040100250626566414
0 0.9666666666666667 0.44110275689223055 0.02 0.040100250626566414
0 0.03333333333333333 0.6691729323308271 0.025 0.042606516290726815
0 0.23 0.43859649122807015 0.023333333333333334 0.03508771929824561
0 0.44 0.3508771929824561 0.023333333333333334 0.03508771929824561
0 0.5433333333333333 0.17042606516290726 0.023333333333333334 0.03508771929824561
0 0.445 0.6441102756892231 0.025 0.042606516290726815
0 0.5466666666666666 0.13533834586466165 0.023333333333333334 0.03508771929824561
0 0.85 0.2756892230576441 0.02 0.040100250626566414
0 0.06 0.14285714285714285 0.023333333333333334 0.03508771929824561
0 0.5666666666666667 0.3208020050125313 0.02 0.040100250626566414
0 0.385 0.24310776942355888 0.023333333333333334 0.03508771929824561
0 0.5333333333333333 0.2656641604010025 0.023333333333333334 0.03508771929824561
0 0.48 0.18546365914786966 0.023333333333333334 0.03508771929824561
0 0.26166666666666666 0.7218045112781954 0.025 0.042606516290726815
0 0.885 0.7619047619047619 0.023333333333333334 0.040100250626566414
0 0.39 0.6215538847117794 0.025 0.042606516290726815
0 0.09333333333333334 0.19047619047619047 0.023333333333333334 0.03508771929824561
0 0.6033333333333334 0.20551378446115287 0.02 0.040100250626566414
0 0.5066666666666667 0.6691729323308271 0.025 0.042606516290726815
0 0.3016666666666667 0.40350877192982454 0.023333333333333334 0.03508771929824561
0 0.2 0.6215538847117794 0.025 0.042606516290726815
0 0.49666666666666665 0.2756892230576441 0.023333333333333334 0.03508771929824561
0 0.6733333333333333 0.8671679197994987 0.023333333333333334 0.040100250626566414
0 0.09666666666666666 0.23308270676691728 0.023333333333333334 0.03508771929824561
0 0.9333333333333333 0.040100250626566414 0.02 0.040100250626566414
0 0.08833333333333333 0.07518796992481203 0.023333333333333334 0.03508771929824561
0 0.895 0.49874686716791977 0.02 0.040100250626566414
0 0.31166666666666665 0.41604010025062654 0.023333333333333334 0.03508771929824561
0 0.065 0.07518796992481203 0.023333333333333334 0.03508771929824561
0 0.6066666666666667 0.12030075187969924 0.02 0.040100250626566414
0 0.33666666666666667 0.5588972431077694 0.025 0.042606516290726815
0 0.8633333333333333 0.3107769423558897 0.02 0.040100250626566414
0 0.9866666666666667 0.24561403508771928 0.02 0.040100250626566414
0 0.62 0.5614035087719298 0.023333333333333334 0.040100250626566414
0 0.9466666666666667 0.7393483709273183 0.023333333333333334 0.040100250626566414
0 0.7266666666666667 0.41604010025062654 0.02 0.040100250626566414
0 0.62 0.3583959899749373 0.02 0.040100250626566414
0 0.24 0.7944862155388471 0.025 0.042606516290726815
0 0.8733333333333333 0.39598997493734334 0.02 0.040100250626566414
0 0.915 0.5238095238095238 0.023333333333333334 0.040100250626566414
0 0.24666666666666667 0.5488721804511278 0.025 0.042606516290726815
0 0.9266666666666666 0.43859649122807015 0.02 0.040100250626566414
0 0.6133333333333333 0.8521303258145363 0.023333333333333334 0.040100250626566414
0 0.028333333333333332 0.08521303258145363 0.023333333333333334 0.03508771929824561
0 0.75 0.045112781954887216 0.02 0.040100250626566414
0 0.6783333333333333 0.19298245614035087 0.02 0.040100250626566414
0 0.705 0.681704260651629 0.023333333333333334 0.040100250626566414
0 0.19833333333333333 0.17543859649122806 0.023333333333333334 0.03508771929824561
0 0.76 0.2606516290726817 0.02 0.040100250626566414
0 0.18833333333333332 0.22055137844611528 0.023333333333333334 0.03508771929824561
0 0.09333333333333334 0.2907268170426065 0.023333333333333334 0.03508771929824561
0 0.10666666666666667 0.6115288220551378 0.025 0.042606516290726815
0 0.7416666666666667 0.08270676691729323 0.02 0.040100250626566414
0 0.7966666666666666 0.3157894736842105 0.02 0.040100250626566414
0 0.87 0.015037593984962405 0.02 0.040100250626566414
0 0.5566666666666666 0.506265664160401 0.023333333333333334 0.03508771929824561
0 0.2966666666666667 0.631578947368421 0.025 0.042606516290726815
0 0.08833333333333333 0.39598997493734334 0.023333333333333334 0.03508771929824561
0 0.07833333333333334 0.7794486215538847 0.025 0.042606516290726815
0 0.74 0.2506265664160401 0.02 0.040100250626566414
0 0.9033333333333333 0.3132832080200501 0.02 0.040100250626566414
0 0.8616666666666667 0.11027568922305764 0.02 0.040100250626566414
0 0.4066666666666667 0.5488721804511278 0.025 0.042606516290726815
0 0.7216666666666667 0.5664160401002506 0.023333333333333334 0.040100250626566414
0 0.145 0.18796992481203006 0.023333333333333334 0.03508771929824561
0 0.28833333333333333 0.8421052631578947 0.025 0.042606516290726815
0 0.825 0.20551378446115287 0.02 0.040100250626566414
0 0.37666666666666665 0.3308270676691729 0.023333333333333334 0.03508771929824561
0 0.92 0.17042606516290726 0.02 0.040100250626566414
0 0.14833333333333334 0.3007518796992481 0.023333333333333334 0.03508771929824561
0 0.44 0.44360902255639095 0.023333333333333334 0.03508771929824561
0 0.5733333333333334 0.6340852130325815 0.025 0.042606516290726815
0 0.13 0.22807017543859648 0.023333333333333334 0.03508771929824561
0 0.91 0.5789473684210527 0.023333333333333334 0.040100250626566414
0 0.43833333333333335 0.48120300751879697 0.023333333333333334 0.03508771929824561
0 0.6733333333333333 0.22055137844611528 0.02 0.040100250626566414
0 0.54 0.012531328320802004 0.021666666666666667 0.03508771929824561
0 0.2866666666666667 0.08020050125313283 0.023333333333333334 0.03508771929824561
0 0.6683333333333333 0.8195488721804511 0.023333333333333334 0.040100250626566414
0 0.575 0.022556390977443608 0.02 0.040100250626566414
0 0.5166666666666667 0.5463659147869674 0.025 0.042606516290726815
0 0.635 0.6942355889724311 0.023333333333333334 0.040100250626566414
0 0.5633333333333334 0.45112781954887216 0.023333333333333334 0.03508771929824561
0 0.8016666666666666 0.18796992481203006 0.02 0.040100250626566414
0 0.9333333333333333 0.2807017543859649 0.02 0.040100250626566414
0 0.0016666666666666668 0.39348370927318294 0.023333333333333334 0.03508771929824561
0 0.7816666666666666 0.6892230576441103 0.023333333333333334 0.040100250626566414
0 0.39 0.6516290726817042 0.025 0.042606516290726815
0 0.6216666666666667 0.3082706766917293 0.02 0.040100250626566414
0 0.5083333333333333 0.3258145363408521 0.023333333333333334 0.03508771929824561
0 0.6733333333333333 0.15288220551378445 0.02 0.040100250626566414
0 0.8883333333333333 0.8170426065162907 0.023333333333333334 0.040100250626566414
0 0.08833333333333333 0.6917293233082706 0.025 0.042606516290726815
0 0.7866666666666666 0.43358395989974935 0.02 0.040100250626566414
0 0.335 0.0 0.023333333333333334 0.03508771929824561
0 0.8666666666666667 0.42606516290726815 0.02 0.040100250626566414
0 0.325 0.5087719298245614 0.023333333333333334 0.03508771929824561
0 0.14166666666666666 0.8295739348370927 0.025 0.042606516290726815
0 0.985 0.6741854636591479 0.023333333333333334 0.040100250626566414
0 0.445 0.19548872180451127 0.023333333333333334 0.03508771929824561
0 0.06166666666666667 0.20300751879699247 0.023333333333333334 0.03508771929824561
0 0.26 0.39849624060150374 0.023333333333333334 0.03508771929824561
0 0.835 0.8421052631578947 0.023333333333333334 0.040100250626566414
0 0.36666666666666664 0.3107769423558897 0.023333333333333334 0.03508771929824561
0 0.59 0.05513784461152882 0.02 0.040100250626566414
0 0.6666666666666666 0.3408521303258145 0.02 0.040100250626566414
0 0.4766666666666667 0.44110275689223055 0.023333333333333334 0.03508771929824561
0 0.36333333333333334 0.8020050125313283 0.025 0.042606516290726815
0 0.8483333333333334 0.5639097744360902 0.023333333333333334 0.040100250626566414
0 0.66 0.5839598997493735 0.023333333333333334 0.040100250626566414
0 0.58 0.6917293233082706 0.025 0.042606516290726815
0 0.8266666666666667 0.3308270676691729 0.02 0.040100250626566414
0 0.185 0.5538847117794486 0.025 0.042606516290726815
0 0.5516666666666666 0.2982456140350877 0.023333333333333334 0.03508771929824561
0 0.94 0.37092731829573933 0.02 0.040100250626566414
0 0.965 0.2832080200501253 0.02 0.040100250626566414
0 0.6366666666666667 0.43358395989974935 0.02 0.040100250626566414
0 0.03333333333333333 0.19047619047619047 0.023333333333333334 0.03508771929824561
0 0.8066666666666666 0.05012531328320802 0.02 0.040100250626566414
0 0.44166666666666665 0.8095238095238095 0.025 0.042606516290726815
0 0.14 0.05263157894736842 0.023333333333333334 0.03508771929824561
0 0.03833333333333333 0.3082706766917293 0.023333333333333334 0.03508771929824561
0 0.47333333333333333 0.3383458646616541 0.023333333333333334 0.03508771929824561
0 0.32 0.3208020050125313 0.023333333333333334 0.03508771929824561
0 0.7383333333333333 0.13032581453634084 0.02 0.040100250626566414
0 0.48833333333333334 0.6416040100250626 0.025 0.042606516290726815
0 0.7516666666666667 0.2957393483709273 0.02 0.040100250626566414
0 0.065 0.7042606516290727 0.025 0.042606516290726815
0 0.28 0.6466165413533834 0.025 0.042606516290726815
0 0.48833333333333334 0.05263157894736842 0.023333333333333334 0.03508771929824561
