0 0.07421875 0.5885416666666666 0.01171875 0.017361111111111112
0 0.7138671875 0.4913194444444444 0.0078125 0.019097222222222224
0 0.2216796875 0.3315972222222222 0.005859375 0.012152777777777778
0 0.1318359375 0.3784722222222222 0.005859375 0.010416666666666666
0 0.080078125 0.4184027777777778 0.005859375 0.010416666666666666
0 0.4443359375 0.2777777777777778 0.0048828125 0.010416666666666666
0 0.84765625 0.6840277777777778 0.0078125 0.019097222222222224
0 0.33203125 0.2065972222222222 0.0048828125 0.010416666666666666
0 0.01953125 0.4201388888888889 0.009765625 0.019097222222222224
0 0.509765625 0.3489583333333333 0.005859375 0.012152777777777778
0 0.5888671875 0.3836805555555556 0.005859375 0.012152777777777778
0 0.6044921875 0.5815972222222222 0.0107421875 0.020833333333333332
0 0.740234375 0.7743055555555556 0.01171875 0.022569444444444444
0 0.2509765625 0.3315972222222222 0.005859375 0.012152777777777778
0 0.365234375 0.6041666666666666 0.0107421875 0.020833333333333332
0 0.099609375 0.359375 0.005859375 0.010416666666666666
0 0.05859375 0.3038194444444444 0.005859375 0.010416666666666666
0 0.5078125 0.2534722222222222 0.0048828125 0.010416666666666666
0 0.0126953125 0.4149305555555556 0.009765625 0.019097222222222224
0 0.4482421875 0.4878472222222222 0.005859375 0.012152777777777778
0 0.6484375 0.3802083333333333 0.005859375 0.012152777777777778
0 0.7548828125 0.75 0.0107421875 0.020833333333333332
0 0.4921875 0.34375 0.005859375 0.012152777777777778
0 0.470703125 0.2777777777777778 0.0048828125 0.010416666666666666
0 0.8916015625 0.6215277777777778 0.0078125 0.019097222222222224
0 0.109375 0.4444444444444444 0.009765625 0.019097222222222224
0 0.521484375 0.3489583333333333 0.005859375 0.012152777777777778
0 0.2236328125 0.3871527777777778 0.005859375 0.012152777777777778
0 0.3330078125 0.84375 0.0126953125 0.024305555555555556
0 0.501953125 0.2951388888888889 0.0048828125 0.010416666666666666
0 0.4296875 0.4322916666666667 0.005859375 0.012152777777777778
0 0.1708984375 0.3402777777777778 0.005859375 0.012152777777777778
0 0.4091796875 0.4288194444444444 0.0078125 0.015625
0 0.681640625 0.5434027777777778 0.0078125 0.019097222222222224
0 0.4013671875 0.28125 0.0048828125 0.010416666666666666
0 0.533203125 0.3472222222222222 0.005859375 0.012152777777777778
0 0.673828125 0.6336805555555556 0.0078125 0.019097222222222224
0 0.8046875 0.7795138888888888 0.01171875 0.022569444444444444
0 0.5380859375 0.3871527777777778 0.005859375 0.012152777777777778
0 0.55078125 0.3663194444444444 0.005859375 0.012152777777777778
0 0.623046875 0.4652777777777778 0.005859375 0.012152777777777778
0 0.3994140625 0.5434027777777778 0.0107421875 0.020833333333333332
0 0.259765625 0.4878472222222222 0.009765625 0.019097222222222224
0 0.8173828125 0.6770833333333334 0.0078125 0.019097222222222224
0 0.240234375 0.3524305555555556 0.005859375 0.012152777777777778
0 0.6767578125 0.7795138888888888 0.01171875 0.022569444444444444
0 0.57421875 0.4548611111111111 0.005859375 0.012152777777777778
0 0.765625 0.6388888888888888 0.0078125 0.019097222222222224
0 0.4853515625 0.2829861111111111 0.0048828125 0.010416666666666666
0 0.419921875 0.2899305555555556 0.0048828125 0.010416666666666666
0 0.8828125 0.6458333333333334 0.0078125 0.019097222222222224
0 0.3095703125 0.546875 0.0107421875 0.020833333333333332
0 0.0654296875 0.4027777777777778 0.005859375 0.010416666666666666
0 0.638671875 0.4791666666666667 0.005859375 0.012152777777777778
0 0.7451171875 0.8055555555555556 0.01171875 0.022569444444444444
0 0.828125 0.6388888888888888 0.0078125 0.019097222222222224
0 0.2275390625 0.3576388888888889 0.005859375 0.012152777777777778
0 0.44140625 0.4322916666666667 0.005859375 0.012152777777777778
0 0.5107421875 0.5833333333333334 0.0107421875 0.020833333333333332
0 0.2041015625 0.3697916666666667 0.005859375 0.012152777777777778
0 0.931640625 0.7083333333333334 0.0078125 0.019097222222222224
0 0.4375 0.3229166666666667 0.005859375 0.012152777777777778
0 0.640625 0.5486111111111112 0.0107421875 0.020833333333333332
0 0.306640625 0.5815972222222222 0.0107421875 0.020833333333333332
0 0.498046875 0.3871527777777778 0.005859375 0.012152777777777778
0 0.310546875 0.6232638888888888 0.0107421875 0.020833333333333332
0 0.2705078125 0.3680555555555556 0.005859375 0.012152777777777778
0 0.2177734375 0.4635416666666667 0.009765625 0.019097222222222224
0 0.4619140625 0.5451388888888888 0.005859375 0.012152777777777778
0 0.0693359375 0.5034722222222222 0.009765625 0.019097222222222224
0 0.572265625 0.4166666666666667 0.005859375 0.012152777777777778
0 0.5673828125 0.3107638888888889 0.005859375 0.012152777777777778
0 0.265625 0.59375 0.0107421875 0.020833333333333332
0 0.4814453125 0.24131944444444445 0.0048828125 0.010416666666666666
0 0.6611328125 0.4461805555555556 0.0078125 0.019097222222222224
0 0.1962890625 0.3368055555555556 0.005859375 0.012152777777777778
0 0.4130859375 0.4079861111111111 0.005859375 0.012152777777777778
0 0.5517578125 0.3368055555555556 0.005859375 0.012152777777777778
0 0.119140625 0.4131944444444444 0.005859375 0.010416666666666666
0 0.376953125 0.5260416666666666 0.0107421875 0.020833333333333332
0 0.23828125 0.3697916666666667 0.005859375 0.012152777777777778
0 0.2978515625 0.640625 0.0107421875 0.020833333333333332
0 0.5771484375 0.3541666666666667 0.005859375 0.012152777777777778
0 0.791015625 0.8055555555555556 0.01171875 0.022569444444444444
0 0.90625 0.828125 0.01171875 0.022569444444444444
0 0.5537109375 0.4427083333333333 0.005859375 0.012152777777777778
0 0.0009765625 0.5746527777777778 0.009765625 0.019097222222222224
0 0.03515625 0.3333333333333333 0.005859375 0.010416666666666666
0 0.5849609375 0.4131944444444444 0.005859375 0.012152777777777778
0 0.6064453125 0.4479166666666667 0.005859375 0.012152777777777778
0 0.56640625 0.4149305555555556 0.005859375 0.012152777777777778
0 0.43359375 0.2847222222222222 0.0048828125 0.010416666666666666
0 0.2919921875 0.4965277777777778 0.009765625 0.019097222222222224
0 0.2236328125 0.4861111111111111 0.009765625 0.019097222222222224
0 0.5869140625 0.3350694444444444 0.005859375 0.012152777777777778
0 0.576171875 0.3246527777777778 0.005859375 0.012152777777777778
0 0.2646484375 0.5052083333333334 0.009765625 0.019097222222222224
0 0.544921875 0.421875 0.005859375 0.012152777777777778
0 0.5185546875 0.3298611111111111 0.005859375 0.012152777777777778
0 0.052734375 0.3229166666666667 0.005859375 0.010416666666666666
0 0.4599609375 0.6354166666666666 0.0107421875 0.020833333333333332
0 0.5634765625 0.3854166666666667 0.005859375 0.012152777777777778
0 0.0361328125 0.4149305555555556 0.005859375 0.010416666666666666
0 0.3994140625 0.6822916666666666 0.0107421875 0.020833333333333332
0 0.625 0.5677083333333334 0.0107421875 0.020833333333333332
0 0.15625 0.3802083333333333 0.005859375 0.012152777777777778
0 0.52734375 0.3315972222222222 0.005859375 0.012152777777777778
0 0.8349609375 0.6215277777777778 0.0078125 0.019097222222222224
0 0.4384765625 0.8315972222222222 0.0126953125 0.024305555555555556
0 0.166015625 0.3697916666666667 0.005859375 0.012152777777777778
0 0.1015625 0.6006944444444444 0.01171875 0.017361111111111112
0 0.5361328125 0.5902777777777778 0.0107421875 0.020833333333333332
0 0.6435546875 0.4427083333333333 0.005859375 0.012152777777777778
0 0.5078125 0.3940972222222222 0.005859375 0.012152777777777778
0 0.521484375 0.5138888888888888 0.005859375 0.012152777777777778
0 0.18359375 0.3333333333333333 0.005859375 0.012152777777777778
0 0.705078125 0.5572916666666666 0.0078125 0.019097222222222224
0 0.3955078125 0.2638888888888889 0.0048828125 0.010416666666666666
0 0.431640625 0.3107638888888889 0.0048828125 0.010416666666666666
0 0.4140625 0.2881944444444444 0.0048828125 0.010416666666666666
0 0.6708984375 0.4513888888888889 0.0078125 0.019097222222222224
0 0.6171875 0.6006944444444444 0.0107421875 0.020833333333333332
0 0.9501953125 0.7291666666666666 0.0078125 0.019097222222222224
0 0.5166015625 0.3576388888888889 0.005859375 0.012152777777777778
0 0.5439453125 0.3854166666666667 0.005859375 0.012152777777777778
0 0.3349609375 0.5277777777777778 0.0107421875 0.020833333333333332
0 0.2080078125 0.3350694444444444 0.005859375 0.012152777777777778
0 0.49609375 0.328125 0.005859375 0.012152777777777778
0 0.220703125 0.7013888888888888 0.01171875 0.017361111111111112
0 0.21484375 0.3993055555555556 0.005859375 0.012152777777777778
0 0.3740234375 0.2552083333333333 0.0048828125 0.010416666666666666
0 0.2607421875 0.5642361111111112 0.0107421875 0.020833333333333332
0 0.25 0.3454861111111111 0.005859375 0.012152777777777778
0 0.201171875 0.3888888888888889 0.005859375 0.012152777777777778
0 0.3271484375 0.2170138888888889 0.0048828125 0.010416666666666666
0 0.0615234375 0.3576388888888889 0.005859375 0.010416666666666666
0 0.109375 0.3506944444444444 0.005859375 0.010416666666666666
0 0.7626953125 0.7951388888888888 0.01171875 0.022569444444444444
0 0.1591796875 0.3524305555555556 0.005859375 0.012152777777777778
0 0.4306640625 0.5989583333333334 0.0107421875 0.020833333333333332
0 0.564453125 0.4548611111111111 0.005859375 0.012152777777777778
0 0.5771484375 0.3958333333333333 0.005859375 0.012152777777777778
0 0.310546875 0.765625 0.0126953125 0.024305555555555556
0 0.21484375 0.3472222222222222 0.005859375 0.012152777777777778
0 0.27734375 0.5069444444444444 0.009765625 0.019097222222222224
0 0.7958984375 0.6354166666666666 0.0078125 0.019097222222222224
0 0.5 0.2534722222222222 0.0048828125 0.010416666666666666
0 0.626953125 0.3958333333333333 0.005859375 0.012152777777777778
0 0.595703125 0.6059027777777778 0.0107421875 0.020833333333333332
0 0.7353515625 0.6805555555555556 0.0078125 0.019097222222222224
0 0.478515625 0.3420138888888889 0.005859375 0.012152777777777778
0 0.1884765625 0.3645833333333333 0.005859375 0.012152777777777778
0 0.5751953125 0.4357638888888889 0.005859375 0.012152777777777778
0 0.521484375 0.3263888888888889 0.005859375 0.012152777777777778
0 0.4814453125 0.5381944444444444 0.005859375 0.012152777777777778
0 0.0517578125 0.4375 0.009765625 0.019097222222222224
0 0.51953125 0.2951388888888889 0.0048828125 0.010416666666666666
0 0.87109375 0.640625 0.0078125 0.019097222222222224
0 0.515625 0.4027777777777778 0.005859375 0.012152777777777778
0 0.6708984375 0.8055555555555556 0.01171875 0.022569444444444444
0 0.458984375 0.2899305555555556 0.0048828125 0.010416666666666666
0 0.998046875 0.6961805555555556 0.0087890625 0.019097222222222224
0 0.46484375 0.5694444444444444 0.0107421875 0.020833333333333332
0 0.150390625 0.609375 0.01171875 0.017361111111111112
0 0.69921875 0.7048611111111112 0.0078125 0.019097222222222224
0 0.4619140625 0.3350694444444444 0.005859375 0.012152777777777778
0 0.51953125 0.3802083333333333 0.005859375 0.012152777777777778
0 0.6103515625 0.4704861111111111 0.005859375 0.012152777777777778
0 0.3740234375 0.6770833333333334 0.0107421875 0.020833333333333332
0 0.548828125 0.59375 0.0107421875 0.020833333333333332
0 0.369140625 0.2534722222222222 0.0048828125 0.010416666666666666
0 0.365234375 0.5503472222222222 0.0107421875 0.020833333333333332
0 0.46875 0.2465277777777778 0.0048828125 0.010416666666666666
0 0.2890625 0.5590277777777778 0.0107421875 0.020833333333333332
0 0.322265625 0.2048611111111111 0.0048828125 0.010416666666666666
0 0.177734375 0.3680555555555556 0.005859375 0.012152777777777778
0 0.48046875 0.3194444444444444 0.005859375 0.012152777777777778
0 0.4521484375 0.3159722222222222 0.005859375 0.012152777777777778
0 0.08203125 0.3541666666666667 0.005859375 0.010416666666666666
0 0.78125 0.6284722222222222 0.0078125 0.019097222222222224
0 0.4921875 0.2482638888888889 0.0048828125 0.010416666666666666
0 0.78125 0.6597222222222222 0.0078125 0.019097222222222224
0 0.345703125 0.5138888888888888 0.0107421875 0.020833333333333332
0 0.7255859375 0.5138888888888888 0.0078125 0.019097222222222224
0 0.7353515625 0.625 0.0078125 0.019097222222222224
0 0.5986328125 0.4548611111111111 0.005859375 0.012152777777777778
0 0.4443359375 0.2465277777777778 0.0048828125 0.010416666666666666
0 0.7158203125 0.6302083333333334 0.0078125 0.019097222222222224
0 0.3857421875 0.265625 0.0048828125 0.010416666666666666
0 0.619140625 0.4409722222222222 0.005859375 0.012152777777777778
0 0.3603515625 0.5277777777777778 0.0107421875 0.020833333333333332
0 0.669921875 0.46875 0.0078125 0.019097222222222224
0 0.251953125 0.3680555555555556 0.005859375 0.012152777777777778
0 0.5888671875 0.4288194444444444 0.005859375 0.012152777777777778
0 0.2578125 0.3524305555555556 0.005859375 0.012152777777777778
0 0.365234375 0.24305555555555555 0.0048828125 0.010416666666666666
