0 0.007540056550424128 0.41908127208480567 0.000942507068803016 0.0014134275618374558
0 0.5956644674835061 0.42897526501766786 0.006597549481621112 0.014134275618374558
0 0.7686145146088595 0.4664310954063604 0.008482563619227144 0.0176678445229682
0 0.7115928369462771 0.4402826855123675 0.002827521206409048 0.0049469964664310955
0 0.5692742695570217 0.45936395759717313 0.015551366635249765 0.019787985865724382
0 0.3770028275212064 0.4353356890459364 0.015080113100848256 0.023321554770318022
0 0.5113100848256362 0.4431095406360424 0.008953817153628653 0.015547703180212015
0 0.45098963242224316 0.4551236749116608 0.011310084825636193 0.019787985865724382
0 0.6225259189443921 0.446643109540636 0.006126295947219604 0.01342756183745583
0 0.6672950047125353 0.4353356890459364 0.0051837888784165885 0.009893992932862191
0 0.43920829406220546 0.43886925795053006 0.00235626767200754 0.0035335689045936395
0 0.001413760603204524 0.423321554770318 0.000942507068803016 0.0014134275618374558
0 0.7436380772855796 0.46996466431095407 0.006126295947219604 0.009187279151943463
0 0.7210179076343073 0.4381625441696113 0.002827521206409048 0.0049469964664310955
0 0.4820923656927427 0.45936395759717313 0.017436380772855798 0.02685512367491166
0 0.46936852026390197 0.44876325088339225 0.00942507068803016 0.019787985865724382
0 0.0763430725730443 0.5067137809187279 0.028746465598491987 0.040282685512367494
0 0.9330819981149858 0.4833922261484099 0.043355325164938736 0.0784452296819788
0 0.6503298774740811 0.43250883392226147 0.00235626767200754 0.0028268551236749115
0 0.30207351555136663 0.44946996466431094 0.012723845428840716 0.019787985865724382
0 0.6592836946277097 0.44098939929328623 0.00235626767200754 0.0028268551236749115
0 0.40245051837888784 0.446643109540636 0.01885014137606032 0.028268551236749116
0 0.25164938737040526 0.4975265017667845 0.020263901979264844 0.03109540636042403
0 0.18331762488218661 0.49187279151943464 0.020263901979264844 0.03109540636042403
0 0.6003770028275212 0.44593639575971733 0.006597549481621112 0.014134275618374558
0 0.6503298774740811 0.44876325088339225 0.00235626767200754 0.0028268551236749115
0 0.3576814326107446 0.4480565371024735 0.022620169651272386 0.04876325088339223
0 0.6041470311027333 0.4318021201413428 0.006597549481621112 0.014134275618374558
0 0.22384542884071632 0.48692579505300354 0.020263901979264844 0.03109540636042403
0 0.5669180018850142 0.4381625441696113 0.010367577756833177 0.014840989399293287
0 0.4184731385485391 0.4840989399293286 0.022620169651272386 0.04876325088339223
0 0.8826578699340245 0.5144876325088339 0.012252591894439209 0.021908127208480566
0 0.003298774740810556 0.5314487632508834 0.028746465598491987 0.040282685512367494
0 0.1767200754005655 0.4763250883392226 0.015551366635249765 0.03392226148409894
0 0.58435438265787 0.4551236749116608 0.0 0.0
0 0.6366635249764373 0.43462897526501765 0.004241281809613572 0.0063604240282685515
0 0.5466540999057493 0.4416961130742049 0.007540056550424128 0.0077738515901060075
0 0.6220546654099905 0.4282685512367491 0.006126295947219604 0.0077738515901060075
0 0.6833176248821866 0.43250883392226147 0.003298774740810556 0.0049469964664310955
0 0.5273327049952875 0.4515901060070671 0.017436380772855798 0.02685512367491166
