0 0.9321305841924399 0.2847938144329897 0.05154639175257732 0.09020618556701031
0 0.9862542955326461 0.25128865979381443 0.037800687285223365 0.059278350515463915
0 0.5833333333333334 0.23969072164948454 0.022336769759450172 0.04768041237113402
0 0.2646048109965636 0.20618556701030927 0.03608247422680412 0.05670103092783505
0 0.03264604810996564 0.19716494845360824 0.037800687285223365 0.059278350515463915
0 0.743127147766323 0.3015463917525773 0.07903780068728522 0.10824742268041238
0 0.5283505154639175 0.24097938144329897 0.03608247422680412 0.05670103092783505
0 0.6134020618556701 0.24355670103092783 0.037800687285223365 0.06314432989690721
0 0.6331615120274914 0.29510309278350516 0.09278350515463918 0.16237113402061856
0 0.8591065292096219 0.25 0.05154639175257732 0.09020618556701031
0 0.4587628865979381 0.35180412371134023 0.09278350515463918 0.16237113402061856
0 0.4853951890034364 0.27190721649484534 0.05412371134020619 0.09922680412371133
0 0.8505154639175257 0.3234536082474227 0.07903780068728522 0.10824742268041238
0 0.7835051546391752 0.24871134020618557 0.05154639175257732 0.09020618556701031
0 0.9020618556701031 0.26288659793814434 0.027491408934707903 0.04381443298969072
0 0.7044673539518901 0.23067010309278352 0.037800687285223365 0.06314432989690721
0 0.7362542955326461 0.22551546391752578 0.028350515463917526 0.04381443298969072
0 0.013745704467353952 0.27319587628865977 0.04553264604810996 0.07474226804123711
0 0.3324742268041237 0.2538659793814433 0.03608247422680412 0.05670103092783505
0 0.6872852233676976 0.22036082474226804 0.023195876288659795 0.03350515463917526
0 0.44329896907216493 0.25128865979381443 0.05412371134020619 0.09922680412371133
0 0.09106529209621993 0.26804123711340205 0.06872852233676977 0.11984536082474227
0 0.37714776632302405 0.30541237113402064 0.09278350515463918 0.16237113402061856
0 0.9965635738831615 0.3402061855670103 0.037800687285223365 0.059278350515463915
0 0.40807560137457044 0.22293814432989692 0.022336769759450172 0.04768041237113402
0 0.3024054982817869 0.2345360824742268 0.03608247422680412 0.05670103092783505
0 0.08505154639175258 0.20618556701030927 0.037800687285223365 0.059278350515463915
0 0.6194158075601375 0.21262886597938144 0.023195876288659795 0.03350515463917526
0 0.6743986254295533 0.19329896907216496 0.027491408934707903 0.03608247422680412
0 0.19931271477663232 0.28350515463917525 0.06872852233676977 0.11984536082474227
0 0.002577319587628866 0.2963917525773196 0.04553264604810996 0.07474226804123711
0 0.4991408934707904 0.22164948453608246 0.03608247422680412 0.05670103092783505
0 0.634020618556701 0.20103092783505155 0.027491408934707903 0.03608247422680412
0 0.6615120274914089 0.21520618556701032 0.023195876288659795 0.03350515463917526
0 0.19759450171821305 0.21005154639175258 0.03608247422680412 0.05670103092783505
