0 0.3186188811188811 0.46904205607476634 0.003933566433566434 0.006425233644859813
0 0.4820804195804196 0.5257009345794392 0.003933566433566434 0.006425233644859813
0 0.6993006993006993 0.4322429906542056 0.003933566433566434 0.006425233644859813
0 0.14685314685314685 0.5566588785046729 0.003933566433566434 0.006425233644859813
0 0.6363636363636364 0.5683411214953271 0.003933566433566434 0.006425233644859813
0 0.4825174825174825 0.473714953271028 0.003933566433566434 0.006425233644859813
0 0.4409965034965035 0.5776869158878505 0.003933566433566434 0.006425233644859813
0 0.4156468531468531 0.45093457943925236 0.003933566433566434 0.006425233644859813
0 0.052884615384615384 0.47488317757009346 0.003933566433566434 0.006425233644859813
0 0.5083041958041958 0.49182242990654207 0.003933566433566434 0.006425233644859813
0 0.7565559440559441 0.43457943925233644 0.003933566433566434 0.006425233644859813
0 0.6962412587412588 0.5584112149532711 0.003933566433566434 0.006425233644859813
0 0.6909965034965035 0.544392523364486 0.003933566433566434 0.006425233644859813
0 0.8767482517482518 0.5473130841121495 0.003933566433566434 0.006425233644859813
0 0.4130244755244755 0.5297897196261683 0.003933566433566434 0.006425233644859813
0 0.8151223776223776 0.518107476635514 0.003933566433566434 0.006425233644859813
0 0.6931818181818182 0.5735981308411215 0.003933566433566434 0.006425233644859813
0 0.6958041958041958 0.5110981308411215 0.003933566433566434 0.006425233644859813
0 0.8802447552447552 0.5110981308411215 0.003933566433566434 0.006425233644859813
0 0.6324300699300699 0.6016355140186916 0.023164335664335664 0.03271028037383177
0 0.8448426573426573 0.48130841121495327 0.003933566433566434 0.006425233644859813
0 0.6590909090909091 0.856892523364486 0.05725524475524475 0.1022196261682243
0 0.6914335664335665 0.4497663551401869 0.003933566433566434 0.006425233644859813
0 0.28015734265734266 0.5613317757009346 0.003933566433566434 0.006425233644859813
0 0.3575174825174825 0.5502336448598131 0.003933566433566434 0.006425233644859813
0 0.08610139860139861 0.49182242990654207 0.003933566433566434 0.006425233644859813
0 0.38243006993006995 0.5677570093457944 0.003933566433566434 0.006425233644859813
0 0.7237762237762237 0.433411214953271 0.003933566433566434 0.006425233644859813
0 0.4230769230769231 0.5654205607476636 0.003933566433566434 0.006425233644859813
0 0.5882867132867133 0.5116822429906542 0.003933566433566434 0.006425233644859813
0 0.3763111888111888 0.5519859813084113 0.003933566433566434 0.006425233644859813
0 0.659965034965035 0.5134345794392523 0.003933566433566434 0.006425233644859813
0 0.5441433566433567 0.5093457943925234 0.003933566433566434 0.006425233644859813
0 0.4090909090909091 0.5578271028037384 0.003933566433566434 0.006425233644859813
0 0.5878496503496503 0.5 0.003933566433566434 0.006425233644859813
0 0.6031468531468531 0.6939252336448598 0.0388986013986014 0.06950934579439252
0 0.5524475524475524 0.4883177570093458 0.003933566433566434 0.006425233644859813
0 0.5144230769230769 0.45560747663551404 0.003933566433566434 0.006425233644859813
0 0.8028846153846154 0.4532710280373832 0.003933566433566434 0.006425233644859813
0 0.166520979020979 0.4205607476635514 0.003933566433566434 0.006425233644859813
0 0.6193181818181818 0.522196261682243 0.003933566433566434 0.006425233644859813
0 0.12980769230769232 0.4760514018691589 0.003933566433566434 0.006425233644859813
0 0.6372377622377622 0.643107476635514 0.023164335664335664 0.03271028037383177
0 0.6831293706293706 0.4655373831775701 0.003933566433566434 0.006425233644859813
0 0.18225524475524477 0.441588785046729 0.003933566433566434 0.006425233644859813
0 0.5891608391608392 0.5029205607476636 0.003933566433566434 0.006425233644859813
0 0.06555944055944056 0.4929906542056075 0.003933566433566434 0.006425233644859813
0 0.09702797202797203 0.4602803738317757 0.003933566433566434 0.006425233644859813
0 0.7757867132867133 0.5899532710280374 0.003933566433566434 0.006425233644859813
0 0.7084790209790209 0.5841121495327103 0.003933566433566434 0.006425233644859813
0 0.7552447552447552 0.5420560747663551 0.003933566433566434 0.006425233644859813
0 0.6949300699300699 0.5198598130841121 0.003933566433566434 0.006425233644859813
0 0.32517482517482516 0.6880841121495327 0.023164335664335664 0.03271028037383177
0 0.5336538461538461 0.5087616822429907 0.003933566433566434 0.006425233644859813
0 0.5144230769230769 0.48189252336448596 0.003933566433566434 0.006425233644859813
0 0.5004370629370629 0.5607476635514018 0.003933566433566434 0.006425233644859813
0 0.506993006993007 0.584696261682243 0.003933566433566434 0.006425233644859813
0 0.2744755244755245 0.44742990654205606 0.003933566433566434 0.006425233644859813
0 0.08041958041958042 0.46436915887850466 0.003933566433566434 0.006425233644859813
0 0.6381118881118881 0.5414719626168224 0.003933566433566434 0.006425233644859813
0 0.46153846153846156 0.49065420560747663 0.003933566433566434 0.006425233644859813
0 0.9978146853146853 0.6641355140186916 0.023164335664335664 0.03271028037383177
0 0.3618881118881119 0.5268691588785047 0.003933566433566434 0.006425233644859813
0 0.9047202797202797 0.47546728971962615 0.003933566433566434 0.006425233644859813
0 0.7460664335664335 0.5046728971962616 0.003933566433566434 0.006425233644859813
0 0.6984265734265734 0.5280373831775701 0.003933566433566434 0.006425233644859813
0 0.40996503496503495 0.4269859813084112 0.003933566433566434 0.006425233644859813
0 0.5651223776223776 0.576518691588785 0.003933566433566434 0.006425233644859813
0 0.8050699300699301 0.5753504672897196 0.003933566433566434 0.006425233644859813
0 0.5367132867132867 0.570677570093458 0.003933566433566434 0.006425233644859813
0 0.5209790209790209 0.4848130841121495 0.003933566433566434 0.006425233644859813
0 0.527972027972028 0.4848130841121495 0.003933566433566434 0.006425233644859813
0 0.6437937062937062 0.49007009345794394 0.003933566433566434 0.006425233644859813
0 0.35664335664335667 0.46670560747663553 0.003933566433566434 0.006425233644859813
0 0.8111888111888111 0.6121495327102804 0.023164335664335664 0.03271028037383177
0 0.6018356643356644 0.4760514018691589 0.003933566433566434 0.006425233644859813
0 0.3356643356643357 0.5216121495327103 0.003933566433566434 0.006425233644859813
0 0.22115384615384615 0.49240654205607476 0.003933566433566434 0.006425233644859813
0 0.059877622377622376 0.4719626168224299 0.003933566433566434 0.006425233644859813
0 0.0673076923076923 0.41647196261682246 0.003933566433566434 0.006425233644859813
0 0.3972902097902098 0.4848130841121495 0.003933566433566434 0.006425233644859813
0 0.3570804195804196 0.49240654205607476 0.003933566433566434 0.006425233644859813
0 0.8212412587412588 0.592873831775701 0.003933566433566434 0.006425233644859813
0 0.09921328671328672 0.4158878504672897 0.003933566433566434 0.006425233644859813
0 0.6883741258741258 0.4322429906542056 0.003933566433566434 0.006425233644859813
0 0.9790209790209791 0.6483644859813084 0.023164335664335664 0.03271028037383177
0 0.7351398601398601 0.5794392523364486 0.003933566433566434 0.006425233644859813
0 0.2718531468531469 0.5730140186915887 0.003933566433566434 0.006425233644859813
0 0.4969405594405594 0.5554906542056075 0.003933566433566434 0.006425233644859813
0 0.46722027972027974 0.5286214953271028 0.003933566433566434 0.006425233644859813
0 0.17526223776223776 0.5035046728971962 0.003933566433566434 0.006425233644859813
0 0.4353146853146853 0.5449766355140186 0.003933566433566434 0.006425233644859813
0 0.8269230769230769 0.49883177570093457 0.003933566433566434 0.006425233644859813
0 0.6241258741258742 0.5286214953271028 0.003933566433566434 0.006425233644859813
0 0.5209790209790209 0.5216121495327103 0.003933566433566434 0.006425233644859813
0 0.053758741258741256 0.4427570093457944 0.003933566433566434 0.006425233644859813
0 0.7329545454545454 0.47488317757009346 0.003933566433566434 0.006425233644859813
0 0.25743006993006995 0.5373831775700935 0.003933566433566434 0.006425233644859813
0 0.43225524475524474 0.5549065420560748 0.003933566433566434 0.006425233644859813
0 0.722027972027972 0.48130841121495327 0.003933566433566434 0.006425233644859813
0 0.6210664335664335 0.5887850467289719 0.003933566433566434 0.006425233644859813
0 0.6547202797202797 0.5531542056074766 0.003933566433566434 0.006425233644859813
0 0.5257867132867133 0.5070093457943925 0.003933566433566434 0.006425233644859813
0 0.12674825174825174 0.5046728971962616 0.003933566433566434 0.006425233644859813
0 0.8269230769230769 0.5408878504672897 0.003933566433566434 0.006425233644859813
0 0.7587412587412588 0.6285046728971962 0.023164335664335664 0.03271028037383177
0 0.06337412587412587 0.45560747663551404 0.003933566433566434 0.006425233644859813
0 0.05812937062937063 0.4935747663551402 0.003933566433566434 0.006425233644859813
0 0.6162587412587412 0.4883177570093458 0.003933566433566434 0.006425233644859813
0 0.5944055944055944 0.4947429906542056 0.003933566433566434 0.006425233644859813
0 0.5882867132867133 0.5519859813084113 0.003933566433566434 0.006425233644859813
0 0.4715909090909091 0.5344626168224299 0.003933566433566434 0.006425233644859813
0 0.32867132867132864 0.5005841121495327 0.003933566433566434 0.006425233644859813
0 0.5655594405594405 0.5385514018691588 0.003933566433566434 0.006425233644859813
0 0.19842657342657344 0.5549065420560748 0.003933566433566434 0.006425233644859813
0 0.6722027972027972 0.49007009345794394 0.003933566433566434 0.006425233644859813
0 0.7954545454545454 0.4696261682242991 0.003933566433566434 0.006425233644859813
0 0.3076923076923077 0.5379672897196262 0.003933566433566434 0.006425233644859813
0 0.3155594405594406 0.4421728971962617 0.003933566433566434 0.006425233644859813
0 0.2486888111888112 0.5759345794392523 0.003933566433566434 0.006425233644859813
0 0.042395104895104896 0.47955607476635514 0.003933566433566434 0.006425233644859813
0 0.2727272727272727 0.5327102803738317 0.003933566433566434 0.006425233644859813
0 0.06774475524475525 0.473714953271028 0.003933566433566434 0.006425233644859813
0 0.8164335664335665 0.5426401869158879 0.003933566433566434 0.006425233644859813
0 0.4431818181818182 0.5677570093457944 0.003933566433566434 0.006425233644859813
0 0.21197552447552448 0.5490654205607477 0.003933566433566434 0.006425233644859813
0 0.8111888111888111 0.5788551401869159 0.003933566433566434 0.006425233644859813
0 0.4152097902097902 0.4953271028037383 0.003933566433566434 0.006425233644859813
0 0.8627622377622378 0.6355140186915887 0.023164335664335664 0.03271028037383177
0 0.6022727272727273 0.5771028037383178 0.003933566433566434 0.006425233644859813
0 0.46153846153846156 0.5788551401869159 0.003933566433566434 0.006425233644859813
0 0.3833041958041958 0.4427570093457944 0.003933566433566434 0.006425233644859813
0 0.5493881118881119 0.45385514018691586 0.003933566433566434 0.006425233644859813
0 0.6634615384615384 0.5689252336448598 0.003933566433566434 0.006425233644859813
0 0.527972027972028 0.42932242990654207 0.003933566433566434 0.006425233644859813
0 0.2180944055944056 0.4217289719626168 0.003933566433566434 0.006425233644859813
0 0.32823426573426573 0.5116822429906542 0.003933566433566434 0.006425233644859813
0 0.6062062937062938 0.5887850467289719 0.003933566433566434 0.006425233644859813
0 0.6818181818181818 0.5508177570093458 0.003933566433566434 0.006425233644859813
0 0.673513986013986 0.5040887850467289 0.003933566433566434 0.006425233644859813
0 0.9274475524475524 0.46904205607476634 0.003933566433566434 0.006425233644859813
0 0.3981643356643357 0.552570093457944 0.003933566433566434 0.006425233644859813
0 0.652972027972028 0.4328271028037383 0.003933566433566434 0.006425233644859813
0 0.04807692307692308 0.4702102803738318 0.003933566433566434 0.006425233644859813
0 0.597465034965035 0.4848130841121495 0.003933566433566434 0.006425233644859813
0 0.23645104895104896 0.5373831775700935 0.003933566433566434 0.006425233644859813
0 0.5423951048951049 0.42932242990654207 0.003933566433566434 0.006425233644859813
0 0.44842657342657344 0.42932242990654207 0.003933566433566434 0.006425233644859813
0 0.8247377622377622 0.5157710280373832 0.003933566433566434 0.006425233644859813
0 0.025349650349650348 0.45619158878504673 0.003933566433566434 0.006425233644859813
0 0.12456293706293706 0.5467289719626168 0.003933566433566434 0.006425233644859813
0 0.3107517482517482 0.5595794392523364 0.003933566433566434 0.006425233644859813
0 0.5257867132867133 0.5572429906542056 0.003933566433566434 0.006425233644859813
0 0.604458041958042 0.5023364485981309 0.003933566433566434 0.006425233644859813
0 0.36013986013986016 0.4532710280373832 0.003933566433566434 0.006425233644859813
0 0.597027972027972 0.5385514018691588 0.003933566433566434 0.006425233644859813
0 0.7320804195804196 0.5239485981308412 0.003933566433566434 0.006425233644859813
0 0.5441433566433567 0.5613317757009346 0.003933566433566434 0.006425233644859813
0 0.19012237762237763 0.5309579439252337 0.003933566433566434 0.006425233644859813
0 0.8063811188811189 0.4947429906542056 0.003933566433566434 0.006425233644859813
0 0.7875874125874126 0.5560747663551402 0.003933566433566434 0.006425233644859813
0 0.6153846153846154 0.509929906542056 0.003933566433566434 0.006425233644859813
0 0.902534965034965 0.6004672897196262 0.018356643356643356 0.02570093457943925
0 0.07080419580419581 0.46670560747663553 0.003933566433566434 0.006425233644859813
0 0.7749125874125874 0.4877336448598131 0.003933566433566434 0.006425233644859813
0 0.30026223776223776 0.42348130841121495 0.003933566433566434 0.006425233644859813
0 0.6363636363636364 0.45794392523364486 0.003933566433566434 0.006425233644859813
0 0.23295454545454544 0.42289719626168226 0.003933566433566434 0.006425233644859813
0 0.2666083916083916 0.45210280373831774 0.003933566433566434 0.006425233644859813
0 0.033216783216783216 0.42815420560747663 0.003933566433566434 0.006425233644859813
0 0.6997377622377622 0.48539719626168226 0.003933566433566434 0.006425233644859813
0 0.8505244755244755 0.5035046728971962 0.003933566433566434 0.006425233644859813
0 0.17351398601398602 0.4223130841121495 0.003933566433566434 0.006425233644859813
0 0.3256118881118881 0.5052570093457944 0.003933566433566434 0.006425233644859813
0 0.4597902097902098 0.5017523364485982 0.003933566433566434 0.006425233644859813
0 0.5817307692307693 0.6542056074766355 0.023164335664335664 0.03271028037383177
0 0.11145104895104894 0.5280373831775701 0.003933566433566434 0.006425233644859813
0 0.25655594405594406 0.580607476635514 0.003933566433566434 0.006425233644859813
0 0.673951048951049 0.5438084112149533 0.003933566433566434 0.006425233644859813
0 0.16127622377622378 0.5514018691588785 0.003933566433566434 0.006425233644859813
0 0.20104895104895104 0.4842289719626168 0.003933566433566434 0.006425233644859813
0 0.798513986013986 0.5297897196261683 0.003933566433566434 0.006425233644859813
0 0.6896853146853147 0.47546728971962615 0.003933566433566434 0.006425233644859813
0 0.4007867132867133 0.5040887850467289 0.003933566433566434 0.006425233644859813
0 0.7189685314685315 0.5367990654205608 0.003933566433566434 0.006425233644859813
0 0.2674825174825175 0.633177570093458 0.023164335664335664 0.03271028037383177
0 0.6258741258741258 0.4894859813084112 0.003933566433566434 0.006425233644859813
0 0.9208916083916084 0.5169392523364486 0.003933566433566434 0.006425233644859813
0 0.597027972027972 0.5286214953271028 0.003933566433566434 0.006425233644859813
0 0.1896853146853147 0.5011682242990654 0.003933566433566434 0.006425233644859813
0 0.5467657342657343 0.522196261682243 0.003933566433566434 0.006425233644859813
0 0.12543706293706294 0.5350467289719626 0.003933566433566434 0.006425233644859813
0 0.18924825174825174 0.41939252336448596 0.003933566433566434 0.006425233644859813
0 0.7683566433566433 0.518107476635514 0.003933566433566434 0.006425233644859813
0 0.7128496503496503 0.4649532710280374 0.003933566433566434 0.006425233644859813
0 0.45367132867132864 0.42990654205607476 0.003933566433566434 0.006425233644859813
0 0.6407342657342657 0.5204439252336449 0.003933566433566434 0.006425233644859813
0 0.7832167832167832 0.5998831775700935 0.013548951048951048 0.019275700934579438
0 0.5017482517482518 0.5116822429906542 0.003933566433566434 0.006425233644859813
0 0.2722902097902098 0.509929906542056 0.003933566433566434 0.006425233644859813
0 0.08347902097902098 0.4316588785046729 0.003933566433566434 0.006425233644859813
0 0.3068181818181818 0.4532710280373832 0.003933566433566434 0.006425233644859813
0 0.46765734265734266 0.5554906542056075 0.003933566433566434 0.006425233644859813
0 0.15034965034965034 0.4445093457943925 0.003933566433566434 0.006425233644859813
0 0.6713286713286714 0.4725467289719626 0.003933566433566434 0.006425233644859813
0 0.8395979020979021 0.5367990654205608 0.003933566433566434 0.006425233644859813
0 0.36975524475524474 0.508177570093458 0.003933566433566434 0.006425233644859813
0 0.5415209790209791 0.48598130841121495 0.003933566433566434 0.006425233644859813
0 0.17875874125874125 0.759929906542056 0.07517482517482517 0.1022196261682243
0 0.3369755244755245 0.5490654205607477 0.003933566433566434 0.006425233644859813
0 0.46547202797202797 0.5163551401869159 0.003933566433566434 0.006425233644859813
0 0.3256118881118881 0.5811915887850467 0.003933566433566434 0.006425233644859813
0 0.8601398601398601 0.5262850467289719 0.003933566433566434 0.006425233644859813
0 0.6936188811188811 0.5952102803738317 0.003933566433566434 0.006425233644859813
0 0.13374125874125875 0.6582943925233645 0.023164335664335664 0.03271028037383177
0 0.8168706293706294 0.4941588785046729 0.003933566433566434 0.006425233644859813
0 0.7548076923076923 0.5549065420560748 0.003933566433566434 0.006425233644859813
0 0.666958041958042 0.4649532710280374 0.003933566433566434 0.006425233644859813
0 0.9086538461538461 0.6191588785046729 0.023164335664335664 0.03271028037383177
0 0.9178321678321678 0.4567757009345794 0.003933566433566434 0.006425233644859813
0 0.5708041958041958 0.42990654205607476 0.003933566433566434 0.006425233644859813
0 0.6896853146853147 0.4655373831775701 0.003933566433566434 0.006425233644859813
0 0.3723776223776224 0.4246495327102804 0.003933566433566434 0.006425233644859813
0 0.24256993006993008 0.4433411214953271 0.003933566433566434 0.006425233644859813
0 0.34833916083916083 0.4760514018691589 0.003933566433566434 0.006425233644859813
0 0.521416083916084 0.4807242990654206 0.003933566433566434 0.006425233644859813
0 0.024912587412587412 0.4433411214953271 0.003933566433566434 0.006425233644859813
0 0.3688811188811189 0.5502336448598131 0.003933566433566434 0.006425233644859813
0 0.5699300699300699 0.4877336448598131 0.003933566433566434 0.006425233644859813
0 0.5152972027972028 0.6886682242990654 0.023164335664335664 0.03271028037383177
0 0.771416083916084 0.5239485981308412 0.003933566433566434 0.006425233644859813
0 0.42526223776223776 0.4258177570093458 0.003933566433566434 0.006425233644859813
0 0.541083916083916 0.45385514018691586 0.003933566433566434 0.006425233644859813
0 0.03365384615384615 0.4375 0.003933566433566434 0.006425233644859813
0 0.3666958041958042 0.5385514018691588 0.003933566433566434 0.006425233644859813
0 0.2504370629370629 0.4217289719626168 0.003933566433566434 0.006425233644859813
0 0.28365384615384615 0.5496495327102804 0.003933566433566434 0.006425233644859813
0 0.11756993006993006 0.47313084112149534 0.003933566433566434 0.006425233644859813
0 0.6241258741258742 0.6203271028037384 0.023164335664335664 0.03271028037383177
0 0.388986013986014 0.42757009345794394 0.003933566433566434 0.006425233644859813
0 0.28234265734265734 0.45852803738317754 0.003933566433566434 0.006425233644859813
0 0.06818181818181818 0.4258177570093458 0.003933566433566434 0.006425233644859813
0 0.16127622377622378 0.5718457943925234 0.003933566433566434 0.006425233644859813
0 0.42701048951048953 0.5064252336448598 0.003933566433566434 0.006425233644859813
0 0.7421328671328671 0.5373831775700935 0.003933566433566434 0.006425233644859813
0 0.05244755244755245 0.41063084112149534 0.003933566433566434 0.006425233644859813
0 0.7307692307692307 0.4807242990654206 0.003933566433566434 0.006425233644859813
0 0.2517482517482518 0.5601635514018691 0.003933566433566434 0.006425233644859813
0 0.3868006993006993 0.48364485981308414 0.003933566433566434 0.006425233644859813
0 0.2644230769230769 0.5 0.003933566433566434 0.006425233644859813
0 0.08784965034965035 0.41939252336448596 0.003933566433566434 0.006425233644859813
0 0.5270979020979021 0.5011682242990654 0.003933566433566434 0.006425233644859813
0 0.24082167832167833 0.5233644859813084 0.003933566433566434 0.006425233644859813
0 0.28715034965034963 0.4661214953271028 0.003933566433566434 0.006425233644859813
0 0.31993006993006995 0.5496495327102804 0.003933566433566434 0.006425233644859813
0 0.7552447552447552 0.5852803738317757 0.003933566433566434 0.006425233644859813
0 0.7469405594405595 0.43633177570093457 0.003933566433566434 0.006425233644859813
0 0.8046328671328671 0.5151869158878505 0.003933566433566434 0.006425233644859813
0 0.5384615384615384 0.5852803738317757 0.003933566433566434 0.006425233644859813
0 0.3833041958041958 0.552570093457944 0.003933566433566434 0.006425233644859813
0 0.36713286713286714 0.4445093457943925 0.003933566433566434 0.006425233644859813
0 0.6752622377622378 0.5695093457943925 0.003933566433566434 0.006425233644859813
0 0.5314685314685315 0.5356308411214953 0.003933566433566434 0.006425233644859813
0 0.8461538461538461 0.5981308411214953 0.013548951048951048 0.019275700934579438
0 0.39073426573426573 0.5017523364485982 0.003933566433566434 0.006425233644859813
0 0.5638111888111889 0.5607476635514018 0.003933566433566434 0.006425233644859813
0 0.2561188811188811 0.5157710280373832 0.003933566433566434 0.006425233644859813
0 0.3343531468531469 0.42289719626168226 0.003933566433566434 0.006425233644859813
0 0.375 0.4526869158878505 0.003933566433566434 0.006425233644859813
0 0.3243006993006993 0.49065420560747663 0.003933566433566434 0.006425233644859813
0 0.7495629370629371 0.5239485981308412 0.003933566433566434 0.006425233644859813
0 0.6770104895104895 0.47313084112149534 0.003933566433566434 0.006425233644859813
0 0.025786713286713288 0.42932242990654207 0.003933566433566434 0.006425233644859813
0 0.8627622377622378 0.5122663551401869 0.003933566433566434 0.006425233644859813
0 0.46765734265734266 0.45210280373831774 0.003933566433566434 0.006425233644859813
0 0.2854020979020979 0.5741822429906542 0.003933566433566434 0.006425233644859813
0 0.8500874125874126 0.4702102803738318 0.003933566433566434 0.006425233644859813
0 0.40297202797202797 0.42757009345794394 0.003933566433566434 0.006425233644859813
0 0.2513111888111888 0.45560747663551404 0.003933566433566434 0.006425233644859813
0 0.652534965034965 0.495911214953271 0.003933566433566434 0.006425233644859813
0 0.8496503496503497 0.5280373831775701 0.003933566433566434 0.006425233644859813
0 0.5546328671328671 0.4994158878504673 0.003933566433566434 0.006425233644859813
0 0.14291958041958042 0.5625 0.003933566433566434 0.006425233644859813
0 0.2893356643356643 0.5414719626168224 0.003933566433566434 0.006425233644859813
0 0.5533216783216783 0.48364485981308414 0.003933566433566434 0.006425233644859813
0 0.8199300699300699 0.4783878504672897 0.003933566433566434 0.006425233644859813
0 0.10096153846153846 0.5186915887850467 0.003933566433566434 0.006425233644859813
0 0.6883741258741258 0.5017523364485982 0.003933566433566434 0.006425233644859813
0 0.2854020979020979 0.4264018691588785 0.003933566433566434 0.006425233644859813
0 0.46896853146853146 0.48656542056074764 0.003933566433566434 0.006425233644859813
0 0.12194055944055944 0.4480140186915888 0.003933566433566434 0.006425233644859813
0 0.3352272727272727 0.48364485981308414 0.003933566433566434 0.006425233644859813
0 0.2395104895104895 0.44684579439252337 0.003933566433566434 0.006425233644859813
0 0.395979020979021 0.42815420560747663 0.003933566433566434 0.006425233644859813
0 0.6354895104895105 0.5029205607476636 0.003933566433566434 0.006425233644859813
0 0.4357517482517482 0.463785046728972 0.003933566433566434 0.006425233644859813
0 0.15122377622377622 0.4725467289719626 0.003933566433566434 0.006425233644859813
0 0.6875 0.49707943925233644 0.003933566433566434 0.006425233644859813
0 0.6582167832167832 0.5268691588785047 0.003933566433566434 0.006425233644859813
0 0.37893356643356646 0.5046728971962616 0.003933566433566434 0.006425233644859813
0 0.7797202797202797 0.5414719626168224 0.003933566433566434 0.006425233644859813
0 0.42482517482517484 0.530373831775701 0.003933566433566434 0.006425233644859813
0 0.3741258741258741 0.5309579439252337 0.003933566433566434 0.006425233644859813
0 0.9554195804195804 0.7021028037383178 0.03671328671328671 0.05782710280373832
0 0.8020104895104895 0.5029205607476636 0.003933566433566434 0.006425233644859813
0 0.056818181818181816 0.5005841121495327 0.003933566433566434 0.006425233644859813
0 0.5834790209790209 0.4935747663551402 0.003933566433566434 0.006425233644859813
0 0.43225524475524474 0.4889018691588785 0.003933566433566434 0.006425233644859813
0 0.8684440559440559 0.5478971962616822 0.003933566433566434 0.006425233644859813
0 0.4868881118881119 0.518107476635514 0.003933566433566434 0.006425233644859813
0 0.5091783216783217 0.5379672897196262 0.003933566433566434 0.006425233644859813
0 0.8653846153846154 0.731892523364486 0.023164335664335664 0.03271028037383177
0 0.7548076923076923 0.6758177570093458 0.023164335664335664 0.03271028037383177
0 0.3942307692307692 0.5408878504672897 0.003933566433566434 0.006425233644859813
0 0.4855769230769231 0.4842289719626168 0.003933566433566434 0.006425233644859813
0 0.8579545454545454 0.5169392523364486 0.003933566433566434 0.006425233644859813
0 0.7683566433566433 0.5379672897196262 0.003933566433566434 0.006425233644859813
0 0.16695804195804195 0.5257009345794392 0.003933566433566434 0.006425233644859813
0 0.44798951048951047 0.5017523364485982 0.003933566433566434 0.006425233644859813
0 0.13767482517482518 0.4246495327102804 0.003933566433566434 0.006425233644859813
0 0.5856643356643356 0.48539719626168226 0.003933566433566434 0.006425233644859813
0 0.7495629370629371 0.6022196261682243 0.023164335664335664 0.03271028037383177
0 0.5227272727272727 0.4258177570093458 0.003933566433566434 0.006425233644859813
0 0.3129370629370629 0.42114485981308414 0.003933566433566434 0.006425233644859813
0 0.9034090909090909 0.5280373831775701 0.003933566433566434 0.006425233644859813
0 0.34265734265734266 0.4929906542056075 0.003933566433566434 0.006425233644859813
0 0.07648601398601398 0.46203271028037385 0.003933566433566434 0.006425233644859813
0 0.9261363636363636 0.46203271028037385 0.003933566433566434 0.006425233644859813
0 0.4383741258741259 0.4503504672897196 0.003933566433566434 0.006425233644859813
0 0.4130244755244755 0.4848130841121495 0.003933566433566434 0.006425233644859813
0 0.30856643356643354 0.5274532710280374 0.003933566433566434 0.006425233644859813
0 0.5708041958041958 0.5116822429906542 0.003933566433566434 0.006425233644859813
0 0.018356643356643356 0.4632009345794392 0.003933566433566434 0.006425233644859813
0 0.07517482517482517 0.5186915887850467 0.003933566433566434 0.006425233644859813
0 0.7259615384615384 0.5835280373831776 0.003933566433566434 0.006425233644859813
0 0.7972027972027972 0.5899532710280374 0.003933566433566434 0.006425233644859813
0 0.07736013986013986 0.4532710280373832 0.003933566433566434 0.006425233644859813
0 0.9217657342657343 0.6401869158878505 0.023164335664335664 0.03271028037383177
0 0.1271853146853147 0.4421728971962617 0.003933566433566434 0.006425233644859813
0 0.6704545454545454 0.5070093457943925 0.003933566433566434 0.006425233644859813
0 0.18356643356643357 0.5584112149532711 0.003933566433566434 0.006425233644859813
0 0.3465909090909091 0.5502336448598131 0.003933566433566434 0.006425233644859813
0 0.41346153846153844 0.5233644859813084 0.003933566433566434 0.006425233644859813
0 0.5716783216783217 0.5496495327102804 0.003933566433566434 0.006425233644859813
0 0.7272727272727273 0.5245327102803738 0.003933566433566434 0.006425233644859813
0 0.25524475524475526 0.5473130841121495 0.003933566433566434 0.006425233644859813
0 0.47333916083916083 0.5029205607476636 0.003933566433566434 0.006425233644859813
0 0.4409965034965035 0.4702102803738318 0.003933566433566434 0.006425233644859813
0 0.13286713286713286 0.4182242990654206 0.003933566433566434 0.006425233644859813
0 0.22202797202797203 0.5771028037383178 0.003933566433566434 0.006425233644859813
0 0.7215909090909091 0.5467289719626168 0.003933566433566434 0.006425233644859813
0 0.24431818181818182 0.4696261682242991 0.003933566433566434 0.006425233644859813
0 0.6254370629370629 0.5905373831775701 0.003933566433566434 0.006425233644859813
0 0.04283216783216783 0.4398364485981308 0.003933566433566434 0.006425233644859813
0 0.3369755244755245 0.5122663551401869 0.003933566433566434 0.006425233644859813
0 0.6446678321678322 0.45619158878504673 0.003933566433566434 0.006425233644859813
0 0.40646853146853146 0.5297897196261683 0.003933566433566434 0.006425233644859813
0 0.5611888111888111 0.42990654205607476 0.003933566433566434 0.006425233644859813
0 0.042395104895104896 0.4713785046728972 0.003933566433566434 0.006425233644859813
0 0.22115384615384615 0.5438084112149533 0.003933566433566434 0.006425233644859813
0 0.3103146853146853 0.5110981308411215 0.003933566433566434 0.006425233644859813
0 0.4781468531468531 0.544392523364486 0.003933566433566434 0.006425233644859813
0 0.3745629370629371 0.522196261682243 0.003933566433566434 0.006425233644859813
0 0.15515734265734266 0.5105140186915887 0.003933566433566434 0.006425233644859813
0 0.22421328671328672 0.45619158878504673 0.003933566433566434 0.006425233644859813
0 0.7858391608391608 0.5169392523364486 0.003933566433566434 0.006425233644859813
0 0.01791958041958042 0.411214953271028 0.003933566433566434 0.006425233644859813
0 0.736013986013986 0.657126168224299 0.023164335664335664 0.03271028037383177
0 0.6437937062937062 0.5151869158878505 0.003933566433566434 0.006425233644859813
0 0.7736013986013986 0.6080607476635514 0.023164335664335664 0.03271028037383177
0 0.7591783216783217 0.49240654205607476 0.003933566433566434 0.006425233644859813
0 0.08435314685314685 0.441588785046729 0.003933566433566434 0.006425233644859813
0 0.9978146853146853 0.570677570093458 0.018356643356643356 0.02570093457943925
0 0.3505244755244755 0.5046728971962616 0.003933566433566434 0.006425233644859813
0 0.4541083916083916 0.5151869158878505 0.003933566433566434 0.006425233644859813
0 0.6398601398601399 0.5771028037383178 0.003933566433566434 0.006425233644859813
0 0.6472902097902098 0.48656542056074764 0.003933566433566434 0.006425233644859813
0 0.6057692307692307 0.5070093457943925 0.003933566433566434 0.006425233644859813
0 0.36451048951048953 0.5665887850467289 0.003933566433566434 0.006425233644859813
0 0.8050699300699301 0.5665887850467289 0.003933566433566434 0.006425233644859813
0 0.0895979020979021 0.5029205607476636 0.003933566433566434 0.006425233644859813
0 0.20367132867132867 0.4550233644859813 0.003933566433566434 0.006425233644859813
0 0.6083916083916084 0.47955607476635514 0.003933566433566434 0.006425233644859813
0 0.34003496503496505 0.4462616822429907 0.003933566433566434 0.006425233644859813
0 0.2618006993006993 0.5257009345794392 0.003933566433566434 0.006425233644859813
0 0.791083916083916 0.5327102803738317 0.003933566433566434 0.006425233644859813
0 0.3343531468531469 0.4550233644859813 0.003933566433566434 0.006425233644859813
0 0.24737762237762237 0.548481308411215 0.003933566433566434 0.006425233644859813
0 0.5576923076923077 0.5286214953271028 0.003933566433566434 0.006425233644859813
0 0.8120629370629371 0.47079439252336447 0.003933566433566434 0.006425233644859813
0 0.8618881118881119 0.5017523364485982 0.003933566433566434 0.006425233644859813
0 0.018356643356643356 0.4445093457943925 0.003933566433566434 0.006425233644859813
0 0.1534090909090909 0.6121495327102804 0.00743006993006993 0.014018691588785047
0 0.10183566433566434 0.44567757009345793 0.003933566433566434 0.006425233644859813
0 0.25917832167832167 0.4783878504672897 0.003933566433566434 0.006425233644859813
0 0.7753496503496503 0.5192757009345794 0.003933566433566434 0.006425233644859813
0 0.6062062937062938 0.49007009345794394 0.003933566433566434 0.006425233644859813
0 0.3081293706293706 0.5771028037383178 0.003933566433566434 0.006425233644859813
0 0.833916083916084 0.5998831775700935 0.013548951048951048 0.019275700934579438
0 0.2906468531468531 0.4871495327102804 0.003933566433566434 0.006425233644859813
0 0.7403846153846154 0.49065420560747663 0.003933566433566434 0.006425233644859813
0 0.07036713286713286 0.45560747663551404 0.003933566433566434 0.006425233644859813
0 0.8527097902097902 0.5385514018691588 0.003933566433566434 0.006425233644859813
0 0.09571678321678322 0.5519859813084113 0.003933566433566434 0.006425233644859813
0 0.18225524475524477 0.42348130841121495 0.003933566433566434 0.006425233644859813
0 0.8164335664335665 0.5332943925233645 0.003933566433566434 0.006425233644859813
0 0.20716783216783216 0.5128504672897196 0.003933566433566434 0.006425233644859813
0 0.2928321678321678 0.45151869158878505 0.003933566433566434 0.006425233644859813
0 0.5520104895104895 0.5070093457943925 0.003933566433566434 0.006425233644859813
0 0.21153846153846154 0.4351635514018692 0.003933566433566434 0.006425233644859813
0 0.13636363636363635 0.5198598130841121 0.003933566433566434 0.006425233644859813
0 0.20804195804195805 0.42114485981308414 0.003933566433566434 0.006425233644859813
0 0.4423076923076923 0.5239485981308412 0.003933566433566434 0.006425233644859813
0 0.9313811188811189 0.463785046728972 0.003933566433566434 0.006425233644859813
0 0.34047202797202797 0.5782710280373832 0.003933566433566434 0.006425233644859813
0 0.5 0.5198598130841121 0.003933566433566434 0.006425233644859813
0 0.018356643356643356 0.4328271028037383 0.003933566433566434 0.006425233644859813
0 0.12980769230769232 0.4497663551401869 0.003933566433566434 0.006425233644859813
0 0.11188811188811189 0.44509345794392524 0.003933566433566434 0.006425233644859813
0 0.5642482517482518 0.5023364485981309 0.003933566433566434 0.006425233644859813
0 0.46853146853146854 0.5134345794392523 0.003933566433566434 0.006425233644859813
0 0.5983391608391608 0.5157710280373832 0.003933566433566434 0.006425233644859813
0 0.3706293706293706 0.5771028037383178 0.003933566433566434 0.006425233644859813
0 0.8815559440559441 0.6191588785046729 0.023164335664335664 0.03271028037383177
0 0.638548951048951 0.5514018691588785 0.003933566433566434 0.006425233644859813
0 0.6376748251748252 0.5315420560747663 0.003933566433566434 0.006425233644859813
0 0.8277972027972028 0.4480140186915888 0.003933566433566434 0.006425233644859813
0 0.3719405594405594 0.4912383177570093 0.003933566433566434 0.006425233644859813
0 0.6612762237762237 0.5800233644859814 0.003933566433566434 0.006425233644859813
0 0.3151223776223776 0.572429906542056 0.003933566433566434 0.006425233644859813
0 0.7093531468531469 0.43399532710280375 0.003933566433566434 0.006425233644859813
0 0.6875 0.5198598130841121 0.003933566433566434 0.006425233644859813
0 0.3076923076923077 0.4602803738317757 0.003933566433566434 0.006425233644859813
0 0.298513986013986 0.5753504672897196 0.003933566433566434 0.006425233644859813
0 0.008741258741258742 0.4550233644859813 0.003933566433566434 0.006425233644859813
0 0.20192307692307693 0.5017523364485982 0.003933566433566434 0.006425233644859813
0 0.6909965034965035 0.4935747663551402 0.003933566433566434 0.006425233644859813
0 0.07736013986013986 0.43399532710280375 0.003933566433566434 0.006425233644859813
0 0.34440559440559443 0.540303738317757 0.003933566433566434 0.006425233644859813
0 0.40777972027972026 0.47897196261682246 0.003933566433566434 0.006425233644859813
0 0.38286713286713286 0.45151869158878505 0.003933566433566434 0.006425233644859813
0 0.5402097902097902 0.5157710280373832 0.003933566433566434 0.006425233644859813
0 0.07823426573426573 0.5280373831775701 0.003933566433566434 0.006425233644859813
0 0.8723776223776224 0.5163551401869159 0.003933566433566434 0.006425233644859813
0 0.42132867132867136 0.5163551401869159 0.003933566433566434 0.006425233644859813
0 0.2932692307692308 0.5128504672897196 0.003933566433566434 0.006425233644859813
0 0.09222027972027973 0.42990654205607476 0.003933566433566434 0.006425233644859813
0 0.3063811188811189 0.5005841121495327 0.003933566433566434 0.006425233644859813
0 0.7347027972027972 0.552570093457944 0.003933566433566434 0.006425233644859813
0 0.3343531468531469 0.5636682242990654 0.003933566433566434 0.006425233644859813
0 0.6717657342657343 0.4842289719626168 0.003933566433566434 0.006425233644859813
0 0.3312937062937063 0.572429906542056 0.003933566433566434 0.006425233644859813
0 0.12762237762237763 0.4217289719626168 0.003933566433566434 0.006425233644859813
0 0.8592657342657343 0.544392523364486 0.003933566433566434 0.006425233644859813
0 0.40865384615384615 0.4503504672897196 0.003933566433566434 0.006425233644859813
0 0.34484265734265734 0.5134345794392523 0.003933566433566434 0.006425233644859813
0 0.3986013986013986 0.5771028037383178 0.003933566433566434 0.006425233644859813
0 0.6586538461538461 0.4848130841121495 0.003933566433566434 0.006425233644859813
0 0.32386363636363635 0.4842289719626168 0.003933566433566434 0.006425233644859813
0 0.4519230769230769 0.49007009345794394 0.003933566433566434 0.006425233644859813
0 0.24431818181818182 0.42406542056074764 0.003933566433566434 0.006425233644859813
0 0.8789335664335665 0.6565420560747663 0.023164335664335664 0.03271028037383177
0 0.5576923076923077 0.4550233644859813 0.003933566433566434 0.006425233644859813
0 0.6241258741258742 0.5414719626168224 0.003933566433566434 0.006425233644859813
0 0.5319055944055944 0.49707943925233644 0.003933566433566434 0.006425233644859813
0 0.07124125874125874 0.44567757009345793 0.003933566433566434 0.006425233644859813
0 0.44842657342657344 0.48539719626168226 0.003933566433566434 0.006425233644859813
0 0.13854895104895104 0.45210280373831774 0.003933566433566434 0.006425233644859813
0 0.333041958041958 0.5432242990654206 0.003933566433566434 0.006425233644859813
0 0.033216783216783216 0.48656542056074764 0.003933566433566434 0.006425233644859813
0 0.7915209790209791 0.6366822429906542 0.023164335664335664 0.03271028037383177
0 0.5152972027972028 0.5589953271028038 0.003933566433566434 0.006425233644859813
0 0.46765734265734266 0.5478971962616822 0.003933566433566434 0.006425233644859813
0 0.26617132867132864 0.5186915887850467 0.003933566433566434 0.006425233644859813
0 0.7491258741258742 0.530373831775701 0.003933566433566434 0.006425233644859813
0 0.729458041958042 0.5070093457943925 0.003933566433566434 0.006425233644859813
0 0.06162587412587413 0.4246495327102804 0.003933566433566434 0.006425233644859813
0 0.506993006993007 0.6524532710280374 0.023164335664335664 0.03271028037383177
0 0.053758741258741256 0.46670560747663553 0.003933566433566434 0.006425233644859813
0 0.15384615384615385 0.4199766355140187 0.003933566433566434 0.006425233644859813
0 0.15078671328671328 0.6577102803738317 0.023164335664335664 0.03271028037383177
0 0.21765734265734266 0.4445093457943925 0.003933566433566434 0.006425233644859813
0 0.6848776223776224 0.415303738317757 0.003933566433566434 0.006425233644859813
0 0.34178321678321677 0.530373831775701 0.003933566433566434 0.006425233644859813
0 0.16914335664335664 0.4398364485981308 0.003933566433566434 0.006425233644859813
0 0.18924825174825174 0.4766355140186916 0.003933566433566434 0.006425233644859813
0 0.6638986013986014 0.5029205607476636 0.003933566433566434 0.006425233644859813
0 0.8155594405594405 0.6016355140186916 0.023164335664335664 0.03271028037383177
0 0.1979895104895105 0.4935747663551402 0.003933566433566434 0.006425233644859813
0 0.44624125874125875 0.5327102803738317 0.003933566433566434 0.006425233644859813
0 0.8640734265734266 0.48539719626168226 0.003933566433566434 0.006425233644859813
0 0.771416083916084 0.5613317757009346 0.003933566433566434 0.006425233644859813
0 0.7736013986013986 0.5514018691588785 0.003933566433566434 0.006425233644859813
0 0.8365384615384616 0.5432242990654206 0.003933566433566434 0.006425233644859813
0 0.006118881118881119 0.576518691588785 0.003933566433566434 0.006425233644859813
0 0.2548076923076923 0.5 0.003933566433566434 0.006425233644859813
0 0.48513986013986016 0.5759345794392523 0.003933566433566434 0.006425233644859813
0 0.3129370629370629 0.5186915887850467 0.003933566433566434 0.006425233644859813
0 0.41346153846153844 0.5794392523364486 0.003933566433566434 0.006425233644859813
0 0.6171328671328671 0.49649532710280375 0.003933566433566434 0.006425233644859813
0 0.08304195804195805 0.5262850467289719 0.003933566433566434 0.006425233644859813
0 0.5642482517482518 0.4766355140186916 0.003933566433566434 0.006425233644859813
0 0.7736013986013986 0.4433411214953271 0.003933566433566434 0.006425233644859813
0 0.8553321678321678 0.6127336448598131 0.023164335664335664 0.03271028037383177
0 0.701048951048951 0.5718457943925234 0.003933566433566434 0.006425233644859813
0 0.7517482517482518 0.4602803738317757 0.003933566433566434 0.006425233644859813
0 0.847027972027972 0.5204439252336449 0.003933566433566434 0.006425233644859813
0 0.8496503496503497 0.8498831775700935 0.05725524475524475 0.1022196261682243
0 0.7434440559440559 0.5578271028037384 0.003933566433566434 0.006425233644859813
0 0.42045454545454547 0.7348130841121495 0.023164335664335664 0.03271028037383177
0 0.2840909090909091 0.4485981308411215 0.003933566433566434 0.006425233644859813
0 0.7408216783216783 0.530373831775701 0.003933566433566434 0.006425233644859813
0 0.7180944055944056 0.5122663551401869 0.003933566433566434 0.006425233644859813
0 0.5201048951048951 0.5379672897196262 0.003933566433566434 0.006425233644859813
0 0.3479020979020979 0.5660046728971962 0.003933566433566434 0.006425233644859813
0 0.3972902097902098 0.45151869158878505 0.003933566433566434 0.006425233644859813
0 0.8033216783216783 0.5332943925233645 0.003933566433566434 0.006425233644859813
0 0.3763111888111888 0.6582943925233645 0.023164335664335664 0.03271028037383177
0 0.6569055944055944 0.4655373831775701 0.003933566433566434 0.006425233644859813
0 0.28277972027972026 0.5233644859813084 0.003933566433566434 0.006425233644859813
0 0.3090034965034965 0.5502336448598131 0.003933566433566434 0.006425233644859813
0 0.1555944055944056 0.4678738317757009 0.003933566433566434 0.006425233644859813
0 0.6429195804195804 0.5046728971962616 0.003933566433566434 0.006425233644859813
0 0.2277097902097902 0.44509345794392524 0.003933566433566434 0.006425233644859813
0 0.7425699300699301 0.4760514018691589 0.003933566433566434 0.006425233644859813
0 0.888986013986014 0.6051401869158879 0.023164335664335664 0.03271028037383177
0 0.5913461538461539 0.5636682242990654 0.003933566433566434 0.006425233644859813
0 0.7504370629370629 0.5753504672897196 0.003933566433566434 0.006425233644859813
0 0.6656468531468531 0.5192757009345794 0.003933566433566434 0.006425233644859813
0 0.8024475524475524 0.5537383177570093 0.003933566433566434 0.006425233644859813
0 0.7097902097902098 0.6004672897196262 0.003933566433566434 0.006425233644859813
0 0.3784965034965035 0.49707943925233644 0.003933566433566434 0.006425233644859813
0 0.8199300699300699 0.5151869158878505 0.003933566433566434 0.006425233644859813
0 0.5922202797202797 0.42990654205607476 0.003933566433566434 0.006425233644859813
0 0.8138111888111889 0.5029205607476636 0.003933566433566434 0.006425233644859813
0 0.6984265734265734 0.5835280373831776 0.003933566433566434 0.006425233644859813
0 0.6254370629370629 0.5029205607476636 0.003933566433566434 0.006425233644859813
0 0.006993006993006993 0.4351635514018692 0.003933566433566434 0.006425233644859813
0 0.6477272727272727 0.5648364485981309 0.003933566433566434 0.006425233644859813
0 0.4772727272727273 0.5110981308411215 0.003933566433566434 0.006425233644859813
0 0.3570804195804196 0.5741822429906542 0.003933566433566434 0.006425233644859813
0 0.18356643356643357 0.6092289719626168 0.023164335664335664 0.03271028037383177
0 0.6376748251748252 0.584696261682243 0.003933566433566434 0.006425233644859813
0 0.7443181818181818 0.4608644859813084 0.003933566433566434 0.006425233644859813
0 0.052884615384615384 0.42289719626168226 0.003933566433566434 0.006425233644859813
0 0.7084790209790209 0.5280373831775701 0.003933566433566434 0.006425233644859813
0 0.6695804195804196 0.43457943925233644 0.003933566433566434 0.006425233644859813
0 0.652972027972028 0.5035046728971962 0.003933566433566434 0.006425233644859813
0 0.8697552447552448 0.5379672897196262 0.003933566433566434 0.006425233644859813
0 0.3999125874125874 0.4783878504672897 0.003933566433566434 0.006425233644859813
0 0.7062937062937062 0.49707943925233644 0.003933566433566434 0.006425233644859813
0 0.7320804195804196 0.43457943925233644 0.003933566433566434 0.006425233644859813
0 0.777534965034965 0.4742990654205608 0.003933566433566434 0.006425233644859813
0 0.5301573426573427 0.5163551401869159 0.003933566433566434 0.006425233644859813
0 0.3894230769230769 0.508177570093458 0.003933566433566434 0.006425233644859813
0 0.7631118881118881 0.6016355140186916 0.023164335664335664 0.03271028037383177
0 0.36276223776223776 0.42757009345794394 0.003933566433566434 0.006425233644859813
0 0.8002622377622378 0.5438084112149533 0.003933566433566434 0.006425233644859813
0 0.7106643356643356 0.5478971962616822 0.003933566433566434 0.006425233644859813
0 0.7840909090909091 0.5718457943925234 0.003933566433566434 0.006425233644859813
0 0.7167832167832168 0.4316588785046729 0.003933566433566434 0.006425233644859813
0 0.0777972027972028 0.47546728971962615 0.003933566433566434 0.006425233644859813
0 0.4785839160839161 0.4264018691588785 0.003933566433566434 0.006425233644859813
0 0.5620629370629371 0.514018691588785 0.003933566433566434 0.006425233644859813
0 0.5869755244755245 0.4912383177570093 0.003933566433566434 0.006425233644859813
0 0.6359265734265734 0.4894859813084112 0.003933566433566434 0.006425233644859813
0 0.7229020979020979 0.592873831775701 0.003933566433566434 0.006425233644859813
0 0.8553321678321678 0.5969626168224299 0.003933566433566434 0.006425233644859813
0 0.6328671328671329 0.508177570093458 0.003933566433566434 0.006425233644859813
0 0.486013986013986 0.5607476635514018 0.003933566433566434 0.006425233644859813
0 0.03715034965034965 0.46845794392523366 0.003933566433566434 0.006425233644859813
0 0.08610139860139861 0.4480140186915888 0.003933566433566434 0.006425233644859813
0 0.22814685314685315 0.5035046728971962 0.003933566433566434 0.006425233644859813
0 0.7578671328671329 0.5648364485981309 0.003933566433566434 0.006425233644859813
0 0.5397727272727273 0.5467289719626168 0.003933566433566434 0.006425233644859813
0 0.5869755244755245 0.7149532710280374 0.0388986013986014 0.06950934579439252
0 0.5808566433566433 0.5642523364485982 0.003933566433566434 0.006425233644859813
0 0.6713286713286714 0.5186915887850467 0.003933566433566434 0.006425233644859813
0 0.6166958041958042 0.46670560747663553 0.003933566433566434 0.006425233644859813
0 0.8448426573426573 0.6360981308411215 0.023164335664335664 0.03271028037383177
0 0.10227272727272728 0.49240654205607476 0.003933566433566434 0.006425233644859813
0 0.05944055944055944 0.4421728971962617 0.003933566433566434 0.006425233644859813
0 0.7451923076923077 0.5601635514018691 0.003933566433566434 0.006425233644859813
0 0.3243006993006993 0.4678738317757009 0.003933566433566434 0.006425233644859813
0 0.3129370629370629 0.4912383177570093 0.003933566433566434 0.006425233644859813
0 0.6761363636363636 0.518107476635514 0.003933566433566434 0.006425233644859813
0 0.36232517482517484 0.5146028037383178 0.003933566433566434 0.006425233644859813
0 0.05944055944055944 0.5379672897196262 0.003933566433566434 0.006425233644859813
0 0.25743006993006995 0.459696261682243 0.003933566433566434 0.006425233644859813
0 0.8916083916083916 0.5432242990654206 0.003933566433566434 0.006425233644859813
0 0.4576048951048951 0.5116822429906542 0.003933566433566434 0.006425233644859813
0 0.7539335664335665 0.5128504672897196 0.003933566433566434 0.006425233644859813
0 0.42526223776223776 0.4503504672897196 0.003933566433566434 0.006425233644859813
0 0.41914335664335667 0.46203271028037385 0.003933566433566434 0.006425233644859813
0 0.361013986013986 0.5093457943925234 0.003933566433566434 0.006425233644859813
0 0.6101398601398601 0.5146028037383178 0.003933566433566434 0.006425233644859813
0 0.5397727272727273 0.5023364485981309 0.003933566433566434 0.006425233644859813
0 0.5354020979020979 0.4304906542056075 0.003933566433566434 0.006425233644859813
0 0.2631118881118881 0.4246495327102804 0.003933566433566434 0.006425233644859813
0 0.14947552447552448 0.45210280373831774 0.003933566433566434 0.006425233644859813
0 0.42132867132867136 0.5560747663551402 0.003933566433566434 0.006425233644859813
0 0.5786713286713286 0.4877336448598131 0.003933566433566434 0.006425233644859813
0 0.9204545454545454 0.4725467289719626 0.003933566433566434 0.006425233644859813
0 0.8177447552447552 0.5227803738317757 0.003933566433566434 0.006425233644859813
0 0.8103146853146853 0.5251168224299065 0.003933566433566434 0.006425233644859813
0 0.5048076923076923 0.48014018691588783 0.003933566433566434 0.006425233644859813
0 0.2718531468531469 0.4223130841121495 0.003933566433566434 0.006425233644859813
0 0.03146853146853147 0.45735981308411217 0.003933566433566434 0.006425233644859813
0 0.8391608391608392 0.6051401869158879 0.023164335664335664 0.03271028037383177
0 0.3784965034965035 0.5397196261682243 0.003933566433566434 0.006425233644859813
0 0.8487762237762237 0.5432242990654206 0.003933566433566434 0.006425233644859813
0 0.7019230769230769 0.46670560747663553 0.003933566433566434 0.006425233644859813
0 0.3151223776223776 0.45151869158878505 0.003933566433566434 0.006425233644859813
0 0.7093531468531469 0.6658878504672897 0.023164335664335664 0.03271028037383177
0 0.6066433566433567 0.6466121495327103 0.023164335664335664 0.03271028037383177
0 0.5034965034965035 0.4287383177570093 0.003933566433566434 0.006425233644859813
0 0.270979020979021 0.4807242990654206 0.003933566433566434 0.006425233644859813
0 0.28452797202797203 0.5017523364485982 0.003933566433566434 0.006425233644859813
0 0.2180944055944056 0.5566588785046729 0.003933566433566434 0.006425233644859813
0 0.6923076923076923 0.5379672897196262 0.003933566433566434 0.006425233644859813
0 0.4392482517482518 0.42815420560747663 0.003933566433566434 0.006425233644859813
0 0.7836538461538461 0.5268691588785047 0.003933566433566434 0.006425233644859813
0 0.8190559440559441 0.4678738317757009 0.003933566433566434 0.006425233644859813
0 0.14423076923076922 0.4217289719626168 0.003933566433566434 0.006425233644859813
0 0.031031468531468532 0.4497663551401869 0.003933566433566434 0.006425233644859813
0 0.7963286713286714 0.5648364485981309 0.003933566433566434 0.006425233644859813
0 0.44274475524475526 0.5035046728971962 0.003933566433566434 0.006425233644859813
0 0.2674825174825175 0.5584112149532711 0.003933566433566434 0.006425233644859813
0 0.045454545454545456 0.45619158878504673 0.003933566433566434 0.006425233644859813
0 0.30157342657342656 0.5309579439252337 0.003933566433566434 0.006425233644859813
0 0.736451048951049 0.7429906542056075 0.044580419580419584 0.06366822429906542
0 0.7395104895104895 0.43457943925233644 0.003933566433566434 0.006425233644859813
0 0.2958916083916084 0.5391355140186916 0.003933566433566434 0.006425233644859813
0 0.01486013986013986 0.4544392523364486 0.003933566433566434 0.006425233644859813
0 0.21284965034965034 0.4497663551401869 0.003933566433566434 0.006425233644859813
0 0.194493006993007 0.4550233644859813 0.003933566433566434 0.006425233644859813
0 0.8251748251748252 0.6074766355140186 0.023164335664335664 0.03271028037383177
0 0.8374125874125874 0.441588785046729 0.003933566433566434 0.006425233644859813
0 0.8282342657342657 0.5070093457943925 0.003933566433566434 0.006425233644859813
0 0.5791083916083916 0.5905373831775701 0.003933566433566434 0.006425233644859813
0 0.5598776223776224 0.4929906542056075 0.003933566433566434 0.006425233644859813
0 0.38505244755244755 0.5759345794392523 0.003933566433566434 0.006425233644859813
0 0.4571678321678322 0.5420560747663551 0.003933566433566434 0.006425233644859813
0 0.875 0.5957943925233645 0.003933566433566434 0.006425233644859813
0 0.722465034965035 0.5578271028037384 0.003933566433566434 0.006425233644859813
0 0.2368881118881119 0.4848130841121495 0.003933566433566434 0.006425233644859813
0 0.41215034965034963 0.5052570093457944 0.003933566433566434 0.006425233644859813
0 0.49125874125874125 0.5116822429906542 0.003933566433566434 0.006425233644859813
0 0.7661713286713286 0.5718457943925234 0.003933566433566434 0.006425233644859813
0 0.26354895104895104 0.4649532710280374 0.003933566433566434 0.006425233644859813
0 0.09134615384615384 0.5292056074766355 0.003933566433566434 0.006425233644859813
0 0.20104895104895104 0.5449766355140186 0.003933566433566434 0.006425233644859813
0 0.180506993006993 0.4480140186915888 0.003933566433566434 0.006425233644859813
0 0.28277972027972026 0.48189252336448596 0.003933566433566434 0.006425233644859813
0 0.3806818181818182 0.48539719626168226 0.003933566433566434 0.006425233644859813
0 0.6149475524475524 0.554322429906542 0.003933566433566434 0.006425233644859813
0 0.5056818181818182 0.5730140186915887 0.003933566433566434 0.006425233644859813
0 0.27884615384615385 0.4217289719626168 0.003933566433566434 0.006425233644859813
0 0.8120629370629371 0.5105140186915887 0.003933566433566434 0.006425233644859813
0 0.8662587412587412 0.5992990654205608 0.018356643356643356 0.02570093457943925
0 0.04895104895104895 0.48130841121495327 0.003933566433566434 0.006425233644859813
0 0.5192307692307693 0.4632009345794392 0.003933566433566434 0.006425233644859813
0 0.8050699300699301 0.594626168224299 0.003933566433566434 0.006425233644859813
0 0.1778846153846154 0.5297897196261683 0.003933566433566434 0.006425233644859813
0 0.2958916083916084 0.5011682242990654 0.003933566433566434 0.006425233644859813
0 0.004807692307692308 0.5239485981308412 0.003933566433566434 0.006425233644859813
0 0.11713286713286714 0.48364485981308414 0.003933566433566434 0.006425233644859813
0 0.45585664335664333 0.5589953271028038 0.003933566433566434 0.006425233644859813
0 0.4755244755244755 0.5175233644859814 0.003933566433566434 0.006425233644859813
0 0.10882867132867133 0.4526869158878505 0.003933566433566434 0.006425233644859813
0 0.38417832167832167 0.4772196261682243 0.003933566433566434 0.006425233644859813
0 0.32342657342657344 0.4544392523364486 0.003933566433566434 0.006425233644859813
0 0.30244755244755245 0.5122663551401869 0.003933566433566434 0.006425233644859813
0 0.381993006993007 0.4258177570093458 0.003933566433566434 0.006425233644859813
0 0.8347902097902098 0.5800233644859814 0.003933566433566434 0.006425233644859813
0 0.4619755244755245 0.5660046728971962 0.003933566433566434 0.006425233644859813
0 0.8745629370629371 0.5046728971962616 0.003933566433566434 0.006425233644859813
0 0.3243006993006993 0.4258177570093458 0.003933566433566434 0.006425233644859813
0 0.5629370629370629 0.5899532710280374 0.003933566433566434 0.006425233644859813
0 0.5961538461538461 0.5105140186915887 0.003933566433566434 0.006425233644859813
0 0.1770104895104895 0.5537383177570093 0.003933566433566434 0.006425233644859813
0 0.4916958041958042 0.5473130841121495 0.003933566433566434 0.006425233644859813
0 0.11800699300699301 0.5379672897196262 0.003933566433566434 0.006425233644859813
0 0.7827797202797203 0.5064252336448598 0.003933566433566434 0.006425233644859813
0 0.14947552447552448 0.5192757009345794 0.003933566433566434 0.006425233644859813
0 0.32867132867132864 0.5496495327102804 0.003933566433566434 0.006425233644859813
0 0.923513986013986 0.6927570093457944 0.03671328671328671 0.05782710280373832
0 0.5987762237762237 0.42757009345794394 0.003933566433566434 0.006425233644859813
0 0.7880244755244755 0.46670560747663553 0.003933566433566434 0.006425233644859813
0 0.24519230769230768 0.5192757009345794 0.003933566433566434 0.006425233644859813
0 0.06643356643356643 0.5128504672897196 0.003933566433566434 0.006425233644859813
0 0.02097902097902098 0.4567757009345794 0.003933566433566434 0.006425233644859813
0 0.021416083916083916 0.5093457943925234 0.003933566433566434 0.006425233644859813
0 0.4916958041958042 0.4264018691588785 0.003933566433566434 0.006425233644859813
0 0.44667832167832167 0.5116822429906542 0.003933566433566434 0.006425233644859813
0 0.2937062937062937 0.42406542056074764 0.003933566433566434 0.006425233644859813
0 0.5913461538461539 0.5852803738317757 0.003933566433566434 0.006425233644859813
0 0.8994755244755245 0.4760514018691589 0.003933566433566434 0.006425233644859813
0 0.3553321678321678 0.5414719626168224 0.003933566433566434 0.006425233644859813
0 0.6503496503496503 0.592873831775701 0.003933566433566434 0.006425233644859813
0 0.6682692307692307 0.5519859813084113 0.003933566433566434 0.006425233644859813
0 0.20498251748251747 0.4375 0.003933566433566434 0.006425233644859813
0 0.3243006993006993 0.5397196261682243 0.003933566433566434 0.006425233644859813
0 0.3553321678321678 0.514018691588785 0.003933566433566434 0.006425233644859813
0 0.04283216783216783 0.41705607476635514 0.003933566433566434 0.006425233644859813
0 0.7801573426573427 0.6588785046728972 0.023164335664335664 0.03271028037383177
0 0.7408216783216783 0.5116822429906542 0.003933566433566434 0.006425233644859813
0 0.8352272727272727 0.4976635514018692 0.003933566433566434 0.006425233644859813
0 0.7093531468531469 0.477803738317757 0.003933566433566434 0.006425233644859813
0 0.5096153846153846 0.5274532710280374 0.003933566433566434 0.006425233644859813
0 0.2937062937062937 0.48014018691588783 0.003933566433566434 0.006425233644859813
0 0.3256118881118881 0.5332943925233645 0.003933566433566434 0.006425233644859813
0 0.4847027972027972 0.5367990654205608 0.003933566433566434 0.006425233644859813
0 0.9165209790209791 0.6039719626168224 0.023164335664335664 0.03271028037383177
0 0.2770979020979021 0.46670560747663553 0.003933566433566434 0.006425233644859813
0 0.38986013986013984 0.45385514018691586 0.003933566433566434 0.006425233644859813
0 0.4117132867132867 0.5157710280373832 0.003933566433566434 0.006425233644859813
0 0.3548951048951049 0.4246495327102804 0.003933566433566434 0.006425233644859813
0 0.10139860139860139 0.4713785046728972 0.003933566433566434 0.006425233644859813
0 0.8299825174825175 0.5332943925233645 0.003933566433566434 0.006425233644859813
0 0.34003496503496505 0.47955607476635514 0.003933566433566434 0.006425233644859813
0 0.5563811188811189 0.5467289719626168 0.003933566433566434 0.006425233644859813
0 0.6800699300699301 0.5198598130841121 0.003933566433566434 0.006425233644859813
0 0.7325174825174825 0.570677570093458 0.003933566433566434 0.006425233644859813
0 0.3562062937062937 0.4608644859813084 0.003933566433566434 0.006425233644859813
0 0.44711538461538464 0.554322429906542 0.003933566433566434 0.006425233644859813
0 0.333479020979021 0.49240654205607476 0.003933566433566434 0.006425233644859813
0 0.23382867132867133 0.5700934579439252 0.003933566433566434 0.006425233644859813
0 0.0743006993006993 0.4158878504672897 0.003933566433566434 0.006425233644859813
0 0.19886363636363635 0.5216121495327103 0.003933566433566434 0.006425233644859813
0 0.1590909090909091 0.4503504672897196 0.003933566433566434 0.006425233644859813
0 0.5611888111888111 0.5070093457943925 0.003933566433566434 0.006425233644859813
0 0.8312937062937062 0.48014018691588783 0.003933566433566434 0.006425233644859813
0 0.036276223776223776 0.45560747663551404 0.003933566433566434 0.006425233644859813
0 0.7967657342657343 0.5064252336448598 0.003933566433566434 0.006425233644859813
0 0.40690559440559443 0.5654205607476636 0.003933566433566434 0.006425233644859813
0 0.14029720279720279 0.5075934579439252 0.003933566433566434 0.006425233644859813
0 0.6752622377622378 0.4661214953271028 0.003933566433566434 0.006425233644859813
0 0.5253496503496503 0.5490654205607477 0.003933566433566434 0.006425233644859813
0 0.0743006993006993 0.5 0.003933566433566434 0.006425233644859813
0 0.6359265734265734 0.4316588785046729 0.003933566433566434 0.006425233644859813
0 0.2928321678321678 0.5192757009345794 0.003933566433566434 0.006425233644859813
0 0.4593531468531469 0.5338785046728972 0.003933566433566434 0.006425233644859813
0 0.36582167832167833 0.4772196261682243 0.003933566433566434 0.006425233644859813
0 0.7801573426573427 0.5134345794392523 0.003933566433566434 0.006425233644859813
0 0.6101398601398601 0.532126168224299 0.003933566433566434 0.006425233644859813
0 0.590472027972028 0.5157710280373832 0.003933566433566434 0.006425233644859813
0 0.7246503496503497 0.495911214953271 0.003933566433566434 0.006425233644859813
0 0.7041083916083916 0.5397196261682243 0.003933566433566434 0.006425233644859813
0 0.11582167832167832 0.4929906542056075 0.003933566433566434 0.006425233644859813
0 0.19012237762237763 0.5554906542056075 0.003933566433566434 0.006425233644859813
0 0.3715034965034965 0.5671728971962616 0.003933566433566434 0.006425233644859813
0 0.6162587412587412 0.5630841121495327 0.003933566433566434 0.006425233644859813
0 0.6551573426573427 0.5350467289719626 0.003933566433566434 0.006425233644859813
0 0.14248251748251747 0.4661214953271028 0.003933566433566434 0.006425233644859813
0 0.666083916083916 0.5969626168224299 0.003933566433566434 0.006425233644859813
0 0.21416083916083917 0.647196261682243 0.006555944055944056 0.014602803738317757
0 0.430506993006993 0.5040887850467289 0.003933566433566434 0.006425233644859813
0 0.6818181818181818 0.5058411214953271 0.003933566433566434 0.006425233644859813
0 0.16171328671328672 0.4398364485981308 0.003933566433566434 0.006425233644859813
0 0.3994755244755245 0.5297897196261683 0.003933566433566434 0.006425233644859813
0 0.659965034965035 0.5449766355140186 0.003933566433566434 0.006425233644859813
0 0.5480769230769231 0.4912383177570093 0.003933566433566434 0.006425233644859813
0 0.6070804195804196 0.4304906542056075 0.003933566433566434 0.006425233644859813
0 0.3881118881118881 0.4772196261682243 0.003933566433566434 0.006425233644859813
0 0.29895104895104896 0.548481308411215 0.003933566433566434 0.006425233644859813
0 0.6166958041958042 0.5414719626168224 0.003933566433566434 0.006425233644859813
0 0.7412587412587412 0.5554906542056075 0.003933566433566434 0.006425233644859813
0 0.17263986013986013 0.47079439252336447 0.003933566433566434 0.006425233644859813
0 0.2770979020979021 0.46261682242990654 0.003933566433566434 0.006425233644859813
0 0.8129370629370629 0.4427570093457944 0.003933566433566434 0.006425233644859813
0 0.21853146853146854 0.4269859813084112 0.003933566433566434 0.006425233644859813
0 0.7451923076923077 0.5385514018691588 0.003933566433566434 0.006425233644859813
0 0.6826923076923077 0.6010514018691588 0.023164335664335664 0.03271028037383177
0 0.7084790209790209 0.5584112149532711 0.003933566433566434 0.006425233644859813
0 0.034527972027972025 0.41063084112149534 0.003933566433566434 0.006425233644859813
0 0.3395979020979021 0.8463785046728972 0.07517482517482517 0.1022196261682243
0 0.17220279720279721 0.48014018691588783 0.003933566433566434 0.006425233644859813
0 0.7132867132867133 0.5683411214953271 0.003933566433566434 0.006425233644859813
0 0.8968531468531469 0.5198598130841121 0.003933566433566434 0.006425233644859813
0 0.5751748251748252 0.5438084112149533 0.003933566433566434 0.006425233644859813
0 0.2159090909090909 0.48656542056074764 0.003933566433566434 0.006425233644859813
0 0.5782342657342657 0.4322429906542056 0.003933566433566434 0.006425233644859813
0 0.30026223776223776 0.48014018691588783 0.003933566433566434 0.006425233644859813
0 0.6813811188811189 0.540303738317757 0.003933566433566434 0.006425233644859813
0 0.5515734265734266 0.4322429906542056 0.003933566433566434 0.006425233644859813
0 0.4458041958041958 0.4661214953271028 0.003933566433566434 0.006425233644859813
0 0.38374125874125875 0.5146028037383178 0.003933566433566434 0.006425233644859813
0 0.2762237762237762 0.48539719626168226 0.003933566433566434 0.006425233644859813
0 0.057692307692307696 0.4544392523364486 0.003933566433566434 0.006425233644859813
0 0.3492132867132867 0.45852803738317754 0.003933566433566434 0.006425233644859813
0 0.6756993006993007 0.5835280373831776 0.003933566433566434 0.006425233644859813
0 0.25743006993006995 0.4205607476635514 0.003933566433566434 0.006425233644859813
0 0.6175699300699301 0.4304906542056075 0.003933566433566434 0.006425233644859813
0 0.14248251748251747 0.4421728971962617 0.003933566433566434 0.006425233644859813
0 0.21547202797202797 0.5064252336448598 0.003933566433566434 0.006425233644859813
0 0.5747377622377622 0.5035046728971962 0.003933566433566434 0.006425233644859813
0 0.4969405594405594 0.5198598130841121 0.003933566433566434 0.006425233644859813
0 0.0729895104895105 0.495911214953271 0.003933566433566434 0.006425233644859813
0 0.5559440559440559 0.5385514018691588 0.003933566433566434 0.006425233644859813
0 0.07910839160839161 0.415303738317757 0.003933566433566434 0.006425233644859813
0 0.7111013986013986 0.5192757009345794 0.003933566433566434 0.006425233644859813
0 0.0034965034965034965 0.8691588785046729 0.07517482517482517 0.1022196261682243
0 0.4012237762237762 0.5157710280373832 0.003933566433566434 0.006425233644859813
0 0.052884615384615384 0.5035046728971962 0.003933566433566434 0.006425233644859813
0 0.6691433566433567 0.5344626168224299 0.003933566433566434 0.006425233644859813
0 0.5992132867132867 0.5519859813084113 0.003933566433566434 0.006425233644859813
0 0.5799825174825175 0.5268691588785047 0.003933566433566434 0.006425233644859813
0 0.29676573426573427 0.459696261682243 0.003933566433566434 0.006425233644859813
0 0.23513986013986013 0.5584112149532711 0.003933566433566434 0.006425233644859813
0 0.5144230769230769 0.4264018691588785 0.003933566433566434 0.006425233644859813
0 0.2556818181818182 0.5262850467289719 0.003933566433566434 0.006425233644859813
0 0.09003496503496504 0.45852803738317754 0.003933566433566434 0.006425233644859813
0 0.42788461538461536 0.5245327102803738 0.003933566433566434 0.006425233644859813
0 0.8072552447552448 0.5455607476635514 0.003933566433566434 0.006425233644859813
0 0.7613636363636364 0.43457943925233644 0.003933566433566434 0.006425233644859813
0 0.8645104895104895 0.5198598130841121 0.003933566433566434 0.006425233644859813
0 0.045454545454545456 0.4439252336448598 0.003933566433566434 0.006425233644859813
0 0.45323426573426573 0.5268691588785047 0.003933566433566434 0.006425233644859813
0 0.23295454545454544 0.45852803738317754 0.003933566433566434 0.006425233644859813
0 0.36582167832167833 0.4696261682242991 0.003933566433566434 0.006425233644859813
0 0.4405594405594406 0.5110981308411215 0.003933566433566434 0.006425233644859813
0 0.1048951048951049 0.508177570093458 0.003933566433566434 0.006425233644859813
0 0.04501748251748252 0.4889018691588785 0.003933566433566434 0.006425233644859813
0 0.4916958041958042 0.47488317757009346 0.003933566433566434 0.006425233644859813
0 0.0236013986013986 0.4328271028037383 0.003933566433566434 0.006425233644859813
0 0.8841783216783217 0.518107476635514 0.003933566433566434 0.006425233644859813
0 0.6280594405594405 0.5204439252336449 0.003933566433566434 0.006425233644859813
0 0.18225524475524477 0.4760514018691589 0.003933566433566434 0.006425233644859813
0 0.208479020979021 0.4947429906542056 0.003933566433566434 0.006425233644859813
0 0.8570804195804196 0.6325934579439252 0.023164335664335664 0.03271028037383177
0 0.06031468531468531 0.7464953271028038 0.07517482517482517 0.1022196261682243
0 0.11101398601398602 0.41939252336448596 0.003933566433566434 0.006425233644859813
0 0.22814685314685315 0.5122663551401869 0.003933566433566434 0.006425233644859813
0 0.7897727272727273 0.5438084112149533 0.003933566433566434 0.006425233644859813
0 0.2486888111888112 0.5367990654205608 0.003933566433566434 0.006425233644859813
0 0.5664335664335665 0.5210280373831776 0.003933566433566434 0.006425233644859813
0 0.5550699300699301 0.5011682242990654 0.003933566433566434 0.006425233644859813
0 0.5148601398601399 0.508177570093458 0.003933566433566434 0.006425233644859813
