0 0.7678571428571429 0.9531914893617022 0.05 0.13191489361702127
0 0.16428571428571428 0.24680851063829787 0.05 0.13191489361702127
0 0.20535714285714285 0.17446808510638298 0.05 0.13191489361702127
0 0.7875 0.7914893617021277 0.05 0.13191489361702127
0 0.475 0.24680851063829787 0.05 0.13191489361702127
0 0.34285714285714286 0.11063829787234042 0.05 0.13191489361702127
0 0.017857142857142856 0.6170212765957447 0.019642857142857142 0.06382978723404255
0 0.14107142857142857 0.34893617021276596 0.05 0.13191489361702127
0 0.5482142857142858 0.19148936170212766 0.05 0.13191489361702127
0 0.36607142857142855 0.9659574468085106 0.05 0.13191489361702127
0 0.9267857142857143 0.4553191489361702 0.05 0.13191489361702127
0 0.5571428571428572 0.5404255319148936 0.05 0.13191489361702127
0 0.38392857142857145 0.15319148936170213 0.05 0.13191489361702127
0 0.9357142857142857 0.3702127659574468 0.05 0.13191489361702127
0 0.8178571428571428 0.6170212765957447 0.05 0.13191489361702127
0 0.08928571428571429 0.1148936170212766 0.05 0.13191489361702127
0 0.42857142857142855 0.14042553191489363 0.05 0.13191489361702127
0 0.5642857142857143 0.7361702127659574 0.05 0.13191489361702127
0 0.1625 0.11914893617021277 0.05 0.13191489361702127
0 0.22857142857142856 0.06808510638297872 0.05 0.13191489361702127
0 0.6553571428571429 0.8382978723404255 0.05 0.13191489361702127
0 0.18928571428571428 0.6085106382978723 0.05 0.13191489361702127
0 0.16428571428571428 0.825531914893617 0.05 0.13191489361702127
0 0.26607142857142857 0.6127659574468085 0.05 0.13191489361702127
0 0.0125 0.7574468085106383 0.019642857142857142 0.06382978723404255
0 0.3053571428571429 0.03829787234042553 0.05 0.13191489361702127
0 0.05357142857142857 0.1829787234042553 0.05 0.13191489361702127
0 0.04107142857142857 0.08085106382978724 0.05 0.13191489361702127
0 0.8035714285714286 0.2765957446808511 0.05 0.13191489361702127
0 0.9839285714285714 0.4085106382978723 0.05 0.13191489361702127
0 0.25535714285714284 0.8936170212765957 0.05 0.13191489361702127
0 0.07678571428571429 0.26382978723404255 0.05 0.13191489361702127
0 0.9660714285714286 0.6553191489361702 0.05 0.13191489361702127
0 0.9482142857142857 0.851063829787234 0.05 0.13191489361702127
0 0.7232142857142857 0.5787234042553191 0.05 0.13191489361702127
0 0.6910714285714286 0.9829787234042553 0.05 0.13191489361702127
0 0.9 0.9702127659574468 0.05 0.13191489361702127
0 0.2125 0.723404255319149 0.05 0.13191489361702127
0 0.39285714285714285 0.6127659574468085 0.05 0.13191489361702127
0 0.8428571428571429 0.9829787234042553 0.05 0.13191489361702127
0 0.8625 0.33191489361702126 0.05 0.13191489361702127
0 0.2375 0.2936170212765957 0.05 0.13191489361702127
0 0.05892857142857143 0.451063829787234 0.05 0.13191489361702127
0 0.6535714285714286 0.4595744680851064 0.05 0.13191489361702127
0 0.5571428571428572 0.40425531914893614 0.05 0.13191489361702127
0 0.08392857142857142 0.3702127659574468 0.05 0.13191489361702127
0 0.12142857142857143 0.8085106382978723 0.05 0.13191489361702127
0 0.7214285714285714 0.3872340425531915 0.05 0.13191489361702127
0 0.7642857142857142 0.30638297872340425 0.05 0.13191489361702127
0 0.5410714285714285 0.6170212765957447 0.05 0.13191489361702127
0 0.34464285714285714 0.6978723404255319 0.05 0.13191489361702127
0 0.6214285714285714 0.6936170212765957 0.05 0.13191489361702127
0 0.13214285714285715 0.07659574468085106 0.05 0.13191489361702127
0 0.4589285714285714 0.6 0.05 0.13191489361702127
0 0.8642857142857143 0.6936170212765957 0.05 0.13191489361702127
0 0.85 0.8638297872340426 0.05 0.13191489361702127
0 0.2875 0.23829787234042554 0.05 0.13191489361702127
0 0.31607142857142856 0.8680851063829788 0.05 0.13191489361702127
0 0.4107142857142857 0.9404255319148936 0.05 0.13191489361702127
0 0.044642857142857144 0.35319148936170214 0.05 0.13191489361702127
0 0.48214285714285715 0.5234042553191489 0.05 0.13191489361702127
0 0.4875 0.8340425531914893 0.05 0.13191489361702127
0 0.4232142857142857 0.2680851063829787 0.05 0.13191489361702127
0 0.005357142857142857 0.3404255319148936 0.019642857142857142 0.06382978723404255
0 0.9803571428571428 0.5361702127659574 0.05 0.13191489361702127
0 0.3464285714285714 0.6212765957446809 0.05 0.13191489361702127
0 0.19107142857142856 0.851063829787234 0.05 0.13191489361702127
0 0.6214285714285714 0.31063829787234043 0.05 0.13191489361702127
0 0.2732142857142857 0.34893617021276596 0.05 0.13191489361702127
0 0.3535714285714286 0.3148936170212766 0.05 0.13191489361702127
0 0.5160714285714286 0.9787234042553191 0.05 0.13191489361702127
0 0.13214285714285715 0.4808510638297872 0.05 0.13191489361702127
