0 0.35686777920410784 0.32124352331606215 0.04878048780487805 0.08808290155440414
0 0.6007702182284981 0.35751295336787564 0.03465982028241335 0.07512953367875648
0 0.9871630295250321 0.422279792746114 0.03465982028241335 0.07772020725388601
0 0.26187419768934533 0.3238341968911917 0.04878048780487805 0.08808290155440414
0 0.47753530166880614 0.44041450777202074 0.04878048780487805 0.08808290155440414
0 0.5057766367137355 0.3626943005181347 0.04878048780487805 0.08808290155440414
0 0.18741976893453144 0.3316062176165803 0.04878048780487805 0.08808290155440414
0 0.7098844672657253 0.38082901554404147 0.03465982028241335 0.07772020725388601
0 0.8241335044929397 0.3549222797927461 0.03465982028241335 0.07772020725388601
0 0.012836970474967908 0.3005181347150259 0.04621309370988447 0.10880829015544041
0 0.3029525032092426 0.33419689119170987 0.04878048780487805 0.08808290155440414
0 0.8074454428754814 0.3963730569948187 0.03465982028241335 0.07772020725388601
0 0.18485237483953787 0.38341968911917096 0.04878048780487805 0.08808290155440414
0 0.4326059050064185 0.38341968911917096 0.04878048780487805 0.08808290155440414
0 0.05263157894736842 0.3238341968911917 0.04621309370988447 0.10880829015544041
0 0.6623876765083441 0.37305699481865284 0.03465982028241335 0.07512953367875648
0 0.2811296534017972 0.38860103626943004 0.04878048780487805 0.08808290155440414
0 0.9139922978177151 0.2979274611398964 0.03465982028241335 0.07772020725388601
0 0.7368421052631579 0.3626943005181347 0.03465982028241335 0.07772020725388601
