0 0.40560165975103735 0.5015576323987538 0.011410788381742738 0.020249221183800622
0 0.4605809128630705 0.5451713395638629 0.011410788381742738 0.020249221183800622
0 0.7863070539419087 0.6277258566978193 0.016597510373443983 0.028037383177570093
0 0.516597510373444 0.5841121495327103 0.011410788381742738 0.020249221183800622
0 0.5093360995850622 0.4657320872274143 0.00933609958506224 0.01557632398753894
0 0.4429460580912863 0.6292834890965732 0.016597510373443983 0.028037383177570093
0 0.31224066390041494 0.7009345794392523 0.013485477178423237 0.0264797507788162
0 0.25311203319502074 0.6744548286604362 0.016597510373443983 0.028037383177570093
0 0.43049792531120334 0.5404984423676013 0.011410788381742738 0.020249221183800622
0 0.966804979253112 0.8130841121495327 0.03630705394190872 0.07009345794392523
0 0.6473029045643154 0.40654205607476634 0.00933609958506224 0.01557632398753894
0 0.10269709543568464 0.7897196261682243 0.03630705394190872 0.07009345794392523
0 0.6545643153526971 0.5529595015576324 0.011410788381742738 0.020249221183800622
0 0.6877593360995851 0.6246105919003115 0.016597510373443983 0.028037383177570093
0 0.5342323651452282 0.4672897196261682 0.00933609958506224 0.01557632398753894
0 0.808091286307054 0.6246105919003115 0.016597510373443983 0.028037383177570093
0 0.6255186721991701 0.3987538940809969 0.00933609958506224 0.01557632398753894
0 0.8309128630705395 0.6479750778816199 0.016597510373443983 0.028037383177570093
0 0.40560165975103735 0.4221183800623053 0.00933609958506224 0.01557632398753894
0 0.6161825726141079 0.43613707165109034 0.00933609958506224 0.01557632398753894
