0 0.004166666666666667 0.13108614232209737 0.009166666666666667 0.02122347066167291
0 0.38 0.16354556803995007 0.009166666666666667 0.02122347066167291
0 0.42583333333333334 0.682896379525593 0.05 0.09113607990012484
0 0.3616666666666667 0.18476903870162298 0.009166666666666667 0.02122347066167291
0 0.5241666666666667 0.2721598002496879 0.015833333333333335 0.02871410736579276
0 0.07166666666666667 0.1760299625468165 0.009166666666666667 0.02122347066167291
0 0.42333333333333334 0.2421972534332085 0.0125 0.02247191011235955
0 0.6433333333333333 0.19600499375780275 0.009166666666666667 0.02122347066167291
0 0.8191666666666667 0.24344569288389514 0.0125 0.02247191011235955
0 0.3933333333333333 0.16229712858926343 0.009166666666666667 0.02122347066167291
0 0.15916666666666668 0.47191011235955055 0.04083333333333333 0.06117353308364544
0 0.005833333333333334 0.317103620474407 0.014166666666666666 0.02746566791510612
0 0.45666666666666667 0.5430711610486891 0.034166666666666665 0.06491885143570537
0 0.46416666666666667 0.30337078651685395 0.015833333333333335 0.02871410736579276
0 0.9508333333333333 0.31585518102372034 0.015833333333333335 0.02871410736579276
0 0.25416666666666665 0.2247191011235955 0.0125 0.02247191011235955
0 0.3775 0.9675405742821473 0.10083333333333333 0.1560549313358302
0 0.6391666666666667 0.23345817727840198 0.0125 0.02247191011235955
0 0.38083333333333336 0.2009987515605493 0.009166666666666667 0.02122347066167291
0 0.935 0.44569288389513106 0.04083333333333333 0.06117353308364544
0 0.9875 0.4344569288389513 0.04083333333333333 0.06117353308364544
0 0.29833333333333334 0.1822721598002497 0.009166666666666667 0.02122347066167291
0 0.785 0.2546816479400749 0.0125 0.02247191011235955
0 0.9941666666666666 0.3358302122347066 0.0175 0.03245942571785269
0 0.5808333333333333 0.250936329588015 0.0125 0.02247191011235955
0 0.5025 0.18102372034956304 0.009166666666666667 0.02122347066167291
0 0.06333333333333334 0.26591760299625467 0.0125 0.02247191011235955
0 0.3883333333333333 0.31835205992509363 0.015833333333333335 0.02871410736579276
0 0.6016666666666667 0.3383270911360799 0.0225 0.04744069912609238
0 0.3925 0.5917602996254682 0.034166666666666665 0.06491885143570537
0 0.6133333333333333 0.3970037453183521 0.0225 0.04744069912609238
0 0.8241666666666667 0.2009987515605493 0.009166666666666667 0.02122347066167291
0 0.09833333333333333 0.28214731585518105 0.015833333333333335 0.02871410736579276
0 0.9558333333333333 0.8002496878901373 0.05 0.09113607990012484
0 0.6825 0.4419475655430712 0.04083333333333333 0.06117353308364544
0 0.5033333333333333 0.19225967540574282 0.009166666666666667 0.02122347066167291
0 0.16833333333333333 0.3570536828963795 0.0225 0.04744069912609238
0 0.7533333333333333 0.2671660424469413 0.0125 0.02247191011235955
0 0.3466666666666667 0.27091136079900124 0.0125 0.02247191011235955
0 0.49833333333333335 0.5031210986267166 0.04083333333333333 0.06117353308364544
0 0.29 0.5655430711610487 0.034166666666666665 0.06491885143570537
0 0.11666666666666667 0.48813982521847693 0.04083333333333333 0.06117353308364544
0 0.5075 0.23220973782771537 0.0125 0.02247191011235955
0 0.4141666666666667 0.23096129837702872 0.0125 0.02247191011235955
0 0.5358333333333334 0.18726591760299627 0.009166666666666667 0.02122347066167291
0 0.7883333333333333 0.29712858926342073 0.015833333333333335 0.02871410736579276
0 0.7583333333333333 0.24469413233458176 0.0125 0.02247191011235955
0 0.56 0.17478152309612985 0.009166666666666667 0.02122347066167291
0 0.3433333333333333 0.24719101123595505 0.0125 0.02247191011235955
0 0.020833333333333332 0.2634207240948814 0.014166666666666666 0.02746566791510612
0 0.42916666666666664 0.1822721598002497 0.009166666666666667 0.02122347066167291
0 0.4058333333333333 0.4132334581772784 0.0225 0.04744069912609238
0 0.33916666666666667 0.3358302122347066 0.015833333333333335 0.02871410736579276
0 0.5508333333333333 0.7815230961298377 0.05 0.09113607990012484
0 0.7208333333333333 0.18476903870162298 0.009166666666666667 0.02122347066167291
0 0.6125 0.49313358302122345 0.04083333333333333 0.06117353308364544
0 0.6816666666666666 0.2459425717852684 0.0125 0.02247191011235955
0 0.7291666666666666 0.3920099875156055 0.0225 0.04744069912609238
0 0.345 0.39325842696629215 0.0225 0.04744069912609238
0 0.695 0.5742821473158551 0.034166666666666665 0.06491885143570537
0 0.635 0.3620474406991261 0.0225 0.04744069912609238
0 0.41583333333333333 0.30087390761548066 0.015833333333333335 0.02871410736579276
0 0.33916666666666667 0.149812734082397 0.009166666666666667 0.02122347066167291
0 0.49166666666666664 0.36704119850187267 0.0225 0.04744069912609238
0 0.7791666666666667 0.18976279650436953 0.009166666666666667 0.02122347066167291
0 0.9175 0.5667915106117354 0.034166666666666665 0.06491885143570537
0 0.695 0.18352059925093633 0.009166666666666667 0.02122347066167291
0 0.2916666666666667 0.3757802746566791 0.0225 0.04744069912609238
0 0.8541666666666666 0.4044943820224719 0.0225 0.04744069912609238
0 0.415 0.18851435705368288 0.009166666666666667 0.02122347066167291
0 0.5341666666666667 0.3470661672908864 0.0225 0.04744069912609238
0 0.7766666666666666 0.4232209737827715 0.04083333333333333 0.06117353308364544
0 0.24583333333333332 0.264669163545568 0.0125 0.02247191011235955
0 0.3883333333333333 0.4044943820224719 0.0225 0.04744069912609238
0 0.11666666666666667 0.550561797752809 0.034166666666666665 0.06491885143570537
0 0.6583333333333333 0.34207240948813983 0.0225 0.04744069912609238
0 0.55 0.3021223470661673 0.015833333333333335 0.02871410736579276
0 0.505 0.2634207240948814 0.0125 0.02247191011235955
0 0.27 0.7690387016229713 0.05 0.09113607990012484
0 0.9725 0.7166042446941323 0.05 0.09113607990012484
0 0.9608333333333333 0.2908863920099875 0.015833333333333335 0.02871410736579276
0 0.48083333333333333 0.2596754057428215 0.0125 0.02247191011235955
0 0.10083333333333333 0.23595505617977527 0.0125 0.02247191011235955
0 0.5708333333333333 0.23345817727840198 0.0125 0.02247191011235955
0 0.37 0.2671660424469413 0.0125 0.02247191011235955
0 0.5616666666666666 0.33957553058676654 0.0225 0.04744069912609238
0 0.6808333333333333 0.19350811485642946 0.009166666666666667 0.02122347066167291
0 0.7083333333333334 0.5118601747815231 0.034166666666666665 0.06491885143570537
0 0.2833333333333333 0.2484394506866417 0.0125 0.02247191011235955
0 0.9333333333333333 0.2184769038701623 0.0125 0.02247191011235955
0 0.023333333333333334 0.22347066167290885 0.009166666666666667 0.02122347066167291
0 0.965 0.26591760299625467 0.0125 0.02247191011235955
0 0.5233333333333333 0.19600499375780275 0.009166666666666667 0.02122347066167291
0 0.6983333333333334 0.3408239700374532 0.0225 0.04744069912609238
0 0.23166666666666666 0.22846441947565543 0.0125 0.02247191011235955
0 0.98 0.3208489388264669 0.015833333333333335 0.02871410736579276
0 0.27 0.28714107365792757 0.015833333333333335 0.02871410736579276
0 0.8583333333333333 0.5255930087390761 0.034166666666666665 0.06491885143570537
0 0.5941666666666666 0.35580524344569286 0.0225 0.04744069912609238
0 0.3233333333333333 0.29712858926342073 0.015833333333333335 0.02871410736579276
0 0.8533333333333334 0.6054931335830213 0.034166666666666665 0.06491885143570537
0 0.2425 0.19350811485642946 0.009166666666666667 0.02122347066167291
0 0.8008333333333333 0.37952559300873906 0.0225 0.04744069912609238
0 0.6725 0.21348314606741572 0.0125 0.02247191011235955
0 0.49 0.1772784019975031 0.009166666666666667 0.02122347066167291
0 0.065 0.33957553058676654 0.0225 0.04744069912609238
0 0.2675 0.3445692883895131 0.0225 0.04744069912609238
0 0.7075 0.7053682896379525 0.05 0.09113607990012484
0 0.4483333333333333 0.3096129837702871 0.015833333333333335 0.02871410736579276
0 0.7666666666666667 0.1972534332084894 0.009166666666666667 0.02122347066167291
0 0.6591666666666667 0.2484394506866417 0.0125 0.02247191011235955
0 0.4083333333333333 0.2784019975031211 0.015833333333333335 0.02871410736579276
0 0.9933333333333333 0.29712858926342073 0.015 0.026217228464419477
0 0.8183333333333334 0.3857677902621723 0.0225 0.04744069912609238
0 0.5941666666666666 0.19101123595505617 0.009166666666666667 0.02122347066167291
0 0.020833333333333332 0.6978776529338327 0.05416666666666667 0.08489388264669163
0 0.5491666666666667 0.4282147315855181 0.04083333333333333 0.06117353308364544
0 0.5041666666666667 0.3021223470661673 0.015833333333333335 0.02871410736579276
0 0.4 0.36953807740324596 0.0225 0.04744069912609238
0 0.9616666666666667 0.4332084893882647 0.04083333333333333 0.06117353308364544
0 0.4058333333333333 0.23345817727840198 0.0125 0.02247191011235955
0 0.215 0.2746566791510612 0.015833333333333335 0.02871410736579276
0 0.5391666666666667 0.2484394506866417 0.0125 0.02247191011235955
0 0.20916666666666667 0.19101123595505617 0.009166666666666667 0.02122347066167291
0 0.11916666666666667 0.4207240948813982 0.04083333333333333 0.06117353308364544
0 0.235 0.5692883895131086 0.034166666666666665 0.06491885143570537
0 0.8941666666666667 0.9575530586766542 0.10083333333333333 0.1560549313358302
0 0.26666666666666666 0.16978776529338327 0.009166666666666667 0.02122347066167291
0 0.8141666666666667 0.7952559300873908 0.05 0.09113607990012484
0 0.9783333333333334 0.2784019975031211 0.015833333333333335 0.02871410736579276
0 0.5441666666666667 0.3258426966292135 0.015833333333333335 0.02871410736579276
0 0.5816666666666667 0.5081148564294632 0.034166666666666665 0.06491885143570537
0 0.26666666666666666 0.18976279650436953 0.009166666666666667 0.02122347066167291
0 0.5141666666666667 0.24968789013732834 0.0125 0.02247191011235955
0 0.9366666666666666 0.26217228464419473 0.0125 0.02247191011235955
0 0.595 0.5568039950062422 0.034166666666666665 0.06491885143570537
0 0.5508333333333333 0.6367041198501873 0.05 0.09113607990012484
0 0.48 0.3046192259675406 0.015833333333333335 0.02871410736579276
0 0.95 0.23720349563046192 0.0125 0.02247191011235955
0 0.36916666666666664 0.22596754057428214 0.0125 0.02247191011235955
0 0.735 0.8127340823970037 0.05 0.09113607990012484
0 0.5708333333333333 0.2634207240948814 0.0125 0.02247191011235955
0 0.4683333333333333 0.37952559300873906 0.0225 0.04744069912609238
0 0.4841666666666667 0.2746566791510612 0.015833333333333335 0.02871410736579276
0 0.7966666666666666 0.27965043695380776 0.015833333333333335 0.02871410736579276
0 0.9666666666666667 0.36953807740324596 0.0225 0.04744069912609238
0 0.2708333333333333 0.4656679151061174 0.04083333333333333 0.06117353308364544
0 0.051666666666666666 0.5755305867665418 0.0425 0.0686641697877653
0 0.76 0.4656679151061174 0.04083333333333333 0.06117353308364544
0 0.6783333333333333 0.37702871410736577 0.0225 0.04744069912609238
0 0.051666666666666666 0.16978776529338327 0.009166666666666667 0.02122347066167291
0 0.5491666666666667 0.2272159800249688 0.0125 0.02247191011235955
0 0.8908333333333334 0.42446941323345816 0.04083333333333333 0.06117353308364544
0 0.31416666666666665 0.17103620474406991 0.009166666666666667 0.02122347066167291
0 0.7641666666666667 0.3433208489388265 0.0225 0.04744069912609238
0 0.020833333333333332 0.4094881398252185 0.024166666666666666 0.04369538077403246
0 0.375 0.48564294631710364 0.04083333333333333 0.06117353308364544
0 0.21916666666666668 0.14731585518102372 0.009166666666666667 0.02122347066167291
0 0.8108333333333333 0.25842696629213485 0.0125 0.02247191011235955
0 0.7858333333333334 0.6454431960049938 0.05 0.09113607990012484
0 0.49 0.15480649188514356 0.009166666666666667 0.02122347066167291
0 0.7875 0.3445692883895131 0.0225 0.04744069912609238
0 0.32166666666666666 0.23345817727840198 0.0125 0.02247191011235955
0 0.47333333333333333 0.2808988764044944 0.015833333333333335 0.02871410736579276
0 0.935 0.23845193508114856 0.0125 0.02247191011235955
0 0.20083333333333334 0.49313358302122345 0.04083333333333333 0.06117353308364544
0 0.5241666666666667 0.44569288389513106 0.04083333333333333 0.06117353308364544
0 0.5625 0.2634207240948814 0.0125 0.02247191011235955
0 0.23416666666666666 0.1760299625468165 0.009166666666666667 0.02122347066167291
0 0.5408333333333334 0.2721598002496879 0.015833333333333335 0.02871410736579276
0 0.6041666666666666 0.20848938826466917 0.009166666666666667 0.02122347066167291
0 0.3575 0.30337078651685395 0.015833333333333335 0.02871410736579276
0 0.4091666666666667 0.4794007490636704 0.04083333333333333 0.06117353308364544
0 0.9941666666666666 0.25593008739076156 0.014166666666666666 0.024968789013732832
0 0.32083333333333336 0.3857677902621723 0.0225 0.04744069912609238
0 0.29583333333333334 0.33083645443196 0.015833333333333335 0.02871410736579276
0 0.6708333333333333 0.19101123595505617 0.009166666666666667 0.02122347066167291
0 0.44333333333333336 0.18851435705368288 0.009166666666666667 0.02122347066167291
0 0.049166666666666664 0.44818976279650435 0.04083333333333333 0.06117353308364544
0 0.465 0.24344569288389514 0.0125 0.02247191011235955
0 0.7716666666666666 0.37203495630461925 0.0225 0.04744069912609238
0 0.08416666666666667 0.1647940074906367 0.009166666666666667 0.02122347066167291
0 0.6508333333333334 0.1972534332084894 0.009166666666666667 0.02122347066167291
0 0.6891666666666667 0.2009987515605493 0.009166666666666667 0.02122347066167291
0 0.39416666666666667 0.20224719101123595 0.009166666666666667 0.02122347066167291
0 0.02666666666666667 0.5230961298377028 0.034166666666666665 0.05867665418227216
0 0.6941666666666667 0.23345817727840198 0.0125 0.02247191011235955
0 0.015833333333333335 0.16853932584269662 0.009166666666666667 0.02122347066167291
0 0.5716666666666667 0.44818976279650435 0.04083333333333333 0.06117353308364544
0 0.61 0.27965043695380776 0.015833333333333335 0.02871410736579276
0 0.9175 0.3096129837702871 0.015833333333333335 0.02871410736579276
0 0.7358333333333333 0.18851435705368288 0.009166666666666667 0.02122347066167291
0 0.5025 0.2484394506866417 0.0125 0.02247191011235955
0 0.4683333333333333 0.1772784019975031 0.009166666666666667 0.02122347066167291
0 0.37583333333333335 0.2397003745318352 0.0125 0.02247191011235955
0 0.3491666666666667 0.16978776529338327 0.009166666666666667 0.02122347066167291
0 0.3175 0.3595505617977528 0.0225 0.04744069912609238
0 0.0375 0.1560549313358302 0.009166666666666667 0.02122347066167291
0 0.48333333333333334 0.16853932584269662 0.009166666666666667 0.02122347066167291
0 0.67 0.3121098626716604 0.015833333333333335 0.02871410736579276
0 0.0975 0.3533083645443196 0.0225 0.04744069912609238
0 0.6858333333333333 0.3408239700374532 0.0225 0.04744069912609238
0 0.8283333333333334 0.3470661672908864 0.0225 0.04744069912609238
0 0.7191666666666666 0.2459425717852684 0.0125 0.02247191011235955
0 0.585 0.28963795255930086 0.015833333333333335 0.02871410736579276
0 0.42916666666666664 0.3857677902621723 0.0225 0.04744069912609238
0 0.635 0.3233458177278402 0.015833333333333335 0.02871410736579276
0 0.0033333333333333335 0.2696629213483146 0.014166666666666666 0.02746566791510612
0 0.3441666666666667 0.18851435705368288 0.009166666666666667 0.02122347066167291
0 0.095 0.17478152309612985 0.009166666666666667 0.02122347066167291
0 0.44166666666666665 0.4344569288389513 0.04083333333333333 0.06117353308364544
0 0.9366666666666666 0.3495630461922597 0.0225 0.04744069912609238
0 0.695 0.37702871410736577 0.0225 0.04744069912609238
0 0.47333333333333333 0.16729088639200998 0.009166666666666667 0.02122347066167291
0 0.3875 0.25842696629213485 0.0125 0.02247191011235955
0 0.22416666666666665 0.4307116104868914 0.04083333333333333 0.06117353308364544
0 0.3983333333333333 0.2222222222222222 0.0125 0.02247191011235955
0 0.060833333333333336 0.19225967540574282 0.009166666666666667 0.02122347066167291
0 0.23 0.24094881398252185 0.0125 0.02247191011235955
0 0.75 0.17852684144818975 0.009166666666666667 0.02122347066167291
0 0.7058333333333333 0.2397003745318352 0.0125 0.02247191011235955
0 0.019166666666666665 0.14232209737827714 0.009166666666666667 0.02122347066167291
0 0.44666666666666666 0.8926342072409488 0.10083333333333333 0.1560549313358302
0 0.9558333333333333 0.5318352059925093 0.034166666666666665 0.06491885143570537
0 0.8691666666666666 0.40074906367041196 0.0225 0.04744069912609238
0 0.4425 0.3620474406991261 0.0225 0.04744069912609238
0 0.3925 0.23345817727840198 0.0125 0.02247191011235955
0 0.215 0.2459425717852684 0.0125 0.02247191011235955
0 0.25166666666666665 0.24094881398252185 0.0125 0.02247191011235955
0 0.21166666666666667 0.383270911360799 0.0225 0.04744069912609238
0 0.24333333333333335 0.22846441947565543 0.0125 0.02247191011235955
0 0.06916666666666667 0.21348314606741572 0.0125 0.02247191011235955
0 0.40166666666666667 0.17852684144818975 0.009166666666666667 0.02122347066167291
0 0.10333333333333333 0.2571785268414482 0.0125 0.02247191011235955
0 0.42916666666666664 0.28714107365792757 0.015833333333333335 0.02871410736579276
0 0.115 0.6679151061173533 0.05 0.09113607990012484
0 0.36333333333333334 0.36704119850187267 0.0225 0.04744069912609238
0 0.8291666666666667 0.26591760299625467 0.0125 0.02247191011235955
0 0.325 0.5181023720349563 0.034166666666666665 0.06491885143570537
0 0.5525 0.2596754057428215 0.0125 0.02247191011235955
0 0.9666666666666667 0.9051186017478152 0.10083333333333333 0.1560549313358302
0 0.2475 0.3258426966292135 0.015833333333333335 0.02871410736579276
0 0.5866666666666667 0.3857677902621723 0.0225 0.04744069912609238
0 0.7375 0.3470661672908864 0.0225 0.04744069912609238
0 0.6466666666666666 0.264669163545568 0.0125 0.02247191011235955
0 0.6266666666666667 0.28714107365792757 0.015833333333333335 0.02871410736579276
0 0.5133333333333333 0.2808988764044944 0.015833333333333335 0.02871410736579276
0 0.6516666666666666 0.4794007490636704 0.04083333333333333 0.06117353308364544
0 0.5233333333333333 0.2958801498127341 0.015833333333333335 0.02871410736579276
0 0.07333333333333333 0.8751560549313359 0.10083333333333333 0.1560549313358302
0 0.18583333333333332 0.41947565543071164 0.04083333333333333 0.06117353308364544
0 0.43583333333333335 0.26591760299625467 0.0125 0.02247191011235955
0 0.5225 0.25842696629213485 0.0125 0.02247191011235955
