0 0.780448717948718 0.03777777777777778 0.008814102564102564 0.03333333333333333
0 0.6722756410256411 0.47555555555555556 0.01201923076923077 0.035555555555555556
0 0.17868589743589744 0.9288888888888889 0.015224358974358974 0.042222222222222223
0 0.11137820512820513 0.1511111111111111 0.01282051282051282 0.03777777777777778
0 0.3301282051282051 0.09555555555555556 0.01282051282051282 0.03777777777777778
0 0.6282051282051282 0.8266666666666667 0.011217948717948718 0.04
0 0.9887820512820513 0.16444444444444445 0.008814102564102564 0.03333333333333333
0 0.038461538461538464 0.14 0.01282051282051282 0.03777777777777778
0 0.9182692307692307 0.017777777777777778 0.008814102564102564 0.03333333333333333
0 0.9927884615384616 0.5266666666666666 0.009615384615384616 0.035555555555555556
0 0.035256410256410256 0.2866666666666667 0.01282051282051282 0.03777777777777778
0 0.8100961538461539 0.5688888888888889 0.01201923076923077 0.04888888888888889
0 0.6778846153846154 0.4088888888888889 0.01201923076923077 0.035555555555555556
0 0.42788461538461536 0.9088888888888889 0.011217948717948718 0.04
0 0.5721153846153846 0.41333333333333333 0.01201923076923077 0.035555555555555556
0 0.18028846153846154 0.6533333333333333 0.015224358974358974 0.042222222222222223
0 0.21394230769230768 0.12444444444444444 0.01282051282051282 0.03777777777777778
0 0.4358974358974359 0.5444444444444444 0.011217948717948718 0.04
0 0.37419871794871795 0.1622222222222222 0.01282051282051282 0.03777777777777778
0 0.4639423076923077 0.7555555555555555 0.011217948717948718 0.04
0 0.046474358974358976 0.03777777777777778 0.01282051282051282 0.03777777777777778
0 0.1282051282051282 0.43333333333333335 0.01282051282051282 0.03777777777777778
0 0.5280448717948718 0.74 0.011217948717948718 0.04
0 0.265224358974359 0.8888888888888888 0.015224358974358974 0.042222222222222223
0 0.05929487179487179 0.21333333333333335 0.01282051282051282 0.03777777777777778
0 0.6033653846153846 0.03111111111111111 0.01201923076923077 0.035555555555555556
0 0.40625 0.2222222222222222 0.01201923076923077 0.035555555555555556
0 0.24519230769230768 0.044444444444444446 0.01282051282051282 0.03777777777777778
0 0.009615384615384616 0.015555555555555555 0.01282051282051282 0.03777777777777778
0 0.8549679487179487 0.11555555555555555 0.008814102564102564 0.03333333333333333
0 0.0889423076923077 0.3244444444444444 0.01282051282051282 0.03777777777777778
0 0.8365384615384616 0.2111111111111111 0.008814102564102564 0.03333333333333333
0 0.6802884615384616 0.11555555555555555 0.01201923076923077 0.035555555555555556
0 0.18269230769230768 0.41555555555555557 0.01282051282051282 0.03777777777777778
0 0.9775641025641025 0.5511111111111111 0.008814102564102564 0.03333333333333333
0 0.9270833333333334 0.0 0.008814102564102564 0.03333333333333333
0 0.5168269230769231 0.017777777777777778 0.01201923076923077 0.035555555555555556
0 0.8822115384615384 0.8822222222222222 0.01201923076923077 0.04888888888888889
0 0.01282051282051282 0.5044444444444445 0.015224358974358974 0.042222222222222223
0 0.9022435897435898 0.5333333333333333 0.008814102564102564 0.03333333333333333
0 0.15064102564102563 0.13111111111111112 0.01282051282051282 0.03777777777777778
0 0.8317307692307693 0.8422222222222222 0.01201923076923077 0.04888888888888889
0 0.9222756410256411 0.44666666666666666 0.008814102564102564 0.03333333333333333
0 0.9022435897435898 0.5066666666666667 0.008814102564102564 0.03333333333333333
0 0.5448717948717948 0.28888888888888886 0.01201923076923077 0.035555555555555556
0 0.25961538461538464 0.1688888888888889 0.01282051282051282 0.03777777777777778
0 0.5152243589743589 0.2 0.01201923076923077 0.035555555555555556
0 0.43509615384615385 0.2 0.01201923076923077 0.035555555555555556
0 0.35336538461538464 0.04 0.01282051282051282 0.03777777777777778
0 0.6915064102564102 0.7111111111111111 0.011217948717948718 0.04
0 0.7756410256410257 0.8866666666666667 0.01201923076923077 0.04888888888888889
0 0.2548076923076923 0.4222222222222222 0.01282051282051282 0.03777777777777778
0 0.5288461538461539 0.18888888888888888 0.01201923076923077 0.035555555555555556
0 0.3501602564102564 0.24222222222222223 0.01282051282051282 0.03777777777777778
0 0.31330128205128205 0.5844444444444444 0.015224358974358974 0.042222222222222223
0 0.8181089743589743 0.057777777777777775 0.008814102564102564 0.03333333333333333
0 0.9823717948717948 0.6577777777777778 0.01201923076923077 0.04888888888888889
0 0.18509615384615385 0.6111111111111112 0.015224358974358974 0.042222222222222223
0 0.22275641025641027 0.08444444444444445 0.01282051282051282 0.03777777777777778
0 0.40384615384615385 0.7755555555555556 0.015224358974358974 0.042222222222222223
0 0.6770833333333334 0.1511111111111111 0.01201923076923077 0.035555555555555556
0 0.8181089743589743 0.9333333333333333 0.01201923076923077 0.04888888888888889
0 0.5016025641025641 0.06 0.01201923076923077 0.035555555555555556
0 0.6482371794871795 0.2866666666666667 0.01201923076923077 0.035555555555555556
0 0.8838141025641025 0.6377777777777778 0.01201923076923077 0.04888888888888889
0 0.34935897435897434 0.7355555555555555 0.015224358974358974 0.042222222222222223
0 0.09455128205128205 0.7466666666666667 0.015224358974358974 0.042222222222222223
0 0.7235576923076923 0.11555555555555555 0.008814102564102564 0.03333333333333333
0 0.7027243589743589 0.5711111111111111 0.01201923076923077 0.04888888888888889
0 0.28525641025641024 0.4911111111111111 0.015224358974358974 0.042222222222222223
0 0.31810897435897434 0.6644444444444444 0.015224358974358974 0.042222222222222223
0 0.17467948717948717 0.23777777777777778 0.01282051282051282 0.03777777777777778
0 0.7275641025641025 0.82 0.01201923076923077 0.04888888888888889
0 0.45592948717948717 0.11555555555555555 0.01201923076923077 0.035555555555555556
0 0.7756410256410257 0.49333333333333335 0.008814102564102564 0.03333333333333333
0 0.6666666666666666 0.9488888888888889 0.011217948717948718 0.04
0 0.9479166666666666 0.3888888888888889 0.008814102564102564 0.03333333333333333
0 0.7299679487179487 0.3888888888888889 0.008814102564102564 0.03333333333333333
0 0.020032051282051284 0.7688888888888888 0.015224358974358974 0.042222222222222223
0 0.8421474358974359 0.6733333333333333 0.01201923076923077 0.04888888888888889
0 0.7243589743589743 0.7888888888888889 0.01201923076923077 0.04888888888888889
0 0.48878205128205127 0.6555555555555556 0.011217948717948718 0.04
0 0.6979166666666666 0.0 0.009615384615384616 0.03333333333333333
0 0.31971153846153844 0.9733333333333334 0.015224358974358974 0.042222222222222223
0 0.5793269230769231 0.7 0.011217948717948718 0.04
0 0.26842948717948717 0.14444444444444443 0.01282051282051282 0.03777777777777778
0 0.38221153846153844 0.5577777777777778 0.015224358974358974 0.042222222222222223
0 0.9855769230769231 0.56 0.008814102564102564 0.03333333333333333
0 0.7604166666666666 0.2222222222222222 0.008814102564102564 0.03333333333333333
0 0.21634615384615385 0.30444444444444446 0.01282051282051282 0.03777777777777778
0 0.5360576923076923 0.3288888888888889 0.01201923076923077 0.035555555555555556
0 0.2748397435897436 0.4911111111111111 0.015224358974358974 0.042222222222222223
0 0.6097756410256411 0.9688888888888889 0.011217948717948718 0.04
0 0.9407051282051282 0.6222222222222222 0.01201923076923077 0.04888888888888889
0 0.11057692307692307 0.7177777777777777 0.015224358974358974 0.042222222222222223
0 0.7259615384615384 0.8933333333333333 0.01201923076923077 0.04888888888888889
0 0.08173076923076923 0.31333333333333335 0.01282051282051282 0.03777777777777778
0 0.7852564102564102 0.86 0.01201923076923077 0.04888888888888889
0 0.5416666666666666 0.6066666666666667 0.011217948717948718 0.04
0 0.9799679487179487 0.6088888888888889 0.01201923076923077 0.04888888888888889
0 0.7844551282051282 0.6511111111111111 0.01201923076923077 0.04888888888888889
0 0.6979166666666666 0.33555555555555555 0.008814102564102564 0.03333333333333333
0 0.7732371794871795 0.7644444444444445 0.01201923076923077 0.04888888888888889
0 0.4519230769230769 0.8933333333333333 0.011217948717948718 0.04
0 0.9935897435897436 0.1 0.008814102564102564 0.03333333333333333
0 0.5977564102564102 0.03777777777777778 0.01201923076923077 0.035555555555555556
0 0.969551282051282 0.29555555555555557 0.008814102564102564 0.03333333333333333
0 0.7155448717948718 0.17777777777777778 0.008814102564102564 0.03333333333333333
0 0.10416666666666667 0.30444444444444446 0.01282051282051282 0.03777777777777778
0 0.15865384615384615 0.5577777777777778 0.015224358974358974 0.042222222222222223
0 0.7612179487179487 0.15555555555555556 0.008814102564102564 0.03333333333333333
0 0.41025641025641024 0.44222222222222224 0.01201923076923077 0.035555555555555556
0 0.4391025641025641 0.9111111111111111 0.011217948717948718 0.04
0 0.11858974358974358 0.3977777777777778 0.01282051282051282 0.03777777777777778
0 0.3926282051282051 0.8644444444444445 0.015224358974358974 0.042222222222222223
0 0.00641025641025641 0.44 0.01282051282051282 0.03777777777777778
0 0.15384615384615385 0.49333333333333335 0.01282051282051282 0.03777777777777778
0 0.14743589743589744 0.35333333333333333 0.01282051282051282 0.03777777777777778
0 0.1907051282051282 0.9355555555555556 0.015224358974358974 0.042222222222222223
0 0.874198717948718 0.9511111111111111 0.01201923076923077 0.04888888888888889
0 0.19631410256410256 0.2111111111111111 0.01282051282051282 0.03777777777777778
0 0.7700320512820513 0.9444444444444444 0.01201923076923077 0.04888888888888889
0 0.36698717948717946 0.6644444444444444 0.015224358974358974 0.042222222222222223
0 0.8253205128205128 0.044444444444444446 0.008814102564102564 0.03333333333333333
0 0.39903846153846156 0.5977777777777777 0.015224358974358974 0.042222222222222223
0 0.7620192307692307 0.09555555555555556 0.008814102564102564 0.03333333333333333
0 0.6754807692307693 0.2222222222222222 0.01201923076923077 0.035555555555555556
0 0.12740384615384615 0.22 0.01282051282051282 0.03777777777777778
0 0.20352564102564102 0.36666666666666664 0.01282051282051282 0.03777777777777778
0 0.9230769230769231 0.4088888888888889 0.008814102564102564 0.03333333333333333
0 0.6714743589743589 0.92 0.011217948717948718 0.04
0 0.08573717948717949 0.7888888888888889 0.015224358974358974 0.042222222222222223
0 0.0985576923076923 0.9666666666666667 0.015224358974358974 0.042222222222222223
0 0.8293269230769231 0.29777777777777775 0.008814102564102564 0.03333333333333333
0 0.3092948717948718 0.3711111111111111 0.01282051282051282 0.03777777777777778
0 0.16266025641025642 0.8666666666666667 0.015224358974358974 0.042222222222222223
0 0.7724358974358975 0.40444444444444444 0.008814102564102564 0.03333333333333333
0 0.6370192307692307 0.7244444444444444 0.011217948717948718 0.04
0 0.4623397435897436 0.7911111111111111 0.011217948717948718 0.04
0 0.1674679487179487 0.9755555555555555 0.015224358974358974 0.042222222222222223
0 0.40384615384615385 0.017777777777777778 0.01282051282051282 0.03777777777777778
0 0.5705128205128205 0.17333333333333334 0.01201923076923077 0.035555555555555556
0 0.30528846153846156 0.21333333333333335 0.01282051282051282 0.03777777777777778
0 0.2764423076923077 0.042222222222222223 0.01282051282051282 0.03777777777777778
0 0.43990384615384615 0.6222222222222222 0.011217948717948718 0.04
0 0.59375 0.12222222222222222 0.01201923076923077 0.035555555555555556
0 0.34615384615384615 0.04666666666666667 0.01282051282051282 0.03777777777777778
0 0.6338141025641025 0.7866666666666666 0.011217948717948718 0.04
0 0.47275641025641024 0.19555555555555557 0.01201923076923077 0.035555555555555556
0 0.19471153846153846 0.02 0.01282051282051282 0.03777777777777778
0 0.0625 0.6244444444444445 0.015224358974358974 0.042222222222222223
0 0.4439102564102564 0.43777777777777777 0.01201923076923077 0.035555555555555556
0 0.7459935897435898 0.2644444444444444 0.008814102564102564 0.03333333333333333
0 0.14102564102564102 0.6 0.015224358974358974 0.042222222222222223
0 0.027243589743589744 0.9577777777777777 0.015224358974358974 0.042222222222222223
0 0.624198717948718 0.45111111111111113 0.01201923076923077 0.035555555555555556
0 0.4735576923076923 0.7177777777777777 0.011217948717948718 0.04
0 0.6498397435897436 0.2644444444444444 0.01201923076923077 0.035555555555555556
0 0.1891025641025641 0.45111111111111113 0.01282051282051282 0.03777777777777778
0 0.46073717948717946 0.7177777777777777 0.011217948717948718 0.04
0 0.049679487179487176 0.23777777777777778 0.01282051282051282 0.03777777777777778
0 0.7051282051282052 0.6333333333333333 0.01201923076923077 0.04888888888888889
0 0.2483974358974359 0.5777777777777777 0.015224358974358974 0.042222222222222223
0 0.18349358974358973 0.02666666666666667 0.01282051282051282 0.03777777777777778
0 0.17227564102564102 0.7222222222222222 0.015224358974358974 0.042222222222222223
0 0.42948717948717946 0.6555555555555556 0.011217948717948718 0.04
0 0.7307692307692307 0.022222222222222223 0.008814102564102564 0.03333333333333333
0 0.874198717948718 0.17333333333333334 0.008814102564102564 0.03333333333333333
0 0.1987179487179487 0.18222222222222223 0.01282051282051282 0.03777777777777778
0 0.9238782051282052 0.2088888888888889 0.008814102564102564 0.03333333333333333
0 0.43990384615384615 0.1622222222222222 0.01201923076923077 0.035555555555555556
0 0.004807692307692308 0.3888888888888889 0.013621794871794872 0.04
0 0.328525641025641 0.3488888888888889 0.01282051282051282 0.03777777777777778
0 0.6578525641025641 0.98 0.011217948717948718 0.04
0 0.5496794871794872 0.9688888888888889 0.011217948717948718 0.04
0 0.7828525641025641 0.3688888888888889 0.008814102564102564 0.03333333333333333
0 0.8685897435897436 0.5111111111111111 0.008814102564102564 0.03333333333333333
0 0.04326923076923077 0.7644444444444445 0.015224358974358974 0.042222222222222223
0 0.7259615384615384 0.8533333333333334 0.01201923076923077 0.04888888888888889
0 0.9294871794871795 1.0 0.01201923076923077 0.04888888888888889
0 0.21634615384615385 0.5644444444444444 0.015224358974358974 0.042222222222222223
0 0.5016025641025641 0.1 0.01201923076923077 0.035555555555555556
0 0.5080128205128205 0.4488888888888889 0.01201923076923077 0.035555555555555556
0 0.8942307692307693 0.6355555555555555 0.01201923076923077 0.04888888888888889
0 0.8717948717948718 0.8844444444444445 0.01201923076923077 0.04888888888888889
0 0.7275641025641025 0.4177777777777778 0.008814102564102564 0.03333333333333333
0 0.7996794871794872 0.24444444444444444 0.008814102564102564 0.03333333333333333
0 0.6987179487179487 0.5844444444444444 0.011217948717948718 0.044444444444444446
0 0.6963141025641025 0.6622222222222223 0.011217948717948718 0.04
0 0.49439102564102566 0.04666666666666667 0.01201923076923077 0.035555555555555556
0 0.31810897435897434 0.3933333333333333 0.01282051282051282 0.03777777777777778
0 0.8725961538461539 0.32666666666666666 0.008814102564102564 0.03333333333333333
0 0.5328525641025641 0.78 0.011217948717948718 0.04
0 0.8493589743589743 0.5622222222222222 0.008814102564102564 0.03333333333333333
0 0.46794871794871795 0.6444444444444445 0.011217948717948718 0.04
0 0.6001602564102564 0.31333333333333335 0.01201923076923077 0.035555555555555556
0 0.6233974358974359 0.22666666666666666 0.01201923076923077 0.035555555555555556
0 0.9415064102564102 0.64 0.01201923076923077 0.04888888888888889
0 0.8036858974358975 0.21555555555555556 0.008814102564102564 0.03333333333333333
0 0.1642628205128205 0.06444444444444444 0.01282051282051282 0.03777777777777778
0 0.8782051282051282 0.8066666666666666 0.01201923076923077 0.04888888888888889
0 0.3661858974358974 0.1622222222222222 0.01282051282051282 0.03777777777777778
0 0.9959935897435898 0.6311111111111111 0.010416666666666666 0.04
0 0.9927884615384616 0.4111111111111111 0.008814102564102564 0.03333333333333333
0 0.9487179487179487 0.5288888888888889 0.008814102564102564 0.03333333333333333
0 0.8926282051282052 0.09333333333333334 0.008814102564102564 0.03333333333333333
0 0.5897435897435898 0.35555555555555557 0.01201923076923077 0.035555555555555556
0 0.2299679487179487 0.042222222222222223 0.01282051282051282 0.03777777777777778
0 0.8285256410256411 0.37555555555555553 0.008814102564102564 0.03333333333333333
0 0.9102564102564102 0.042222222222222223 0.008814102564102564 0.03333333333333333
0 0.9719551282051282 0.4688888888888889 0.008814102564102564 0.03333333333333333
0 0.22275641025641027 0.37333333333333335 0.01282051282051282 0.03777777777777778
0 0.44711538461538464 0.13111111111111112 0.01201923076923077 0.035555555555555556
0 0.5176282051282052 0.7911111111111111 0.011217948717948718 0.04
0 0.8044871794871795 0.18444444444444444 0.008814102564102564 0.03333333333333333
0 0.9559294871794872 0.48444444444444446 0.008814102564102564 0.03333333333333333
0 0.6081730769230769 0.9444444444444444 0.011217948717948718 0.04
0 0.6314102564102564 0.16444444444444445 0.01201923076923077 0.035555555555555556
0 0.2091346153846154 0.7933333333333333 0.015224358974358974 0.042222222222222223
0 0.31971153846153844 0.6088888888888889 0.015224358974358974 0.042222222222222223
0 0.028044871794871796 0.9888888888888889 0.015224358974358974 0.042222222222222223
0 0.2267628205128205 0.4688888888888889 0.013621794871794872 0.04
0 0.7716346153846154 0.8511111111111112 0.01201923076923077 0.04888888888888889
0 0.44471153846153844 0.8488888888888889 0.011217948717948718 0.04
0 0.9471153846153846 0.6133333333333333 0.01201923076923077 0.04888888888888889
0 0.43830128205128205 0.58 0.011217948717948718 0.04
0 0.4671474358974359 0.22666666666666666 0.01201923076923077 0.035555555555555556
0 0.8573717948717948 0.5111111111111111 0.008814102564102564 0.03333333333333333
0 0.8004807692307693 0.5977777777777777 0.01201923076923077 0.04888888888888889
0 0.07211538461538461 0.8711111111111111 0.015224358974358974 0.042222222222222223
0 0.49198717948717946 0.9488888888888889 0.011217948717948718 0.04
0 0.9375 0.3488888888888889 0.008814102564102564 0.03333333333333333
0 0.5665064102564102 0.4666666666666667 0.01201923076923077 0.035555555555555556
0 0.9310897435897436 0.14666666666666667 0.008814102564102564 0.03333333333333333
0 0.9286858974358975 0.8666666666666667 0.01201923076923077 0.04888888888888889
0 0.7940705128205128 0.49333333333333335 0.008814102564102564 0.03333333333333333
0 0.561698717948718 0.006666666666666667 0.01201923076923077 0.035555555555555556
0 0.31009615384615385 0.1711111111111111 0.01282051282051282 0.03777777777777778
0 0.20993589743589744 0.37777777777777777 0.01282051282051282 0.03777777777777778
0 0.9286858974358975 0.2822222222222222 0.008814102564102564 0.03333333333333333
0 0.2564102564102564 0.19555555555555557 0.01282051282051282 0.03777777777777778
0 0.6025641025641025 0.2733333333333333 0.01201923076923077 0.035555555555555556
0 0.9014423076923077 0.47333333333333333 0.008814102564102564 0.03333333333333333
0 0.750801282051282 0.36666666666666664 0.008814102564102564 0.03333333333333333
0 0.5424679487179487 0.057777777777777775 0.01201923076923077 0.035555555555555556
0 0.8509615384615384 0.6333333333333333 0.01201923076923077 0.04888888888888889
0 0.500801282051282 0.9111111111111111 0.011217948717948718 0.04
0 0.13862179487179488 0.33555555555555555 0.01282051282051282 0.03777777777777778
0 0.10256410256410256 0.4666666666666667 0.013621794871794872 0.04
0 0.7035256410256411 0.29555555555555557 0.008814102564102564 0.03333333333333333
0 0.8653846153846154 0.37333333333333335 0.008814102564102564 0.03333333333333333
0 0.5104166666666666 0.5444444444444444 0.011217948717948718 0.04
0 0.33253205128205127 0.9022222222222223 0.015224358974358974 0.042222222222222223
0 0.2171474358974359 0.8244444444444444 0.015224358974358974 0.042222222222222223
0 0.875 0.03333333333333333 0.008814102564102564 0.03333333333333333
0 0.13141025641025642 0.17555555555555555 0.01282051282051282 0.03777777777777778
0 0.8910256410256411 0.5777777777777777 0.01201923076923077 0.04888888888888889
0 0.09935897435897435 0.10666666666666667 0.01282051282051282 0.03777777777777778
0 0.06330128205128205 0.18444444444444444 0.01282051282051282 0.03777777777777778
0 0.7580128205128205 0.28888888888888886 0.008814102564102564 0.03333333333333333
0 0.028846153846153848 0.31777777777777777 0.01282051282051282 0.03777777777777778
0 0.5352564102564102 0.1 0.01201923076923077 0.035555555555555556
0 0.6346153846153846 0.4066666666666667 0.01201923076923077 0.035555555555555556
0 0.2724358974358974 0.8044444444444444 0.015224358974358974 0.042222222222222223
0 0.9791666666666666 0.96 0.01201923076923077 0.04888888888888889
0 0.8068910256410257 0.5111111111111111 0.008814102564102564 0.03333333333333333
0 0.6586538461538461 0.5177777777777778 0.011217948717948718 0.04
0 0.4495192307692308 0.25555555555555554 0.01201923076923077 0.035555555555555556
0 0.23477564102564102 0.2511111111111111 0.01282051282051282 0.03777777777777778
0 0.46955128205128205 0.17333333333333334 0.01201923076923077 0.035555555555555556
0 0.14423076923076922 0.015555555555555555 0.01282051282051282 0.03777777777777778
0 0.8397435897435898 0.017777777777777778 0.008814102564102564 0.03333333333333333
0 0.7211538461538461 0.9088888888888889 0.01201923076923077 0.04888888888888889
0 0.2708333333333333 0.5466666666666666 0.015224358974358974 0.042222222222222223
0 0.3092948717948718 0.9022222222222223 0.015224358974358974 0.042222222222222223
0 0.37099358974358976 0.9266666666666666 0.015224358974358974 0.042222222222222223
0 0.8717948717948718 0.39111111111111113 0.008814102564102564 0.03333333333333333
0 0.9447115384615384 0.5688888888888889 0.01201923076923077 0.04888888888888889
0 0.25560897435897434 0.39555555555555555 0.01282051282051282 0.03777777777777778
0 0.2548076923076923 0.011111111111111112 0.01282051282051282 0.03777777777777778
0 0.7652243589743589 0.12444444444444444 0.008814102564102564 0.03333333333333333
0 0.6153846153846154 0.8866666666666667 0.011217948717948718 0.04
0 0.06330128205128205 0.4533333333333333 0.01282051282051282 0.03777777777777778
0 0.40705128205128205 0.12 0.01201923076923077 0.035555555555555556
0 0.8493589743589743 0.12222222222222222 0.008814102564102564 0.03333333333333333
0 0.5608974358974359 0.8755555555555555 0.011217948717948718 0.04
0 0.6923076923076923 0.28444444444444444 0.01201923076923077 0.035555555555555556
0 0.12900641025641027 0.051111111111111114 0.01282051282051282 0.03777777777777778
0 0.08974358974358974 0.8377777777777777 0.015224358974358974 0.042222222222222223
0 0.782051282051282 0.33111111111111113 0.008814102564102564 0.03333333333333333
0 0.6402243589743589 0.29777777777777775 0.01201923076923077 0.035555555555555556
0 0.20833333333333334 0.5088888888888888 0.015224358974358974 0.042222222222222223
0 0.1778846153846154 0.044444444444444446 0.01282051282051282 0.03777777777777778
0 0.5088141025641025 0.22444444444444445 0.01201923076923077 0.035555555555555556
0 0.8862179487179487 0.24444444444444444 0.008814102564102564 0.03333333333333333
0 0.21955128205128205 0.33555555555555555 0.01282051282051282 0.03777777777777778
0 0.44711538461538464 0.1 0.01201923076923077 0.035555555555555556
0 0.3854166666666667 0.6066666666666667 0.015224358974358974 0.042222222222222223
0 0.9815705128205128 0.23777777777777778 0.008814102564102564 0.03333333333333333
0 0.07932692307692307 0.5488888888888889 0.015224358974358974 0.042222222222222223
0 0.7203525641025641 1.0022222222222221 0.01201923076923077 0.04888888888888889
0 0.5665064102564102 0.2111111111111111 0.01201923076923077 0.035555555555555556
0 0.22435897435897437 0.5066666666666667 0.015224358974358974 0.042222222222222223
0 0.38461538461538464 0.11777777777777777 0.01282051282051282 0.03777777777777778
0 0.8677884615384616 0.28444444444444444 0.008814102564102564 0.03333333333333333
0 0.5400641025641025 0.37777777777777777 0.01201923076923077 0.035555555555555556
0 0.38301282051282054 0.8666666666666667 0.015224358974358974 0.042222222222222223
0 0.9439102564102564 0.24888888888888888 0.008814102564102564 0.03333333333333333
0 0.4543269230769231 0.05333333333333334 0.01201923076923077 0.035555555555555556
0 0.9014423076923077 0.03333333333333333 0.008814102564102564 0.03333333333333333
0 0.44471153846153844 0.5422222222222223 0.011217948717948718 0.04
0 0.7524038461538461 0.17555555555555555 0.008814102564102564 0.03333333333333333
0 0.5040064102564102 0.6288888888888889 0.011217948717948718 0.04
0 0.2636217948717949 0.35777777777777775 0.01282051282051282 0.03777777777777778
0 0.9735576923076923 0.8933333333333333 0.01201923076923077 0.04888888888888889
0 0.749198717948718 0.6511111111111111 0.01201923076923077 0.04888888888888889
0 0.10016025641025642 0.8 0.015224358974358974 0.042222222222222223
0 0.9238782051282052 0.82 0.01201923076923077 0.04888888888888889
0 0.5673076923076923 0.8044444444444444 0.011217948717948718 0.04
0 0.1971153846153846 0.86 0.015224358974358974 0.042222222222222223
0 0.8854166666666666 0.15333333333333332 0.008814102564102564 0.03333333333333333
0 0.5152243589743589 0.5222222222222223 0.011217948717948718 0.04
0 0.7908653846153846 0.7022222222222222 0.01201923076923077 0.04888888888888889
0 0.6266025641025641 0.7 0.011217948717948718 0.04
0 0.3036858974358974 0.013333333333333334 0.01282051282051282 0.03777777777777778
0 0.7267628205128205 0.8866666666666667 0.01201923076923077 0.04888888888888889
0 0.9278846153846154 0.9244444444444444 0.01201923076923077 0.04888888888888889
0 0.96875 0.9044444444444445 0.01201923076923077 0.04888888888888889
0 0.6538461538461539 0.006666666666666667 0.01201923076923077 0.035555555555555556
0 0.8060897435897436 0.11333333333333333 0.008814102564102564 0.03333333333333333
0 0.3974358974358974 0.2911111111111111 0.01282051282051282 0.03777777777777778
0 0.8966346153846154 0.13333333333333333 0.008814102564102564 0.03333333333333333
0 0.8333333333333334 0.3488888888888889 0.008814102564102564 0.03333333333333333
0 0.8870192307692307 0.8088888888888889 0.01201923076923077 0.04888888888888889
0 0.4895833333333333 0.8222222222222222 0.011217948717948718 0.04
0 0.05608974358974359 0.9911111111111112 0.015224358974358974 0.042222222222222223
0 0.28365384615384615 0.10888888888888888 0.01282051282051282 0.03777777777777778
0 0.12740384615384615 0.8822222222222222 0.015224358974358974 0.042222222222222223
0 0.8637820512820513 0.44666666666666666 0.008814102564102564 0.03333333333333333
0 0.844551282051282 0.17555555555555555 0.008814102564102564 0.03333333333333333
0 0.8189102564102564 0.5222222222222223 0.008814102564102564 0.03333333333333333
0 0.9278846153846154 0.3288888888888889 0.008814102564102564 0.03333333333333333
0 0.6105769230769231 0.02 0.01201923076923077 0.035555555555555556
0 0.35657051282051283 0.20444444444444446 0.01282051282051282 0.03777777777777778
0 0.9206730769230769 0.21333333333333335 0.008814102564102564 0.03333333333333333
0 0.5056089743589743 0.8555555555555555 0.011217948717948718 0.04
0 0.44150641025641024 0.3 0.01201923076923077 0.035555555555555556
0 0.7700320512820513 0.07555555555555556 0.008814102564102564 0.03333333333333333
0 0.34134615384615385 0.8044444444444444 0.015224358974358974 0.042222222222222223
0 0.750801282051282 0.6133333333333333 0.01201923076923077 0.04888888888888889
0 0.4310897435897436 0.7 0.011217948717948718 0.04
0 0.813301282051282 0.09777777777777778 0.008814102564102564 0.03333333333333333
0 0.24358974358974358 0.9288888888888889 0.015224358974358974 0.042222222222222223
0 0.33814102564102566 0.5044444444444445 0.015224358974358974 0.042222222222222223
0 0.36378205128205127 0.006666666666666667 0.01282051282051282 0.03777777777777778
0 0.5705128205128205 0.8222222222222222 0.011217948717948718 0.04
0 0.20112179487179488 0.0044444444444444444 0.01282051282051282 0.03777777777777778
0 0.49278846153846156 0.5511111111111111 0.011217948717948718 0.04
0 0.6434294871794872 0.6933333333333334 0.011217948717948718 0.04
0 0.8701923076923077 0.41555555555555557 0.008814102564102564 0.03333333333333333
0 0.6434294871794872 0.11333333333333333 0.01201923076923077 0.035555555555555556
0 0.6706730769230769 0.18 0.01201923076923077 0.035555555555555556
0 0.936698717948718 0.7444444444444445 0.01201923076923077 0.04888888888888889
0 0.0889423076923077 0.52 0.015224358974358974 0.042222222222222223
0 0.6185897435897436 0.4888888888888889 0.011217948717948718 0.035555555555555556
0 0.4358974358974359 0.11333333333333333 0.01201923076923077 0.035555555555555556
0 0.41025641025641024 0.7488888888888889 0.015224358974358974 0.042222222222222223
0 0.8966346153846154 0.6888888888888889 0.01201923076923077 0.04888888888888889
0 0.8141025641025641 0.4444444444444444 0.008814102564102564 0.03333333333333333
0 0.12099358974358974 0.2644444444444444 0.01282051282051282 0.03777777777777778
0 0.6426282051282052 0.36444444444444446 0.01201923076923077 0.035555555555555556
0 0.5352564102564102 0.7066666666666667 0.011217948717948718 0.04
0 0.14342948717948717 0.5511111111111111 0.015224358974358974 0.042222222222222223
0 0.0673076923076923 0.10666666666666667 0.01282051282051282 0.03777777777777778
0 0.6386217948717948 0.08666666666666667 0.01201923076923077 0.035555555555555556
0 0.023237179487179488 0.5155555555555555 0.015224358974358974 0.042222222222222223
0 0.6041666666666666 0.06 0.01201923076923077 0.035555555555555556
0 0.3269230769230769 0.8266666666666667 0.015224358974358974 0.042222222222222223
0 0.4551282051282051 0.5311111111111111 0.011217948717948718 0.04
0 0.24919871794871795 0.7222222222222222 0.015224358974358974 0.042222222222222223
0 0.3020833333333333 0.44666666666666666 0.01282051282051282 0.03777777777777778
0 0.2780448717948718 0.9933333333333333 0.015224358974358974 0.042222222222222223
0 0.7267628205128205 0.08888888888888889 0.008814102564102564 0.03333333333333333
0 0.6298076923076923 0.7533333333333333 0.011217948717948718 0.04
0 0.7267628205128205 0.7688888888888888 0.01201923076923077 0.04888888888888889
0 0.8373397435897436 0.24 0.008814102564102564 0.03333333333333333
0 0.6025641025641025 0.6666666666666666 0.011217948717948718 0.04
0 0.8181089743589743 0.8688888888888889 0.01201923076923077 0.04888888888888889
0 0.7251602564102564 0.4488888888888889 0.008814102564102564 0.03333333333333333
0 0.8269230769230769 0.4533333333333333 0.008814102564102564 0.03333333333333333
0 0.10416666666666667 0.7555555555555555 0.015224358974358974 0.042222222222222223
0 0.8125 0.86 0.01201923076923077 0.04888888888888889
0 0.5248397435897436 0.7577777777777778 0.011217948717948718 0.04
0 0.3261217948717949 0.5333333333333333 0.015224358974358974 0.042222222222222223
0 0.37259615384615385 0.6911111111111111 0.015224358974358974 0.042222222222222223
0 0.28846153846153844 0.06666666666666667 0.01282051282051282 0.03777777777777778
0 0.9967948717948718 0.4444444444444444 0.008814102564102564 0.03333333333333333
0 0.8197115384615384 0.16 0.008814102564102564 0.03333333333333333
0 0.3261217948717949 0.8733333333333333 0.015224358974358974 0.042222222222222223
0 0.8774038461538461 0.29333333333333333 0.008814102564102564 0.03333333333333333
0 0.22916666666666666 0.06888888888888889 0.01282051282051282 0.03777777777777778
0 0.4831730769230769 0.33555555555555555 0.01201923076923077 0.035555555555555556
0 0.49038461538461536 0.08888888888888889 0.01201923076923077 0.035555555555555556
0 0.052884615384615384 0.6488888888888888 0.015224358974358974 0.042222222222222223
0 0.6722756410256411 0.44222222222222224 0.01201923076923077 0.035555555555555556
0 0.3998397435897436 0.32666666666666666 0.01282051282051282 0.03777777777777778
0 0.8205128205128205 0.9822222222222222 0.01201923076923077 0.04888888888888889
0 0.5328525641025641 0.6733333333333333 0.011217948717948718 0.04
0 0.0889423076923077 0.12666666666666668 0.01282051282051282 0.03777777777777778
0 0.7908653846153846 0.08 0.008814102564102564 0.03333333333333333
0 0.13701923076923078 0.8555555555555555 0.015224358974358974 0.042222222222222223
0 0.7708333333333334 0.5533333333333333 0.008814102564102564 0.03333333333333333
0 0.7940705128205128 0.30666666666666664 0.008814102564102564 0.03333333333333333
0 0.22596153846153846 0.48444444444444446 0.015224358974358974 0.042222222222222223
0 0.5240384615384616 0.42444444444444446 0.01201923076923077 0.035555555555555556
0 0.375 0.6111111111111112 0.015224358974358974 0.042222222222222223
0 0.13141025641025642 0.6044444444444445 0.015224358974358974 0.042222222222222223
0 0.4967948717948718 0.3088888888888889 0.01201923076923077 0.035555555555555556
0 0.5464743589743589 0.6377777777777778 0.011217948717948718 0.04
0 0.32371794871794873 0.11555555555555555 0.01282051282051282 0.03777777777777778
0 0.9110576923076923 0.29777777777777775 0.008814102564102564 0.03333333333333333
0 0.9286858974358975 0.19333333333333333 0.008814102564102564 0.03333333333333333
0 0.42467948717948717 0.5644444444444444 0.011217948717948718 0.04
0 0.044070512820512824 0.6866666666666666 0.015224358974358974 0.042222222222222223
0 0.28685897435897434 0.7711111111111111 0.015224358974358974 0.042222222222222223
0 0.9222756410256411 0.8888888888888888 0.01201923076923077 0.04888888888888889
0 0.43189102564102566 0.36666666666666664 0.01201923076923077 0.035555555555555556
0 0.11137820512820513 0.47555555555555556 0.015224358974358974 0.042222222222222223
0 0.8493589743589743 0.5844444444444444 0.01201923076923077 0.04888888888888889
0 0.5408653846153846 0.6755555555555556 0.011217948717948718 0.04
0 0.7427884615384616 0.5955555555555555 0.01201923076923077 0.04888888888888889
0 0.7868589743589743 0.04 0.008814102564102564 0.03333333333333333
0 0.6858974358974359 0.3888888888888889 0.01201923076923077 0.035555555555555556
0 0.7788461538461539 0.7422222222222222 0.01201923076923077 0.04888888888888889
0 0.9126602564102564 0.6288888888888889 0.01201923076923077 0.04888888888888889
0 0.3389423076923077 0.09111111111111111 0.01282051282051282 0.03777777777777778
0 0.9134615384615384 0.3422222222222222 0.008814102564102564 0.03333333333333333
0 0.7091346153846154 0.8511111111111112 0.01201923076923077 0.04888888888888889
0 0.9439102564102564 0.7244444444444444 0.01201923076923077 0.04888888888888889
0 0.9639423076923077 0.39111111111111113 0.008814102564102564 0.03333333333333333
0 0.7339743589743589 0.06 0.008814102564102564 0.03333333333333333
0 0.01842948717948718 0.3488888888888889 0.01282051282051282 0.03777777777777778
0 0.5040064102564102 0.3022222222222222 0.01201923076923077 0.035555555555555556
0 0.3581730769230769 0.4622222222222222 0.013621794871794872 0.04
0 0.48717948717948717 0.29777777777777775 0.01201923076923077 0.035555555555555556
0 0.7708333333333334 0.9244444444444444 0.01201923076923077 0.04888888888888889
0 0.5785256410256411 0.14888888888888888 0.01201923076923077 0.035555555555555556
0 0.7219551282051282 0.15333333333333332 0.008814102564102564 0.03333333333333333
0 0.0016025641025641025 0.6688888888888889 0.015224358974358974 0.042222222222222223
0 0.7203525641025641 0.9333333333333333 0.01201923076923077 0.04888888888888889
0 0.0641025641025641 0.40444444444444444 0.01282051282051282 0.03777777777777778
0 0.2075320512820513 0.3466666666666667 0.01282051282051282 0.03777777777777778
0 0.563301282051282 0.23777777777777778 0.01201923076923077 0.035555555555555556
0 0.8669871794871795 0.42 0.008814102564102564 0.03333333333333333
0 0.9599358974358975 0.34444444444444444 0.008814102564102564 0.03333333333333333
0 0.002403846153846154 0.5577777777777778 0.015224358974358974 0.042222222222222223
0 0.22516025641025642 0.7555555555555555 0.015224358974358974 0.042222222222222223
0 0.29086538461538464 0.5266666666666666 0.015224358974358974 0.042222222222222223
0 0.7211538461538461 0.9533333333333334 0.01201923076923077 0.04888888888888889
0 0.7163461538461539 0.21555555555555556 0.008814102564102564 0.03333333333333333
0 0.9575320512820513 0.2822222222222222 0.008814102564102564 0.03333333333333333
0 0.17147435897435898 0.26 0.01282051282051282 0.03777777777777778
0 0.8677884615384616 0.1688888888888889 0.008814102564102564 0.03333333333333333
0 0.9719551282051282 0.15333333333333332 0.008814102564102564 0.03333333333333333
0 0.4150641025641026 0.19555555555555557 0.01201923076923077 0.035555555555555556
0 0.3645833333333333 0.9911111111111112 0.015224358974358974 0.042222222222222223
0 0.9727564102564102 0.8622222222222222 0.01201923076923077 0.04888888888888889
0 0.7860576923076923 0.4088888888888889 0.008814102564102564 0.03333333333333333
0 0.6674679487179487 0.6088888888888889 0.011217948717948718 0.04
0 0.6097756410256411 0.9222222222222223 0.011217948717948718 0.04
0 0.6826923076923077 0.08222222222222222 0.01201923076923077 0.035555555555555556
