0 0.7314814814814815 0.013717421124828532 0.006944444444444444 0.006858710562414266
0 0.6751543209876543 0.019204389574759947 0.006944444444444444 0.006858710562414266
0 0.1419753086419753 0.23319615912208505 0.006944444444444444 0.006858710562414266
0 0.4375 0.1083676268861454 0.006944444444444444 0.006858710562414266
0 0.4506172839506173 0.10150891632373114 0.006944444444444444 0.006858710562414266
0 0.3479938271604938 0.09053497942386832 0.006944444444444444 0.006858710562414266
0 0.08256172839506173 0.2112482853223594 0.006944444444444444 0.006858710562414266
0 0.046296296296296294 0.3840877914951989 0.006944444444444444 0.006858710562414266
0 0.1720679012345679 0.1289437585733882 0.006944444444444444 0.006858710562414266
0 0.8132716049382716 0.04938271604938271 0.006944444444444444 0.006858710562414266
0 0.9714506172839507 0.27709190672153633 0.006944444444444444 0.006858710562414266
0 0.6705246913580247 0.04252400548696845 0.006944444444444444 0.006858710562414266
0 0.16589506172839505 0.00823045267489712 0.006944444444444444 0.006858710562414266
0 0.07484567901234568 0.027434842249657063 0.006944444444444444 0.006858710562414266
0 0.017746913580246913 0.3991769547325103 0.006944444444444444 0.006858710562414266
0 0.06404320987654322 0.1700960219478738 0.006944444444444444 0.006858710562414266
0 0.9220679012345679 0.18244170096021947 0.006944444444444444 0.006858710562414266
0 0.32330246913580246 0.29218106995884774 0.006944444444444444 0.006858710562414266
0 0.6087962962962963 0.07270233196159122 0.006944444444444444 0.006858710562414266
0 0.9683641975308642 0.2112482853223594 0.006944444444444444 0.006858710562414266
0 0.0787037037037037 0.16186556927297668 0.006944444444444444 0.006858710562414266
0 0.04861111111111111 0.07407407407407407 0.006944444444444444 0.006858710562414266
0 0.13194444444444445 0.02194787379972565 0.006944444444444444 0.006858710562414266
0 0.5192901234567902 0.19753086419753085 0.006944444444444444 0.006858710562414266
0 0.7021604938271605 0.19890260631001372 0.006944444444444444 0.006858710562414266
0 0.22530864197530864 0.09602194787379972 0.006944444444444444 0.006858710562414266
0 0.5223765432098766 0.08916323731138547 0.006944444444444444 0.006858710562414266
0 0.2970679012345679 0.2812071330589849 0.006944444444444444 0.006858710562414266
0 0.5131172839506173 0.03155006858710562 0.006944444444444444 0.006858710562414266
0 0.7592592592592593 0.015089163237311385 0.006944444444444444 0.006858710562414266
0 0.8888888888888888 0.07681755829903979 0.006944444444444444 0.006858710562414266
0 0.9475308641975309 0.14814814814814814 0.006944444444444444 0.006858710562414266
0 0.6697530864197531 0.07270233196159122 0.006944444444444444 0.006858710562414266
0 0.933641975308642 0.19753086419753085 0.006944444444444444 0.006858710562414266
0 0.5362654320987654 0.12757201646090535 0.006944444444444444 0.006858710562414266
0 0.18441358024691357 0.3113854595336077 0.06558641975308642 0.12345679012345678
0 0.06481481481481481 0.19890260631001372 0.006944444444444444 0.006858710562414266
0 0.39891975308641975 0.024691358024691357 0.006944444444444444 0.006858710562414266
0 0.8441358024691358 0.037037037037037035 0.006944444444444444 0.006858710562414266
0 0.5092592592592593 0.12071330589849108 0.006944444444444444 0.006858710562414266
0 0.023148148148148147 0.0877914951989026 0.006944444444444444 0.006858710562414266
0 0.18364197530864199 0.17832647462277093 0.006944444444444444 0.006858710562414266
0 0.5547839506172839 0.13031550068587106 0.006944444444444444 0.006858710562414266
0 0.30941358024691357 0.1728395061728395 0.006944444444444444 0.006858710562414266
0 0.4861111111111111 0.024691358024691357 0.006944444444444444 0.006858710562414266
0 0.5300925925925926 0.023319615912208505 0.006944444444444444 0.006858710562414266
0 0.5285493827160493 0.15363511659807957 0.006944444444444444 0.006858710562414266
0 0.24768518518518517 0.18381344307270234 0.006944444444444444 0.006858710562414266
0 0.9606481481481481 0.31550068587105623 0.006944444444444444 0.006858710562414266
0 0.42669753086419754 0.1467764060356653 0.006944444444444444 0.006858710562414266
0 0.5887345679012346 0.23319615912208505 0.006944444444444444 0.006858710562414266
0 0.11959876543209877 0.26474622770919065 0.006944444444444444 0.006858710562414266
0 0.30401234567901236 0.22770919067215364 0.006944444444444444 0.006858710562414266
0 0.06712962962962964 0.24828532235939643 0.006944444444444444 0.006858710562414266
0 0.19830246913580246 0.18792866941015088 0.006944444444444444 0.006858710562414266
0 0.022376543209876542 0.3100137174211248 0.006944444444444444 0.006858710562414266
0 0.5223765432098766 0.03017832647462277 0.006944444444444444 0.006858710562414266
0 0.10339506172839506 0.3484224965706447 0.031635802469135804 0.06721536351165981
0 0.11265432098765432 0.2030178326474623 0.006944444444444444 0.006858710562414266
0 0.016975308641975308 0.11248285322359397 0.006944444444444444 0.006858710562414266
0 0.9513888888888888 0.25925925925925924 0.006944444444444444 0.006858710562414266
0 0.09182098765432099 0.1673525377229081 0.006944444444444444 0.006858710562414266
0 0.7669753086419753 0.024691358024691357 0.006944444444444444 0.006858710562414266
0 0.10108024691358025 0.24417009602194786 0.006944444444444444 0.006858710562414266
0 0.27237654320987653 0.24005486968449932 0.006944444444444444 0.006858710562414266
0 0.18904320987654322 0.07681755829903979 0.006944444444444444 0.006858710562414266
0 0.9290123456790124 0.1522633744855967 0.006944444444444444 0.006858710562414266
0 0.5740740740740741 0.01646090534979424 0.006944444444444444 0.006858710562414266
0 0.8595679012345679 0.0850480109739369 0.006944444444444444 0.006858710562414266
0 0.9305555555555556 0.2908093278463649 0.006944444444444444 0.006858710562414266
0 0.375 0.0411522633744856 0.006944444444444444 0.006858710562414266
0 0.2646604938271605 0.13443072702331962 0.006944444444444444 0.006858710562414266
0 0.10262345679012345 0.2030178326474623 0.006944444444444444 0.006858710562414266
0 0.1257716049382716 0.15775034293552812 0.006944444444444444 0.006858710562414266
0 0.42746913580246915 0.11522633744855967 0.006944444444444444 0.006858710562414266
0 0.4351851851851852 0.037037037037037035 0.006944444444444444 0.006858710562414266
0 0.5470679012345679 0.08367626886145405 0.006944444444444444 0.006858710562414266
0 0.9074074074074074 0.039780521262002745 0.006944444444444444 0.006858710562414266
0 0.6450617283950617 0.024691358024691357 0.006944444444444444 0.006858710562414266
0 0.11805555555555555 0.012345679012345678 0.006944444444444444 0.006858710562414266
0 0.04938271604938271 0.1440329218106996 0.006944444444444444 0.006858710562414266
0 0.6118827160493827 0.09327846364883402 0.006944444444444444 0.006858710562414266
0 0.15046296296296297 0.07407407407407407 0.006944444444444444 0.006858710562414266
0 0.012345679012345678 0.2661179698216735 0.006944444444444444 0.006858710562414266
0 0.038580246913580245 0.2194787379972565 0.006944444444444444 0.006858710562414266
0 0.8811728395061729 0.09327846364883402 0.006944444444444444 0.006858710562414266
0 0.14583333333333334 0.1755829903978052 0.006944444444444444 0.006858710562414266
0 0.4807098765432099 0.12757201646090535 0.006944444444444444 0.006858710562414266
0 0.1558641975308642 0.03429355281207133 0.006944444444444444 0.006858710562414266
0 0.5432098765432098 0.01783264746227709 0.006944444444444444 0.006858710562414266
0 0.05246913580246913 0.19204389574759945 0.006944444444444444 0.006858710562414266
0 0.7137345679012346 0.01646090534979424 0.006944444444444444 0.006858710562414266
0 0.14583333333333334 0.09602194787379972 0.006944444444444444 0.006858710562414266
0 0.5694444444444444 0.39643347050754457 0.016975308641975308 0.03566529492455418
0 0.8734567901234568 0.03292181069958848 0.006944444444444444 0.006858710562414266
0 0.2692901234567901 0.2825788751714678 0.006944444444444444 0.006858710562414266
0 0.33024691358024694 0.24417009602194786 0.006944444444444444 0.006858710562414266
0 0.25540123456790126 0.17421124828532236 0.006944444444444444 0.006858710562414266
0 0.4791666666666667 0.16872427983539096 0.006944444444444444 0.006858710562414266
0 0.5594135802469136 0.019204389574759947 0.006944444444444444 0.006858710562414266
0 0.3387345679012346 0.027434842249657063 0.006944444444444444 0.006858710562414266
0 0.9097222222222222 0.11659807956104253 0.006944444444444444 0.006858710562414266
0 0.7253086419753086 0.04801097393689986 0.006944444444444444 0.006858710562414266
0 0.5709876543209876 0.07681755829903979 0.006944444444444444 0.006858710562414266
0 0.9066358024691358 0.205761316872428 0.006944444444444444 0.006858710562414266
0 0.9266975308641975 0.22770919067215364 0.006944444444444444 0.006858710562414266
0 0.046296296296296294 0.26474622770919065 0.006944444444444444 0.006858710562414266
0 0.3410493827160494 0.4732510288065844 0.006944444444444444 0.006858710562414266
0 0.31790123456790126 0.2139917695473251 0.006944444444444444 0.006858710562414266
0 0.7052469135802469 0.05075445816186557 0.006944444444444444 0.006858710562414266
0 0.4074074074074074 0.13991769547325103 0.006944444444444444 0.006858710562414266
0 0.10725308641975309 0.12071330589849108 0.006944444444444444 0.006858710562414266
0 0.4158950617283951 0.01783264746227709 0.006944444444444444 0.006858710562414266
0 0.8009259259259259 0.015089163237311385 0.006944444444444444 0.006858710562414266
0 0.02546296296296296 0.2757201646090535 0.006944444444444444 0.006858710562414266
0 0.7453703703703703 0.019204389574759947 0.006944444444444444 0.006858710562414266
0 0.3263888888888889 0.1700960219478738 0.006944444444444444 0.006858710562414266
0 0.470679012345679 0.08916323731138547 0.006944444444444444 0.006858710562414266
0 0.020061728395061727 0.20027434842249658 0.006944444444444444 0.006858710562414266
0 0.6875 0.038408779149519894 0.006944444444444444 0.006858710562414266
0 0.4868827160493827 0.19615912208504802 0.006944444444444444 0.006858710562414266
0 0.8842592592592593 0.289437585733882 0.006944444444444444 0.006858710562414266
0 0.12654320987654322 0.102880658436214 0.006944444444444444 0.006858710562414266
0 0.04089506172839506 0.1906721536351166 0.006944444444444444 0.006858710562414266
0 0.45524691358024694 0.14814814814814814 0.006944444444444444 0.006858710562414266
0 0.3603395061728395 0.04663923182441701 0.006944444444444444 0.006858710562414266
0 0.06404320987654322 0.2908093278463649 0.006944444444444444 0.006858710562414266
0 0.5694444444444444 0.2030178326474623 0.006944444444444444 0.006858710562414266
0 0.6975308641975309 0.06995884773662552 0.006944444444444444 0.006858710562414266
0 0.29552469135802467 0.20164609053497942 0.006944444444444444 0.006858710562414266
0 0.6041666666666666 0.1111111111111111 0.006944444444444444 0.006858710562414266
0 0.12268518518518519 0.22770919067215364 0.006944444444444444 0.006858710562414266
0 0.2330246913580247 0.17695473251028807 0.006944444444444444 0.006858710562414266
0 0.6226851851851852 0.0644718792866941 0.006944444444444444 0.006858710562414266
0 0.8927469135802469 0.16049382716049382 0.006944444444444444 0.006858710562414266
0 0.9305555555555556 0.06172839506172839 0.006944444444444444 0.006858710562414266
0 0.6072530864197531 0.1934156378600823 0.006944444444444444 0.006858710562414266
0 0.6936728395061729 0.013717421124828532 0.006944444444444444 0.006858710562414266
0 0.08179012345679013 0.24691358024691357 0.006944444444444444 0.006858710562414266
0 0.621141975308642 0.11659807956104253 0.006944444444444444 0.006858710562414266
0 0.39737654320987653 0.26474622770919065 0.0625 0.13031550068587106
0 0.4382716049382716 0.15089163237311384 0.006944444444444444 0.006858710562414266
0 0.22145061728395063 0.18381344307270234 0.006944444444444444 0.006858710562414266
0 0.8850308641975309 0.2551440329218107 0.006944444444444444 0.006858710562414266
0 0.9382716049382716 0.09876543209876543 0.006944444444444444 0.006858710562414266
0 0.5879629629629629 0.07818930041152264 0.006944444444444444 0.006858710562414266
0 0.9128086419753086 0.08367626886145405 0.006944444444444444 0.006858710562414266
0 0.8657407407407407 0.17695473251028807 0.006944444444444444 0.006858710562414266
0 0.21373456790123457 0.013717421124828532 0.006944444444444444 0.006858710562414266
0 0.07021604938271606 0.35253772290809327 0.006944444444444444 0.006858710562414266
0 0.5154320987654321 0.14540466392318244 0.006944444444444444 0.006858710562414266
0 0.44675925925925924 0.03429355281207133 0.006944444444444444 0.006858710562414266
0 0.8387345679012346 0.11522633744855967 0.006944444444444444 0.006858710562414266
0 0.044753086419753084 0.35390946502057613 0.006944444444444444 0.006858710562414266
0 0.05478395061728395 0.31550068587105623 0.006944444444444444 0.006858710562414266
0 0.23842592592592593 0.07407407407407407 0.006944444444444444 0.006858710562414266
0 0.6412037037037037 0.06858710562414266 0.006944444444444444 0.006858710562414266
0 0.7145061728395061 0.07544581618655692 0.006944444444444444 0.006858710562414266
0 0.19830246913580246 0.1467764060356653 0.006944444444444444 0.006858710562414266
0 0.16203703703703703 0.1522633744855967 0.006944444444444444 0.006858710562414266
0 0.8202160493827161 0.03017832647462277 0.006944444444444444 0.006858710562414266
0 0.8734567901234568 0.13443072702331962 0.006944444444444444 0.006858710562414266
0 0.4166666666666667 0.06310013717421124 0.006944444444444444 0.006858710562414266
0 0.5570987654320988 0.0850480109739369 0.006944444444444444 0.006858710562414266
0 0.8379629629629629 0.038408779149519894 0.006944444444444444 0.006858710562414266
0 0.5925925925925926 0.16872427983539096 0.006944444444444444 0.006858710562414266
0 0.39351851851851855 0.1289437585733882 0.006944444444444444 0.006858710562414266
0 0.283179012345679 0.2606310013717421 0.006944444444444444 0.006858710562414266
0 0.36882716049382713 0.15089163237311384 0.006944444444444444 0.006858710562414266
0 0.7476851851851852 0.11248285322359397 0.06790123456790123 0.10425240054869685
0 0.08024691358024691 0.08641975308641975 0.006944444444444444 0.006858710562414266
0 0.4683641975308642 0.05486968449931413 0.006944444444444444 0.006858710562414266
0 0.011574074074074073 0.33607681755829905 0.006944444444444444 0.006858710562414266
0 0.08256172839506173 0.1934156378600823 0.006944444444444444 0.006858710562414266
0 0.9459876543209876 0.35802469135802467 0.006944444444444444 0.006858710562414266
0 0.04938271604938271 0.24279835390946503 0.006944444444444444 0.006858710562414266
0 0.020833333333333332 0.35390946502057613 0.006944444444444444 0.006858710562414266
0 0.5493827160493827 0.1673525377229081 0.006944444444444444 0.006858710562414266
0 0.32947530864197533 0.07133058984910837 0.006944444444444444 0.006858710562414266
0 0.3125 0.19478737997256515 0.006944444444444444 0.006858710562414266
0 0.8279320987654321 0.08641975308641975 0.006944444444444444 0.006858710562414266
0 0.47608024691358025 0.10425240054869685 0.006944444444444444 0.006858710562414266
