0 0.2544444444444444 0.125 0.12444444444444444 0.225
0 0.56 0.225 0.044444444444444446 0.09833333333333333
0 0.0811111111111111 0.2633333333333333 0.09333333333333334 0.20666666666666667
0 0.6288888888888889 0.23333333333333334 0.044444444444444446 0.09833333333333333
0 0.74 0.18666666666666668 0.06888888888888889 0.12166666666666667
0 0.6366666666666667 0.105 0.03 0.056666666666666664
0 0.9788888888888889 0.24833333333333332 0.08777777777777777 0.135
0 0.3488888888888889 0.08166666666666667 0.07 0.14166666666666666
0 0.37222222222222223 0.175 0.07 0.14166666666666666
0 0.5588888888888889 0.1 0.03 0.056666666666666664
0 0.46444444444444444 0.145 0.09888888888888889 0.18333333333333332
0 0.8511111111111112 0.285 0.08222222222222222 0.19333333333333333
0 0.8522222222222222 0.13166666666666665 0.03222222222222222 0.07166666666666667
