0 0.16424581005586592 0.7484076433121019 0.0033519553072625698 0.006369426751592357
0 0.8905027932960894 0.7436305732484076 0.0033519553072625698 0.006369426751592357
0 0.8860335195530726 0.8248407643312102 0.0033519553072625698 0.006369426751592357
0 0.03798882681564246 0.7468152866242038 0.0033519553072625698 0.006369426751592357
0 0.15083798882681565 0.7595541401273885 0.0033519553072625698 0.006369426751592357
0 0.8424581005586592 0.7914012738853503 0.0033519553072625698 0.006369426751592357
0 0.4759776536312849 0.8455414012738853 0.00782122905027933 0.014331210191082803
0 0.5888268156424581 0.767515923566879 0.0033519553072625698 0.006369426751592357
0 0.5798882681564246 0.8550955414012739 0.00782122905027933 0.014331210191082803
0 0.293854748603352 0.7308917197452229 0.0033519553072625698 0.006369426751592357
0 0.9251396648044693 0.8009554140127388 0.0033519553072625698 0.006369426751592357
0 0.18212290502793296 0.7611464968152867 0.0033519553072625698 0.006369426751592357
0 0.43687150837988825 0.6528662420382165 0.0033519553072625698 0.006369426751592357
0 0.982122905027933 0.8471337579617835 0.0033519553072625698 0.006369426751592357
0 0.2223463687150838 0.7452229299363057 0.0033519553072625698 0.006369426751592357
0 0.7899441340782123 0.6624203821656051 0.0033519553072625698 0.006369426751592357
0 0.8245810055865922 0.7563694267515924 0.0033519553072625698 0.006369426751592357
0 0.3664804469273743 0.7611464968152867 0.0033519553072625698 0.006369426751592357
0 0.34972067039106147 0.7547770700636943 0.0033519553072625698 0.006369426751592357
0 0.5541899441340782 0.767515923566879 0.0033519553072625698 0.006369426751592357
0 0.4849162011173184 0.85828025477707 0.00782122905027933 0.014331210191082803
0 0.0067039106145251395 0.8662420382165605 0.00558659217877095 0.009554140127388535
0 0.30614525139664805 0.839171974522293 0.00782122905027933 0.014331210191082803
0 0.0335195530726257 0.8009554140127388 0.0033519553072625698 0.006369426751592357
0 0.9620111731843576 0.6544585987261147 0.0033519553072625698 0.006369426751592357
0 0.506145251396648 0.7770700636942676 0.0033519553072625698 0.006369426751592357
0 0.9865921787709497 0.7484076433121019 0.0033519553072625698 0.006369426751592357
0 0.26256983240223464 0.7452229299363057 0.0033519553072625698 0.006369426751592357
0 0.0893854748603352 0.6894904458598726 0.0033519553072625698 0.006369426751592357
0 0.36312849162011174 0.8503184713375797 0.00782122905027933 0.014331210191082803
0 0.5407821229050279 0.6751592356687898 0.0033519553072625698 0.006369426751592357
0 0.7430167597765364 0.8614649681528662 0.00782122905027933 0.014331210191082803
0 0.034636871508379886 0.7834394904458599 0.0033519553072625698 0.006369426751592357
0 0.3776536312849162 0.7356687898089171 0.0033519553072625698 0.006369426751592357
0 0.8011173184357542 0.697452229299363 0.0033519553072625698 0.006369426751592357
0 0.4011173184357542 0.6926751592356688 0.0033519553072625698 0.006369426751592357
0 0.7240223463687151 0.6624203821656051 0.0033519553072625698 0.006369426751592357
0 0.8379888268156425 0.7436305732484076 0.0033519553072625698 0.006369426751592357
0 0.08379888268156424 0.821656050955414 0.00558659217877095 0.009554140127388535
0 0.45363128491620114 0.6576433121019108 0.0033519553072625698 0.006369426751592357
0 0.45139664804469276 0.8264331210191083 0.0067039106145251395 0.011146496815286623
0 0.7642458100558659 0.8200636942675159 0.004469273743016759 0.007961783439490446
0 0.32737430167597764 0.8487261146496815 0.00782122905027933 0.014331210191082803
0 0.7843575418994413 0.7866242038216561 0.0033519553072625698 0.006369426751592357
0 0.9162011173184358 0.8312101910828026 0.0033519553072625698 0.006369426751592357
0 0.7083798882681565 0.7707006369426752 0.0033519553072625698 0.006369426751592357
0 0.4212290502793296 0.7802547770700637 0.0033519553072625698 0.006369426751592357
0 0.15418994413407822 0.8757961783439491 0.00782122905027933 0.014331210191082803
0 0.9921787709497206 0.7277070063694268 0.0033519553072625698 0.006369426751592357
0 0.8011173184357542 0.856687898089172 0.00782122905027933 0.014331210191082803
0 0.9575418994413408 0.8535031847133758 0.0033519553072625698 0.006369426751592357
0 0.43798882681564244 0.7898089171974523 0.0033519553072625698 0.006369426751592357
0 0.9441340782122905 0.7595541401273885 0.0033519553072625698 0.006369426751592357
0 0.7072625698324022 0.7213375796178344 0.0033519553072625698 0.006369426751592357
0 0.7541899441340782 0.7484076433121019 0.0033519553072625698 0.006369426751592357
0 0.18324022346368715 0.6528662420382165 0.0033519553072625698 0.006369426751592357
0 0.01675977653631285 0.8152866242038217 0.0033519553072625698 0.006369426751592357
0 0.8905027932960894 0.7707006369426752 0.0033519553072625698 0.006369426751592357
0 0.47150837988826816 0.7452229299363057 0.0033519553072625698 0.006369426751592357
0 0.911731843575419 0.6831210191082803 0.0033519553072625698 0.006369426751592357
0 0.8368715083798882 0.8423566878980892 0.00782122905027933 0.014331210191082803
0 0.25139664804469275 0.678343949044586 0.0033519553072625698 0.006369426751592357
0 0.841340782122905 0.802547770700637 0.0033519553072625698 0.006369426751592357
0 0.32849162011173183 0.7691082802547771 0.0033519553072625698 0.006369426751592357
0 0.2849162011173184 0.7659235668789809 0.0033519553072625698 0.006369426751592357
0 0.09497206703910614 0.6640127388535032 0.0033519553072625698 0.006369426751592357
0 0.5631284916201117 0.8503184713375797 0.00782122905027933 0.014331210191082803
0 0.9217877094972067 0.8630573248407644 0.0033519553072625698 0.006369426751592357
0 0.0223463687150838 0.6226114649681529 0.0033519553072625698 0.006369426751592357
0 0.5374301675977654 0.8487261146496815 0.00782122905027933 0.014331210191082803
0 0.4793296089385475 0.6815286624203821 0.0033519553072625698 0.006369426751592357
0 0.7441340782122905 0.8057324840764332 0.0033519553072625698 0.006369426751592357
0 0.5608938547486033 0.8646496815286624 0.00782122905027933 0.014331210191082803
0 0.4346368715083799 0.6703821656050956 0.0033519553072625698 0.006369426751592357
0 0.8424581005586592 0.7085987261146497 0.0033519553072625698 0.006369426751592357
0 0.9452513966480447 0.821656050955414 0.0033519553072625698 0.006369426751592357
0 0.02011173184357542 0.7436305732484076 0.0033519553072625698 0.006369426751592357
0 0.5675977653631284 0.7834394904458599 0.0033519553072625698 0.006369426751592357
0 0.6301675977653631 0.7531847133757962 0.0033519553072625698 0.006369426751592357
0 0.25251396648044694 0.7308917197452229 0.0033519553072625698 0.006369426751592357
0 0.7698324022346369 0.7802547770700637 0.0033519553072625698 0.006369426751592357
0 0.8670391061452514 0.7452229299363057 0.0033519553072625698 0.006369426751592357
0 0.4145251396648045 0.8248407643312102 0.00782122905027933 0.014331210191082803
0 0.23910614525139665 0.7468152866242038 0.0033519553072625698 0.006369426751592357
0 0.8513966480446927 0.7722929936305732 0.0033519553072625698 0.006369426751592357
0 0.7016759776536313 0.7691082802547771 0.0033519553072625698 0.006369426751592357
0 0.7139664804469273 0.6656050955414012 0.0033519553072625698 0.006369426751592357
0 0.22346368715083798 0.7277070063694268 0.0033519553072625698 0.006369426751592357
0 0.02011173184357542 0.7181528662420382 0.0033519553072625698 0.006369426751592357
0 0.5921787709497207 0.8121019108280255 0.004469273743016759 0.007961783439490446
0 0.35083798882681566 0.7181528662420382 0.0033519553072625698 0.006369426751592357
0 0.39664804469273746 0.6815286624203821 0.0033519553072625698 0.006369426751592357
0 0.7932960893854749 0.7452229299363057 0.0033519553072625698 0.006369426751592357
0 0.8480446927374302 0.6656050955414012 0.0033519553072625698 0.006369426751592357
0 0.6089385474860335 0.7372611464968153 0.0033519553072625698 0.006369426751592357
0 0.5776536312849162 0.8343949044585988 0.00782122905027933 0.014331210191082803
0 0.6603351955307263 0.8630573248407644 0.00782122905027933 0.014331210191082803
0 0.3653631284916201 0.7404458598726115 0.0033519553072625698 0.006369426751592357
0 0.7206703910614525 0.8694267515923567 0.00782122905027933 0.014331210191082803
0 0.7329608938547486 0.7436305732484076 0.0033519553072625698 0.006369426751592357
0 0.7687150837988826 0.6671974522292994 0.0033519553072625698 0.006369426751592357
0 0.9798882681564246 0.6815286624203821 0.0033519553072625698 0.006369426751592357
0 0.3776536312849162 0.7515923566878981 0.0033519553072625698 0.006369426751592357
0 0.021229050279329607 0.7834394904458599 0.0033519553072625698 0.006369426751592357
0 0.5608938547486033 0.8009554140127388 0.0033519553072625698 0.006369426751592357
0 0.2916201117318436 0.7006369426751592 0.0033519553072625698 0.006369426751592357
0 0.9072625698324023 0.7659235668789809 0.0033519553072625698 0.006369426751592357
0 0.33519553072625696 0.7515923566878981 0.0033519553072625698 0.006369426751592357
0 0.6770949720670391 0.804140127388535 0.0033519553072625698 0.006369426751592357
0 0.6134078212290502 0.7468152866242038 0.0033519553072625698 0.006369426751592357
0 0.17541899441340783 0.7929936305732485 0.0033519553072625698 0.006369426751592357
0 0.2636871508379888 0.8152866242038217 0.0067039106145251395 0.011146496815286623
0 0.8726256983240224 0.6624203821656051 0.0033519553072625698 0.006369426751592357
0 0.40893854748603353 0.7882165605095541 0.0033519553072625698 0.006369426751592357
0 0.3329608938547486 0.7388535031847133 0.0033519553072625698 0.006369426751592357
0 0.524022346368715 0.7340764331210191 0.0033519553072625698 0.006369426751592357
0 0.08044692737430167 0.7579617834394905 0.0033519553072625698 0.006369426751592357
0 0.6659217877094972 0.85828025477707 0.00782122905027933 0.014331210191082803
0 0.16871508379888267 0.7643312101910829 0.0033519553072625698 0.006369426751592357
0 0.07374301675977654 0.6990445859872612 0.0033519553072625698 0.006369426751592357
0 0.4860335195530726 0.7340764331210191 0.0033519553072625698 0.006369426751592357
0 0.27150837988826815 0.8519108280254777 0.00782122905027933 0.014331210191082803
0 0.9865921787709497 0.7022292993630573 0.0033519553072625698 0.006369426751592357
0 0.03687150837988827 0.821656050955414 0.004469273743016759 0.007961783439490446
0 0.2994413407821229 0.7834394904458599 0.0033519553072625698 0.006369426751592357
0 0.5184357541899441 0.6640127388535032 0.0033519553072625698 0.006369426751592357
0 0.7508379888268156 0.7834394904458599 0.0033519553072625698 0.006369426751592357
0 0.030167597765363128 0.6576433121019108 0.0033519553072625698 0.006369426751592357
0 0.7910614525139665 0.7834394904458599 0.0033519553072625698 0.006369426751592357
0 0.43575418994413406 0.6894904458598726 0.0033519553072625698 0.006369426751592357
0 0.3787709497206704 0.8598726114649682 0.00782122905027933 0.014331210191082803
0 0.576536312849162 0.7866242038216561 0.0033519553072625698 0.006369426751592357
0 0.394413407821229 0.8455414012738853 0.00782122905027933 0.014331210191082803
0 0.8011173184357542 0.7181528662420382 0.0033519553072625698 0.006369426751592357
0 0.2100558659217877 0.8057324840764332 0.0033519553072625698 0.006369426751592357
0 0.7977653631284917 0.6624203821656051 0.0033519553072625698 0.006369426751592357
0 0.7307262569832402 0.8423566878980892 0.00782122905027933 0.014331210191082803
0 0.01899441340782123 0.8359872611464968 0.004469273743016759 0.007961783439490446
0 0.8927374301675978 0.7165605095541401 0.0033519553072625698 0.006369426751592357
0 0.21452513966480447 0.821656050955414 0.0067039106145251395 0.011146496815286623
0 0.9575418994413408 0.7404458598726115 0.0033519553072625698 0.006369426751592357
0 0.4972067039106145 0.7786624203821656 0.0033519553072625698 0.006369426751592357
0 0.9754189944134078 0.7547770700636943 0.0033519553072625698 0.006369426751592357
0 0.24581005586592178 0.8312101910828026 0.00782122905027933 0.014331210191082803
0 0.8055865921787709 0.7754777070063694 0.0033519553072625698 0.006369426751592357
0 0.8379888268156425 0.7691082802547771 0.0033519553072625698 0.006369426751592357
0 0.8670391061452514 0.8439490445859873 0.00558659217877095 0.009554140127388535
0 0.07709497206703911 0.714968152866242 0.0033519553072625698 0.006369426751592357
0 0.6435754189944134 0.7738853503184714 0.0033519553072625698 0.006369426751592357
0 0.8480446927374302 0.839171974522293 0.00782122905027933 0.014331210191082803
0 0.46033519553072627 0.785031847133758 0.0033519553072625698 0.006369426751592357
0 0.18100558659217877 0.8407643312101911 0.00782122905027933 0.014331210191082803
0 0.17653631284916202 0.7388535031847133 0.0033519553072625698 0.006369426751592357
0 0.34413407821229053 0.8535031847133758 0.00782122905027933 0.014331210191082803
0 0.735195530726257 0.8487261146496815 0.00782122905027933 0.014331210191082803
0 0.5407821229050279 0.7802547770700637 0.0033519553072625698 0.006369426751592357
0 0.6826815642458101 0.7213375796178344 0.0033519553072625698 0.006369426751592357
0 0.3553072625698324 0.8503184713375797 0.00782122905027933 0.014331210191082803
0 0.05251396648044693 0.785031847133758 0.0033519553072625698 0.006369426751592357
0 0.15418994413407822 0.6815286624203821 0.0033519553072625698 0.006369426751592357
0 0.7977653631284917 0.804140127388535 0.0033519553072625698 0.006369426751592357
0 0.061452513966480445 0.7468152866242038 0.0033519553072625698 0.006369426751592357
0 0.32849162011173183 0.7213375796178344 0.0033519553072625698 0.006369426751592357
0 0.7720670391061453 0.6878980891719745 0.0033519553072625698 0.006369426751592357
0 0.4312849162011173 0.7786624203821656 0.0033519553072625698 0.006369426751592357
0 0.6625698324022347 0.7866242038216561 0.0033519553072625698 0.006369426751592357
0 0.5519553072625698 0.7929936305732485 0.0033519553072625698 0.006369426751592357
0 0.05027932960893855 0.6656050955414012 0.0033519553072625698 0.006369426751592357
0 0.8458100558659218 0.7643312101910829 0.0033519553072625698 0.006369426751592357
0 0.7854748603351955 0.6942675159235668 0.0033519553072625698 0.006369426751592357
0 0.664804469273743 0.7834394904458599 0.0033519553072625698 0.006369426751592357
0 0.31508379888268156 0.8694267515923567 0.00782122905027933 0.014331210191082803
0 0.6033519553072626 0.7643312101910829 0.0033519553072625698 0.006369426751592357
0 0.3195530726256983 0.75 0.0033519553072625698 0.006369426751592357
0 0.288268156424581 0.8503184713375797 0.00782122905027933 0.014331210191082803
0 0.19441340782122904 0.7054140127388535 0.0033519553072625698 0.006369426751592357
0 0.19441340782122904 0.6863057324840764 0.0033519553072625698 0.006369426751592357
0 0.6480446927374302 0.856687898089172 0.00782122905027933 0.014331210191082803
0 0.6067039106145251 0.7866242038216561 0.0033519553072625698 0.006369426751592357
0 0.7273743016759776 0.821656050955414 0.00558659217877095 0.009554140127388535
0 0.7251396648044692 0.8152866242038217 0.004469273743016759 0.007961783439490446
0 0.06815642458100558 0.7882165605095541 0.0033519553072625698 0.006369426751592357
0 0.06256983240223464 0.8423566878980892 0.00782122905027933 0.014331210191082803
0 0.1564245810055866 0.7070063694267515 0.0033519553072625698 0.006369426751592357
0 0.2122905027932961 0.7563694267515924 0.0033519553072625698 0.006369426751592357
0 0.9709497206703911 0.7022292993630573 0.0033519553072625698 0.006369426751592357
0 0.0659217877094972 0.732484076433121 0.0033519553072625698 0.006369426751592357
0 0.8759776536312849 0.8678343949044586 0.00558659217877095 0.009554140127388535
0 0.6435754189944134 0.7404458598726115 0.0033519553072625698 0.006369426751592357
0 0.09497206703910614 0.7404458598726115 0.0033519553072625698 0.006369426751592357
0 0.1106145251396648 0.714968152866242 0.0033519553072625698 0.006369426751592357
0 0.7474860335195531 0.8184713375796179 0.00782122905027933 0.014331210191082803
0 0.3039106145251397 0.7117834394904459 0.0033519553072625698 0.006369426751592357
0 0.8335195530726257 0.767515923566879 0.0033519553072625698 0.006369426751592357
0 0.5329608938547487 0.8343949044585988 0.00782122905027933 0.014331210191082803
0 0.055865921787709494 0.7627388535031847 0.0033519553072625698 0.006369426751592357
0 0.4547486033519553 0.8550955414012739 0.00782122905027933 0.014331210191082803
0 0.7251396648044692 0.6687898089171974 0.0033519553072625698 0.006369426751592357
0 0.8122905027932961 0.6576433121019108 0.0033519553072625698 0.006369426751592357
0 0.40893854748603353 0.8471337579617835 0.00782122905027933 0.014331210191082803
0 0.2770949720670391 0.7133757961783439 0.0033519553072625698 0.006369426751592357
0 0.8681564245810056 0.7786624203821656 0.0033519553072625698 0.006369426751592357
0 0.5251396648044693 0.7834394904458599 0.0033519553072625698 0.006369426751592357
0 0.26927374301675977 0.8280254777070064 0.00782122905027933 0.014331210191082803
0 0.11843575418994413 0.7340764331210191 0.0033519553072625698 0.006369426751592357
0 0.7787709497206704 0.7070063694267515 0.0033519553072625698 0.006369426751592357
0 0.5407821229050279 0.7898089171974523 0.0033519553072625698 0.006369426751592357
0 0.8424581005586592 0.8152866242038217 0.00558659217877095 0.009554140127388535
0 0.6815642458100558 0.7882165605095541 0.0033519553072625698 0.006369426751592357
0 0.9932960893854749 0.8343949044585988 0.0033519553072625698 0.006369426751592357
0 0.5016759776536313 0.804140127388535 0.0033519553072625698 0.006369426751592357
0 0.8983240223463688 0.7404458598726115 0.0033519553072625698 0.006369426751592357
0 0.08044692737430167 0.804140127388535 0.0033519553072625698 0.006369426751592357
0 0.36089385474860336 0.6942675159235668 0.0033519553072625698 0.006369426751592357
0 0.22793296089385476 0.821656050955414 0.00558659217877095 0.009554140127388535
0 0.31843575418994413 0.7754777070063694 0.0033519553072625698 0.006369426751592357
0 0.8960893854748604 0.8168789808917197 0.0033519553072625698 0.006369426751592357
0 0.47374301675977654 0.8630573248407644 0.00782122905027933 0.014331210191082803
0 0.23128491620111732 0.7691082802547771 0.0033519553072625698 0.006369426751592357
0 0.7418994413407821 0.7515923566878981 0.0033519553072625698 0.006369426751592357
0 0.9698324022346368 0.7308917197452229 0.0033519553072625698 0.006369426751592357
0 0.376536312849162 0.6926751592356688 0.0033519553072625698 0.006369426751592357
0 0.7106145251396648 0.6847133757961783 0.0033519553072625698 0.006369426751592357
0 0.1005586592178771 0.7261146496815286 0.0033519553072625698 0.006369426751592357
0 0.024581005586592177 0.8248407643312102 0.004469273743016759 0.007961783439490446
0 0.7977653631284917 0.7452229299363057 0.0033519553072625698 0.006369426751592357
0 0.7251396648044692 0.7213375796178344 0.0033519553072625698 0.006369426751592357
0 0.7854748603351955 0.8200636942675159 0.004469273743016759 0.007961783439490446
0 0.2748603351955307 0.767515923566879 0.0033519553072625698 0.006369426751592357
0 0.1452513966480447 0.7372611464968153 0.0033519553072625698 0.006369426751592357
0 0.8837988826815643 0.7691082802547771 0.0033519553072625698 0.006369426751592357
0 0.09944134078212291 0.7754777070063694 0.0033519553072625698 0.006369426751592357
0 0.8435754189944135 0.7786624203821656 0.0033519553072625698 0.006369426751592357
0 0.2994413407821229 0.8296178343949044 0.0067039106145251395 0.011146496815286623
0 0.43575418994413406 0.7101910828025477 0.0033519553072625698 0.006369426751592357
0 0.4212290502793296 0.804140127388535 0.0033519553072625698 0.006369426751592357
0 0.055865921787709494 0.8057324840764332 0.0033519553072625698 0.006369426751592357
0 0.8625698324022346 0.7436305732484076 0.0033519553072625698 0.006369426751592357
0 0.5675977653631284 0.8375796178343949 0.00782122905027933 0.014331210191082803
0 0.39329608938547483 0.7531847133757962 0.0033519553072625698 0.006369426751592357
0 0.3139664804469274 0.7308917197452229 0.0033519553072625698 0.006369426751592357
0 0.6983240223463687 0.8343949044585988 0.00782122905027933 0.014331210191082803
0 0.33854748603351953 0.8519108280254777 0.00782122905027933 0.014331210191082803
0 0.3240223463687151 0.6847133757961783 0.0033519553072625698 0.006369426751592357
0 0.9329608938547486 0.7611464968152867 0.0033519553072625698 0.006369426751592357
0 0.6513966480446928 0.6640127388535032 0.0033519553072625698 0.006369426751592357
0 0.6189944134078212 0.7945859872611465 0.0033519553072625698 0.006369426751592357
0 0.8 0.8152866242038217 0.0033519553072625698 0.006369426751592357
0 0.9653631284916201 0.7277070063694268 0.0033519553072625698 0.006369426751592357
0 0.5307262569832403 0.7818471337579618 0.0033519553072625698 0.006369426751592357
0 0.13854748603351955 0.7181528662420382 0.0033519553072625698 0.006369426751592357
0 0.5743016759776536 0.7977707006369427 0.0033519553072625698 0.006369426751592357
0 0.9251396648044693 0.7722929936305732 0.0033519553072625698 0.006369426751592357
0 0.8067039106145252 0.7531847133757962 0.0033519553072625698 0.006369426751592357
0 0.09720670391061452 0.7563694267515924 0.0033519553072625698 0.006369426751592357
0 0.15418994413407822 0.7292993630573248 0.0033519553072625698 0.006369426751592357
0 0.05921787709497207 0.714968152866242 0.0033519553072625698 0.006369426751592357
0 0.34301675977653634 0.6878980891719745 0.0033519553072625698 0.006369426751592357
0 0.9162011173184358 0.7882165605095541 0.0033519553072625698 0.006369426751592357
0 0.3854748603351955 0.7022292993630573 0.0033519553072625698 0.006369426751592357
0 0.976536312849162 0.6592356687898089 0.0033519553072625698 0.006369426751592357
0 0.40558659217877097 0.7547770700636943 0.0033519553072625698 0.006369426751592357
0 0.9128491620111732 0.8073248407643312 0.0033519553072625698 0.006369426751592357
0 0.7284916201117319 0.8407643312101911 0.00782122905027933 0.014331210191082803
0 0.04581005586592179 0.7404458598726115 0.0033519553072625698 0.006369426751592357
0 0.37988826815642457 0.7117834394904459 0.0033519553072625698 0.006369426751592357
0 0.46256983240223465 0.8375796178343949 0.00782122905027933 0.014331210191082803
0 0.39553072625698327 0.7882165605095541 0.0033519553072625698 0.006369426751592357
0 0.1430167597765363 0.6847133757961783 0.0033519553072625698 0.006369426751592357
0 0.9340782122905028 0.7308917197452229 0.0033519553072625698 0.006369426751592357
0 0.10614525139664804 0.6910828025477707 0.0033519553072625698 0.006369426751592357
0 0.617877094972067 0.6624203821656051 0.0033519553072625698 0.006369426751592357
0 0.027932960893854747 0.6894904458598726 0.0033519553072625698 0.006369426751592357
0 0.9698324022346368 0.7484076433121019 0.0033519553072625698 0.006369426751592357
0 0.9519553072625698 0.7595541401273885 0.0033519553072625698 0.006369426751592357
0 0.7642458100558659 0.6831210191082803 0.0033519553072625698 0.006369426751592357
0 0.5418994413407822 0.85828025477707 0.00782122905027933 0.014331210191082803
0 0.776536312849162 0.7802547770700637 0.0033519553072625698 0.006369426751592357
0 0.9094972067039107 0.8646496815286624 0.004469273743016759 0.007961783439490446
0 0.16424581005586592 0.6576433121019108 0.0033519553072625698 0.006369426751592357
0 0.30614525139664805 0.6910828025477707 0.0033519553072625698 0.006369426751592357
0 0.10167597765363129 0.8646496815286624 0.00782122905027933 0.014331210191082803
0 0.8726256983240224 0.7117834394904459 0.0033519553072625698 0.006369426751592357
0 0.553072625698324 0.6799363057324841 0.0033519553072625698 0.006369426751592357
0 0.21564245810055865 0.6560509554140127 0.0033519553072625698 0.006369426751592357
0 0.7910614525139665 0.7611464968152867 0.0033519553072625698 0.006369426751592357
0 0.8994413407821229 0.767515923566879 0.0033519553072625698 0.006369426751592357
0 0.034636871508379886 0.8407643312101911 0.00558659217877095 0.009554140127388535
0 0.5508379888268157 0.8678343949044586 0.00782122905027933 0.014331210191082803
0 0.08268156424581005 0.732484076433121 0.0033519553072625698 0.006369426751592357
0 0.8592178770949721 0.8614649681528662 0.0067039106145251395 0.011146496815286623
0 0.9497206703910615 0.7054140127388535 0.0033519553072625698 0.006369426751592357
0 0.5329608938547487 0.678343949044586 0.0033519553072625698 0.006369426751592357
0 0.25251396648044694 0.821656050955414 0.0067039106145251395 0.011146496815286623
0 0.6256983240223464 0.6624203821656051 0.0033519553072625698 0.006369426751592357
0 0.2335195530726257 0.7054140127388535 0.0033519553072625698 0.006369426751592357
0 0.2871508379888268 0.6767515923566879 0.0033519553072625698 0.006369426751592357
0 0.7575418994413408 0.6687898089171974 0.0033519553072625698 0.006369426751592357
0 0.576536312849162 0.6751592356687898 0.0033519553072625698 0.006369426751592357
0 0.11955307262569832 0.6942675159235668 0.0033519553072625698 0.006369426751592357
0 0.36312849162011174 0.7245222929936306 0.0033519553072625698 0.006369426751592357
0 0.12067039106145251 0.6624203821656051 0.0033519553072625698 0.006369426751592357
0 0.06927374301675977 0.6735668789808917 0.0033519553072625698 0.006369426751592357
0 0.7810055865921788 0.85828025477707 0.00782122905027933 0.014331210191082803
0 0.9452513966480447 0.7277070063694268 0.0033519553072625698 0.006369426751592357
0 0.9530726256983241 0.7277070063694268 0.0033519553072625698 0.006369426751592357
0 0.29497206703910617 0.7643312101910829 0.0033519553072625698 0.006369426751592357
0 0.9877094972067039 0.7882165605095541 0.0033519553072625698 0.006369426751592357
0 0.7675977653631285 0.7802547770700637 0.0033519553072625698 0.006369426751592357
0 0.7474860335195531 0.7452229299363057 0.0033519553072625698 0.006369426751592357
0 0.8279329608938547 0.7722929936305732 0.0033519553072625698 0.006369426751592357
0 0.8592178770949721 0.7707006369426752 0.0033519553072625698 0.006369426751592357
0 0.7575418994413408 0.7468152866242038 0.0033519553072625698 0.006369426751592357
0 0.39664804469273746 0.8853503184713376 0.00782122905027933 0.014331210191082803
0 0.964245810055866 0.8343949044585988 0.0033519553072625698 0.006369426751592357
0 0.1106145251396648 0.802547770700637 0.0033519553072625698 0.006369426751592357
0 0.24692737430167597 0.7707006369426752 0.0033519553072625698 0.006369426751592357
0 0.5553072625698324 0.8853503184713376 0.00782122905027933 0.014331210191082803
0 0.8223463687150838 0.7834394904458599 0.0033519553072625698 0.006369426751592357
0 0.8536312849162011 0.7834394904458599 0.0033519553072625698 0.006369426751592357
0 0.2335195530726257 0.8343949044585988 0.00782122905027933 0.014331210191082803
0 0.19217877094972066 0.8343949044585988 0.00782122905027933 0.014331210191082803
0 0.4592178770949721 0.6735668789808917 0.0033519553072625698 0.006369426751592357
0 0.5072625698324023 0.6592356687898089 0.0033519553072625698 0.006369426751592357
0 0.01564245810055866 0.6831210191082803 0.0033519553072625698 0.006369426751592357
0 0.45251396648044695 0.7882165605095541 0.0033519553072625698 0.006369426751592357
0 0.3474860335195531 0.8375796178343949 0.00782122905027933 0.014331210191082803
0 0.6916201117318436 0.7914012738853503 0.0033519553072625698 0.006369426751592357
0 0.09944134078212291 0.7914012738853503 0.0033519553072625698 0.006369426751592357
0 0.8547486033519553 0.8168789808917197 0.00558659217877095 0.009554140127388535
0 0.9910614525139665 0.7627388535031847 0.0033519553072625698 0.006369426751592357
0 0.4692737430167598 0.8805732484076433 0.00782122905027933 0.014331210191082803
0 0.23016759776536314 0.6831210191082803 0.0033519553072625698 0.006369426751592357
0 0.9262569832402234 0.8312101910828026 0.0033519553072625698 0.006369426751592357
0 0.37206703910614525 0.8343949044585988 0.00782122905027933 0.014331210191082803
0 0.41675977653631285 0.8550955414012739 0.00782122905027933 0.014331210191082803
0 0.32625698324022345 0.7038216560509554 0.0033519553072625698 0.006369426751592357
0 0.7050279329608938 0.7882165605095541 0.0033519553072625698 0.006369426751592357
0 0.18324022346368715 0.8136942675159236 0.00558659217877095 0.009554140127388535
0 0.7541899441340782 0.7420382165605095 0.0033519553072625698 0.006369426751592357
0 0.6837988826815642 0.856687898089172 0.00782122905027933 0.014331210191082803
0 0.2636871508379888 0.767515923566879 0.0033519553072625698 0.006369426751592357
0 0.958659217877095 0.8328025477707006 0.0033519553072625698 0.006369426751592357
0 0.264804469273743 0.6815286624203821 0.0033519553072625698 0.006369426751592357
0 0.7966480446927374 0.7101910828025477 0.0033519553072625698 0.006369426751592357
0 0.6346368715083799 0.6656050955414012 0.0033519553072625698 0.006369426751592357
0 0.3888268156424581 0.8264331210191083 0.0067039106145251395 0.011146496815286623
0 0.8960893854748604 0.8630573248407644 0.004469273743016759 0.007961783439490446
0 0.9329608938547486 0.7070063694267515 0.0033519553072625698 0.006369426751592357
0 0.88268156424581 0.7420382165605095 0.0033519553072625698 0.006369426751592357
0 0.6558659217877095 0.8328025477707006 0.00782122905027933 0.014331210191082803
0 0.18100558659217877 0.8614649681528662 0.00782122905027933 0.014331210191082803
0 0.7743016759776536 0.8232484076433121 0.00558659217877095 0.009554140127388535
0 0.09497206703910614 0.7101910828025477 0.0033519553072625698 0.006369426751592357
0 0.19553072625698323 0.7707006369426752 0.0033519553072625698 0.006369426751592357
0 0.13854748603351955 0.7691082802547771 0.0033519553072625698 0.006369426751592357
0 0.18994413407821228 0.7882165605095541 0.0033519553072625698 0.006369426751592357
0 0.8614525139664805 0.6847133757961783 0.0033519553072625698 0.006369426751592357
0 0.976536312849162 0.8264331210191083 0.0033519553072625698 0.006369426751592357
0 0.0670391061452514 0.8200636942675159 0.004469273743016759 0.007961783439490446
0 0.08603351955307263 0.6305732484076433 0.0033519553072625698 0.006369426751592357
0 0.11843575418994413 0.7531847133757962 0.0033519553072625698 0.006369426751592357
0 0.617877094972067 0.7802547770700637 0.0033519553072625698 0.006369426751592357
0 0.5497206703910614 0.8455414012738853 0.00782122905027933 0.014331210191082803
0 0.9385474860335196 0.8168789808917197 0.0033519553072625698 0.006369426751592357
0 0.5206703910614525 0.893312101910828 0.00782122905027933 0.014331210191082803
0 0.9173184357541899 0.7372611464968153 0.0033519553072625698 0.006369426751592357
0 0.6692737430167598 0.6640127388535032 0.0033519553072625698 0.006369426751592357
0 0.053631284916201116 0.6273885350318471 0.0033519553072625698 0.006369426751592357
0 0.9329608938547486 0.6592356687898089 0.0033519553072625698 0.006369426751592357
0 0.8301675977653631 0.7452229299363057 0.0033519553072625698 0.006369426751592357
0 0.08826815642458101 0.7707006369426752 0.0033519553072625698 0.006369426751592357
0 0.19888268156424582 0.7484076433121019 0.0033519553072625698 0.006369426751592357
0 0.6882681564245811 0.6671974522292994 0.0033519553072625698 0.006369426751592357
0 0.3642458100558659 0.7070063694267515 0.0033519553072625698 0.006369426751592357
0 0.9787709497206704 0.7515923566878981 0.0033519553072625698 0.006369426751592357
0 0.01899441340782123 0.8009554140127388 0.0033519553072625698 0.006369426751592357
0 0.7541899441340782 0.8328025477707006 0.00782122905027933 0.014331210191082803
0 0.42681564245810055 0.8439490445859873 0.00782122905027933 0.014331210191082803
0 0.7430167597765364 0.6671974522292994 0.0033519553072625698 0.006369426751592357
0 0.17541899441340783 0.6942675159235668 0.0033519553072625698 0.006369426751592357
0 0.12960893854748604 0.8710191082802548 0.00782122905027933 0.014331210191082803
0 0.6357541899441341 0.785031847133758 0.0033519553072625698 0.006369426751592357
0 0.3474860335195531 0.7356687898089171 0.0033519553072625698 0.006369426751592357
0 0.2122905027932961 0.695859872611465 0.0033519553072625698 0.006369426751592357
0 0.9162011173184358 0.6576433121019108 0.0033519553072625698 0.006369426751592357
0 0.9675977653631285 0.8136942675159236 0.0033519553072625698 0.006369426751592357
0 0.11620111731843576 0.821656050955414 0.0033519553072625698 0.006369426751592357
0 0.34972067039106147 0.7022292993630573 0.0033519553072625698 0.006369426751592357
0 0.71731843575419 0.8152866242038217 0.004469273743016759 0.007961783439490446
0 0.4692737430167598 0.6735668789808917 0.0033519553072625698 0.006369426751592357
0 0.88268156424581 0.6767515923566879 0.0033519553072625698 0.006369426751592357
0 0.43687150837988825 0.7404458598726115 0.0033519553072625698 0.006369426751592357
0 0.587709497206704 0.7898089171974523 0.0033519553072625698 0.006369426751592357
0 0.7564245810055866 0.8280254777070064 0.0067039106145251395 0.011146496815286623
0 0.8089385474860336 0.8550955414012739 0.00782122905027933 0.014331210191082803
0 0.4592178770949721 0.6576433121019108 0.0033519553072625698 0.006369426751592357
0 0.07486033519553073 0.8375796178343949 0.00782122905027933 0.014331210191082803
0 0.6011173184357542 0.8089171974522293 0.0033519553072625698 0.006369426751592357
0 0.7262569832402235 0.7834394904458599 0.0033519553072625698 0.006369426751592357
0 0.3094972067039106 0.6480891719745223 0.0033519553072625698 0.006369426751592357
0 0.7687150837988826 0.8328025477707006 0.00782122905027933 0.014331210191082803
0 0.027932960893854747 0.7643312101910829 0.0033519553072625698 0.006369426751592357
0 0.17094972067039105 0.7165605095541401 0.0033519553072625698 0.006369426751592357
0 0.7743016759776536 0.7468152866242038 0.0033519553072625698 0.006369426751592357
0 0.4212290502793296 0.8757961783439491 0.00782122905027933 0.014331210191082803
0 0.8346368715083798 0.8598726114649682 0.00782122905027933 0.014331210191082803
0 0.14078212290502792 0.8089171974522293 0.0033519553072625698 0.006369426751592357
0 0.71731843575419 0.8312101910828026 0.00782122905027933 0.014331210191082803
0 0.29497206703910617 0.64171974522293 0.0033519553072625698 0.006369426751592357
0 0.02011173184357542 0.767515923566879 0.0033519553072625698 0.006369426751592357
0 0.735195530726257 0.785031847133758 0.0033519553072625698 0.006369426751592357
0 0.7731843575418994 0.7802547770700637 0.0033519553072625698 0.006369426751592357
0 0.8089385474860336 0.7802547770700637 0.0033519553072625698 0.006369426751592357
0 0.18994413407821228 0.7245222929936306 0.0033519553072625698 0.006369426751592357
0 0.3094972067039106 0.804140127388535 0.0033519553072625698 0.006369426751592357
0 0.6167597765363129 0.7038216560509554 0.0033519553072625698 0.006369426751592357
0 0.888268156424581 0.6624203821656051 0.0033519553072625698 0.006369426751592357
0 0.4324022346368715 0.8136942675159236 0.004469273743016759 0.007961783439490446
0 0.9474860335195531 0.8089171974522293 0.0033519553072625698 0.006369426751592357
0 0.4435754189944134 0.7802547770700637 0.0033519553072625698 0.006369426751592357
0 0.7575418994413408 0.7802547770700637 0.0033519553072625698 0.006369426751592357
0 0.2581005586592179 0.7181528662420382 0.0033519553072625698 0.006369426751592357
0 0.7005586592178771 0.8821656050955414 0.00782122905027933 0.014331210191082803
0 0.14078212290502792 0.8296178343949044 0.00558659217877095 0.009554140127388535
0 0.8871508379888268 0.6815286624203821 0.0033519553072625698 0.006369426751592357
0 0.14860335195530727 0.6592356687898089 0.0033519553072625698 0.006369426751592357
0 0.22793296089385476 0.6560509554140127 0.0033519553072625698 0.006369426751592357
0 0.7318435754189944 0.8280254777070064 0.0067039106145251395 0.011146496815286623
0 0.8502793296089386 0.7165605095541401 0.0033519553072625698 0.006369426751592357
0 0.13966480446927373 0.7022292993630573 0.0033519553072625698 0.006369426751592357
0 0.994413407821229 0.6926751592356688 0.0033519553072625698 0.006369426751592357
0 0.11731843575418995 0.7754777070063694 0.0033519553072625698 0.006369426751592357
0 0.30726256983240224 0.7515923566878981 0.0033519553072625698 0.006369426751592357
0 0.2860335195530726 0.7452229299363057 0.0033519553072625698 0.006369426751592357
0 0.01675977653631285 0.6560509554140127 0.0033519553072625698 0.006369426751592357
0 0.07150837988826815 0.7691082802547771 0.0033519553072625698 0.006369426751592357
0 0.6212290502793296 0.7388535031847133 0.0033519553072625698 0.006369426751592357
0 0.2011173184357542 0.8343949044585988 0.00782122905027933 0.014331210191082803
0 0.9564245810055866 0.7738853503184714 0.0033519553072625698 0.006369426751592357
0 0.7608938547486034 0.7802547770700637 0.0033519553072625698 0.006369426751592357
0 0.03687150837988827 0.7133757961783439 0.0033519553072625698 0.006369426751592357
0 0.6871508379888268 0.7993630573248408 0.0033519553072625698 0.006369426751592357
0 0.2927374301675978 0.8152866242038217 0.0067039106145251395 0.011146496815286623
0 0.9620111731843576 0.6990445859872612 0.0033519553072625698 0.006369426751592357
0 0.042458100558659215 0.6831210191082803 0.0033519553072625698 0.006369426751592357
0 0.13743016759776536 0.7929936305732485 0.0033519553072625698 0.006369426751592357
0 0.38100558659217876 0.6751592356687898 0.0033519553072625698 0.006369426751592357
0 0.21899441340782122 0.8710191082802548 0.00782122905027933 0.014331210191082803
0 0.9374301675977653 0.7786624203821656 0.0033519553072625698 0.006369426751592357
0 0.9206703910614525 0.7117834394904459 0.0033519553072625698 0.006369426751592357
0 0.6100558659217877 0.8487261146496815 0.00782122905027933 0.014331210191082803
0 0.2871508379888268 0.8232484076433121 0.00558659217877095 0.009554140127388535
0 0.2759776536312849 0.7292993630573248 0.0033519553072625698 0.006369426751592357
0 0.5687150837988827 0.6767515923566879 0.0033519553072625698 0.006369426751592357
0 0.9474860335195531 0.6528662420382165 0.0033519553072625698 0.006369426751592357
0 0.7854748603351955 0.8009554140127388 0.0033519553072625698 0.006369426751592357
0 0.2681564245810056 0.8662420382165605 0.00782122905027933 0.014331210191082803
0 0.9731843575418995 0.8471337579617835 0.0033519553072625698 0.006369426751592357
0 0.7206703910614525 0.7388535031847133 0.0033519553072625698 0.006369426751592357
0 0.6670391061452514 0.839171974522293 0.00782122905027933 0.014331210191082803
0 0.2659217877094972 0.6990445859872612 0.0033519553072625698 0.006369426751592357
0 0.12290502793296089 0.7929936305732485 0.0033519553072625698 0.006369426751592357
0 0.5027932960893855 0.7659235668789809 0.0033519553072625698 0.006369426751592357
0 0.4223463687150838 0.7468152866242038 0.0033519553072625698 0.006369426751592357
0 0.6815642458100558 0.7786624203821656 0.0033519553072625698 0.006369426751592357
0 0.7620111731843575 0.7452229299363057 0.0033519553072625698 0.006369426751592357
0 0.08268156424581005 0.785031847133758 0.0033519553072625698 0.006369426751592357
0 0.23687150837988827 0.7245222929936306 0.0033519553072625698 0.006369426751592357
0 0.20670391061452514 0.7117834394904459 0.0033519553072625698 0.006369426751592357
0 0.1329608938547486 0.7579617834394905 0.0033519553072625698 0.006369426751592357
0 0.7016759776536313 0.8248407643312102 0.004469273743016759 0.007961783439490446
0 0.14860335195530727 0.7770700636942676 0.0033519553072625698 0.006369426751592357
0 0.053631284916201116 0.8328025477707006 0.004469273743016759 0.007961783439490446
0 0.12402234636871508 0.8200636942675159 0.0033519553072625698 0.006369426751592357
0 0.4547486033519553 0.8678343949044586 0.00782122905027933 0.014331210191082803
0 0.4860335195530726 0.8423566878980892 0.00782122905027933 0.014331210191082803
0 0.8324022346368715 0.7133757961783439 0.0033519553072625698 0.006369426751592357
0 0.48156424581005586 0.7802547770700637 0.0033519553072625698 0.006369426751592357
0 0.587709497206704 0.8535031847133758 0.00782122905027933 0.014331210191082803
0 0.5787709497206703 0.8248407643312102 0.0067039106145251395 0.011146496815286623
0 0.6301675977653631 0.7898089171974523 0.0033519553072625698 0.006369426751592357
0 0.2122905027932961 0.785031847133758 0.0033519553072625698 0.006369426751592357
0 0.4346368715083799 0.7531847133757962 0.0033519553072625698 0.006369426751592357
0 0.47039106145251397 0.7834394904458599 0.0033519553072625698 0.006369426751592357
0 0.9016759776536313 0.6878980891719745 0.0033519553072625698 0.006369426751592357
0 0.7094972067039106 0.7882165605095541 0.0033519553072625698 0.006369426751592357
0 0.10502793296089385 0.8232484076433121 0.004469273743016759 0.007961783439490446
0 0.788826815642458 0.6799363057324841 0.0033519553072625698 0.006369426751592357
0 0.870391061452514 0.8168789808917197 0.004469273743016759 0.007961783439490446
0 0.8167597765363128 0.8009554140127388 0.0033519553072625698 0.006369426751592357
0 0.2770949720670391 0.8152866242038217 0.00558659217877095 0.009554140127388535
0 0.5675977653631284 0.7691082802547771 0.0033519553072625698 0.006369426751592357
0 0.4860335195530726 0.7993630573248408 0.0033519553072625698 0.006369426751592357
0 0.4145251396648045 0.6767515923566879 0.0033519553072625698 0.006369426751592357
0 0.7430167597765364 0.7834394904458599 0.0033519553072625698 0.006369426751592357
0 0.5106145251396648 0.7914012738853503 0.0033519553072625698 0.006369426751592357
0 0.7039106145251397 0.8359872611464968 0.00782122905027933 0.014331210191082803
0 0.8324022346368715 0.6671974522292994 0.0033519553072625698 0.006369426751592357
0 0.6 0.7866242038216561 0.0033519553072625698 0.006369426751592357
0 0.35307262569832404 0.8009554140127388 0.0033519553072625698 0.006369426751592357
0 0.3653631284916201 0.8694267515923567 0.00782122905027933 0.014331210191082803
0 0.7832402234636872 0.7484076433121019 0.0033519553072625698 0.006369426751592357
0 0.24022346368715083 0.6560509554140127 0.0033519553072625698 0.006369426751592357
0 0.8603351955307262 0.7133757961783439 0.0033519553072625698 0.006369426751592357
0 0.8335195530726257 0.8089171974522293 0.0033519553072625698 0.006369426751592357
0 0.529608938547486 0.8232484076433121 0.0067039106145251395 0.011146496815286623
0 0.4491620111731844 0.7468152866242038 0.0033519553072625698 0.006369426751592357
0 0.25027932960893856 0.697452229299363 0.0033519553072625698 0.006369426751592357
0 0.9027932960893855 0.8343949044585988 0.0033519553072625698 0.006369426751592357
0 0.19776536312849163 0.8121019108280255 0.00558659217877095 0.009554140127388535
0 0.20446927374301677 0.7340764331210191 0.0033519553072625698 0.006369426751592357
0 0.8759776536312849 0.7770700636942676 0.0033519553072625698 0.006369426751592357
0 0.8178770949720671 0.7834394904458599 0.0033519553072625698 0.006369426751592357
0 0.5206703910614525 0.7802547770700637 0.0033519553072625698 0.006369426751592357
0 0.4424581005586592 0.8105095541401274 0.0033519553072625698 0.006369426751592357
0 0.8245810055865922 0.6687898089171974 0.0033519553072625698 0.006369426751592357
0 0.19664804469273742 0.7882165605095541 0.0033519553072625698 0.006369426751592357
0 0.9027932960893855 0.7786624203821656 0.0033519553072625698 0.006369426751592357
0 0.7396648044692737 0.8280254777070064 0.0067039106145251395 0.011146496815286623
0 0.3418994413407821 0.7722929936305732 0.0033519553072625698 0.006369426751592357
0 0.7262569832402235 0.7404458598726115 0.0033519553072625698 0.006369426751592357
0 0.7240223463687151 0.7738853503184714 0.0033519553072625698 0.006369426751592357
0 0.2111731843575419 0.678343949044586 0.0033519553072625698 0.006369426751592357
0 0.6737430167597765 0.8487261146496815 0.00782122905027933 0.014331210191082803
0 0.8849162011173184 0.6624203821656051 0.0033519553072625698 0.006369426751592357
0 0.25139664804469275 0.85828025477707 0.00782122905027933 0.014331210191082803
0 0.4994413407821229 0.732484076433121 0.0033519553072625698 0.006369426751592357
0 0.37988826815642457 0.7722929936305732 0.0033519553072625698 0.006369426751592357
0 0.7698324022346369 0.8646496815286624 0.00782122905027933 0.014331210191082803
0 0.6446927374301676 0.8375796178343949 0.00782122905027933 0.014331210191082803
0 0.12849162011173185 0.7372611464968153 0.0033519553072625698 0.006369426751592357
0 0.7754189944134078 0.7372611464968153 0.0033519553072625698 0.006369426751592357
0 0.735195530726257 0.7181528662420382 0.0033519553072625698 0.006369426751592357
0 0.8402234636871508 0.6687898089171974 0.0033519553072625698 0.006369426751592357
0 0.8536312849162011 0.7340764331210191 0.0033519553072625698 0.006369426751592357
0 0.7206703910614525 0.7866242038216561 0.0033519553072625698 0.006369426751592357
