0 0.9609375 0.24166666666666667 0.0234375 0.05
0 0.9296875 0.35 0.0328125 0.06666666666666667
0 0.1015625 0.21666666666666667 0.0234375 0.05
0 0.2140625 0.5805555555555556 0.04375 0.08611111111111111
0 0.9921875 0.2222222222222222 0.0234375 0.05
0 0.4 0.55 0.04375 0.08611111111111111
0 0.0078125 0.6722222222222223 0.028125 0.058333333333333334
0 0.8359375 0.20833333333333334 0.0140625 0.03611111111111111
0 0.7765625 0.7805555555555556 0.0671875 0.14722222222222223
0 0.6390625 0.16944444444444445 0.0140625 0.03611111111111111
0 0.7734375 0.3277777777777778 0.0328125 0.06666666666666667
0 0.875 0.8666666666666667 0.0671875 0.14722222222222223
0 0.9359375 0.2611111111111111 0.0328125 0.06666666666666667
0 0.3015625 0.22777777777777777 0.0140625 0.03611111111111111
0 0.4421875 0.75 0.0671875 0.14722222222222223
0 0.66875 0.8083333333333333 0.0671875 0.14722222222222223
0 0.9609375 0.28888888888888886 0.0328125 0.06666666666666667
0 0.6765625 0.28888888888888886 0.0328125 0.06666666666666667
0 0.9265625 0.46111111111111114 0.0328125 0.06666666666666667
0 0.740625 0.3638888888888889 0.0328125 0.06666666666666667
0 0.9109375 0.2 0.0140625 0.03611111111111111
0 0.8015625 0.3138888888888889 0.0328125 0.06666666666666667
0 0.2375 0.3 0.0328125 0.06666666666666667
0 0.8875 0.32222222222222224 0.0328125 0.06666666666666667
0 0.8453125 0.3277777777777778 0.0328125 0.06666666666666667
0 0.6828125 0.37222222222222223 0.0328125 0.06666666666666667
0 0.21875 0.2611111111111111 0.0328125 0.06666666666666667
0 0.078125 0.21944444444444444 0.0234375 0.05
0 0.2375 0.21388888888888888 0.0140625 0.03611111111111111
0 0.8046875 0.2361111111111111 0.0140625 0.03611111111111111
0 0.278125 0.175 0.0140625 0.03611111111111111
0 0.903125 0.2388888888888889 0.0140625 0.03611111111111111
0 0.2640625 0.31666666666666665 0.0328125 0.06666666666666667
0 0.3609375 0.19444444444444445 0.0140625 0.03611111111111111
0 0.7171875 0.24444444444444444 0.0140625 0.03611111111111111
