0 0.14096385542168674 0.8474358974358974 0.01325301204819277 0.03461538461538462
0 0.7602409638554217 0.5435897435897435 0.019879518072289156 0.05897435897435897
0 0.936144578313253 0.8884615384615384 0.019879518072289156 0.05897435897435897
0 0.696987951807229 0.8628205128205129 0.019879518072289156 0.05897435897435897
0 0.8759036144578313 0.4935897435897436 0.00963855421686747 0.041025641025641026
0 0.1819277108433735 0.46025641025641023 0.019879518072289156 0.05897435897435897
0 0.7114457831325302 0.9320512820512821 0.019879518072289156 0.05897435897435897
0 0.791566265060241 0.46025641025641023 0.019879518072289156 0.05897435897435897
0 0.9102409638554216 0.4217948717948718 0.019879518072289156 0.05897435897435897
0 0.7746987951807229 0.5333333333333333 0.009036144578313253 0.041025641025641026
0 0.7204819277108434 0.48717948717948717 0.019879518072289156 0.05897435897435897
0 0.34879518072289156 0.35384615384615387 0.0036144578313253013 0.010256410256410256
0 0.8216867469879519 0.6871794871794872 0.019879518072289156 0.05897435897435897
0 0.522289156626506 0.8782051282051282 0.019879518072289156 0.05897435897435897
0 0.7259036144578314 0.3435897435897436 0.004819277108433735 0.015384615384615385
0 0.803012048192771 0.5474358974358975 0.010843373493975903 0.046153846153846156
0 0.2463855421686747 0.8115384615384615 0.019879518072289156 0.05897435897435897
0 0.09457831325301205 0.5641025641025641 0.019879518072289156 0.05897435897435897
0 0.49337349397590363 0.37051282051282053 0.006626506024096385 0.03205128205128205
0 0.5698795180722892 0.8512820512820513 0.016265060240963854 0.05641025641025641
0 0.9349397590361446 0.5089743589743589 0.012650602409638554 0.04358974358974359
0 0.7349397590361446 0.4717948717948718 0.019879518072289156 0.05897435897435897
0 0.7349397590361446 0.367948717948718 0.019879518072289156 0.05897435897435897
0 0.9397590361445783 0.5794871794871795 0.019879518072289156 0.05897435897435897
0 0.15903614457831325 0.3525641025641026 0.00783132530120482 0.03076923076923077
0 0.7493975903614458 0.37564102564102564 0.006626506024096385 0.028205128205128206
0 0.813855421686747 0.782051282051282 0.019879518072289156 0.05897435897435897
0 0.20662650602409638 0.5423076923076923 0.0030120481927710845 0.016666666666666666
0 0.01144578313253012 0.34615384615384615 0.01325301204819277 0.023076923076923078
0 0.3530120481927711 0.5564102564102564 0.019879518072289156 0.05897435897435897
0 0.03253012048192771 0.8692307692307693 0.019879518072289156 0.05897435897435897
0 0.31987951807228915 0.7256410256410256 0.019879518072289156 0.05897435897435897
0 0.11927710843373494 0.5628205128205128 0.008433734939759036 0.03205128205128205
0 0.9271084337349398 0.35512820512820514 0.006626506024096385 0.03461538461538462
0 0.4102409638554217 0.36666666666666664 0.00783132530120482 0.04358974358974359
0 0.0927710843373494 0.514102564102564 0.01325301204819277 0.03205128205128205
0 0.8186746987951807 0.5717948717948718 0.019879518072289156 0.05897435897435897
0 0.8036144578313253 0.7192307692307692 0.019879518072289156 0.05897435897435897
0 0.6216867469879518 0.8282051282051283 0.01566265060240964 0.052564102564102565
0 0.05240963855421687 0.4717948717948718 0.019879518072289156 0.05897435897435897
