0 0.44176706827309237 0.3076923076923077 0.00535475234270415 0.02097902097902098
0 0.6813922356091031 0.6608391608391608 0.014725568942436412 0.055944055944055944
0 0.8969210174029452 0.1048951048951049 0.00535475234270415 0.02097902097902098
0 0.1539491298527443 0.06293706293706294 0.00535475234270415 0.02097902097902098
0 0.18607764390896922 0.06993006993006994 0.00535475234270415 0.02097902097902098
0 0.3668005354752343 0.1958041958041958 0.00535475234270415 0.02097902097902098
0 0.5930388219544847 0.08741258741258741 0.00535475234270415 0.02097902097902098
0 0.8406961178045516 0.13286713286713286 0.00535475234270415 0.02097902097902098
0 0.285140562248996 0.8986013986013986 0.014725568942436412 0.055944055944055944
0 0.2784471218206158 0.13286713286713286 0.00535475234270415 0.02097902097902098
0 0.9866131191432396 0.6923076923076923 0.014725568942436412 0.055944055944055944
0 0.7108433734939759 0.045454545454545456 0.00535475234270415 0.02097902097902098
0 0.4819277108433735 0.8041958041958042 0.014725568942436412 0.055944055944055944
0 0.250334672021419 0.3356643356643357 0.00535475234270415 0.02097902097902098
0 0.24765729585006693 0.21328671328671328 0.00535475234270415 0.02097902097902098
0 0.3748326639892905 0.28321678321678323 0.00535475234270415 0.02097902097902098
0 0.8045515394912985 0.6678321678321678 0.014725568942436412 0.055944055944055944
0 0.6639892904953146 0.9475524475524476 0.014725568942436412 0.055944055944055944
0 0.2597054886211513 0.35664335664335667 0.00535475234270415 0.02097902097902098
0 0.3373493975903614 0.1888111888111888 0.00535475234270415 0.02097902097902098
0 0.32262382864792505 0.0944055944055944 0.00535475234270415 0.02097902097902098
0 0.32262382864792505 0.038461538461538464 0.00535475234270415 0.02097902097902098
0 0.10575635876840696 0.6398601398601399 0.012048192771084338 0.04195804195804196
0 0.030789825970548863 0.34965034965034963 0.00535475234270415 0.02097902097902098
0 0.40160642570281124 0.8916083916083916 0.014725568942436412 0.055944055944055944
0 0.42302543507362783 0.25524475524475526 0.00535475234270415 0.02097902097902098
0 0.8688085676037484 0.8216783216783217 0.014725568942436412 0.055944055944055944
0 0.3038821954484605 0.2937062937062937 0.00535475234270415 0.02097902097902098
0 0.3172690763052209 0.11188811188811189 0.00535475234270415 0.02097902097902098
0 0.00535475234270415 0.6398601398601399 0.012048192771084338 0.04195804195804196
0 0.1927710843373494 0.583916083916084 0.012048192771084338 0.04195804195804196
0 0.9036144578313253 0.951048951048951 0.014725568942436412 0.055944055944055944
0 0.464524765729585 0.26573426573426573 0.00535475234270415 0.02097902097902098
0 0.26506024096385544 0.08391608391608392 0.00535475234270415 0.02097902097902098
0 0.47121820615796517 0.1258741258741259 0.00535475234270415 0.02097902097902098
0 0.004016064257028112 0.10139860139860139 0.00535475234270415 0.02097902097902098
0 0.6800535475234271 0.05944055944055944 0.00535475234270415 0.02097902097902098
0 0.4484605087014726 0.8391608391608392 0.014725568942436412 0.055944055944055944
0 0.0428380187416332 0.2762237762237762 0.00535475234270415 0.02097902097902098
0 0.5033467202141901 0.08391608391608392 0.00535475234270415 0.02097902097902098
0 0.4524765729585007 0.0944055944055944 0.00535475234270415 0.02097902097902098
0 0.9089692101740294 0.7307692307692307 0.014725568942436412 0.055944055944055944
0 0.03480589022757698 0.3146853146853147 0.00535475234270415 0.02097902097902098
0 0.11244979919678715 0.506993006993007 0.012048192771084338 0.04195804195804196
0 0.9839357429718876 0.21678321678321677 0.00535475234270415 0.02097902097902098
0 0.7523427041499331 0.038461538461538464 0.00535475234270415 0.02097902097902098
0 0.8032128514056225 0.13986013986013987 0.00535475234270415 0.02097902097902098
0 0.7443105756358769 0.045454545454545456 0.00535475234270415 0.02097902097902098
0 0.19410977242302543 0.34265734265734266 0.00535475234270415 0.02097902097902098
0 0.9170013386880856 0.5874125874125874 0.014725568942436412 0.055944055944055944
0 0.36412315930388217 0.28321678321678323 0.00535475234270415 0.02097902097902098
0 0.9049531459170014 0.07342657342657342 0.00535475234270415 0.02097902097902098
0 0.32396251673360105 0.1888111888111888 0.00535475234270415 0.02097902097902098
0 0.321285140562249 0.06293706293706294 0.00535475234270415 0.02097902097902098
0 0.41231593038821956 0.23426573426573427 0.00535475234270415 0.02097902097902098
0 0.6626506024096386 0.055944055944055944 0.00535475234270415 0.02097902097902098
0 0.2918340026773762 0.6608391608391608 0.014725568942436412 0.055944055944055944
0 0.7175368139223561 0.6398601398601399 0.014725568942436412 0.055944055944055944
0 0.19009370816599733 0.11888111888111888 0.00535475234270415 0.02097902097902098
0 0.2744310575635877 0.22377622377622378 0.00535475234270415 0.02097902097902098
0 0.34805890227576974 0.1993006993006993 0.00535475234270415 0.02097902097902098
0 0.9571619812583668 0.33916083916083917 0.00535475234270415 0.02097902097902098
0 0.10843373493975904 0.22377622377622378 0.00535475234270415 0.02097902097902098
0 0.7336010709504686 0.04195804195804196 0.00535475234270415 0.02097902097902098
0 0.8848728246318608 0.916083916083916 0.014725568942436412 0.055944055944055944
0 0.05756358768406961 0.916083916083916 0.012048192771084338 0.04195804195804196
0 0.820615796519411 0.045454545454545456 0.00535475234270415 0.02097902097902098
0 0.3949129852744311 0.0944055944055944 0.00535475234270415 0.02097902097902098
0 0.6760374832663989 0.8006993006993007 0.014725568942436412 0.055944055944055944
0 0.9076305220883534 0.038461538461538464 0.00535475234270415 0.02097902097902098
0 0.3989290495314592 0.7727272727272727 0.014725568942436412 0.055944055944055944
0 0.025435073627844713 0.6013986013986014 0.012048192771084338 0.04195804195804196
0 0.2838018741633199 0.3041958041958042 0.00535475234270415 0.02097902097902098
0 0.13253012048192772 0.26573426573426573 0.00535475234270415 0.02097902097902098
0 0.05488621151271754 0.26573426573426573 0.00535475234270415 0.02097902097902098
0 0.08032128514056225 0.14685314685314685 0.00535475234270415 0.02097902097902098
0 0.47523427041499333 0.28321678321678323 0.00535475234270415 0.02097902097902098
0 0.677376171352075 0.03146853146853147 0.00535475234270415 0.02097902097902098
0 0.6599732262382865 0.993006993006993 0.014725568942436412 0.055944055944055944
0 0.11914323962516733 0.11888111888111888 0.00535475234270415 0.02097902097902098
0 0.5676037483266398 0.8251748251748252 0.014725568942436412 0.055944055944055944
0 0.2931726907630522 0.07692307692307693 0.00535475234270415 0.02097902097902098
0 0.46184738955823296 0.06643356643356643 0.00535475234270415 0.02097902097902098
0 0.8045515394912985 0.04195804195804196 0.00535475234270415 0.02097902097902098
0 0.9518072289156626 0.9125874125874126 0.014725568942436412 0.055944055944055944
0 0.39759036144578314 0.1853146853146853 0.00535475234270415 0.02097902097902098
0 0.85809906291834 0.14685314685314685 0.00535475234270415 0.02097902097902098
0 0.37215528781793844 0.12237762237762238 0.00535475234270415 0.02097902097902098
0 0.6452476572958501 0.08741258741258741 0.00535475234270415 0.02097902097902098
0 0.8393574297188755 0.8426573426573427 0.014725568942436412 0.055944055944055944
0 0.5153949129852744 0.09090909090909091 0.00535475234270415 0.02097902097902098
0 0.1753681392235609 0.25874125874125875 0.00535475234270415 0.02097902097902098
0 0.5033467202141901 0.17832167832167833 0.00535475234270415 0.02097902097902098
0 0.3373493975903614 0.32867132867132864 0.00535475234270415 0.02097902097902098
0 0.8647925033467202 0.6538461538461539 0.014725568942436412 0.055944055944055944
0 0.12717536813922356 0.10839160839160839 0.00535475234270415 0.02097902097902098
0 0.5903614457831325 0.9195804195804196 0.014725568942436412 0.055944055944055944
0 0.2878179384203481 0.17832167832167833 0.00535475234270415 0.02097902097902098
0 0.7202141900937081 0.7552447552447552 0.014725568942436412 0.055944055944055944
0 0.6358768406961178 0.04895104895104895 0.00535475234270415 0.02097902097902098
0 0.8634538152610441 0.055944055944055944 0.00535475234270415 0.02097902097902098
0 0.05622489959839357 0.5034965034965035 0.012048192771084338 0.04195804195804196
0 0.08835341365461848 0.2727272727272727 0.00535475234270415 0.02097902097902098
0 0.47121820615796517 0.16083916083916083 0.00535475234270415 0.02097902097902098
0 0.3708165997322624 0.23426573426573427 0.00535475234270415 0.02097902097902098
0 0.9839357429718876 0.6293706293706294 0.014725568942436412 0.055944055944055944
0 0.8888888888888888 0.6363636363636364 0.014725568942436412 0.055944055944055944
0 0.33065595716198126 0.23426573426573427 0.00535475234270415 0.02097902097902098
0 0.48058902275769744 0.25874125874125875 0.00535475234270415 0.02097902097902098
0 0.26639892904953144 0.06293706293706294 0.00535475234270415 0.02097902097902098
0 0.31994645247657294 0.2202797202797203 0.00535475234270415 0.02097902097902098
0 0.4819277108433735 0.04895104895104895 0.00535475234270415 0.02097902097902098
0 0.44712182061579653 0.8881118881118881 0.014725568942436412 0.055944055944055944
0 0.37349397590361444 0.2517482517482518 0.00535475234270415 0.02097902097902098
0 0.038821954484605084 0.541958041958042 0.012048192771084338 0.04195804195804196
0 0.29049531459170014 0.03496503496503497 0.00535475234270415 0.02097902097902098
0 0.46586345381526106 0.2062937062937063 0.00535475234270415 0.02097902097902098
0 0.9344042838018741 0.23076923076923078 0.00535475234270415 0.02097902097902098
0 0.15528781793842034 0.7727272727272727 0.012048192771084338 0.04195804195804196
0 0.4497991967871486 0.23776223776223776 0.00535475234270415 0.02097902097902098
0 0.5582329317269076 0.7482517482517482 0.014725568942436412 0.055944055944055944
0 0.018741633199464525 0.8916083916083916 0.012048192771084338 0.04195804195804196
0 0.30254350736278446 0.05944055944055944 0.00535475234270415 0.02097902097902098
0 0.4779116465863454 0.06993006993006994 0.00535475234270415 0.02097902097902098
0 0.37617135207496655 0.07342657342657342 0.00535475234270415 0.02097902097902098
0 0.3895582329317269 0.25524475524475526 0.00535475234270415 0.02097902097902098
0 0.008032128514056224 0.6888111888111889 0.012048192771084338 0.04195804195804196
0 0.606425702811245 0.8251748251748252 0.014725568942436412 0.055944055944055944
0 0.7751004016064257 0.7027972027972028 0.014725568942436412 0.055944055944055944
0 0.9799196787148594 0.5734265734265734 0.014725568942436412 0.055944055944055944
0 0.5836680053547524 0.04195804195804196 0.00535475234270415 0.02097902097902098
0 0.030789825970548863 0.17132867132867133 0.00535475234270415 0.02097902097902098
0 0.40562248995983935 0.2062937062937063 0.00535475234270415 0.02097902097902098
0 0.39759036144578314 0.13636363636363635 0.00535475234270415 0.02097902097902098
0 0.8340026773761714 0.6153846153846154 0.014725568942436412 0.055944055944055944
0 0.9143239625167336 0.9055944055944056 0.014725568942436412 0.055944055944055944
0 0.3614457831325301 0.8916083916083916 0.014725568942436412 0.055944055944055944
0 0.012048192771084338 0.22727272727272727 0.00535475234270415 0.02097902097902098
0 0.09906291834002677 0.23776223776223776 0.00535475234270415 0.02097902097902098
0 0.6519410977242303 0.6643356643356644 0.014725568942436412 0.055944055944055944
0 0.26506024096385544 0.027972027972027972 0.00535475234270415 0.02097902097902098
0 0.30522088353413657 0.11888111888111888 0.00535475234270415 0.02097902097902098
0 0.8380187416331994 0.10839160839160839 0.00535475234270415 0.02097902097902098
0 0.3319946452476573 0.16783216783216784 0.00535475234270415 0.02097902097902098
0 0.3654618473895582 0.2202797202797203 0.00535475234270415 0.02097902097902098
0 0.11512717536813923 0.15384615384615385 0.00535475234270415 0.02097902097902098
0 0.48460508701472554 0.8811188811188811 0.014725568942436412 0.055944055944055944
0 0.20481927710843373 0.03146853146853147 0.00535475234270415 0.02097902097902098
0 0.3668005354752343 0.14685314685314685 0.00535475234270415 0.02097902097902098
0 0.04685408299866131 0.11888111888111888 0.00535475234270415 0.02097902097902098
0 0.01606425702811245 0.04895104895104895 0.00535475234270415 0.02097902097902098
0 0.30254350736278446 0.08741258741258741 0.00535475234270415 0.02097902097902098
0 0.10040160642570281 0.04895104895104895 0.00535475234270415 0.02097902097902098
0 0.35876840696117807 0.17132867132867133 0.00535475234270415 0.02097902097902098
0 0.3253012048192771 0.2867132867132867 0.00535475234270415 0.02097902097902098
0 0.5033467202141901 0.951048951048951 0.014725568942436412 0.055944055944055944
0 0.5247657295850067 0.07692307692307693 0.00535475234270415 0.02097902097902098
0 0.9236947791164659 0.6573426573426573 0.014725568942436412 0.055944055944055944
0 0.9183400267737617 0.06993006993006994 0.00535475234270415 0.02097902097902098
0 0.5635876840696118 0.04195804195804196 0.00535475234270415 0.02097902097902098
0 0.5609103078982597 0.06293706293706294 0.00535475234270415 0.02097902097902098
0 0.2998661311914324 0.15734265734265734 0.00535475234270415 0.02097902097902098
0 0.23962516733601072 0.36013986013986016 0.00535475234270415 0.02097902097902098
0 0.41767068273092367 0.03496503496503497 0.00535475234270415 0.02097902097902098
0 0.8674698795180723 0.08391608391608392 0.00535475234270415 0.02097902097902098
0 0.4444444444444444 0.7377622377622378 0.014725568942436412 0.055944055944055944
0 0.41365461847389556 0.1048951048951049 0.00535475234270415 0.02097902097902098
0 0.4966532797858099 0.038461538461538464 0.00535475234270415 0.02097902097902098
0 0.3507362784471218 0.13636363636363635 0.00535475234270415 0.02097902097902098
0 0.41633199464524767 0.8636363636363636 0.014725568942436412 0.055944055944055944
0 0.33467202141900937 0.06993006993006994 0.00535475234270415 0.02097902097902098
0 0.1646586345381526 0.2902097902097902 0.00535475234270415 0.02097902097902098
0 0.5943775100401606 0.05944055944055944 0.00535475234270415 0.02097902097902098
0 0.2637215528781794 0.3181818181818182 0.00535475234270415 0.02097902097902098
0 0.41231593038821956 0.07692307692307693 0.00535475234270415 0.02097902097902098
0 0.3467202141900937 0.10139860139860139 0.00535475234270415 0.02097902097902098
0 0.46184738955823296 0.0944055944055944 0.00535475234270415 0.02097902097902098
0 0.8139223560910308 0.06993006993006994 0.00535475234270415 0.02097902097902098
0 0.5475234270414994 0.05944055944055944 0.00535475234270415 0.02097902097902098
0 0.018741633199464525 0.4230769230769231 0.008032128514056224 0.03146853146853147
0 0.4323962516733601 0.24475524475524477 0.00535475234270415 0.02097902097902098
0 0.38018741633199465 0.12937062937062938 0.00535475234270415 0.02097902097902098
0 0.4069611780455154 0.25524475524475526 0.00535475234270415 0.02097902097902098
0 0.4738955823293173 0.03496503496503497 0.00535475234270415 0.02097902097902098
0 0.8406961178045516 0.6608391608391608 0.014725568942436412 0.055944055944055944
0 0.07095046854082998 0.2762237762237762 0.00535475234270415 0.02097902097902098
0 0.5595716198125836 0.0944055944055944 0.00535475234270415 0.02097902097902098
0 0.8447121820615796 0.07692307692307693 0.00535475234270415 0.02097902097902098
0 0.004016064257028112 0.2517482517482518 0.00535475234270415 0.02097902097902098
0 0.14056224899598393 0.23776223776223776 0.00535475234270415 0.02097902097902098
0 0.2784471218206158 0.993006993006993 0.014725568942436412 0.055944055944055944
0 0.47657295850066933 0.7412587412587412 0.014725568942436412 0.055944055944055944
0 0.08969210174029452 0.0979020979020979 0.00535475234270415 0.02097902097902098
0 0.13520749665327977 0.045454545454545456 0.00535475234270415 0.02097902097902098
0 0.49531459170013387 0.0979020979020979 0.00535475234270415 0.02097902097902098
0 0.9022757697456493 0.18181818181818182 0.00535475234270415 0.02097902097902098
0 0.4886211512717537 0.16433566433566432 0.00535475234270415 0.02097902097902098
0 0.3253012048192771 0.15384615384615385 0.00535475234270415 0.02097902097902098
0 0.060240963855421686 0.22727272727272727 0.00535475234270415 0.02097902097902098
0 0.9491298527443106 0.583916083916084 0.014725568942436412 0.055944055944055944
0 0.9397590361445783 0.14685314685314685 0.00535475234270415 0.02097902097902098
0 0.5127175368139224 0.26573426573426573 0.00535475234270415 0.02097902097902098
0 0.4029451137884873 0.965034965034965 0.014725568942436412 0.055944055944055944
0 0.06693440428380187 0.1993006993006993 0.00535475234270415 0.02097902097902098
0 0.7576974564926372 0.06643356643356643 0.00535475234270415 0.02097902097902098
0 0.2556894243641232 0.12237762237762238 0.00535475234270415 0.02097902097902098
0 0.392235609103079 0.06643356643356643 0.00535475234270415 0.02097902097902098
0 0.0749665327978581 0.17482517482517482 0.00535475234270415 0.02097902097902098
0 0.8701472556894244 0.038461538461538464 0.00535475234270415 0.02097902097902098
0 0.31860776439089694 0.9685314685314685 0.014725568942436412 0.055944055944055944
0 0.5756358768406962 0.07692307692307693 0.00535475234270415 0.02097902097902098
0 0.13119143239625167 0.07342657342657342 0.00535475234270415 0.02097902097902098
0 0.6184738955823293 0.4825174825174825 0.014725568942436412 0.055944055944055944
0 0.3507362784471218 0.07692307692307693 0.00535475234270415 0.02097902097902098
0 0.1753681392235609 0.2097902097902098 0.00535475234270415 0.02097902097902098
0 0.6720214190093708 0.7482517482517482 0.014725568942436412 0.055944055944055944
0 0.9745649263721553 0.8881118881118881 0.014725568942436412 0.055944055944055944
0 0.24899598393574296 0.1853146853146853 0.00535475234270415 0.02097902097902098
0 0.3788487282463186 0.045454545454545456 0.00535475234270415 0.02097902097902098
0 0.4390896921017403 0.16433566433566432 0.00535475234270415 0.02097902097902098
0 0.8514056224899599 0.03146853146853147 0.00535475234270415 0.02097902097902098
0 0.9879518072289156 0.04895104895104895 0.00535475234270415 0.02097902097902098
0 0.3119143239625167 0.2517482517482518 0.00535475234270415 0.02097902097902098
0 0.3654618473895582 0.10139860139860139 0.00535475234270415 0.02097902097902098
0 0.5153949129852744 0.7342657342657343 0.014725568942436412 0.055944055944055944
0 0.9678714859437751 0.18181818181818182 0.00535475234270415 0.02097902097902098
0 0.4431057563587684 0.1993006993006993 0.00535475234270415 0.02097902097902098
0 0.020080321285140562 0.03146853146853147 0.00535475234270415 0.02097902097902098
0 0.3333333333333333 0.03496503496503497 0.00535475234270415 0.02097902097902098
0 0.15930388219544847 0.045454545454545456 0.00535475234270415 0.02097902097902098
0 0.24765729585006693 0.24475524475524477 0.00535475234270415 0.02097902097902098
0 0.8808567603748326 0.12237762237762238 0.00535475234270415 0.02097902097902098
0 0.8714859437751004 0.5944055944055944 0.014725568942436412 0.055944055944055944
0 0.7617135207496654 0.8496503496503497 0.014725568942436412 0.055944055944055944
0 0.31459170013386883 0.08391608391608392 0.00535475234270415 0.02097902097902098
0 0.40562248995983935 0.3321678321678322 0.00535475234270415 0.02097902097902098
0 0.6492637215528781 0.05244755244755245 0.00535475234270415 0.02097902097902098
0 0.9558232931726908 0.06993006993006994 0.00535475234270415 0.02097902097902098
0 0.8246318607764391 0.08041958041958042 0.00535475234270415 0.02097902097902098
0 0.4497991967871486 0.965034965034965 0.014725568942436412 0.055944055944055944
0 0.9544846050870147 0.14335664335664336 0.00535475234270415 0.02097902097902098
0 0.01740294511378849 0.1993006993006993 0.00535475234270415 0.02097902097902098
0 0.607764390896921 0.06993006993006994 0.00535475234270415 0.02097902097902098
0 0.9705488621151271 0.06643356643356643 0.00535475234270415 0.02097902097902098
0 0.11244979919678715 0.17832167832167833 0.00535475234270415 0.02097902097902098
0 0.32262382864792505 0.25524475524475526 0.00535475234270415 0.02097902097902098
0 0.8032128514056225 0.8671328671328671 0.014725568942436412 0.055944055944055944
0 0.24497991967871485 0.024475524475524476 0.00535475234270415 0.02097902097902098
0 0.7751004016064257 0.6538461538461539 0.014725568942436412 0.055944055944055944
0 0.9745649263721553 0.7027972027972028 0.014725568942436412 0.055944055944055944
0 0.9571619812583668 0.6433566433566433 0.014725568942436412 0.055944055944055944
0 0.2971887550200803 0.6083916083916084 0.014725568942436412 0.055944055944055944
0 0.5435073627844712 0.7552447552447552 0.014725568942436412 0.055944055944055944
0 0.6572958500669344 0.03496503496503497 0.00535475234270415 0.02097902097902098
0 0.35475234270414996 0.2902097902097902 0.00535475234270415 0.02097902097902098
0 0.3092369477911647 0.17832167832167833 0.00535475234270415 0.02097902097902098
0 0.3319946452476573 0.8566433566433567 0.014725568942436412 0.055944055944055944
0 0.0428380187416332 0.09090909090909091 0.00535475234270415 0.02097902097902098
0 0.9839357429718876 0.12237762237762238 0.00535475234270415 0.02097902097902098
0 0.43775100401606426 0.28321678321678323 0.00535475234270415 0.02097902097902098
0 0.29852744310575635 0.19230769230769232 0.00535475234270415 0.02097902097902098
0 0.35207496653279785 0.045454545454545456 0.00535475234270415 0.02097902097902098
0 0.3253012048192771 0.3706293706293706 0.00535475234270415 0.02097902097902098
0 0.3386880856760375 0.22377622377622378 0.00535475234270415 0.02097902097902098
0 0.22356091030789826 0.3006993006993007 0.00535475234270415 0.02097902097902098
0 0.5850066934404283 0.35664335664335667 0.00535475234270415 0.02097902097902098
0 0.33467202141900937 0.7832167832167832 0.014725568942436412 0.055944055944055944
0 0.1392235609103079 0.21678321678321677 0.00535475234270415 0.02097902097902098
0 0.25167336010709507 0.15034965034965034 0.00535475234270415 0.02097902097902098
0 0.7737617135207496 0.045454545454545456 0.00535475234270415 0.02097902097902098
0 0.5568942436412316 0.9370629370629371 0.014725568942436412 0.055944055944055944
0 0.7871485943775101 0.03146853146853147 0.00535475234270415 0.02097902097902098
0 0.26907630522088355 0.16083916083916083 0.00535475234270415 0.02097902097902098
0 0.2971887550200803 0.24125874125874125 0.00535475234270415 0.02097902097902098
0 0.41633199464524767 0.17482517482517482 0.00535475234270415 0.02097902097902098
0 0.15127175368139223 0.16433566433566432 0.00535475234270415 0.02097902097902098
0 0.428380187416332 0.05944055944055944 0.00535475234270415 0.02097902097902098
0 0.5167336010709505 0.7762237762237763 0.014725568942436412 0.055944055944055944
0 0.5060240963855421 0.045454545454545456 0.00535475234270415 0.02097902097902098
0 0.5180722891566265 0.03496503496503497 0.00535475234270415 0.02097902097902098
0 0.11244979919678715 0.1993006993006993 0.00535475234270415 0.02097902097902098
0 0.19678714859437751 0.05944055944055944 0.00535475234270415 0.02097902097902098
0 0.8112449799196787 0.5979020979020979 0.014725568942436412 0.055944055944055944
0 0.9303882195448461 0.08741258741258741 0.00535475234270415 0.02097902097902098
0 0.17670682730923695 0.23076923076923078 0.00535475234270415 0.02097902097902098
0 0.26506024096385544 0.21328671328671328 0.00535475234270415 0.02097902097902098
0 0.38018741633199465 0.3181818181818182 0.00535475234270415 0.02097902097902098
0 0.3279785809906292 0.03146853146853147 0.00535475234270415 0.02097902097902098
0 0.4203480589022758 0.21678321678321677 0.00535475234270415 0.02097902097902098
0 0.5461847389558233 0.03146853146853147 0.00535475234270415 0.02097902097902098
0 0.1927710843373494 0.10139860139860139 0.00535475234270415 0.02097902097902098
0 0.42704149933065594 0.3986013986013986 0.00535475234270415 0.02097902097902098
0 0.5301204819277109 0.10139860139860139 0.00535475234270415 0.02097902097902098
0 0.4109772423025435 0.13636363636363635 0.00535475234270415 0.02097902097902098
0 0.7081659973226239 0.8811188811188811 0.014725568942436412 0.055944055944055944
0 0.9384203480589023 0.055944055944055944 0.00535475234270415 0.02097902097902098
0 0.18072289156626506 0.15734265734265734 0.00535475234270415 0.02097902097902098
0 0.9330655957161981 0.6958041958041958 0.014725568942436412 0.055944055944055944
0 0.9879518072289156 0.09090909090909091 0.00535475234270415 0.02097902097902098
0 0.5046854082998661 0.21678321678321677 0.00535475234270415 0.02097902097902098
0 0.14457831325301204 0.16083916083916083 0.00535475234270415 0.02097902097902098
0 0.3534136546184739 0.24475524475524477 0.00535475234270415 0.02097902097902098
0 0.2958500669344043 0.1258741258741259 0.00535475234270415 0.02097902097902098
0 0.42971887550200805 0.11888111888111888 0.00535475234270415 0.02097902097902098
0 0.7643908969210174 0.7657342657342657 0.014725568942436412 0.055944055944055944
0 0.5461847389558233 0.09090909090909091 0.00535475234270415 0.02097902097902098
0 0.5287817938420348 0.05944055944055944 0.00535475234270415 0.02097902097902098
0 0.48058902275769744 0.14685314685314685 0.00535475234270415 0.02097902097902098
0 0.06157965194109773 0.7797202797202797 0.012048192771084338 0.04195804195804196
0 0.0013386880856760374 0.46503496503496505 0.008032128514056224 0.03146853146853147
0 0.2222222222222222 0.3181818181818182 0.00535475234270415 0.02097902097902098
0 0.7001338688085676 0.11188811188811189 0.00535475234270415 0.02097902097902098
0 0.2824631860776439 0.3776223776223776 0.00535475234270415 0.02097902097902098
0 0.36010709504685406 0.25874125874125875 0.00535475234270415 0.02097902097902098
0 0.3895582329317269 0.17832167832167833 0.00535475234270415 0.02097902097902098
0 0.5448460508701473 0.15734265734265734 0.00535475234270415 0.02097902097902098
0 0.42168674698795183 0.2867132867132867 0.00535475234270415 0.02097902097902098
0 0.7362784471218207 0.6993006993006993 0.014725568942436412 0.055944055944055944
0 0.8808567603748326 0.19230769230769232 0.00535475234270415 0.02097902097902098
0 0.4859437751004016 0.1958041958041958 0.00535475234270415 0.02097902097902098
0 0.3038821954484605 0.32167832167832167 0.00535475234270415 0.02097902097902098
0 0.5033467202141901 0.14685314685314685 0.00535475234270415 0.02097902097902098
0 0.20481927710843373 0.06993006993006994 0.00535475234270415 0.02097902097902098
0 0.6251673360107095 0.08041958041958042 0.00535475234270415 0.02097902097902098
0 0.4404283801874163 0.09090909090909091 0.00535475234270415 0.02097902097902098
0 0.9451137884872824 0.04195804195804196 0.00535475234270415 0.02097902097902098
0 0.36813922356091033 0.7692307692307693 0.014725568942436412 0.055944055944055944
0 0.6599732262382865 0.08391608391608392 0.00535475234270415 0.02097902097902098
0 0.16198125836680052 0.09090909090909091 0.00535475234270415 0.02097902097902098
0 0.8848728246318608 0.06643356643356643 0.00535475234270415 0.02097902097902098
