0 0.5324675324675324 0.5422077922077922 0.015151515151515152 0.025974025974025976
0 0.36363636363636365 0.5844155844155844 0.015151515151515152 0.025974025974025976
0 0.8506493506493507 0.6915584415584416 0.03463203463203463 0.05194805194805195
0 0.7835497835497836 0.4805194805194805 0.012987012987012988 0.022727272727272728
0 0.4155844155844156 0.5551948051948052 0.015151515151515152 0.025974025974025976
0 0.9675324675324676 0.5876623376623377 0.012987012987012988 0.022727272727272728
0 0.7359307359307359 0.6168831168831169 0.012987012987012988 0.022727272727272728
0 0.5454545454545454 0.538961038961039 0.015151515151515152 0.025974025974025976
0 0.2857142857142857 0.5909090909090909 0.015151515151515152 0.025974025974025976
0 0.1406926406926407 0.5941558441558441 0.010822510822510822 0.016233766233766232
0 0.3181818181818182 0.6331168831168831 0.02813852813852814 0.048701298701298704
0 0.41774891774891776 0.5974025974025974 0.015151515151515152 0.025974025974025976
0 0.4264069264069264 0.5324675324675324 0.015151515151515152 0.025974025974025976
0 0.35714285714285715 0.5909090909090909 0.015151515151515152 0.025974025974025976
0 0.5887445887445888 0.5746753246753247 0.015151515151515152 0.025974025974025976
0 0.577922077922078 0.5194805194805194 0.015151515151515152 0.025974025974025976
0 0.6623376623376623 0.5941558441558441 0.012987012987012988 0.022727272727272728
0 0.461038961038961 0.538961038961039 0.015151515151515152 0.025974025974025976
0 0.05844155844155844 0.5876623376623377 0.010822510822510822 0.016233766233766232
0 0.010822510822510822 0.5876623376623377 0.010822510822510822 0.016233766233766232
