0 0.6555555555555556 0.3917525773195876 0.04111111111111111 0.08100147275405008
0 0.6833333333333333 0.39764359351988215 0.0044444444444444444 0.005891016200294551
0 0.8811111111111111 0.36229749631811486 0.04111111111111111 0.08100147275405008
0 0.9566666666666667 0.43446244477172313 0.01 0.016200294550810016
0 0.14 0.40353460972017674 0.015555555555555555 0.023564064801178203
0 0.8144444444444444 0.4050073637702504 0.006666666666666667 0.007363770250368188
0 0.4688888888888889 0.2916053019145803 0.06333333333333334 0.10456553755522828
0 0.7788888888888889 0.40942562592047127 0.006666666666666667 0.007363770250368188
0 0.09666666666666666 0.3799705449189985 0.06333333333333334 0.10456553755522828
0 0.5855555555555556 0.34609720176730485 0.06333333333333334 0.10456553755522828
0 0.26 0.33726067746686306 0.06333333333333334 0.10456553755522828
0 0.99 0.43446244477172313 0.01 0.016200294550810016
0 0.7377777777777778 0.4020618556701031 0.04111111111111111 0.08100147275405008
0 0.8955555555555555 0.4212076583210604 0.01 0.016200294550810016
0 0.3377777777777778 0.28865979381443296 0.06333333333333334 0.10456553755522828
