0 0.0771484375 0.6205962059620597 0.0263671875 0.04200542005420054
0 0.2216796875 0.5948509485094851 0.0263671875 0.04200542005420054
0 0.8740234375 0.058265582655826556 0.009765625 0.008130081300813009
0 0.609375 0.3888888888888889 0.0185546875 0.02981029810298103
0 0.7939453125 0.1043360433604336 0.009765625 0.008130081300813009
0 0.68359375 0.31978319783197834 0.0185546875 0.02981029810298103
0 0.3603515625 0.47696476964769646 0.0185546875 0.02981029810298103
0 0.333984375 0.43224932249322495 0.0185546875 0.02981029810298103
0 0.0576171875 0.4349593495934959 0.0185546875 0.02981029810298103
0 0.537109375 0.6327913279132791 0.0263671875 0.04200542005420054
0 0.30859375 0.592140921409214 0.0263671875 0.04200542005420054
0 0.455078125 0.48509485094850946 0.0185546875 0.02981029810298103
0 0.431640625 0.41192411924119243 0.0185546875 0.02981029810298103
0 0.634765625 0.3875338753387534 0.0185546875 0.02981029810298103
0 0.2919921875 0.556910569105691 0.0263671875 0.04200542005420054
0 0.375 0.45934959349593496 0.0185546875 0.02981029810298103
0 0.248046875 0.6775067750677507 0.0263671875 0.04200542005420054
0 0.4267578125 0.32791327913279134 0.0185546875 0.02981029810298103
0 0.9365234375 0.09078590785907859 0.009765625 0.008130081300813009
0 0.0185546875 0.5555555555555556 0.0224609375 0.04200542005420054
0 0.70703125 0.0975609756097561 0.009765625 0.008130081300813009
0 0.3359375 0.513550135501355 0.0263671875 0.04200542005420054
0 0.1220703125 0.6815718157181572 0.0263671875 0.04200542005420054
0 0.4052734375 0.5636856368563685 0.0263671875 0.04200542005420054
0 0.173828125 0.19647696476964768 0.0185546875 0.02981029810298103
0 0.4970703125 0.33062330623306235 0.0185546875 0.02981029810298103
0 0.7001953125 0.06097560975609756 0.009765625 0.008130081300813009
0 0.5888671875 0.3861788617886179 0.0185546875 0.02981029810298103
0 0.365234375 0.518970189701897 0.0263671875 0.04200542005420054
0 0.4248046875 0.5040650406504065 0.0263671875 0.04200542005420054
0 0.7939453125 0.6382113821138211 0.0263671875 0.04200542005420054
0 0.94140625 0.6436314363143631 0.0263671875 0.04200542005420054
0 0.599609375 0.5149051490514905 0.0263671875 0.04200542005420054
0 0.1748046875 0.2764227642276423 0.0185546875 0.02981029810298103
0 0.4453125 0.505420054200542 0.0263671875 0.04200542005420054
0 0.30078125 0.4146341463414634 0.0185546875 0.02981029810298103
0 0.009765625 0.2804878048780488 0.0126953125 0.025745257452574527
0 0.6474609375 0.4051490514905149 0.0185546875 0.02981029810298103
0 0.5244140625 0.33062330623306235 0.0185546875 0.02981029810298103
0 0.1484375 0.5487804878048781 0.0263671875 0.04200542005420054
0 0.5498046875 0.5772357723577236 0.0263671875 0.04200542005420054
0 0.259765625 0.5284552845528455 0.0263671875 0.04200542005420054
0 0.0810546875 0.592140921409214 0.0263671875 0.04200542005420054
0 0.3974609375 0.491869918699187 0.0263671875 0.04200542005420054
0 0.419921875 0.43089430894308944 0.0185546875 0.02981029810298103
0 0.09375 0.1937669376693767 0.0185546875 0.02981029810298103
0 0.3876953125 0.42005420054200543 0.0185546875 0.02981029810298103
0 0.9267578125 0.05962059620596206 0.009765625 0.008130081300813009
0 0.615234375 0.44715447154471544 0.0185546875 0.02981029810298103
0 0.6181640625 0.24796747967479674 0.0185546875 0.02981029810298103
0 0.66796875 0.06910569105691057 0.009765625 0.008130081300813009
0 0.4951171875 0.38482384823848237 0.0185546875 0.02981029810298103
0 0.5634765625 0.4905149051490515 0.0263671875 0.04200542005420054
0 0.4521484375 0.3604336043360434 0.0185546875 0.02981029810298103
0 0.4609375 0.4254742547425474 0.0185546875 0.02981029810298103
0 0.3466796875 0.34959349593495936 0.0185546875 0.02981029810298103
0 0.8935546875 0.5799457994579946 0.0263671875 0.04200542005420054
0 0.287109375 0.46070460704607047 0.0185546875 0.02981029810298103
0 0.7314453125 0.3821138211382114 0.0185546875 0.02981029810298103
0 0.693359375 0.3997289972899729 0.0185546875 0.02981029810298103
0 0.1962890625 0.4363143631436314 0.0185546875 0.02981029810298103
0 0.1630859375 0.42140921409214094 0.0185546875 0.02981029810298103
0 0.529296875 0.2981029810298103 0.0185546875 0.02981029810298103
0 0.919921875 0.08807588075880758 0.009765625 0.008130081300813009
0 0.5576171875 0.44850948509485095 0.0185546875 0.02981029810298103
0 0.5966796875 0.2872628726287263 0.0185546875 0.02981029810298103
0 0.365234375 0.3157181571815718 0.0185546875 0.02981029810298103
0 0.49609375 0.46476964769647694 0.0185546875 0.02981029810298103
0 0.3447265625 0.45257452574525747 0.0185546875 0.02981029810298103
0 0.212890625 0.6205962059620597 0.0263671875 0.04200542005420054
0 0.115234375 0.20596205962059622 0.0185546875 0.02981029810298103
0 0.6904296875 0.47831978319783197 0.0185546875 0.02981029810298103
0 0.7333984375 0.26287262872628725 0.0185546875 0.02981029810298103
0 0.9833984375 0.7411924119241192 0.0224609375 0.04200542005420054
0 0.5 0.4281842818428184 0.0185546875 0.02981029810298103
0 0.384765625 0.3224932249322493 0.0185546875 0.02981029810298103
0 0.6494140625 0.35365853658536583 0.0185546875 0.02981029810298103
0 0.658203125 0.462059620596206 0.0185546875 0.02981029810298103
0 0.4765625 0.4078590785907859 0.0185546875 0.02981029810298103
0 0.6357421875 0.43089430894308944 0.0185546875 0.02981029810298103
0 0.0048828125 0.3062330623306233 0.0107421875 0.025745257452574527
0 0.078125 0.2804878048780488 0.0185546875 0.02981029810298103
0 0.5830078125 0.45663956639566394 0.0185546875 0.02981029810298103
0 0.4580078125 0.540650406504065 0.0263671875 0.04200542005420054
0 0.583984375 0.5785907859078591 0.0263671875 0.04200542005420054
0 0.693359375 0.5121951219512195 0.0263671875 0.04200542005420054
0 0.677734375 0.5298102981029811 0.0263671875 0.04200542005420054
0 0.4736328125 0.4905149051490515 0.0263671875 0.04200542005420054
0 0.4833984375 0.4349593495934959 0.0185546875 0.02981029810298103
0 0.37890625 0.3915989159891599 0.0185546875 0.02981029810298103
0 0.609375 0.33739837398373984 0.0185546875 0.02981029810298103
0 0.5341796875 0.4065040650406504 0.0185546875 0.02981029810298103
0 0.49609375 0.5094850948509485 0.0263671875 0.04200542005420054
0 0.03515625 0.3035230352303523 0.0185546875 0.02981029810298103
0 0.453125 0.46612466124661245 0.0185546875 0.02981029810298103
