0 0.9612794612794613 0.20707070707070707 0.03367003367003367 0.05555555555555555
0 0.5976430976430976 0.24494949494949494 0.03367003367003367 0.05555555555555555
0 0.42424242424242425 0.4090909090909091 0.03535353535353535 0.06313131313131314
0 0.5117845117845118 0.22727272727272727 0.03367003367003367 0.05555555555555555
0 0.018518518518518517 0.21464646464646464 0.03367003367003367 0.05555555555555555
0 0.8804713804713805 0.26515151515151514 0.03367003367003367 0.05555555555555555
0 0.3047138047138047 0.16161616161616163 0.03367003367003367 0.05555555555555555
0 0.14814814814814814 0.16666666666666666 0.03367003367003367 0.05555555555555555
0 0.7828282828282829 0.6464646464646465 0.10437710437710437 0.16161616161616163
0 0.7878787878787878 0.2398989898989899 0.011784511784511785 0.03282828282828283
0 0.24074074074074073 0.35858585858585856 0.03535353535353535 0.06313131313131314
0 0.7643097643097643 0.20454545454545456 0.03367003367003367 0.05555555555555555
0 0.1936026936026936 0.5580808080808081 0.03535353535353535 0.06313131313131314
0 0.19865319865319866 0.20454545454545456 0.03367003367003367 0.05555555555555555
