0 0.7625 0.512962962962963 0.016666666666666666 0.027777777777777776
0 0.6791666666666667 0.5 0.015277777777777777 0.024074074074074074
0 0.5833333333333334 0.5092592592592593 0.015277777777777777 0.024074074074074074
0 0.8902777777777777 0.5611111111111111 0.03194444444444444 0.05555555555555555
0 0.6861111111111111 0.6796296296296296 0.030555555555555555 0.046296296296296294
0 0.6527777777777778 0.5055555555555555 0.015277777777777777 0.024074074074074074
0 0.5791666666666667 0.6092592592592593 0.04722222222222222 0.07777777777777778
0 0.5236111111111111 0.5055555555555555 0.020833333333333332 0.03148148148148148
0 0.6986111111111111 0.5425925925925926 0.019444444444444445 0.03518518518518519
0 0.7097222222222223 0.5092592592592593 0.019444444444444445 0.025925925925925925
0 0.10972222222222222 0.5444444444444444 0.03333333333333333 0.044444444444444446
0 0.15138888888888888 0.5203703703703704 0.03333333333333333 0.044444444444444446
0 0.24166666666666667 0.5166666666666667 0.020833333333333332 0.03148148148148148
0 0.019444444444444445 0.575925925925926 0.03333333333333333 0.044444444444444446
0 0.3236111111111111 0.5648148148148148 0.03611111111111111 0.053703703703703705
0 0.6791666666666667 0.5111111111111111 0.015277777777777777 0.024074074074074074
0 0.09166666666666666 0.5888888888888889 0.03888888888888889 0.053703703703703705
0 0.30416666666666664 0.5481481481481482 0.03611111111111111 0.053703703703703705
0 0.4583333333333333 0.5037037037037037 0.020833333333333332 0.03148148148148148
0 0.7347222222222223 0.5314814814814814 0.019444444444444445 0.025925925925925925
0 0.19583333333333333 0.5425925925925926 0.022222222222222223 0.037037037037037035
0 0.2972222222222222 0.5092592592592593 0.020833333333333332 0.03148148148148148
0 0.6347222222222222 0.5203703703703704 0.013888888888888888 0.024074074074074074
0 0.6194444444444445 0.5111111111111111 0.015277777777777777 0.024074074074074074
0 0.4583333333333333 0.5277777777777778 0.020833333333333332 0.03148148148148148
0 0.4111111111111111 0.5222222222222223 0.020833333333333332 0.03148148148148148
0 0.4361111111111111 0.5074074074074074 0.020833333333333332 0.03148148148148148
0 0.5666666666666667 0.5092592592592593 0.015277777777777777 0.024074074074074074
0 0.7819444444444444 0.5555555555555556 0.02361111111111111 0.03888888888888889
0 0.13055555555555556 0.5648148148148148 0.03333333333333333 0.044444444444444446
0 0.5402777777777777 0.5425925925925926 0.015277777777777777 0.024074074074074074
0 0.2777777777777778 0.5388888888888889 0.03611111111111111 0.053703703703703705
0 0.02361111111111111 0.5296296296296297 0.03333333333333333 0.044444444444444446
0 0.37916666666666665 0.5518518518518518 0.030555555555555555 0.05
0 0.11944444444444445 0.7129629629629629 0.043055555555555555 0.07222222222222222
0 0.6597222222222222 0.5388888888888889 0.013888888888888888 0.024074074074074074
0 0.6041666666666666 0.5 0.015277777777777777 0.024074074074074074
0 0.7805555555555556 0.5092592592592593 0.016666666666666666 0.027777777777777776
0 0.12083333333333333 0.5185185185185185 0.03333333333333333 0.044444444444444446
0 0.8097222222222222 0.5185185185185185 0.016666666666666666 0.027777777777777776
0 0.05416666666666667 0.5537037037037037 0.03333333333333333 0.044444444444444446
0 0.9736111111111111 0.5666666666666667 0.03194444444444444 0.05555555555555555
0 0.23472222222222222 0.5407407407407407 0.022222222222222223 0.037037037037037035
0 0.7638888888888888 0.7574074074074074 0.04583333333333333 0.07037037037037037
0 0.8541666666666666 0.5296296296296297 0.016666666666666666 0.027777777777777776
0 0.9152777777777777 0.6407407407407407 0.041666666666666664 0.07037037037037037
0 0.9236111111111112 0.5703703703703704 0.03194444444444444 0.05555555555555555
0 0.3388888888888889 0.512962962962963 0.020833333333333332 0.03148148148148148
0 0.49583333333333335 0.524074074074074 0.015277777777777777 0.024074074074074074
