0 0.42625 0.849906191369606 0.0575 0.1125703564727955
0 0.01625 0.7298311444652908 0.0575 0.1125703564727955
0 0.07625 0.6848030018761726 0.0575 0.1125703564727955
0 0.1125 0.6772983114446529 0.0575 0.1125703564727955
0 0.05625 0.7673545966228893 0.0575 0.1125703564727955
0 0.555 0.8574108818011257 0.0575 0.1125703564727955
0 0.6275 0.7542213883677298 0.0575 0.1125703564727955
0 0.125 0.7579737335834896 0.0575 0.1125703564727955
0 0.3275 0.9155722326454033 0.0575 0.1125703564727955
0 0.00875 0.6697936210131332 0.0575 0.1125703564727955
0 0.73 0.8724202626641651 0.0575 0.1125703564727955
0 0.7575 0.7729831144465291 0.0575 0.1125703564727955
0 0.67875 0.726078799249531 0.0575 0.1125703564727955
0 0.45375 0.9437148217636022 0.0575 0.1125703564727955
0 0.965 0.5684803001876173 0.01875 0.04127579737335835
0 0.45125 0.7636022514071295 0.0575 0.1125703564727955
0 0.65 0.8086303939962477 0.0575 0.1125703564727955
0 0.35 0.7073170731707317 0.0575 0.1125703564727955
0 0.1675 0.8348968105065666 0.0575 0.1125703564727955
0 0.85875 0.7298311444652908 0.0575 0.1125703564727955
0 0.1175 0.9643527204502814 0.0575 0.1125703564727955
0 0.6 0.6697936210131332 0.0575 0.1125703564727955
0 0.25375 0.801125703564728 0.0575 0.1125703564727955
