0 0.7311197916666666 0.4599609375 0.012369791666666666 0.022786458333333332
0 0.8865017361111112 0.4215494791666667 0.018229166666666668 0.034505208333333336
0 0.2048611111111111 0.3450520833333333 0.021267361111111112 0.032552083333333336
0 0.8908420138888888 0.4788411458333333 0.018229166666666668 0.036458333333333336
0 0.9225260416666666 0.48046875 0.018229166666666668 0.036458333333333336
0 0.5729166666666666 0.3850911458333333 0.012152777777777778 0.021809895833333332
0 0.4611545138888889 0.3909505208333333 0.019097222222222224 0.037109375
0 0.5462239583333334 0.3645833333333333 0.012152777777777778 0.021809895833333332
0 0.018229166666666668 0.4046223958333333 0.023871527777777776 0.055338541666666664
0 0.5492621527777778 0.4300130208333333 0.012152777777777778 0.021809895833333332
0 0.8263888888888888 0.40234375 0.014105902777777778 0.027018229166666668
0 0.2606336805555556 0.3776041666666667 0.021267361111111112 0.032552083333333336
0 0.09461805555555555 0.3525390625 0.019097222222222224 0.0302734375
0 0.3428819444444444 0.3763020833333333 0.021267361111111112 0.032552083333333336
0 0.7623697916666666 0.4375 0.012369791666666666 0.022786458333333332
0 0.423828125 0.4547526041666667 0.037109375 0.0703125
0 0.8528645833333334 0.4759114583333333 0.04318576388888889 0.06998697916666667
0 0.9214409722222222 0.4163411458333333 0.018229166666666668 0.034505208333333336
0 0.1401909722222222 0.3662109375 0.019097222222222224 0.0302734375
0 0.5279947916666666 0.4375 0.026258680555555556 0.052408854166666664
0 0.6957465277777778 0.4996744791666667 0.036675347222222224 0.08072916666666667
0 0.4283854166666667 0.70703125 0.04600694444444445 0.10481770833333333
0 0.466796875 0.6158854166666666 0.03819444444444445 0.07063802083333333
0 0.720703125 0.4140625 0.012369791666666666 0.022786458333333332
0 0.5212673611111112 0.3981119791666667 0.012152777777777778 0.021809895833333332
0 0.6341145833333334 0.4482421875 0.016927083333333332 0.036458333333333336
0 0.66015625 0.4615885416666667 0.016927083333333332 0.036458333333333336
0 0.5106336805555556 0.45703125 0.026258680555555556 0.052408854166666664
0 0.016059027777777776 0.3610026041666667 0.020182291666666668 0.036458333333333336
0 0.9737413194444444 0.458984375 0.06141493055555555 0.10970052083333333
0 0.2630208333333333 0.45703125 0.037109375 0.0703125
0 0.6050347222222222 0.4544270833333333 0.016927083333333332 0.036458333333333336
0 0.828125 0.4501953125 0.04318576388888889 0.06998697916666667
0 0.09440104166666667 0.400390625 0.023871527777777776 0.055338541666666664
0 0.4965277777777778 0.7291666666666666 0.03819444444444445 0.07063802083333333
0 0.053168402777777776 0.3606770833333333 0.021484375 0.042643229166666664
0 0.7534722222222222 0.3987630208333333 0.012369791666666666 0.022786458333333332
0 0.16080729166666666 0.3759765625 0.019097222222222224 0.0302734375
0 0.20052083333333334 0.3782552083333333 0.021267361111111112 0.032552083333333336
0 0.23893229166666666 0.3623046875 0.021267361111111112 0.032552083333333336
0 0.7107204861111112 0.4375 0.018446180555555556 0.037109375
0 0.1467013888888889 0.3743489583333333 0.019097222222222224 0.0302734375
0 0.3161892361111111 0.3912760416666667 0.021267361111111112 0.032552083333333336
0 0.5486111111111112 0.3873697916666667 0.012152777777777778 0.021809895833333332
0 0.7962239583333334 0.4222005208333333 0.014105902777777778 0.027018229166666668
0 0.3752170138888889 0.4228515625 0.037109375 0.0703125
