0 0.740340030911901 0.7004950495049505 0.02936630602782071 0.06188118811881188
0 0.7666151468315301 0.38366336633663367 0.02472952086553323 0.04455445544554455
0 0.38794435857805254 0.03217821782178218 0.023183925811437404 0.039603960396039604
0 0.5672333848531684 0.1188118811881188 0.023183925811437404 0.039603960396039604
0 0.017001545595054096 0.20297029702970298 0.023183925811437404 0.04207920792079208
0 0.33075734157650694 0.5420792079207921 0.02936630602782071 0.06188118811881188
0 0.05409582689335394 0.3712871287128713 0.02472952086553323 0.04455445544554455
0 0.3508500772797527 0.7054455445544554 0.02936630602782071 0.06188118811881188
0 0.8191653786707882 0.12871287128712872 0.023183925811437404 0.039603960396039604
0 0.42967542503863987 0.2103960396039604 0.023183925811437404 0.04207920792079208
0 0.8670788253477589 0.07178217821782178 0.023183925811437404 0.039603960396039604
0 0.46367851622874806 0.48514851485148514 0.02936630602782071 0.06188118811881188
0 0.3802163833075734 0.4158415841584158 0.02472952086553323 0.04455445544554455
0 0.2704791344667697 0.5470297029702971 0.02936630602782071 0.06188118811881188
0 0.27666151468315303 0.6856435643564357 0.02936630602782071 0.06188118811881188
0 0.11901081916537867 0.5544554455445545 0.02936630602782071 0.06188118811881188
0 0.4327666151468315 0.349009900990099 0.02472952086553323 0.04455445544554455
0 0.4884080370942813 0.3886138613861386 0.02472952086553323 0.04455445544554455
0 0.22102009273570325 0.349009900990099 0.02472952086553323 0.04455445544554455
0 0.5625965996908809 0.44801980198019803 0.02472952086553323 0.04455445544554455
0 0.39258114374034003 0.13613861386138615 0.023183925811437404 0.039603960396039604
0 0.6846986089644513 0.5792079207920792 0.02936630602782071 0.06188118811881188
0 0.5301391035548686 0.3217821782178218 0.02472952086553323 0.04455445544554455
0 0.60741885625966 0.4628712871287129 0.02472952086553323 0.04455445544554455
0 0.8887171561051005 0.16584158415841585 0.023183925811437404 0.039603960396039604
0 0.6136012364760433 0.693069306930693 0.02936630602782071 0.06188118811881188
0 0.7697063369397218 0.2623762376237624 0.02472952086553323 0.04455445544554455
0 0.357032457496136 0.4381188118811881 0.02472952086553323 0.04455445544554455
0 0.37248840803709427 0.26732673267326734 0.02472952086553323 0.04455445544554455
0 0.4265842349304482 0.03217821782178218 0.023183925811437404 0.039603960396039604
0 0.45131375579598143 0.26485148514851486 0.02472952086553323 0.04455445544554455
0 0.7264296754250387 0.4306930693069307 0.02472952086553323 0.04455445544554455
0 0.8701700154559505 0.25495049504950495 0.02472952086553323 0.04455445544554455
0 0.5425038639876353 0.5891089108910891 0.02936630602782071 0.06188118811881188
0 0.21020092735703247 0.599009900990099 0.02936630602782071 0.06188118811881188
0 0.9489953632148377 0.6064356435643564 0.02936630602782071 0.06188118811881188
0 0.9922720247295209 0.15346534653465346 0.023183925811437404 0.04207920792079208
0 0.18547140649149924 0.32673267326732675 0.02472952086553323 0.04455445544554455
0 0.12828438948995363 0.11138613861386139 0.023183925811437404 0.039603960396039604
0 0.4420401854714065 0.5767326732673267 0.02936630602782071 0.06188118811881188
0 0.3168469860896445 0.4628712871287129 0.02472952086553323 0.04455445544554455
0 0.6491499227202473 0.5247524752475248 0.02936630602782071 0.06188118811881188
0 0.3044822256568779 0.3341584158415842 0.02472952086553323 0.04455445544554455
0 0.36476043276661513 0.2301980198019802 0.023183925811437404 0.04207920792079208
0 0.03400309119010819 0.7945544554455446 0.02936630602782071 0.06188118811881188
0 0.17001545595054096 0.09405940594059406 0.023183925811437404 0.039603960396039604
0 0.9381761978361669 0.31683168316831684 0.02472952086553323 0.04455445544554455
0 0.20247295208655333 0.4405940594059406 0.02472952086553323 0.04455445544554455
0 0.25193199381761977 0.24752475247524752 0.02472952086553323 0.04455445544554455
0 0.5687789799072643 0.6905940594059405 0.02936630602782071 0.06188118811881188
0 0.19165378670788252 0.20544554455445543 0.023183925811437404 0.039603960396039604
0 0.09582689335394126 0.2524752475247525 0.02472952086553323 0.04455445544554455
0 0.2550231839258114 0.32673267326732675 0.02472952086553323 0.04455445544554455
0 0.2117465224111283 0.6732673267326733 0.02936630602782071 0.06188118811881188
0 0.17465224111282843 0.6584158415841584 0.02936630602782071 0.06188118811881188
0 0.47295208655332305 0.06930693069306931 0.023183925811437404 0.039603960396039604
0 0.9876352395672334 0.1188118811881188 0.023183925811437404 0.039603960396039604
0 0.8887171561051005 0.2995049504950495 0.02472952086553323 0.04455445544554455
0 0.10200927357032458 0.7227722772277227 0.02936630602782071 0.06188118811881188
0 0.8578052550231839 0.4207920792079208 0.02472952086553323 0.04455445544554455
0 0.6816074188562596 0.28217821782178215 0.02472952086553323 0.04455445544554455
0 0.2642967542503864 0.07425742574257425 0.023183925811437404 0.039603960396039604
0 0.4868624420401855 0.5321782178217822 0.02936630602782071 0.06188118811881188
0 0.2782071097372488 0.16584158415841585 0.023183925811437404 0.039603960396039604
0 0.3261205564142195 0.2747524752475248 0.02472952086553323 0.04455445544554455
0 0.18547140649149924 0.5198019801980198 0.02936630602782071 0.06188118811881188
0 0.2890262751159196 0.0594059405940594 0.023183925811437404 0.039603960396039604
0 0.8825347758887172 0.12623762376237624 0.023183925811437404 0.039603960396039604
0 0.5146831530139103 0.6831683168316832 0.02936630602782071 0.06188118811881188
0 0.28129829984544047 0.5074257425742574 0.02936630602782071 0.06188118811881188
0 0.7557959814528593 0.11138613861386139 0.023183925811437404 0.039603960396039604
0 0.07109737248840804 0.17574257425742573 0.023183925811437404 0.039603960396039604
0 0.7032457496136012 0.6732673267326733 0.02936630602782071 0.06188118811881188
0 0.8562596599690881 0.019801980198019802 0.023183925811437404 0.039603960396039604
0 0.5131375579598145 0.46782178217821785 0.02472952086553323 0.04455445544554455
0 0.6367851622874807 0.21287128712871287 0.023183925811437404 0.039603960396039604
0 0.08809891808346214 0.6336633663366337 0.02936630602782071 0.06188118811881188
0 0.5826893353941267 0.07920792079207921 0.023183925811437404 0.039603960396039604
0 0.624420401854714 0.2400990099009901 0.02472952086553323 0.04455445544554455
0 0.24420401854714066 0.43564356435643564 0.02472952086553323 0.04455445544554455
0 0.1267387944358578 0.31435643564356436 0.02472952086553323 0.04455445544554455
0 0.9366306027820711 0.7029702970297029 0.02936630602782071 0.06188118811881188
0 0.33539412673879443 0.6361386138613861 0.02936630602782071 0.06188118811881188
0 0.22720247295208656 0.09158415841584158 0.023183925811437404 0.039603960396039604
0 0.6136012364760433 0.4183168316831683 0.02472952086553323 0.04455445544554455
0 0.4574961360123648 0.35396039603960394 0.02472952086553323 0.04455445544554455
0 0.723338485316847 0.5544554455445545 0.02936630602782071 0.06188118811881188
0 0.18083462132921174 0.04207920792079208 0.023183925811437404 0.039603960396039604
0 0.9891808346213292 0.3094059405940594 0.02472952086553323 0.04455445544554455
0 0.5162287480680062 0.09158415841584158 0.023183925811437404 0.039603960396039604
0 0.6213292117465224 0.5891089108910891 0.02936630602782071 0.06188118811881188
0 0.5904173106646059 0.03217821782178218 0.023183925811437404 0.039603960396039604
0 0.4868624420401855 0.11633663366336634 0.023183925811437404 0.039603960396039604
0 0.9567233384853169 0.6757425742574258 0.02936630602782071 0.06188118811881188
0 0.9443585780525502 0.40594059405940597 0.02472952086553323 0.04455445544554455
0 0.05409582689335394 0.26485148514851486 0.02472952086553323 0.04455445544554455
0 0.4142194744976816 0.3316831683168317 0.02472952086553323 0.04455445544554455
0 0.31375579598145287 0.2747524752475248 0.02472952086553323 0.04455445544554455
0 0.6939721792890263 0.349009900990099 0.02472952086553323 0.04455445544554455
0 0.11746522411128284 0.599009900990099 0.02936630602782071 0.06188118811881188
0 0.09273570324574962 0.556930693069307 0.02936630602782071 0.06188118811881188
0 0.6120556414219475 0.6435643564356436 0.02936630602782071 0.06188118811881188
0 0.21020092735703247 0.26485148514851486 0.02472952086553323 0.04455445544554455
0 0.6800618238021638 0.42326732673267325 0.02472952086553323 0.04455445544554455
0 0.09119010819165378 0.04455445544554455 0.023183925811437404 0.039603960396039604
0 0.43894899536321486 0.3811881188118812 0.02472952086553323 0.04455445544554455
0 0.678516228748068 0.2004950495049505 0.023183925811437404 0.039603960396039604
0 0.20556414219474498 0.18316831683168316 0.023183925811437404 0.039603960396039604
0 0.7897990726429676 0.20297029702970298 0.023183925811437404 0.039603960396039604
0 0.07573415765069552 0.37376237623762376 0.02472952086553323 0.04455445544554455
0 0.9041731066460588 0.6831683168316832 0.02936630602782071 0.06188118811881188
0 0.9938176197836167 0.4084158415841584 0.02472952086553323 0.04455445544554455
0 0.01854714064914992 0.1782178217821782 0.023183925811437404 0.04207920792079208
0 0.8114374034003091 0.4900990099009901 0.02936630602782071 0.06188118811881188
0 0.4945904173106646 0.7004950495049505 0.02936630602782071 0.06188118811881188
0 0.18701700154559506 0.12623762376237624 0.023183925811437404 0.039603960396039604
0 0.366306027820711 0.5742574257425742 0.02936630602782071 0.06188118811881188
0 0.23802163833075735 0.5198019801980198 0.02936630602782071 0.06188118811881188
0 0.5162287480680062 0.6163366336633663 0.02936630602782071 0.06188118811881188
0 0.9567233384853169 0.2524752475247525 0.02472952086553323 0.04455445544554455
0 0.9412673879443586 0.13861386138613863 0.023183925811437404 0.039603960396039604
0 0.5873261205564142 0.3712871287128713 0.02472952086553323 0.04455445544554455
0 0.06491499227202473 0.5 0.02936630602782071 0.06188118811881188
0 0.9010819165378671 0.4306930693069307 0.02472952086553323 0.04455445544554455
0 0.015455950540958269 0.07425742574257425 0.023183925811437404 0.039603960396039604
0 0.1561051004636785 0.4405940594059406 0.02472952086553323 0.04455445544554455
0 0.9922720247295209 0.6287128712871287 0.027820710973724884 0.05693069306930693
0 0.6707882534775889 0.37623762376237624 0.02472952086553323 0.04455445544554455
0 0.749613601236476 0.47029702970297027 0.02627511591962906 0.05198019801980198
0 0.5533230293663061 0.15346534653465346 0.023183925811437404 0.039603960396039604
0 0.7851622874806801 0.42326732673267325 0.02472952086553323 0.04455445544554455
0 0.5734157650695518 0.17326732673267325 0.023183925811437404 0.039603960396039604
0 0.3786707882534776 0.6534653465346535 0.02936630602782071 0.06188118811881188
0 0.22256568778979907 0.7227722772277227 0.02936630602782071 0.06188118811881188
0 0.42967542503863987 0.6856435643564357 0.02936630602782071 0.06188118811881188
0 0.38794435857805254 0.4900990099009901 0.02936630602782071 0.06188118811881188
0 0.7387944358578052 0.6435643564356436 0.02936630602782071 0.06188118811881188
0 0.3369397217928903 0.13613861386138615 0.023183925811437404 0.039603960396039604
0 0.7959814528593508 0.6658415841584159 0.02936630602782071 0.06188118811881188
0 0.401854714064915 0.2698019801980198 0.02472952086553323 0.04455445544554455
0 0.46367851622874806 0.17574257425742573 0.023183925811437404 0.039603960396039604
0 0.04791344667697063 0.1188118811881188 0.023183925811437404 0.039603960396039604
0 0.21638330757341576 0.039603960396039604 0.023183925811437404 0.039603960396039604
0 0.28593508500772796 0.024752475247524754 0.023183925811437404 0.039603960396039604
0 0.6955177743431221 0.019801980198019802 0.023183925811437404 0.039603960396039604
0 0.7511591962905718 0.5346534653465347 0.02936630602782071 0.06188118811881188
0 0.8145285935085008 0.5346534653465347 0.02936630602782071 0.06188118811881188
0 0.41112828438948995 0.12128712871287128 0.023183925811437404 0.039603960396039604
0 0.9752704791344667 0.31683168316831684 0.02472952086553323 0.04455445544554455
0 0.1267387944358578 0.15841584158415842 0.023183925811437404 0.039603960396039604
0 0.5610510046367851 0.655940594059406 0.02936630602782071 0.06188118811881188
0 0.910355486862442 0.04207920792079208 0.023183925811437404 0.039603960396039604
0 0.14528593508500773 0.24504950495049505 0.02472952086553323 0.04455445544554455
0 0.5625965996908809 0.30445544554455445 0.02472952086553323 0.04455445544554455
0 0.3044822256568779 0.0891089108910891 0.023183925811437404 0.039603960396039604
