0 0.33515625 0.8177083333333334 0.009375 0.015625
0 0.0578125 0.84375 0.009375 0.015625
0 0.88046875 0.8822916666666667 0.02109375 0.029166666666666667
0 0.4828125 0.7635416666666667 0.00703125 0.011458333333333333
0 0.02734375 0.8197916666666667 0.009375 0.015625
0 0.3875 0.7760416666666666 0.00703125 0.011458333333333333
0 0.4890625 0.7541666666666667 0.00703125 0.011458333333333333
0 0.13828125 0.8052083333333333 0.00703125 0.011458333333333333
0 0.38671875 0.8489583333333334 0.009375 0.015625
0 0.41015625 0.79375 0.00703125 0.011458333333333333
0 0.3578125 0.8083333333333333 0.00703125 0.011458333333333333
0 0.66328125 0.753125 0.00859375 0.013541666666666667
0 0.22421875 0.96875 0.0140625 0.023958333333333335
0 0.20234375 0.8447916666666667 0.009375 0.015625
0 0.95859375 0.8520833333333333 0.02109375 0.029166666666666667
0 0.31171875 0.8166666666666667 0.009375 0.015625
0 0.2625 0.8302083333333333 0.009375 0.015625
0 0.43046875 0.8114583333333333 0.00703125 0.011458333333333333
0 0.56953125 0.815625 0.009375 0.015625
0 0.1578125 0.7770833333333333 0.00703125 0.011458333333333333
0 0.61875 0.8395833333333333 0.02109375 0.029166666666666667
0 0.478125 0.9114583333333334 0.0140625 0.023958333333333335
0 0.425 0.9333333333333333 0.0140625 0.023958333333333335
0 0.078125 0.8760416666666667 0.0140625 0.023958333333333335
0 0.20859375 0.990625 0.01171875 0.020833333333333332
0 0.65546875 0.7385416666666667 0.00859375 0.013541666666666667
0 0.2515625 0.8833333333333333 0.0140625 0.023958333333333335
0 0.0234375 0.8072916666666666 0.00625 0.013541666666666667
0 0.39921875 0.8822916666666667 0.0140625 0.023958333333333335
0 0.51171875 0.859375 0.02109375 0.029166666666666667
0 0.56171875 0.78125 0.009375 0.015625
0 0.659375 0.7802083333333333 0.009375 0.015625
0 0.66640625 0.7895833333333333 0.009375 0.015625
0 0.93671875 0.9010416666666666 0.02109375 0.029166666666666667
0 0.1703125 0.8489583333333334 0.009375 0.015625
0 0.57109375 0.88125 0.02109375 0.029166666666666667
0 0.14453125 0.80625 0.00703125 0.011458333333333333
0 0.5765625 0.8322916666666667 0.02109375 0.029166666666666667
0 0.27265625 0.9645833333333333 0.0140625 0.023958333333333335
0 0.05234375 0.9645833333333333 0.0140625 0.023958333333333335
0 0.225 0.8458333333333333 0.009375 0.015625
0 0.52265625 0.8416666666666667 0.02109375 0.029166666666666667
0 0.36796875 0.8916666666666667 0.0140625 0.023958333333333335
0 0.2875 0.778125 0.00703125 0.011458333333333333
0 0.1171875 0.8447916666666667 0.009375 0.015625
0 0.06875 0.815625 0.009375 0.015625
0 0.0796875 0.8125 0.009375 0.015625
0 0.4171875 0.8479166666666667 0.009375 0.015625
0 0.35625 0.7822916666666667 0.00703125 0.011458333333333333
0 0.375 0.8458333333333333 0.009375 0.015625
0 0.52109375 0.784375 0.00546875 0.009375
0 0.19609375 0.7791666666666667 0.00703125 0.011458333333333333
0 0.31640625 0.8354166666666667 0.009375 0.015625
0 0.5109375 0.7677083333333333 0.00546875 0.009375
0 0.71484375 0.7833333333333333 0.009375 0.015625
0 0.78984375 0.8645833333333334 0.02109375 0.029166666666666667
0 0.25703125 0.7833333333333333 0.00703125 0.011458333333333333
0 0.38828125 0.81875 0.009375 0.015625
0 0.7125 0.89375 0.02109375 0.029166666666666667
0 0.871875 0.7791666666666667 0.009375 0.015625
0 0.6796875 0.7947916666666667 0.009375 0.015625
0 0.809375 0.7916666666666666 0.009375 0.015625
0 0.234375 0.86875 0.0140625 0.023958333333333335
0 0.003125 0.7916666666666666 0.01171875 0.030208333333333334
0 0.646875 0.8291666666666667 0.009375 0.015625
0 0.4109375 0.9229166666666667 0.0140625 0.023958333333333335
0 0.578125 0.79375 0.009375 0.015625
0 0.7078125 0.8385416666666666 0.02109375 0.029166666666666667
0 0.6078125 0.7739583333333333 0.009375 0.015625
0 0.484375 0.8447916666666667 0.009375 0.015625
0 0.284375 0.8916666666666667 0.0140625 0.023958333333333335
0 0.74453125 0.8770833333333333 0.02109375 0.029166666666666667
0 0.01875 0.9260416666666667 0.0140625 0.023958333333333335
0 0.378125 0.79375 0.00703125 0.011458333333333333
0 0.18515625 0.775 0.00703125 0.011458333333333333
0 0.30859375 0.79375 0.00703125 0.011458333333333333
0 0.00390625 0.928125 0.01171875 0.030208333333333334
0 0.74296875 0.7916666666666666 0.009375 0.015625
0 0.33984375 0.8666666666666667 0.0140625 0.023958333333333335
0 0.5796875 0.7739583333333333 0.009375 0.015625
0 0.121875 0.78125 0.00703125 0.011458333333333333
0 0.14296875 0.8291666666666667 0.009375 0.015625
0 0.4984375 0.7385416666666667 0.00546875 0.009375
0 0.6046875 0.84375 0.02109375 0.029166666666666667
0 0.67421875 0.8322916666666667 0.02109375 0.029166666666666667
0 0.3015625 0.834375 0.009375 0.015625
0 0.5078125 0.7583333333333333 0.00703125 0.011458333333333333
0 0.8796875 0.85625 0.02109375 0.029166666666666667
0 0.09140625 0.790625 0.00703125 0.011458333333333333
0 0.353125 0.803125 0.00703125 0.011458333333333333
0 0.53203125 0.8791666666666667 0.02109375 0.029166666666666667
0 0.046875 0.9125 0.0140625 0.023958333333333335
0 0.12421875 0.896875 0.0140625 0.023958333333333335
0 0.696875 0.8208333333333333 0.009375 0.015625
0 0.0578125 0.921875 0.0140625 0.023958333333333335
0 0.378125 0.9052083333333333 0.0140625 0.023958333333333335
0 0.4671875 0.8416666666666667 0.009375 0.015625
0 0.2703125 0.8083333333333333 0.00703125 0.011458333333333333
0 0.6109375 0.8010416666666667 0.009375 0.015625
0 0.73046875 0.7395833333333334 0.00859375 0.013541666666666667
0 0.73203125 0.846875 0.02109375 0.029166666666666667
0 0.6890625 0.8697916666666666 0.02109375 0.029166666666666667
0 0.4140625 0.7666666666666667 0.00703125 0.011458333333333333
0 0.10078125 0.8145833333333333 0.009375 0.015625
0 0.58515625 0.8979166666666667 0.02109375 0.029166666666666667
0 0.41484375 0.75 0.01171875 0.030208333333333334
0 0.31796875 0.86875 0.0140625 0.023958333333333335
0 0.63046875 0.9104166666666667 0.02109375 0.029166666666666667
0 0.76171875 0.7447916666666666 0.00859375 0.013541666666666667
0 0.55078125 0.85 0.02109375 0.029166666666666667
0 0.44609375 0.8458333333333333 0.009375 0.015625
0 0.47578125 0.7302083333333333 0.00546875 0.009375
0 0.034375 0.8104166666666667 0.00625 0.013541666666666667
0 0.26875 0.8385416666666666 0.009375 0.015625
0 0.2265625 0.8333333333333334 0.009375 0.015625
0 0.29609375 0.7854166666666667 0.00703125 0.011458333333333333
0 0.43046875 0.965625 0.0140625 0.023958333333333335
0 0.534375 0.7739583333333333 0.00546875 0.009375
0 0.6546875 0.725 0.00859375 0.013541666666666667
0 0.83125 0.7677083333333333 0.009375 0.015625
0 0.16953125 0.915625 0.0140625 0.023958333333333335
0 0.22734375 0.8239583333333333 0.009375 0.015625
0 0.009375 0.8958333333333334 0.01171875 0.030208333333333334
0 0.1515625 0.921875 0.0140625 0.023958333333333335
0 0.30390625 0.91875 0.0140625 0.023958333333333335
0 0.5578125 0.8114583333333333 0.00859375 0.013541666666666667
0 0.6578125 0.8947916666666667 0.02109375 0.029166666666666667
0 0.1265625 0.8635416666666667 0.0140625 0.023958333333333335
0 0.02578125 0.8385416666666666 0.009375 0.015625
0 0.075 0.7979166666666667 0.00703125 0.011458333333333333
0 0.58359375 0.75625 0.00859375 0.013541666666666667
0 0.5953125 0.8625 0.02109375 0.029166666666666667
0 0.4359375 0.7583333333333333 0.00703125 0.011458333333333333
0 0.99453125 0.846875 0.02109375 0.029166666666666667
0 0.12890625 0.99375 0.01171875 0.020833333333333332
0 0.39140625 0.7875 0.00703125 0.011458333333333333
0 0.26640625 0.859375 0.0140625 0.023958333333333335
0 0.3453125 0.88125 0.0140625 0.023958333333333335
0 0.009375 0.871875 0.01171875 0.030208333333333334
0 0.51015625 0.7395833333333334 0.00546875 0.009375
0 0.73984375 0.74375 0.00859375 0.013541666666666667
0 0.56796875 0.7854166666666667 0.009375 0.015625
0 0.01796875 0.8135416666666667 0.00625 0.013541666666666667
0 0.85 0.88125 0.02109375 0.029166666666666667
0 0.07265625 0.8479166666666667 0.009375 0.015625
0 0.3046875 0.8072916666666666 0.00703125 0.011458333333333333
0 0.41875 0.771875 0.00703125 0.011458333333333333
0 0.646875 0.7614583333333333 0.00859375 0.013541666666666667
0 0.29765625 0.771875 0.00703125 0.011458333333333333
0 0.459375 0.8020833333333334 0.00703125 0.011458333333333333
0 0.0875 0.840625 0.009375 0.015625
0 0.38828125 0.8052083333333333 0.00703125 0.011458333333333333
0 0.71171875 0.8041666666666667 0.009375 0.015625
0 0.05078125 0.81875 0.009375 0.015625
0 0.09609375 0.9822916666666667 0.0140625 0.023958333333333335
0 0.07890625 0.7927083333333333 0.00703125 0.011458333333333333
0 0.6015625 0.76875 0.009375 0.015625
0 0.08125 0.8979166666666667 0.0140625 0.023958333333333335
0 0.50703125 0.9135416666666667 0.0140625 0.023958333333333335
0 0.55625 0.7520833333333333 0.00859375 0.013541666666666667
0 0.46015625 0.7739583333333333 0.00703125 0.011458333333333333
0 0.6671875 0.8135416666666667 0.009375 0.015625
0 0.2359375 0.7958333333333333 0.00703125 0.011458333333333333
0 0.28046875 0.8260416666666667 0.009375 0.015625
0 0.31953125 0.75625 0.00703125 0.011458333333333333
0 0.2578125 0.9958333333333333 0.01171875 0.030208333333333334
0 0.0640625 0.8197916666666667 0.009375 0.015625
0 0.19140625 0.934375 0.0140625 0.023958333333333335
0 0.39921875 0.778125 0.00703125 0.011458333333333333
0 0.64296875 0.7864583333333334 0.009375 0.015625
0 0.296875 0.8895833333333333 0.0140625 0.023958333333333335
0 0.70390625 0.7604166666666666 0.00859375 0.013541666666666667
0 0.4328125 0.778125 0.00703125 0.011458333333333333
0 0.43046875 0.7520833333333333 0.00546875 0.009375
0 0.71640625 0.7395833333333334 0.00859375 0.013541666666666667
0 0.26484375 0.7708333333333334 0.00703125 0.011458333333333333
0 0.05390625 0.7885416666666667 0.00703125 0.011458333333333333
0 0.28515625 0.803125 0.00703125 0.011458333333333333
0 0.04453125 0.8010416666666667 0.00703125 0.011458333333333333
0 0.39375 0.8322916666666667 0.009375 0.015625
0 0.33984375 0.8395833333333333 0.009375 0.015625
0 0.6109375 0.8739583333333333 0.02109375 0.029166666666666667
0 0.41015625 0.940625 0.0140625 0.023958333333333335
0 0.7296875 0.7697916666666667 0.009375 0.015625
0 0.90625 0.8375 0.02109375 0.029166666666666667
0 0.421875 0.884375 0.0140625 0.023958333333333335
0 0.52578125 0.7572916666666667 0.00546875 0.009375
0 0.40234375 0.7552083333333334 0.00703125 0.011458333333333333
0 0.5546875 0.8739583333333333 0.02109375 0.029166666666666667
0 0.29609375 0.859375 0.0140625 0.023958333333333335
0 0.18125 0.8895833333333333 0.0140625 0.023958333333333335
0 0.25703125 0.9041666666666667 0.0140625 0.023958333333333335
0 0.575 0.7583333333333333 0.00859375 0.013541666666666667
0 0.990625 0.7447916666666666 0.00859375 0.013541666666666667
0 0.2421875 0.803125 0.00703125 0.011458333333333333
0 0.26171875 0.80625 0.00703125 0.011458333333333333
0 0.3453125 0.7708333333333334 0.00703125 0.011458333333333333
0 0.3421875 0.803125 0.00703125 0.011458333333333333
0 0.49453125 0.8 0.00703125 0.011458333333333333
0 0.58203125 0.8447916666666667 0.02109375 0.029166666666666667
0 0.76328125 0.7625 0.00859375 0.013541666666666667
0 0.28828125 0.828125 0.009375 0.015625
0 0.784375 0.8239583333333333 0.009375 0.015625
0 0.2328125 0.934375 0.0140625 0.023958333333333335
0 0.11484375 0.9072916666666667 0.0140625 0.023958333333333335
0 0.128125 0.834375 0.009375 0.015625
0 0.2453125 0.8427083333333333 0.009375 0.015625
0 0.0296875 0.9145833333333333 0.0140625 0.023958333333333335
0 0.6296875 0.8104166666666667 0.009375 0.015625
0 0.80078125 0.7479166666666667 0.00859375 0.013541666666666667
0 0.60859375 0.8229166666666666 0.009375 0.015625
0 0.421875 0.8083333333333333 0.00703125 0.011458333333333333
0 0.28203125 0.8072916666666666 0.00703125 0.011458333333333333
0 0.2015625 0.9083333333333333 0.0140625 0.023958333333333335
0 0.47265625 0.7916666666666666 0.00703125 0.011458333333333333
0 0.43828125 0.8739583333333333 0.0140625 0.023958333333333335
0 0.48203125 0.8697916666666666 0.0140625 0.023958333333333335
0 0.03046875 0.878125 0.0140625 0.023958333333333335
0 0.73984375 0.83125 0.02109375 0.029166666666666667
0 0.6765625 0.7489583333333333 0.00859375 0.013541666666666667
0 0.47578125 0.8052083333333333 0.00703125 0.011458333333333333
0 0.78515625 0.7739583333333333 0.009375 0.015625
0 0.2953125 0.8041666666666667 0.00703125 0.011458333333333333
0 0.41328125 0.8125 0.009375 0.015625
0 0.09453125 0.9541666666666667 0.0140625 0.023958333333333335
0 0.646875 0.7979166666666667 0.009375 0.015625
0 0.4234375 0.8302083333333333 0.009375 0.015625
0 0.4984375 0.81875 0.009375 0.015625
0 0.6640625 0.8645833333333334 0.02109375 0.029166666666666667
0 0.41796875 0.8677083333333333 0.0140625 0.023958333333333335
0 0.02265625 0.9458333333333333 0.0140625 0.023958333333333335
0 0.25390625 0.840625 0.009375 0.015625
0 0.31875 0.7677083333333333 0.00703125 0.011458333333333333
0 0.3984375 0.984375 0.0140625 0.023958333333333335
0 0.453125 0.7479166666666667 0.00546875 0.009375
0 0.8140625 0.75625 0.00859375 0.013541666666666667
0 0.815625 0.7802083333333333 0.009375 0.015625
0 0.1265625 0.8135416666666667 0.009375 0.015625
0 0.64921875 0.8458333333333333 0.02109375 0.029166666666666667
0 0.4484375 0.8104166666666667 0.00703125 0.011458333333333333
0 0.50234375 0.7895833333333333 0.00703125 0.011458333333333333
0 0.6984375 0.7708333333333334 0.009375 0.015625
0 0.1625 0.93125 0.0140625 0.023958333333333335
0 0.20625 0.9229166666666667 0.0140625 0.023958333333333335
0 0.1609375 0.8302083333333333 0.009375 0.015625
0 0.49765625 0.8354166666666667 0.009375 0.015625
0 0.33125 0.8020833333333334 0.00703125 0.011458333333333333
0 0.62734375 0.7822916666666667 0.009375 0.015625
0 0.5484375 0.8135416666666667 0.009375 0.015625
0 0.6828125 0.8520833333333333 0.02109375 0.029166666666666667
0 0.890625 0.803125 0.009375 0.015625
0 0.6859375 0.8010416666666667 0.009375 0.015625
0 0.725 0.7979166666666667 0.009375 0.015625
0 0.359375 0.9479166666666666 0.0140625 0.023958333333333335
0 0.5546875 0.7729166666666667 0.00859375 0.013541666666666667
0 0.16328125 0.8114583333333333 0.00703125 0.011458333333333333
0 0.08359375 0.8239583333333333 0.009375 0.015625
0 0.94296875 0.7791666666666667 0.009375 0.015625
0 0.5 0.7760416666666666 0.00703125 0.011458333333333333
0 0.2765625 0.778125 0.00703125 0.011458333333333333
0 0.76484375 0.8229166666666666 0.009375 0.015625
0 0.7515625 0.7739583333333333 0.009375 0.015625
0 0.05703125 0.8302083333333333 0.009375 0.015625
0 0.24921875 0.865625 0.0140625 0.023958333333333335
0 0.3953125 0.7625 0.00703125 0.011458333333333333
0 0.0109375 0.9802083333333333 0.01171875 0.020833333333333332
0 0.1828125 0.853125 0.0140625 0.023958333333333335
0 0.44140625 0.753125 0.00546875 0.009375
0 0.20625 0.8958333333333334 0.0140625 0.023958333333333335
0 0.49296875 0.7864583333333334 0.00703125 0.011458333333333333
0 0.63203125 0.8520833333333333 0.02109375 0.029166666666666667
0 0.75 0.7572916666666667 0.00859375 0.013541666666666667
0 0.6265625 0.7645833333333333 0.00859375 0.013541666666666667
0 0.13515625 0.8166666666666667 0.009375 0.015625
0 0.55 0.74375 0.00859375 0.013541666666666667
0 0.18984375 0.7958333333333333 0.00703125 0.011458333333333333
0 0.54140625 0.9135416666666667 0.02109375 0.029166666666666667
0 0.51015625 0.7927083333333333 0.00703125 0.011458333333333333
0 0.63203125 0.7916666666666666 0.009375 0.015625
