0 0.825 0.008880994671403197 0.012 0.019538188277087035
0 0.923 0.4369449378330373 0.017 0.03197158081705151
0 0.271 0.4511545293072824 0.017 0.03197158081705151
0 0.83 0.3978685612788632 0.017 0.03197158081705151
0 0.357 0.2682060390763766 0.017 0.03197158081705151
0 0.185 0.108348134991119 0.012 0.019538188277087035
0 0.873 0.47957371225577267 0.017 0.03197158081705151
0 0.403 0.28063943161634103 0.017 0.03197158081705151
0 0.281 0.06927175843694494 0.012 0.019538188277087035
0 0.944 0.2877442273534636 0.017 0.03197158081705151
0 0.449 0.16873889875666073 0.017 0.03197158081705151
0 0.246 0.30728241563055064 0.017 0.03197158081705151
0 0.473 0.42628774422735344 0.017 0.03197158081705151
0 0.276 0.028419182948490232 0.012 0.019538188277087035
0 0.278 0.6767317939609236 0.017 0.03197158081705151
0 0.822 0.3623445825932504 0.017 0.03197158081705151
0 0.317 0.03907637655417407 0.012 0.019538188277087035
0 0.58 0.21314387211367672 0.017 0.03197158081705151
0 0.172 0.19538188277087035 0.017 0.03197158081705151
0 0.314 0.14742451154529307 0.012 0.019538188277087035
0 0.176 0.31616341030195383 0.017 0.03197158081705151
0 0.924 0.6269982238010657 0.017 0.03197158081705151
0 0.252 0.046181172291296625 0.012 0.019538188277087035
0 0.414 0.17229129662522202 0.017 0.03197158081705151
0 0.194 0.3037300177619893 0.017 0.03197158081705151
0 0.275 0.433392539964476 0.017 0.03197158081705151
0 0.235 0.17761989342806395 0.017 0.03197158081705151
0 0.97 0.30905861456483125 0.017 0.03197158081705151
0 0.273 0.14742451154529307 0.012 0.019538188277087035
0 0.261 0.02664298401420959 0.012 0.019538188277087035
0 0.276 0.6394316163410302 0.017 0.03197158081705151
0 0.862 0.047957371225577264 0.012 0.019538188277087035
0 0.245 0.08170515097690942 0.012 0.019538188277087035
0 0.379 0.458259325044405 0.017 0.03197158081705151
0 0.368 0.30728241563055064 0.017 0.03197158081705151
0 0.286 0.5772646536412078 0.017 0.03197158081705151
0 0.785 0.3463587921847247 0.017 0.03197158081705151
0 0.849 0.42095914742451157 0.017 0.03197158081705151
0 0.788 0.38898756660746003 0.017 0.03197158081705151
0 0.236 0.3907637655417407 0.017 0.03197158081705151
0 0.852 0.008880994671403197 0.012 0.019538188277087035
0 0.156 0.5861456483126111 0.017 0.03197158081705151
0 0.688 0.008880994671403197 0.012 0.019538188277087035
0 0.844 0.056838365896980464 0.012 0.019538188277087035
0 0.278 0.2912966252220249 0.017 0.03197158081705151
0 0.915 0.9094138543516874 0.03 0.055062166962699825
0 0.267 0.10657193605683836 0.012 0.019538188277087035
0 0.265 0.34458259325044405 0.017 0.03197158081705151
0 0.849 0.3836589698046181 0.017 0.03197158081705151
0 0.028 0.4955595026642984 0.017 0.03197158081705151
0 0.866 0.4049733570159858 0.017 0.03197158081705151
0 0.866 0.10124333925399645 0.012 0.019538188277087035
0 0.372 0.38898756660746003 0.017 0.03197158081705151
0 0.836 0.03197158081705151 0.012 0.019538188277087035
0 0.793 0.33037300177619894 0.017 0.03197158081705151
0 0.581 0.152753108348135 0.017 0.03197158081705151
0 0.715 0.6891651865008881 0.03 0.055062166962699825
0 0.376 0.3481349911190053 0.017 0.03197158081705151
0 0.293 0.3410301953818828 0.017 0.03197158081705151
0 0.332 0.1847246891651865 0.017 0.03197158081705151
0 0.225 0.33037300177619894 0.017 0.03197158081705151
0 0.89 0.8650088809946714 0.03 0.055062166962699825
0 0.692 0.0586145648312611 0.012 0.019538188277087035
0 0.587 0.7850799289520426 0.03 0.055062166962699825
0 0.196 0.3463587921847247 0.017 0.03197158081705151
0 0.387 0.5985790408525755 0.017 0.03197158081705151
0 0.813 0.023090586145648313 0.012 0.019538188277087035
0 0.868 0.03197158081705151 0.012 0.019538188277087035
0 0.295 0.0017761989342806395 0.012 0.019538188277087035
0 0.873 0.31261101243339257 0.017 0.03197158081705151
0 0.245 0.010657193605683837 0.012 0.019538188277087035
0 0.344 0.09769094138543517 0.012 0.019538188277087035
0 0.215 0.6447602131438721 0.017 0.03197158081705151
0 0.258 0.16518650088809947 0.017 0.03197158081705151
0 0.371 0.26465364120781526 0.017 0.03197158081705151
0 0.237 0.02486678507992895 0.012 0.019538188277087035
0 0.326 0.6714031971580817 0.017 0.03197158081705151
0 0.9 0.30017761989342806 0.017 0.03197158081705151
0 0.627 0.2877442273534636 0.017 0.03197158081705151
0 0.665 0.008880994671403197 0.012 0.019538188277087035
0 0.323 0.008880994671403197 0.012 0.019538188277087035
0 0.322 0.2984014209591474 0.017 0.03197158081705151
0 0.198 0.522202486678508 0.017 0.03197158081705151
0 0.311 0.3641207815275311 0.017 0.03197158081705151
0 0.294 0.4067495559502664 0.017 0.03197158081705151
0 0.278 0.1989342806394316 0.017 0.03197158081705151
0 0.729 0.6003552397868561 0.017 0.03197158081705151
0 0.392 0.5754884547069272 0.017 0.03197158081705151
0 0.243 0.10124333925399645 0.012 0.019538188277087035
0 0.247 0.4689165186500888 0.017 0.03197158081705151
0 0.354 0.08170515097690942 0.012 0.019538188277087035
0 0.176 0.6252220248667851 0.017 0.03197158081705151
0 0.346 0.8419182948490231 0.03 0.055062166962699825
0 0.159 0.46536412078152756 0.017 0.03197158081705151
0 0.315 0.0852575488454707 0.012 0.019538188277087035
0 0.066 0.41563055062166965 0.017 0.03197158081705151
0 0.464 0.9076376554174067 0.03 0.055062166962699825
0 0.903 0.42095914742451157 0.017 0.03197158081705151
0 0.305 0.15985790408525755 0.017 0.03197158081705151
0 0.487 0.5772646536412078 0.017 0.03197158081705151
0 0.215 0.15630550621669628 0.017 0.03197158081705151
0 0.326 0.4493783303730018 0.017 0.03197158081705151
0 0.132 0.5257548845470693 0.017 0.03197158081705151
0 0.286 0.0994671403197158 0.012 0.019538188277087035
0 0.132 0.8063943161634103 0.03 0.055062166962699825
0 0.222 0.37122557726465366 0.017 0.03197158081705151
0 0.196 0.07104795737122557 0.012 0.019538188277087035
0 0.427 0.3037300177619893 0.017 0.03197158081705151
0 0.379 0.42095914742451157 0.017 0.03197158081705151
0 0.234 0.8134991119005328 0.03 0.055062166962699825
0 0.952 0.40852575488454707 0.017 0.03197158081705151
0 0.366 0.4866785079928952 0.017 0.03197158081705151
0 0.982 0.4191829484902309 0.017 0.03197158081705151
0 0.196 0.40319715808170514 0.017 0.03197158081705151
0 0.208 0.11545293072824156 0.012 0.019538188277087035
0 0.865 0.5595026642984015 0.017 0.03197158081705151
0 0.286 0.13143872113676733 0.012 0.019538188277087035
0 0.378 0.11545293072824156 0.012 0.019538188277087035
0 0.243 0.13143872113676733 0.012 0.019538188277087035
0 0.089 0.8792184724689165 0.03 0.055062166962699825
0 0.213 0.07992895204262877 0.012 0.019538188277087035
0 0.354 0.2877442273534636 0.017 0.03197158081705151
0 0.817 0.23623445825932504 0.017 0.03197158081705151
0 0.089 0.3907637655417407 0.017 0.03197158081705151
0 0.248 0.7637655417406749 0.03 0.055062166962699825
0 0.239 0.3481349911190053 0.017 0.03197158081705151
0 0.192 0.13854351687388988 0.012 0.019538188277087035
0 0.264 0.12788632326820604 0.012 0.019538188277087035
0 0.257 0.1989342806394316 0.017 0.03197158081705151
0 0.383 0.15808170515097691 0.017 0.03197158081705151
0 0.366 0.3321492007104796 0.017 0.03197158081705151
0 0.804 0.4280639431616341 0.017 0.03197158081705151
0 0.755 0.6287744227353463 0.017 0.03197158081705151
0 0.791 0.4937833037300178 0.017 0.03197158081705151
