0 0.81875 0.625 0.017708333333333333 0.0296875
0 0.475 0.1109375 0.011458333333333333 0.0234375
0 0.22291666666666668 0.2203125 0.011458333333333333 0.0234375
0 0.66875 0.659375 0.017708333333333333 0.0296875
0 0.5072916666666667 0.034375 0.011458333333333333 0.0234375
0 0.7583333333333333 0.7109375 0.017708333333333333 0.0296875
0 0.54375 0.340625 0.011458333333333333 0.0234375
0 0.14895833333333333 0.190625 0.011458333333333333 0.0234375
0 0.6864583333333333 0.5828125 0.017708333333333333 0.0296875
0 0.221875 0.49375 0.011458333333333333 0.0234375
0 0.478125 0.5578125 0.017708333333333333 0.0296875
0 0.884375 0.790625 0.017708333333333333 0.0296875
0 0.925 0.065625 0.011458333333333333 0.0234375
0 0.7197916666666667 0.58125 0.017708333333333333 0.0296875
0 0.73125 0.83125 0.017708333333333333 0.0296875
0 0.40520833333333334 0.66875 0.017708333333333333 0.0296875
0 0.25625 0.7421875 0.017708333333333333 0.0296875
0 0.5135416666666667 0.2625 0.011458333333333333 0.0234375
0 0.575 0.7421875 0.017708333333333333 0.0296875
0 0.22604166666666667 0.7859375 0.017708333333333333 0.0296875
0 0.37083333333333335 0.6703125 0.017708333333333333 0.0296875
0 0.19375 0.4546875 0.011458333333333333 0.0234375
0 0.55 0.184375 0.011458333333333333 0.0234375
0 0.58125 0.0015625 0.011458333333333333 0.0234375
0 0.5052083333333334 0.5390625 0.017708333333333333 0.0296875
0 0.5104166666666666 0.0671875 0.011458333333333333 0.0234375
0 0.8354166666666667 0.4171875 0.011458333333333333 0.0234375
0 0.4791666666666667 0.225 0.011458333333333333 0.0234375
0 0.4510416666666667 0.190625 0.011458333333333333 0.0234375
0 0.790625 0.8765625 0.017708333333333333 0.0296875
0 0.3625 0.8828125 0.017708333333333333 0.0296875
0 0.36770833333333336 0.38125 0.011458333333333333 0.0234375
0 0.5947916666666667 0.5609375 0.017708333333333333 0.0296875
0 0.38958333333333334 0.146875 0.011458333333333333 0.0234375
0 0.20625 0.340625 0.011458333333333333 0.0234375
0 0.5770833333333333 0.0296875 0.011458333333333333 0.0234375
0 0.8666666666666667 0.0421875 0.011458333333333333 0.0234375
0 0.196875 0.534375 0.017708333333333333 0.0296875
0 0.5052083333333334 0.5828125 0.017708333333333333 0.0296875
0 0.75625 0.3375 0.011458333333333333 0.0234375
0 0.5197916666666667 0.61875 0.017708333333333333 0.0296875
0 0.46770833333333334 0.425 0.011458333333333333 0.0234375
0 0.36041666666666666 0.7171875 0.017708333333333333 0.0296875
0 0.4895833333333333 0.878125 0.017708333333333333 0.0296875
0 0.334375 0.4578125 0.011458333333333333 0.0234375
0 0.5208333333333334 0.1359375 0.011458333333333333 0.0234375
0 0.38229166666666664 0.06875 0.011458333333333333 0.0234375
0 0.24583333333333332 0.253125 0.011458333333333333 0.0234375
0 0.70625 0.0296875 0.011458333333333333 0.0234375
0 0.16041666666666668 0.3390625 0.011458333333333333 0.0234375
0 0.8541666666666666 0.7625 0.017708333333333333 0.0296875
0 0.6666666666666666 0.1453125 0.011458333333333333 0.0234375
0 0.7864583333333334 0.7453125 0.017708333333333333 0.0296875
0 0.20833333333333334 0.2625 0.011458333333333333 0.0234375
0 0.553125 0.0015625 0.011458333333333333 0.0234375
0 0.30625 0.3984375 0.011458333333333333 0.0234375
0 0.23125 0.5390625 0.017708333333333333 0.0296875
0 0.18229166666666666 0.1859375 0.011458333333333333 0.0234375
0 0.2916666666666667 0.878125 0.017708333333333333 0.0296875
0 0.8552083333333333 0.615625 0.017708333333333333 0.0296875
0 0.053125 0.4625 0.0125 0.025
0 0.215625 0.065625 0.011458333333333333 0.0234375
0 0.221875 0.828125 0.017708333333333333 0.0296875
0 0.4 0.8328125 0.017708333333333333 0.0296875
0 0.7020833333333333 0.6625 0.017708333333333333 0.0296875
0 0.525 0.228125 0.011458333333333333 0.0234375
0 0.41041666666666665 0.0046875 0.011458333333333333 0.0234375
0 0.6979166666666666 0.7859375 0.017708333333333333 0.0296875
0 0.29375 0.496875 0.011458333333333333 0.0234375
0 0.8135416666666667 0.0 0.011458333333333333 0.0234375
0 0.051041666666666666 0.56875 0.017708333333333333 0.0296875
0 0.5416666666666666 0.075 0.011458333333333333 0.0234375
0 0.246875 0.1421875 0.011458333333333333 0.0234375
0 0.5635416666666667 0.384375 0.011458333333333333 0.0234375
0 0.440625 0.746875 0.017708333333333333 0.0296875
0 0.71875 0.878125 0.017708333333333333 0.0296875
0 0.09583333333333334 0.003125 0.011458333333333333 0.0234375
0 0.903125 0.7515625 0.017708333333333333 0.0296875
0 0.540625 0.3046875 0.011458333333333333 0.0234375
0 0.525 0.38125 0.011458333333333333 0.0234375
0 0.553125 0.796875 0.017708333333333333 0.0296875
0 0.5989583333333334 0.8890625 0.017708333333333333 0.0296875
0 0.4041666666666667 0.4171875 0.011458333333333333 0.0234375
0 0.7260416666666667 0.1265625 0.011458333333333333 0.0234375
0 0.109375 0.7109375 0.017708333333333333 0.0296875
0 0.08333333333333333 0.0375 0.011458333333333333 0.0234375
0 0.18645833333333334 0.7875 0.017708333333333333 0.0296875
0 0.7489583333333333 0.1078125 0.011458333333333333 0.0234375
0 0.42083333333333334 0.15625 0.011458333333333333 0.0234375
0 0.9427083333333334 0.4140625 0.011458333333333333 0.0234375
0 0.6760416666666667 0.6171875 0.017708333333333333 0.0296875
0 0.8375 0.7484375 0.017708333333333333 0.0296875
0 0.5447916666666667 0.5921875 0.017708333333333333 0.0296875
0 0.6729166666666667 0.8796875 0.017708333333333333 0.0296875
0 0.50625 0.715625 0.017708333333333333 0.0296875
0 0.3302083333333333 0.665625 0.017708333333333333 0.0296875
0 0.6791666666666667 0.496875 0.011458333333333333 0.0234375
0 0.8083333333333333 0.3828125 0.011458333333333333 0.0234375
0 0.3802083333333333 0.1828125 0.011458333333333333 0.0234375
0 0.3333333333333333 0.584375 0.017708333333333333 0.0296875
0 0.07395833333333333 0.7859375 0.017708333333333333 0.0296875
0 0.18854166666666666 0.615625 0.017708333333333333 0.0296875
0 0.240625 0.2953125 0.011458333333333333 0.0234375
0 0.6083333333333333 0.4921875 0.011458333333333333 0.0234375
0 0.8052083333333333 0.5484375 0.017708333333333333 0.0296875
0 0.5125 0.1859375 0.011458333333333333 0.0234375
0 0.5135416666666667 0.4140625 0.011458333333333333 0.0234375
0 0.34791666666666665 0.2640625 0.011458333333333333 0.0234375
0 0.9666666666666667 0.1328125 0.011458333333333333 0.0234375
0 0.5875 0.5 0.011458333333333333 0.0234375
0 0.125 0.7796875 0.017708333333333333 0.0296875
0 0.140625 0.86875 0.017708333333333333 0.0296875
0 0.5822916666666667 0.065625 0.011458333333333333 0.0234375
0 0.7916666666666666 0.140625 0.011458333333333333 0.0234375
0 0.22604166666666667 0.6671875 0.017708333333333333 0.0296875
0 0.6083333333333333 0.5 0.011458333333333333 0.0234375
0 0.17291666666666666 0.3 0.011458333333333333 0.0234375
0 0.7375 0.146875 0.011458333333333333 0.0234375
0 0.446875 0.309375 0.011458333333333333 0.0234375
0 0.6427083333333333 0.7484375 0.017708333333333333 0.0296875
0 0.896875 0.5359375 0.017708333333333333 0.0296875
0 0.7604166666666666 0.175 0.011458333333333333 0.0234375
0 0.690625 0.18125 0.011458333333333333 0.0234375
0 0.4083333333333333 0.6234375 0.017708333333333333 0.0296875
0 0.6833333333333333 0.234375 0.011458333333333333 0.0234375
0 0.6364583333333333 0.4125 0.011458333333333333 0.0234375
0 0.18020833333333333 0.06875 0.011458333333333333 0.0234375
0 0.71875 0.4953125 0.011458333333333333 0.0234375
0 0.8583333333333333 0.878125 0.017708333333333333 0.0296875
0 0.7677083333333333 0.065625 0.011458333333333333 0.0234375
0 0.628125 0.071875 0.011458333333333333 0.0234375
0 0.7604166666666666 0.4671875 0.011458333333333333 0.0234375
0 0.30520833333333336 0.1109375 0.011458333333333333 0.0234375
0 0.909375 0.8359375 0.017708333333333333 0.0296875
0 0.7916666666666666 0.0671875 0.011458333333333333 0.0234375
0 0.284375 0.0078125 0.011458333333333333 0.0234375
0 0.446875 0.003125 0.011458333333333333 0.0234375
0 0.9572916666666667 0.3375 0.011458333333333333 0.0234375
0 0.4114583333333333 0.3390625 0.011458333333333333 0.0234375
0 0.13020833333333334 0.375 0.011458333333333333 0.0234375
0 0.9229166666666667 0.334375 0.011458333333333333 0.0234375
0 0.9197916666666667 0.36875 0.011458333333333333 0.0234375
0 0.41458333333333336 0.2578125 0.011458333333333333 0.0234375
0 0.9291666666666667 0.296875 0.011458333333333333 0.0234375
0 0.7895833333333333 0.6625 0.017708333333333333 0.0296875
0 0.825 0.4921875 0.011458333333333333 0.0234375
0 0.5447916666666667 0.1046875 0.011458333333333333 0.0234375
0 0.271875 0.3421875 0.011458333333333333 0.0234375
0 0.2552083333333333 0.6609375 0.017708333333333333 0.0296875
0 0.9510416666666667 0.3703125 0.011458333333333333 0.0234375
0 0.08645833333333333 0.4203125 0.011458333333333333 0.0234375
0 0.365625 0.4640625 0.011458333333333333 0.0234375
0 0.29791666666666666 0.79375 0.017708333333333333 0.0296875
0 0.8916666666666667 0.1859375 0.011458333333333333 0.0234375
0 0.2760416666666667 0.10625 0.011458333333333333 0.0234375
0 0.5270833333333333 0.5125 0.017708333333333333 0.0296875
0 0.6208333333333333 0.83125 0.017708333333333333 0.0296875
0 0.83125 0.5421875 0.017708333333333333 0.0296875
0 0.11458333333333333 0.6140625 0.017708333333333333 0.0296875
0 0.18333333333333332 0.1359375 0.011458333333333333 0.0234375
0 0.9833333333333333 0.409375 0.011458333333333333 0.0234375
0 0.8604166666666667 0.1015625 0.011458333333333333 0.0234375
0 0.3177083333333333 0.1390625 0.011458333333333333 0.0234375
0 0.51875 0.7921875 0.017708333333333333 0.0296875
0 0.07708333333333334 0.209375 0.011458333333333333 0.0234375
0 0.709375 0.228125 0.011458333333333333 0.0234375
0 0.8447916666666667 0.7921875 0.017708333333333333 0.0296875
0 0.6375 0.884375 0.017708333333333333 0.0296875
0 0.8604166666666667 0.296875 0.011458333333333333 0.0234375
0 0.7125 0.378125 0.011458333333333333 0.0234375
0 0.3697916666666667 0.4234375 0.011458333333333333 0.0234375
0 0.3729166666666667 0.790625 0.017708333333333333 0.0296875
0 0.3729166666666667 0.290625 0.011458333333333333 0.0234375
0 0.26979166666666665 0.375 0.011458333333333333 0.0234375
0 0.91875 0.0984375 0.011458333333333333 0.0234375
0 0.8125 0.225 0.011458333333333333 0.0234375
0 0.4 0.509375 0.017708333333333333 0.0296875
0 0.14791666666666667 0.665625 0.017708333333333333 0.0296875
0 0.5458333333333333 0.7703125 0.017708333333333333 0.0296875
0 0.15104166666666666 0.4703125 0.011458333333333333 0.0234375
0 0.796875 0.5703125 0.017708333333333333 0.0296875
0 0.6104166666666667 0.7578125 0.017708333333333333 0.0296875
0 0.353125 0.203125 0.011458333333333333 0.0234375
0 0.8854166666666666 0.375 0.011458333333333333 0.0234375
0 0.2916666666666667 0.740625 0.017708333333333333 0.0296875
0 0.0 0.8359375 0.017708333333333333 0.0296875
0 0.4479166666666667 0.8375 0.017708333333333333 0.0296875
0 0.3572916666666667 0.034375 0.011458333333333333 0.0234375
0 0.22708333333333333 0.4484375 0.011458333333333333 0.0234375
0 0.6791666666666667 0.375 0.011458333333333333 0.0234375
0 0.6479166666666667 0.2234375 0.011458333333333333 0.0234375
0 0.057291666666666664 0.3296875 0.011458333333333333 0.0234375
0 0.9666666666666667 0.740625 0.017708333333333333 0.0296875
0 0.07395833333333333 0.83125 0.017708333333333333 0.0296875
0 0.11875 0.1578125 0.011458333333333333 0.0234375
0 0.5916666666666667 0.0359375 0.011458333333333333 0.0234375
0 0.9114583333333334 0.2203125 0.011458333333333333 0.0234375
0 0.8322916666666667 0.0640625 0.011458333333333333 0.0234375
0 0.32708333333333334 0.4984375 0.011458333333333333 0.0234375
0 0.39791666666666664 0.88125 0.017708333333333333 0.0296875
0 0.11458333333333333 0.65625 0.017708333333333333 0.0296875
0 0.6552083333333333 0.1140625 0.011458333333333333 0.0234375
0 0.8083333333333333 0.703125 0.017708333333333333 0.0296875
0 0.9010416666666666 0.5765625 0.017708333333333333 0.0296875
0 0.11875 0.0015625 0.011458333333333333 0.0234375
0 0.8364583333333333 0.825 0.017708333333333333 0.0296875
0 0.43854166666666666 0.103125 0.011458333333333333 0.0234375
0 0.28125 0.265625 0.011458333333333333 0.0234375
0 0.14375 0.2265625 0.011458333333333333 0.0234375
0 0.10416666666666667 0.834375 0.017708333333333333 0.0296875
0 0.4395833333333333 0.6234375 0.017708333333333333 0.0296875
0 0.11979166666666667 0.0375 0.011458333333333333 0.0234375
0 0.38229166666666664 0.2578125 0.011458333333333333 0.0234375
0 0.4354166666666667 0.471875 0.011458333333333333 0.0234375
0 0.675 0.5828125 0.017708333333333333 0.0296875
0 0.303125 0.3375 0.011458333333333333 0.0234375
0 0.6635416666666667 0.7890625 0.017708333333333333 0.0296875
0 0.32708333333333334 0.759375 0.017708333333333333 0.0296875
0 0.8197916666666667 0.1078125 0.011458333333333333 0.0234375
0 0.75625 0.8796875 0.017708333333333333 0.0296875
0 0.8833333333333333 0.10625 0.011458333333333333 0.0234375
0 0.7427083333333333 0.0265625 0.011458333333333333 0.0234375
0 0.9395833333333333 0.0015625 0.011458333333333333 0.0234375
0 0.3416666666666667 0.3375 0.011458333333333333 0.0234375
0 0.64375 0.378125 0.011458333333333333 0.0234375
0 0.7760416666666666 0.6265625 0.017708333333333333 0.0296875
0 0.36354166666666665 0.6296875 0.017708333333333333 0.0296875
0 0.29583333333333334 0.6296875 0.017708333333333333 0.0296875
0 0.8729166666666667 0.54375 0.017708333333333333 0.0296875
0 0.17604166666666668 0.2703125 0.011458333333333333 0.0234375
0 0.47708333333333336 0.1890625 0.011458333333333333 0.0234375
0 0.19791666666666666 0.415625 0.011458333333333333 0.0234375
0 0.8770833333333333 0.215625 0.011458333333333333 0.0234375
0 0.6927083333333334 0.3015625 0.011458333333333333 0.0234375
0 0.753125 0.6234375 0.017708333333333333 0.0296875
0 0.8020833333333334 0.45 0.011458333333333333 0.0234375
0 0.7052083333333333 0.278125 0.011458333333333333 0.0234375
0 0.5885416666666666 0.496875 0.011458333333333333 0.0234375
0 0.08541666666666667 0.1421875 0.011458333333333333 0.0234375
0 0.8916666666666667 0.146875 0.011458333333333333 0.0234375
0 0.25 0.2203125 0.011458333333333333 0.0234375
0 0.828125 0.8828125 0.017708333333333333 0.0296875
0 0.9708333333333333 0.03125 0.011458333333333333 0.0234375
0 0.8270833333333333 0.45625 0.011458333333333333 0.0234375
0 0.5833333333333334 0.8359375 0.017708333333333333 0.0296875
0 0.6229166666666667 0.1890625 0.011458333333333333 0.0234375
0 0.5447916666666667 0.0390625 0.011458333333333333 0.0234375
0 0.6708333333333333 0.259375 0.011458333333333333 0.0234375
0 0.14583333333333334 0.7046875 0.017708333333333333 0.0296875
0 0.978125 0.2625 0.011458333333333333 0.0234375
0 0.375 0.1078125 0.011458333333333333 0.0234375
0 0.4791666666666667 0.3 0.011458333333333333 0.0234375
0 0.3302083333333333 0.715625 0.017708333333333333 0.0296875
0 0.44375 0.0703125 0.011458333333333333 0.0234375
0 0.746875 0.3734375 0.011458333333333333 0.0234375
0 0.3020833333333333 0.584375 0.017708333333333333 0.0296875
0 0.3104166666666667 0.2609375 0.011458333333333333 0.0234375
0 0.29375 0.540625 0.017708333333333333 0.0296875
0 0.22083333333333333 0.146875 0.011458333333333333 0.0234375
0 0.8666666666666667 0.4578125 0.011458333333333333 0.0234375
0 0.934375 0.1953125 0.011458333333333333 0.0234375
0 0.23333333333333334 0.3390625 0.011458333333333333 0.0234375
0 0.165625 0.4078125 0.011458333333333333 0.0234375
0 0.2625 0.7859375 0.017708333333333333 0.0296875
0 0.3697916666666667 0.3375 0.011458333333333333 0.0234375
0 0.20729166666666668 0.8765625 0.017708333333333333 0.0296875
0 0.8614583333333333 0.0734375 0.011458333333333333 0.0234375
0 0.8135416666666667 0.1765625 0.011458333333333333 0.0234375
0 0.6854166666666667 0.109375 0.011458333333333333 0.0234375
0 0.8489583333333334 0.371875 0.011458333333333333 0.0234375
0 0.5947916666666667 0.6609375 0.017708333333333333 0.0296875
0 0.178125 0.1125 0.011458333333333333 0.0234375
0 0.103125 0.2984375 0.011458333333333333 0.0234375
0 0.36666666666666664 0.51875 0.017708333333333333 0.0296875
0 0.23854166666666668 0.10625 0.011458333333333333 0.0234375
0 0.5447916666666667 0.496875 0.011458333333333333 0.0234375
0 0.6072916666666667 0.384375 0.011458333333333333 0.0234375
0 0.6052083333333333 0.2265625 0.011458333333333333 0.0234375
0 0.590625 0.790625 0.017708333333333333 0.0296875
0 0.8458333333333333 0.2171875 0.011458333333333333 0.0234375
0 0.29270833333333335 0.6625 0.017708333333333333 0.0296875
0 0.7 0.4171875 0.011458333333333333 0.0234375
0 0.8302083333333333 0.3140625 0.011458333333333333 0.0234375
0 0.98125 0.103125 0.011458333333333333 0.0234375
0 0.653125 0.8375 0.017708333333333333 0.0296875
0 0.9885416666666667 0.375 0.011458333333333333 0.0234375
0 0.33229166666666665 0.63125 0.017708333333333333 0.0296875
0 0.6333333333333333 0.8046875 0.017708333333333333 0.0296875
0 0.48125 0.746875 0.017708333333333333 0.0296875
0 0.103125 0.8796875 0.017708333333333333 0.0296875
0 0.759375 0.8359375 0.017708333333333333 0.0296875
0 0.8322916666666667 0.034375 0.011458333333333333 0.0234375
0 0.03229166666666667 0.8375 0.017708333333333333 0.0296875
0 0.821875 0.3375 0.011458333333333333 0.0234375
0 0.6729166666666667 0.4140625 0.011458333333333333 0.0234375
0 0.9572916666666667 0.1796875 0.011458333333333333 0.0234375
0 0.48125 0.2671875 0.011458333333333333 0.0234375
0 0.7739583333333333 0.034375 0.011458333333333333 0.0234375
0 0.3802083333333333 0.0328125 0.011458333333333333 0.0234375
0 0.45416666666666666 0.225 0.011458333333333333 0.0234375
0 0.334375 0.38125 0.011458333333333333 0.0234375
0 0.090625 0.45 0.011458333333333333 0.0234375
0 0.9114583333333334 0.4109375 0.011458333333333333 0.0234375
0 0.8916666666666667 0.6234375 0.017708333333333333 0.0296875
0 0.23333333333333334 0.4234375 0.011458333333333333 0.0234375
0 0.7177083333333333 0.7515625 0.017708333333333333 0.0296875
0 0.6291666666666667 0.2640625 0.011458333333333333 0.0234375
0 0.2520833333333333 0.865625 0.017708333333333333 0.0296875
0 0.065625 0.8734375 0.017708333333333333 0.0296875
0 0.909375 0.0328125 0.011458333333333333 0.0234375
0 0.38125 0.2171875 0.011458333333333333 0.0234375
0 0.15208333333333332 0.146875 0.011458333333333333 0.0234375
0 0.18541666666666667 0.653125 0.017708333333333333 0.0296875
0 0.7802083333333333 0.0015625 0.011458333333333333 0.0234375
0 0.8864583333333333 0.33125 0.011458333333333333 0.0234375
0 0.9927083333333333 0.06875 0.011458333333333333 0.0234375
0 0.9489583333333333 0.2203125 0.011458333333333333 0.0234375
0 0.041666666666666664 0.784375 0.017708333333333333 0.0296875
0 0.5427083333333333 0.8375 0.017708333333333333 0.0296875
0 0.5875 0.4625 0.011458333333333333 0.0234375
0 0.40729166666666666 0.1109375 0.011458333333333333 0.0234375
0 0.46875 0.465625 0.011458333333333333 0.0234375
0 0.25104166666666666 0.0796875 0.011458333333333333 0.0234375
0 0.46458333333333335 0.6703125 0.017708333333333333 0.0296875
0 0.5583333333333333 0.5390625 0.017708333333333333 0.0296875
0 0.2875 0.14375 0.011458333333333333 0.0234375
0 0.26875 0.4328125 0.011458333333333333 0.0234375
0 0.43645833333333334 0.70625 0.017708333333333333 0.0296875
0 0.725 0.2984375 0.011458333333333333 0.0234375
0 0.1625 0.3796875 0.011458333333333333 0.0234375
0 0.98125 0.2125 0.011458333333333333 0.0234375
0 0.628125 0.3078125 0.011458333333333333 0.0234375
0 0.37604166666666666 0.5421875 0.017708333333333333 0.0296875
0 0.4197916666666667 0.1796875 0.011458333333333333 0.0234375
0 0.19583333333333333 0.5703125 0.017708333333333333 0.0296875
0 0.7364583333333333 0.4296875 0.011458333333333333 0.0234375
0 0.4791666666666667 0.071875 0.011458333333333333 0.0234375
0 0.5802083333333333 0.1046875 0.011458333333333333 0.0234375
0 0.7854166666666667 0.378125 0.011458333333333333 0.0234375
0 0.7208333333333333 0.4640625 0.011458333333333333 0.0234375
0 0.109375 0.784375 0.017708333333333333 0.0296875
0 0.3333333333333333 0.83125 0.017708333333333333 0.0296875
0 0.475 0.709375 0.017708333333333333 0.0296875
0 0.3541666666666667 0.1390625 0.011458333333333333 0.0234375
0 0.259375 0.496875 0.011458333333333333 0.0234375
0 0.29583333333333334 0.45 0.011458333333333333 0.0234375
0 0.55625 0.153125 0.011458333333333333 0.0234375
0 0.03333333333333333 0.7609375 0.017708333333333333 0.0296875
0 0.27395833333333336 0.2953125 0.011458333333333333 0.0234375
0 0.5958333333333333 0.259375 0.011458333333333333 0.0234375
0 0.9385416666666667 0.475 0.011458333333333333 0.0234375
0 0.65 0.0015625 0.011458333333333333 0.0234375
0 0.15625 0.61875 0.017708333333333333 0.0296875
0 0.934375 0.8828125 0.017708333333333333 0.0296875
0 0.7864583333333334 0.34375 0.011458333333333333 0.0234375
0 0.696875 0.7078125 0.017708333333333333 0.0296875
0 0.1625 0.540625 0.017708333333333333 0.0296875
0 0.9947916666666666 0.459375 0.011458333333333333 0.0234375
0 0.34791666666666665 0.290625 0.011458333333333333 0.0234375
0 0.7302083333333333 0.703125 0.017708333333333333 0.0296875
0 0.5666666666666667 0.6609375 0.017708333333333333 0.0296875
0 0.45208333333333334 0.1515625 0.011458333333333333 0.0234375
0 0.9479166666666666 0.8296875 0.017708333333333333 0.0296875
0 0.17291666666666666 0.8734375 0.017708333333333333 0.0296875
0 0.1125 0.0671875 0.011458333333333333 0.0234375
0 0.6197916666666666 0.478125 0.011458333333333333 0.0234375
0 0.7666666666666667 0.1421875 0.011458333333333333 0.0234375
0 0.14375 0.1015625 0.011458333333333333 0.0234375
0 0.9416666666666667 0.45625 0.011458333333333333 0.0234375
0 0.490625 0.83125 0.017708333333333333 0.0296875
0 0.68125 0.8375 0.017708333333333333 0.0296875
0 0.4635416666666667 0.034375 0.011458333333333333 0.0234375
0 0.4739583333333333 0.5171875 0.017708333333333333 0.0296875
0 0.653125 0.19375 0.011458333333333333 0.0234375
0 0.0 0.784375 0.017708333333333333 0.0296875
0 0.25833333333333336 0.6390625 0.017708333333333333 0.0296875
0 0.20625 0.7578125 0.017708333333333333 0.0296875
0 0.9322916666666666 0.0359375 0.011458333333333333 0.0234375
0 0.41041666666666665 0.71875 0.017708333333333333 0.0296875
0 0.05416666666666667 0.3703125 0.011458333333333333 0.0234375
0 0.48541666666666666 0.61875 0.017708333333333333 0.0296875
0 0.13645833333333332 0.359375 0.011458333333333333 0.0234375
0 0.8979166666666667 0.29375 0.011458333333333333 0.0234375
0 0.325 0.884375 0.017708333333333333 0.0296875
0 0.5104166666666666 0.30625 0.011458333333333333 0.0234375
0 0.7875 0.1 0.011458333333333333 0.0234375
0 0.5541666666666667 0.70625 0.017708333333333333 0.0296875
0 0.15104166666666666 0.7875 0.017708333333333333 0.0296875
0 0.7364583333333333 0.2640625 0.011458333333333333 0.0234375
0 0.5833333333333334 0.703125 0.017708333333333333 0.0296875
0 0.4864583333333333 0.15 0.011458333333333333 0.0234375
0 0.9052083333333333 0.878125 0.017708333333333333 0.0296875
0 0.22916666666666666 0.61875 0.017708333333333333 0.0296875
0 0.44375 0.8671875 0.017708333333333333 0.0296875
0 0.10416666666666667 0.3296875 0.011458333333333333 0.0234375
0 0.3802083333333333 0.003125 0.011458333333333333 0.0234375
0 0.5791666666666667 0.5859375 0.017708333333333333 0.0296875
0 0.11458333333333333 0.2125 0.011458333333333333 0.0234375
0 0.75 0.215625 0.011458333333333333 0.0234375
0 0.234375 0.3765625 0.011458333333333333 0.0234375
0 0.69375 0.075 0.011458333333333333 0.0234375
0 0.7677083333333333 0.259375 0.011458333333333333 0.0234375
0 0.34375 0.0625 0.011458333333333333 0.0234375
0 0.09479166666666666 0.3765625 0.011458333333333333 0.0234375
0 0.9302083333333333 0.1453125 0.011458333333333333 0.0234375
0 0.95 0.103125 0.011458333333333333 0.0234375
0 0.7739583333333333 0.3171875 0.011458333333333333 0.0234375
0 0.61875 0.1109375 0.011458333333333333 0.0234375
0 0.71875 0.0015625 0.011458333333333333 0.0234375
0 0.14166666666666666 0.746875 0.017708333333333333 0.0296875
0 0.28958333333333336 0.846875 0.017708333333333333 0.0296875
0 0.9270833333333334 0.7875 0.017708333333333333 0.0296875
0 0.8708333333333333 0.41875 0.011458333333333333 0.0234375
0 0.7822916666666667 0.2140625 0.011458333333333333 0.0234375
0 0.7958333333333333 0.3140625 0.011458333333333333 0.0234375
0 0.3385416666666667 0.546875 0.017708333333333333 0.0296875
0 0.5291666666666667 0.878125 0.017708333333333333 0.0296875
0 0.4083333333333333 0.0703125 0.011458333333333333 0.0234375
0 0.0020833333333333333 0.746875 0.017708333333333333 0.0296875
0 0.4166666666666667 0.221875 0.011458333333333333 0.0234375
0 0.565625 0.228125 0.011458333333333333 0.0234375
0 0.6677083333333333 0.040625 0.011458333333333333 0.0234375
0 0.665625 0.06875 0.011458333333333333 0.0234375
0 0.871875 0.840625 0.017708333333333333 0.0296875
0 0.446875 0.265625 0.011458333333333333 0.0234375
0 0.8104166666666667 0.2671875 0.011458333333333333 0.0234375
0 0.575 0.871875 0.017708333333333333 0.0296875
0 0.915625 0.2546875 0.011458333333333333 0.0234375
0 0.778125 0.4171875 0.011458333333333333 0.0234375
0 0.8010416666666667 0.8375 0.017708333333333333 0.0296875
0 0.5145833333333333 0.0 0.011458333333333333 0.0234375
0 0.8229166666666666 0.5828125 0.017708333333333333 0.0296875
0 0.828125 0.7015625 0.017708333333333333 0.0296875
0 0.728125 0.0796875 0.011458333333333333 0.0234375
0 0.8927083333333333 0.45625 0.011458333333333333 0.0234375
0 0.9947916666666666 0.14375 0.011458333333333333 0.0234375
0 0.6135416666666667 0.0015625 0.011458333333333333 0.0234375
0 0.978125 0.0015625 0.011458333333333333 0.0234375
0 0.7416666666666667 0.659375 0.017708333333333333 0.0296875
0 0.05520833333333333 0.4296875 0.011458333333333333 0.0234375
0 0.6833333333333333 0.753125 0.017708333333333333 0.0296875
0 0.253125 0.003125 0.011458333333333333 0.0234375
0 0.55625 0.4265625 0.011458333333333333 0.0234375
0 0.34375 0.1078125 0.011458333333333333 0.0234375
0 0.7625 0.753125 0.017708333333333333 0.0296875
0 0.14479166666666668 0.0703125 0.011458333333333333 0.0234375
0 0.83125 0.140625 0.011458333333333333 0.0234375
0 0.11041666666666666 0.1125 0.011458333333333333 0.0234375
0 0.9604166666666667 0.3015625 0.011458333333333333 0.0234375
0 0.014583333333333334 0.88125 0.017708333333333333 0.0296875
0 0.85625 0.1828125 0.011458333333333333 0.0234375
0 0.8572916666666667 0.340625 0.011458333333333333 0.0234375
0 0.06979166666666667 0.06875 0.011458333333333333 0.0234375
0 0.965625 0.45625 0.011458333333333333 0.0234375
0 0.3697916666666667 0.5828125 0.017708333333333333 0.0296875
0 0.12708333333333333 0.4203125 0.011458333333333333 0.0234375
0 0.19895833333333332 0.375 0.011458333333333333 0.0234375
