0 0.5193333333333333 0.6635 0.034333333333333334 0.062
0 0.437 0.6845 0.014 0.021
0 0.43966666666666665 0.649 0.014 0.021
0 0.125 0.697 0.024 0.043
0 0.24 0.6615 0.024 0.043
0 0.558 0.663 0.034333333333333334 0.062
0 0.12266666666666666 0.651 0.024 0.043
0 0.712 0.6645 0.013333333333333334 0.0305
0 0.30466666666666664 0.733 0.056 0.1115
0 0.8753333333333333 0.691 0.013333333333333334 0.0305
0 0.623 0.664 0.013333333333333334 0.0305
0 0.22866666666666666 0.702 0.024 0.043
0 0.9306666666666666 0.691 0.03233333333333333 0.057
0 0.774 0.7345 0.051333333333333335 0.084
0 0.07566666666666666 0.674 0.024 0.043
0 0.108 0.6765 0.024 0.043
0 0.711 0.688 0.013333333333333334 0.0305
0 0.348 0.7255 0.056 0.1115
0 0.16666666666666666 0.7845 0.055 0.117
0 0.44266666666666665 0.6735 0.014 0.021
0 0.5593333333333333 0.6825 0.034333333333333334 0.062
0 0.4726666666666667 0.6755 0.014 0.021
0 0.7253333333333334 0.6485 0.013333333333333334 0.0305
0 0.5233333333333333 0.764 0.056 0.1115
0 0.636 0.6965 0.013333333333333334 0.0305
0 0.37 0.6615 0.024 0.043
0 0.792 0.657 0.013333333333333334 0.0305
0 0.15233333333333332 0.673 0.024 0.043
0 0.035666666666666666 0.728 0.055 0.117
0 0.9503333333333334 0.6995 0.051333333333333335 0.084
0 0.5023333333333333 0.989 0.04 0.0765
0 0.858 0.715 0.051333333333333335 0.084
0 0.6766666666666666 0.7145 0.013333333333333334 0.0305
0 0.3993333333333333 0.709 0.056 0.1115
0 0.73 0.6615 0.013333333333333334 0.0305
0 0.6646666666666666 0.6995 0.013333333333333334 0.0305
0 0.6963333333333334 0.6605 0.013333333333333334 0.0305
0 0.37466666666666665 0.7065 0.056 0.1115
0 0.20433333333333334 0.6625 0.024 0.043
0 0.462 0.7165 0.056 0.1115
