0 0.7265625 0.8375 0.0296875 0.05
0 0.946875 0.05625 0.028125 0.04791666666666667
0 0.9140625 0.5875 0.0296875 0.05
0 0.0640625 0.63125 0.0296875 0.05
0 0.6703125 0.6354166666666666 0.0296875 0.05
0 0.3578125 0.41041666666666665 0.028125 0.04791666666666667
0 0.809375 0.4354166666666667 0.028125 0.04791666666666667
0 0.1796875 0.8166666666666667 0.0296875 0.05
0 0.975 0.16666666666666666 0.028125 0.04791666666666667
0 0.6265625 0.39791666666666664 0.028125 0.04791666666666667
0 0.2453125 0.7625 0.0296875 0.05
0 0.71875 0.7333333333333333 0.0296875 0.05
0 0.5359375 0.26875 0.028125 0.04791666666666667
0 0.66875 0.7604166666666666 0.0296875 0.05
0 0.6296875 0.825 0.0296875 0.05
0 0.8359375 0.22083333333333333 0.028125 0.04791666666666667
0 0.3671875 0.46458333333333335 0.0296875 0.05
0 0.984375 0.73125 0.0296875 0.05
0 0.2625 0.425 0.028125 0.04791666666666667
0 0.565625 0.5229166666666667 0.0296875 0.05
0 0.084375 0.43333333333333335 0.028125 0.04791666666666667
0 0.5015625 0.5125 0.0296875 0.05
0 0.875 0.38125 0.028125 0.04791666666666667
0 0.1703125 0.48125 0.0296875 0.05
0 0.0453125 0.20416666666666666 0.028125 0.04791666666666667
0 0.64375 0.29791666666666666 0.028125 0.04791666666666667
0 0.796875 0.5708333333333333 0.0296875 0.05
0 0.55 0.6208333333333333 0.0296875 0.05
0 0.559375 0.45625 0.028125 0.04791666666666667
0 0.1 0.6854166666666667 0.0296875 0.05
0 0.8140625 0.9104166666666667 0.0296875 0.05
0 0.3359375 0.29791666666666666 0.028125 0.04791666666666667
0 0.43125 0.56875 0.0296875 0.05
0 0.5375 0.45208333333333334 0.028125 0.04791666666666667
0 0.803125 0.8375 0.0296875 0.05
0 0.45625 0.2125 0.028125 0.04791666666666667
0 0.0265625 0.5604166666666667 0.028125 0.04791666666666667
0 0.434375 0.12083333333333333 0.028125 0.04791666666666667
0 0.128125 0.8625 0.0296875 0.05
0 0.0953125 0.29375 0.028125 0.04791666666666667
0 0.6875 0.24375 0.028125 0.04791666666666667
0 0.3765625 0.5354166666666667 0.0296875 0.05
0 0.3703125 0.5875 0.0296875 0.05
0 0.1453125 0.5979166666666667 0.0296875 0.05
0 0.6453125 0.4625 0.0296875 0.05
0 0.6828125 0.11666666666666667 0.028125 0.04791666666666667
0 0.0484375 0.0625 0.028125 0.04791666666666667
0 0.0703125 0.5125 0.0296875 0.05
0 0.8546875 0.2625 0.028125 0.04791666666666667
0 0.7765625 0.11458333333333333 0.028125 0.04791666666666667
0 0.4109375 0.8854166666666666 0.0296875 0.05
0 0.7796875 0.9708333333333333 0.0296875 0.05
0 0.8125 0.004166666666666667 0.028125 0.04791666666666667
0 0.2359375 0.21041666666666667 0.028125 0.04791666666666667
0 0.83125 0.25833333333333336 0.028125 0.04791666666666667
0 0.3265625 0.6166666666666667 0.0296875 0.05
0 0.4140625 0.44583333333333336 0.028125 0.04791666666666667
0 0.1 0.8729166666666667 0.0296875 0.05
0 0.553125 0.2916666666666667 0.028125 0.04791666666666667
0 0.68125 0.4791666666666667 0.0296875 0.05
0 0.6109375 0.9395833333333333 0.0296875 0.05
0 0.9453125 0.5416666666666666 0.0296875 0.05
0 0.9171875 0.8875 0.0296875 0.05
0 0.8171875 0.48333333333333334 0.0296875 0.05
0 0.41875 0.6458333333333334 0.0296875 0.05
0 0.8390625 0.6270833333333333 0.0296875 0.05
0 0.5203125 0.13958333333333334 0.028125 0.04791666666666667
0 0.30625 0.6125 0.0296875 0.05
0 0.45 0.45208333333333334 0.028125 0.04791666666666667
0 0.01875 0.10416666666666667 0.028125 0.04791666666666667
0 0.7515625 0.3375 0.028125 0.04791666666666667
0 0.734375 0.7541666666666667 0.0296875 0.05
0 0.9703125 0.875 0.0296875 0.05
0 0.4 0.12291666666666666 0.028125 0.04791666666666667
0 0.546875 0.7354166666666667 0.0296875 0.05
0 0.596875 0.6020833333333333 0.0296875 0.05
0 0.2328125 0.6833333333333333 0.0296875 0.05
0 0.628125 0.23958333333333334 0.028125 0.04791666666666667
0 0.1296875 0.4270833333333333 0.028125 0.04791666666666667
0 0.24375 0.36041666666666666 0.028125 0.04791666666666667
0 0.6859375 0.16666666666666666 0.028125 0.04791666666666667
0 0.4765625 0.6291666666666667 0.0296875 0.05
0 0.184375 0.7291666666666666 0.0296875 0.05
0 0.7328125 0.86875 0.0296875 0.05
0 0.2875 0.28125 0.028125 0.04791666666666667
0 0.5890625 0.7229166666666667 0.0296875 0.05
0 0.29375 0.14791666666666667 0.028125 0.04791666666666667
0 0.0375 0.4083333333333333 0.028125 0.04791666666666667
0 0.475 0.3 0.028125 0.04791666666666667
0 0.625 0.1375 0.028125 0.04791666666666667
0 0.303125 0.525 0.0296875 0.05
0 0.1828125 0.5083333333333333 0.0296875 0.05
0 0.7203125 0.3645833333333333 0.028125 0.04791666666666667
0 0.321875 0.4625 0.0296875 0.05
0 0.7375 0.33958333333333335 0.028125 0.04791666666666667
0 0.5140625 0.5729166666666666 0.0296875 0.05
0 0.8859375 0.04791666666666667 0.028125 0.04791666666666667
0 0.5625 0.3875 0.028125 0.04791666666666667
0 0.7640625 0.4708333333333333 0.0296875 0.05
0 0.540625 0.90625 0.0296875 0.05
0 0.103125 0.45416666666666666 0.028125 0.04791666666666667
0 0.140625 0.19583333333333333 0.028125 0.04791666666666667
0 0.559375 0.05625 0.028125 0.04791666666666667
0 0.90625 0.16041666666666668 0.028125 0.04791666666666667
0 0.3390625 0.7916666666666666 0.0296875 0.05
0 0.4375 0.6979166666666666 0.0296875 0.05
0 0.5015625 0.27708333333333335 0.028125 0.04791666666666667
0 0.559375 0.14166666666666666 0.028125 0.04791666666666667
0 0.284375 0.66875 0.0296875 0.05
0 0.4265625 0.3875 0.028125 0.04791666666666667
0 0.25 0.30416666666666664 0.028125 0.04791666666666667
0 0.9671875 0.33958333333333335 0.028125 0.04791666666666667
0 0.359375 0.375 0.028125 0.04791666666666667
0 0.575 0.26875 0.028125 0.04791666666666667
0 0.41875 0.47291666666666665 0.0296875 0.05
0 0.278125 0.8333333333333334 0.0296875 0.05
0 0.8515625 0.022916666666666665 0.028125 0.04791666666666667
0 0.3890625 0.8395833333333333 0.0296875 0.05
0 0.15625 0.022916666666666665 0.028125 0.04791666666666667
0 0.171875 0.3104166666666667 0.028125 0.04791666666666667
0 0.7453125 0.27708333333333335 0.028125 0.04791666666666667
0 0.00625 0.725 0.0296875 0.05
0 0.2734375 0.75625 0.0296875 0.05
0 0.946875 0.66875 0.0296875 0.05
0 0.68125 0.36041666666666666 0.028125 0.04791666666666667
0 0.2984375 0.22083333333333333 0.028125 0.04791666666666667
0 0.084375 0.74375 0.0296875 0.05
0 0.665625 0.041666666666666664 0.028125 0.04791666666666667
0 0.2453125 0.8666666666666667 0.0296875 0.05
0 0.3078125 0.3729166666666667 0.028125 0.04791666666666667
0 0.1203125 0.06458333333333334 0.028125 0.04791666666666667
0 0.565625 0.19583333333333333 0.028125 0.04791666666666667
0 0.9046875 0.96875 0.0296875 0.05
0 0.06875 0.5770833333333333 0.0296875 0.05
0 0.965625 0.23333333333333334 0.028125 0.04791666666666667
0 0.4390625 0.84375 0.0296875 0.05
0 0.0265625 0.15208333333333332 0.028125 0.04791666666666667
0 0.8328125 0.9916666666666667 0.0296875 0.05
0 0.684375 0.6958333333333333 0.0296875 0.05
0 0.721875 0.96875 0.0296875 0.05
0 0.8671875 0.7958333333333333 0.0296875 0.05
0 0.1375 0.5041666666666667 0.0296875 0.05
0 0.846875 0.71875 0.0296875 0.05
0 0.9171875 0.275 0.028125 0.04791666666666667
0 0.4515625 0.48541666666666666 0.0296875 0.05
0 0.36875 0.22708333333333333 0.028125 0.04791666666666667
0 0.6984375 0.56875 0.0296875 0.05
0 0.3453125 0.6479166666666667 0.0296875 0.05
0 0.40625 0.39375 0.028125 0.04791666666666667
0 0.184375 0.45625 0.028125 0.04791666666666667
0 0.0015625 0.6270833333333333 0.0296875 0.05
0 0.28125 0.0 0.028125 0.04791666666666667
0 0.1875 0.8729166666666667 0.0296875 0.05
0 0.628125 0.5333333333333333 0.0296875 0.05
0 0.2265625 0.1625 0.028125 0.04791666666666667
