0 0.43375 0.8023255813953488 0.01 0.020930232558139535
0 0.6975 0.8372093023255814 0.01125 0.02558139534883721
0 0.43625 0.3697674418604651 0.01 0.018604651162790697
0 0.1425 0.9558139534883721 0.01125 0.02558139534883721
0 0.1625 0.6465116279069767 0.01 0.020930232558139535
0 0.6725 0.9116279069767442 0.01125 0.02558139534883721
0 0.34625 0.8232558139534883 0.01 0.020930232558139535
0 0.30375 0.45813953488372094 0.00875 0.018604651162790697
0 0.26375 0.5069767441860465 0.00625 0.018604651162790697
0 0.36125 0.4627906976744186 0.00875 0.018604651162790697
0 0.64625 0.541860465116279 0.01125 0.018604651162790697
0 0.15625 0.8511627906976744 0.01125 0.02558139534883721
0 0.135 0.7372093023255814 0.01 0.020930232558139535
0 0.455 0.5976744186046512 0.01125 0.018604651162790697
0 0.66125 0.9558139534883721 0.01125 0.02558139534883721
0 0.58875 0.08604651162790698 0.01125 0.018604651162790697
0 0.2925 0.4930232558139535 0.0075 0.018604651162790697
0 0.16125 0.7488372093023256 0.01 0.020930232558139535
0 0.09875 0.7255813953488373 0.01 0.020930232558139535
0 0.5625 0.6976744186046512 0.01 0.020930232558139535
0 0.2625 0.44883720930232557 0.00625 0.018604651162790697
0 0.65375 0.7534883720930232 0.01 0.020930232558139535
0 0.2725 0.6232558139534884 0.01125 0.018604651162790697
0 0.57875 0.6465116279069767 0.01 0.018604651162790697
0 0.13625 0.9209302325581395 0.01125 0.02558139534883721
0 0.24125 0.5511627906976744 0.01125 0.018604651162790697
0 0.56375 0.5790697674418605 0.01125 0.018604651162790697
0 0.35625 0.7209302325581395 0.01 0.020930232558139535
0 0.305 0.7976744186046512 0.01 0.020930232558139535
0 0.40375 0.33488372093023255 0.01 0.018604651162790697
0 0.26125 0.541860465116279 0.01125 0.018604651162790697
0 0.56375 0.672093023255814 0.01 0.020930232558139535
0 0.70125 0.8767441860465116 0.01125 0.02558139534883721
0 0.09625 0.9604651162790697 0.01125 0.02558139534883721
0 0.3825 0.9697674418604652 0.01125 0.02558139534883721
0 0.4275 0.30697674418604654 0.01 0.018604651162790697
0 0.28375 0.5348837209302325 0.01125 0.018604651162790697
0 0.42 0.4069767441860465 0.01 0.018604651162790697
0 0.355 0.6604651162790698 0.01 0.020930232558139535
0 0.16625 0.913953488372093 0.01125 0.02558139534883721
0 0.035 0.9 0.01125 0.02558139534883721
0 0.06875 0.9837209302325581 0.01125 0.02558139534883721
0 0.24875 0.7 0.01 0.020930232558139535
0 0.24875 0.7651162790697674 0.01 0.020930232558139535
0 0.3 0.5186046511627908 0.00875 0.018604651162790697
0 0.69125 0.5627906976744186 0.01125 0.018604651162790697
0 0.3275 0.7302325581395349 0.01 0.020930232558139535
0 0.22875 0.7162790697674418 0.01 0.020930232558139535
0 0.61 0.13023255813953488 0.01125 0.018604651162790697
0 0.495 0.06279069767441861 0.01125 0.018604651162790697
0 0.285 0.8790697674418605 0.01125 0.02558139534883721
0 0.34375 0.46744186046511627 0.0075 0.018604651162790697
0 0.5575 0.6139534883720931 0.01125 0.018604651162790697
0 0.2375 0.9372093023255814 0.01125 0.02558139534883721
0 0.535 0.7069767441860465 0.01 0.020930232558139535
0 0.63125 0.7395348837209302 0.01 0.020930232558139535
0 0.1575 0.8674418604651163 0.01125 0.02558139534883721
0 0.4925 0.09534883720930233 0.01125 0.018604651162790697
0 0.5675 0.8348837209302326 0.01125 0.02558139534883721
0 0.68875 0.7767441860465116 0.01 0.020930232558139535
0 0.3975 0.6930232558139535 0.01 0.020930232558139535
0 0.60125 0.686046511627907 0.01 0.020930232558139535
0 0.57375 0.5627906976744186 0.01125 0.018604651162790697
0 0.355 0.9697674418604652 0.01125 0.02558139534883721
0 0.60125 0.6348837209302326 0.01 0.018604651162790697
0 0.4625 0.7534883720930232 0.01 0.020930232558139535
0 0.34125 0.7023255813953488 0.01 0.020930232558139535
0 0.55125 0.786046511627907 0.01 0.020930232558139535
0 0.30125 0.9023255813953488 0.01125 0.02558139534883721
0 0.1425 0.6953488372093023 0.01 0.020930232558139535
0 0.21 0.5697674418604651 0.01125 0.018604651162790697
0 0.3675 0.4744186046511628 0.00875 0.018604651162790697
0 0.59625 0.023255813953488372 0.01125 0.018604651162790697
0 0.4675 0.22325581395348837 0.01125 0.018604651162790697
0 0.61125 0.10232558139534884 0.01125 0.018604651162790697
0 0.71375 0.7302325581395349 0.01 0.020930232558139535
0 0.0825 0.7465116279069768 0.01 0.020930232558139535
0 0.395 0.45348837209302323 0.01 0.018604651162790697
0 0.61375 0.5767441860465117 0.01125 0.018604651162790697
0 0.22 0.48372093023255813 0.00625 0.018604651162790697
0 0.57375 0.023255813953488372 0.01125 0.018604651162790697
0 0.44625 0.6604651162790698 0.01 0.020930232558139535
0 0.6425 0.627906976744186 0.01125 0.018604651162790697
0 0.215 0.6790697674418604 0.01 0.020930232558139535
0 0.4025 0.9883720930232558 0.01125 0.02558139534883721
0 0.2525 0.8255813953488372 0.01 0.023255813953488372
0 0.2125 0.7465116279069768 0.01 0.020930232558139535
0 0.67875 0.7116279069767442 0.01 0.020930232558139535
0 0.18 0.6093023255813953 0.01125 0.018604651162790697
0 0.265 0.5767441860465117 0.01125 0.018604651162790697
0 0.32375 0.4046511627906977 0.00875 0.018604651162790697
0 0.1075 0.7627906976744186 0.01 0.020930232558139535
0 0.09375 0.9093023255813953 0.01125 0.02558139534883721
0 0.37125 0.6790697674418604 0.01 0.020930232558139535
0 0.56375 0.7255813953488373 0.01 0.020930232558139535
0 0.24125 0.6209302325581395 0.01125 0.018604651162790697
0 0.6675 0.9953488372093023 0.01125 0.02558139534883721
0 0.26125 0.6488372093023256 0.01 0.018604651162790697
0 0.07625 0.8372093023255814 0.01125 0.02558139534883721
0 0.19875 0.6348837209302326 0.01 0.018604651162790697
0 0.20125 0.8186046511627907 0.01 0.023255813953488372
0 0.41125 0.3767441860465116 0.01 0.018604651162790697
0 0.29625 0.713953488372093 0.01 0.020930232558139535
0 0.61625 0.6790697674418604 0.01 0.020930232558139535
0 0.58 0.6023255813953489 0.01125 0.018604651162790697
0 0.085 0.7813953488372093 0.01 0.020930232558139535
0 0.6575 0.8116279069767441 0.01 0.020930232558139535
0 0.62375 0.02558139534883721 0.01125 0.018604651162790697
0 0.60375 0.5325581395348837 0.01125 0.018604651162790697
0 0.2525 0.46511627906976744 0.00625 0.018604651162790697
0 0.33625 0.8534883720930233 0.01125 0.02558139534883721
0 0.0475 0.9465116279069767 0.01125 0.02558139534883721
0 0.63125 0.6488372093023256 0.01 0.018604651162790697
0 0.485 0.7116279069767442 0.01 0.020930232558139535
0 0.465 0.9674418604651163 0.01125 0.02558139534883721
0 0.64875 0.9418604651162791 0.01125 0.02558139534883721
0 0.04125 0.9813953488372092 0.01125 0.02558139534883721
0 0.44125 0.7441860465116279 0.01 0.020930232558139535
0 0.60375 0.7418604651162791 0.01 0.020930232558139535
0 0.52 0.7651162790697674 0.01 0.020930232558139535
0 0.40375 0.6116279069767442 0.01125 0.018604651162790697
0 0.2025 0.9372093023255814 0.01125 0.02558139534883721
0 0.69125 0.9976744186046511 0.01125 0.02558139534883721
0 0.14 0.7883720930232558 0.01 0.020930232558139535
0 0.50625 0.6139534883720931 0.01125 0.018604651162790697
0 0.41875 0.6255813953488372 0.01125 0.018604651162790697
0 0.405 0.8465116279069768 0.01125 0.02558139534883721
0 0.7 0.6395348837209303 0.01 0.018604651162790697
0 0.4525 0.2186046511627907 0.01125 0.018604651162790697
0 0.29375 0.45348837209302323 0.00875 0.018604651162790697
0 0.11625 0.9488372093023256 0.01125 0.02558139534883721
0 0.6875 0.7418604651162791 0.01 0.020930232558139535
0 0.2425 0.5674418604651162 0.01125 0.018604651162790697
0 0.30625 0.4325581395348837 0.00875 0.018604651162790697
0 0.17375 0.8023255813953488 0.01 0.020930232558139535
0 0.47375 0.9 0.01125 0.02558139534883721
0 0.62875 0.13023255813953488 0.01125 0.018604651162790697
0 0.39125 0.8790697674418605 0.01125 0.02558139534883721
0 0.55 0.004651162790697674 0.01125 0.018604651162790697
0 0.64375 0.713953488372093 0.01 0.020930232558139535
0 0.64375 0.5953488372093023 0.01125 0.018604651162790697
0 0.6675 0.6139534883720931 0.01125 0.018604651162790697
0 0.3575 0.9325581395348838 0.01125 0.02558139534883721
0 0.37125 0.7302325581395349 0.01 0.020930232558139535
0 0.68375 0.9325581395348838 0.01125 0.02558139534883721
0 0.325 0.9534883720930233 0.01125 0.02558139534883721
