0 0.030797101449275364 0.3185483870967742 0.07246376811594203 0.20161290322580644
0 0.49818840579710144 0.5040322580645161 0.07246376811594203 0.20161290322580644
0 0.26992753623188404 0.46774193548387094 0.07246376811594203 0.20161290322580644
0 0.6086956521739131 0.5766129032258065 0.07246376811594203 0.20161290322580644
0 0.6938405797101449 0.3911290322580645 0.07246376811594203 0.20161290322580644
0 0.8278985507246377 0.5040322580645161 0.07246376811594203 0.20161290322580644
0 0.7572463768115942 0.6451612903225806 0.07246376811594203 0.20161290322580644
0 0.16847826086956522 0.41935483870967744 0.07246376811594203 0.20161290322580644
0 0.4076086956521739 0.46774193548387094 0.07246376811594203 0.20161290322580644
0 0.5253623188405797 0.717741935483871 0.07246376811594203 0.20161290322580644
