0 0.046 0.5462068965517242 0.013 0.04689655172413793
0 0.3565 0.4896551724137931 0.0155 0.04
0 0.2805 0.4731034482758621 0.0155 0.04551724137931035
0 0.424 0.46482758620689657 0.0155 0.04
0 0.709 0.5310344827586206 0.015 0.05241379310344828
0 0.639 0.4979310344827586 0.0105 0.030344827586206897
0 0.8185 0.5406896551724137 0.0125 0.041379310344827586
0 0.568 0.7393103448275862 0.02 0.05517241379310345
0 0.7755 0.5158620689655172 0.0125 0.041379310344827586
0 0.4645 0.47448275862068967 0.0155 0.04
0 0.495 0.5627586206896552 0.0155 0.04
0 0.581 0.5006896551724138 0.0155 0.04
0 0.976 0.543448275862069 0.0115 0.038620689655172416
0 0.213 0.6786206896551724 0.018 0.06206896551724138
0 0.1715 0.47448275862068967 0.0155 0.04551724137931035
0 0.445 0.52 0.0155 0.04
0 0.2125 0.646896551724138 0.018 0.06206896551724138
0 0.9625 0.6620689655172414 0.0135 0.05241379310344828
0 0.653 0.5144827586206897 0.0105 0.030344827586206897
0 0.127 0.5806896551724138 0.018 0.06206896551724138
0 0.549 0.6689655172413793 0.02 0.05517241379310345
0 0.6895 0.6262068965517241 0.0195 0.07448275862068965
0 0.8635 0.5627586206896552 0.011 0.031724137931034485
0 0.5115 0.46482758620689657 0.0155 0.04
0 0.545 0.5324137931034483 0.0155 0.04
0 0.7445 0.5572413793103448 0.0195 0.07448275862068965
0 0.446 0.5710344827586207 0.0165 0.04275862068965517
0 0.8795 0.5420689655172414 0.011 0.031724137931034485
0 0.2995 0.6579310344827586 0.0175 0.05655172413793103
0 0.4795 0.48551724137931035 0.0155 0.04
0 0.836 0.6675862068965517 0.0175 0.05655172413793103
0 0.23 0.7186206896551725 0.018 0.06206896551724138
0 0.2185 0.8510344827586207 0.022 0.07586206896551724
0 0.714 0.5448275862068965 0.015 0.05241379310344828
0 0.5295 0.5020689655172413 0.0155 0.04
0 0.9565 0.5848275862068966 0.0135 0.05241379310344828
0 0.832 0.526896551724138 0.0125 0.041379310344827586
0 0.2985 0.7296551724137931 0.018 0.06206896551724138
0 0.4665 0.5668965517241379 0.02 0.05517241379310345
0 0.4365 0.45655172413793105 0.0155 0.04
0 0.9435 0.6 0.0135 0.05241379310344828
0 0.305 0.8 0.022 0.07586206896551724
0 0.8625 0.5406896551724137 0.011 0.031724137931034485
0 0.5445 0.4979310344827586 0.0155 0.04
0 0.98 0.6924137931034483 0.0135 0.05241379310344828
0 0.925 0.5420689655172414 0.011 0.031724137931034485
0 0.6565 0.5089655172413793 0.0105 0.030344827586206897
0 0.318 0.4772413793103448 0.0155 0.04551724137931035
0 0.0615 0.5613793103448276 0.013 0.04689655172413793
0 0.601 0.5282758620689655 0.0155 0.04
0 0.9135 0.5779310344827586 0.011 0.031724137931034485
0 0.755 0.6289655172413793 0.0195 0.07448275862068965
