0 0.5046875 0.4895833333333333 0.0171875 0.029166666666666667
0 0.9625 0.48333333333333334 0.0171875 0.029166666666666667
0 0.5328125 0.42083333333333334 0.0140625 0.01875
0 0.6109375 0.46875 0.0171875 0.029166666666666667
0 0.4015625 0.5645833333333333 0.034375 0.05
0 0.0765625 0.425 0.015625 0.025
0 0.378125 0.425 0.0140625 0.01875
0 0.6078125 0.44375 0.0140625 0.01875
0 0.0359375 0.44583333333333336 0.0203125 0.03333333333333333
0 0.953125 0.5208333333333334 0.025 0.041666666666666664
0 0.103125 0.45625 0.0171875 0.029166666666666667
0 0.0703125 0.5291666666666667 0.034375 0.05
0 0.3671875 0.42291666666666666 0.0140625 0.01875
0 0.2203125 0.4354166666666667 0.0140625 0.01875
0 0.1 0.43333333333333335 0.015625 0.025
0 0.8953125 0.45208333333333334 0.0171875 0.029166666666666667
0 0.871875 0.4875 0.0171875 0.029166666666666667
0 0.6015625 0.48541666666666666 0.0171875 0.029166666666666667
0 0.8625 0.775 0.059375 0.09791666666666667
0 0.66875 0.5458333333333333 0.034375 0.05
0 0.1203125 0.4666666666666667 0.0171875 0.029166666666666667
0 0.1046875 0.4979166666666667 0.0171875 0.029166666666666667
0 0.275 0.5145833333333333 0.034375 0.05
0 0.4 0.43333333333333335 0.0140625 0.01875
0 0.0234375 0.6208333333333333 0.0375 0.0625
0 0.7203125 0.5270833333333333 0.034375 0.05
0 0.4234375 0.5208333333333334 0.034375 0.05
0 0.3515625 0.4395833333333333 0.0140625 0.01875
0 0.7359375 0.44166666666666665 0.0140625 0.01875
0 0.8984375 0.5229166666666667 0.034375 0.05
0 0.9390625 0.44375 0.0203125 0.03333333333333333
0 0.5859375 0.5145833333333333 0.034375 0.05
0 0.246875 0.45625 0.0171875 0.029166666666666667
0 0.7921875 0.4625 0.0171875 0.029166666666666667
0 0.096875 0.5916666666666667 0.034375 0.06041666666666667
0 0.8 0.48541666666666666 0.0171875 0.029166666666666667
0 0.3328125 0.4395833333333333 0.0140625 0.01875
0 0.515625 0.4270833333333333 0.0140625 0.01875
0 0.6015625 0.5395833333333333 0.034375 0.05
0 0.0671875 0.4125 0.015625 0.025
0 0.1984375 0.625 0.034375 0.06041666666666667
0 0.2265625 0.49375 0.0171875 0.029166666666666667
0 0.2390625 0.4125 0.0140625 0.01875
0 0.453125 0.5875 0.034375 0.06041666666666667
0 0.771875 0.5791666666666667 0.034375 0.06041666666666667
0 0.8125 0.45 0.0171875 0.029166666666666667
0 0.6890625 0.6625 0.034375 0.06041666666666667
0 0.5453125 0.4875 0.0171875 0.029166666666666667
0 0.721875 0.4625 0.0171875 0.029166666666666667
0 0.71875 0.425 0.0140625 0.01875
0 0.821875 0.45 0.0171875 0.029166666666666667
0 0.128125 0.6208333333333333 0.034375 0.06041666666666667
0 0.4359375 0.4666666666666667 0.0171875 0.029166666666666667
0 0.275 0.46041666666666664 0.0171875 0.029166666666666667
0 0.7640625 0.44166666666666665 0.0140625 0.01875
0 0.659375 0.45416666666666666 0.0171875 0.029166666666666667
0 0.496875 0.425 0.0140625 0.01875
0 0.9875 0.78125 0.059375 0.09791666666666667
0 0.215625 0.5479166666666667 0.034375 0.05
0 0.5046875 0.4708333333333333 0.0171875 0.029166666666666667
0 0.1828125 0.48541666666666666 0.0171875 0.029166666666666667
0 0.2578125 0.425 0.0140625 0.01875
0 0.48125 0.4875 0.0171875 0.029166666666666667
0 0.2734375 0.42083333333333334 0.0140625 0.01875
0 0.790625 0.425 0.0140625 0.01875
0 0.3640625 0.4979166666666667 0.0171875 0.029166666666666667
0 0.1171875 0.4395833333333333 0.0140625 0.01875
0 0.2921875 0.42083333333333334 0.0140625 0.01875
0 0.878125 0.4708333333333333 0.0171875 0.029166666666666667
0 0.75625 0.4625 0.0171875 0.029166666666666667
0 0.4125 0.425 0.0140625 0.01875
0 0.378125 0.7270833333333333 0.0671875 0.11458333333333333
0 0.7578125 0.42083333333333334 0.0140625 0.01875
0 0.5546875 0.41458333333333336 0.0140625 0.01875
0 0.3546875 0.47708333333333336 0.0171875 0.029166666666666667
0 0.6875 0.41875 0.0140625 0.01875
0 0.1984375 0.42291666666666666 0.0140625 0.01875
0 0.425 0.4166666666666667 0.0140625 0.01875
0 0.4640625 0.45416666666666666 0.0171875 0.029166666666666667
0 0.4421875 0.4375 0.0140625 0.01875
0 0.4125 0.45 0.0171875 0.029166666666666667
0 0.79375 0.45 0.0171875 0.029166666666666667
0 0.4703125 0.49375 0.0171875 0.029166666666666667
0 0.0671875 0.4583333333333333 0.0171875 0.029166666666666667
0 0.93125 0.53125 0.034375 0.05
0 0.5359375 0.43333333333333335 0.0140625 0.01875
0 0.3890625 0.5166666666666667 0.034375 0.05
0 0.3890625 0.45208333333333334 0.0171875 0.029166666666666667
0 0.971875 0.5083333333333333 0.0171875 0.029166666666666667
0 0.1984375 0.5041666666666667 0.0171875 0.029166666666666667
0 0.2265625 0.42916666666666664 0.0140625 0.01875
0 0.815625 0.5229166666666667 0.034375 0.05
0 0.59375 0.42083333333333334 0.0140625 0.01875
0 0.590625 0.4395833333333333 0.0140625 0.01875
0 0.834375 0.5708333333333333 0.034375 0.06041666666666667
0 0.91875 0.48125 0.0171875 0.029166666666666667
0 0.0796875 0.4895833333333333 0.0171875 0.029166666666666667
0 0.41875 0.42083333333333334 0.0140625 0.01875
0 0.7 0.42291666666666666 0.0140625 0.01875
0 0.634375 0.5 0.0171875 0.029166666666666667
0 0.7734375 0.525 0.034375 0.05
0 0.734375 0.425 0.0140625 0.01875
0 0.4671875 0.41458333333333336 0.0140625 0.01875
0 0.5734375 0.7583333333333333 0.059375 0.09791666666666667
0 0.678125 0.49583333333333335 0.0171875 0.029166666666666667
0 0.5140625 0.5916666666666667 0.034375 0.06041666666666667
0 0.6703125 0.4666666666666667 0.0171875 0.029166666666666667
0 0.6984375 0.4354166666666667 0.0140625 0.01875
0 0.3546875 0.6520833333333333 0.034375 0.06041666666666667
0 0.1234375 0.49375 0.0171875 0.029166666666666667
0 0.28125 0.7625 0.0671875 0.11458333333333333
0 0.33125 0.4270833333333333 0.0140625 0.01875
0 0.3140625 0.625 0.034375 0.06041666666666667
0 0.5734375 0.44375 0.0140625 0.01875
0 0.1765625 0.46041666666666664 0.0171875 0.029166666666666667
0 0.8265625 0.4354166666666667 0.0140625 0.01875
0 0.728125 0.5854166666666667 0.034375 0.06041666666666667
0 0.1984375 0.475 0.0171875 0.029166666666666667
0 0.5328125 0.5020833333333333 0.0171875 0.029166666666666667
0 0.4515625 0.5020833333333333 0.0171875 0.029166666666666667
0 0.94375 0.58125 0.034375 0.06041666666666667
0 0.8734375 0.7020833333333333 0.034375 0.06041666666666667
0 0.775 0.475 0.0171875 0.029166666666666667
0 0.665625 0.43125 0.0140625 0.01875
0 0.01875 0.9354166666666667 0.0875 0.16041666666666668
0 0.5046875 0.45208333333333334 0.0171875 0.029166666666666667
0 0.859375 0.5645833333333333 0.034375 0.05
0 0.2171875 0.46875 0.0171875 0.029166666666666667
0 0.3671875 0.4395833333333333 0.0140625 0.01875
0 0.5171875 0.55 0.034375 0.05
0 0.159375 0.41875 0.0140625 0.01875
0 0.8375 0.48125 0.0171875 0.029166666666666667
0 0.640625 0.4375 0.0140625 0.01875
0 0.503125 0.6604166666666667 0.034375 0.06041666666666667
0 0.2390625 0.61875 0.034375 0.06041666666666667
0 0.5765625 0.5479166666666667 0.034375 0.05
0 0.984375 0.4895833333333333 0.025 0.041666666666666664
0 0.5796875 0.46875 0.0171875 0.029166666666666667
0 0.484375 0.42916666666666664 0.0140625 0.01875
0 0.30625 0.42083333333333334 0.0140625 0.01875
0 0.3203125 0.42083333333333334 0.0140625 0.01875
0 0.3140625 0.53125 0.034375 0.05
0 0.34375 0.4625 0.0171875 0.029166666666666667
0 0.6140625 0.43333333333333335 0.0140625 0.01875
0 0.521875 0.45416666666666666 0.0171875 0.029166666666666667
0 0.696875 0.5645833333333333 0.034375 0.05
0 0.5703125 0.42083333333333334 0.0140625 0.01875
0 0.4890625 0.46041666666666664 0.0171875 0.029166666666666667
0 0.5921875 0.4625 0.0171875 0.029166666666666667
0 0.6859375 0.4708333333333333 0.0171875 0.029166666666666667
0 0.7625 0.7625 0.059375 0.09791666666666667
0 0.74375 0.48333333333333334 0.0171875 0.029166666666666667
0 0.4359375 0.42291666666666666 0.0140625 0.01875
0 0.1625 0.45208333333333334 0.0171875 0.029166666666666667
0 0.6375 0.47291666666666665 0.0171875 0.029166666666666667
0 0.63125 0.45416666666666666 0.0171875 0.029166666666666667
0 0.084375 0.7458333333333333 0.0671875 0.11458333333333333
0 0.765625 0.42083333333333334 0.0140625 0.01875
0 0.540625 0.46458333333333335 0.0171875 0.029166666666666667
0 0.8078125 0.5645833333333333 0.034375 0.05
0 0.55 0.4354166666666667 0.0140625 0.01875
0 0.675 0.7958333333333333 0.059375 0.09791666666666667
0 0.6859375 0.45208333333333334 0.0171875 0.029166666666666667
0 0.453125 0.4270833333333333 0.0140625 0.01875
0 0.5890625 0.66875 0.034375 0.06041666666666667
0 0.3515625 0.42291666666666666 0.0140625 0.01875
0 0.4078125 0.4708333333333333 0.0171875 0.029166666666666667
0 0.978125 0.5229166666666667 0.025 0.041666666666666664
0 0.0078125 0.4625 0.0203125 0.03333333333333333
0 0.5046875 0.8229166666666666 0.059375 0.09791666666666667
