0 0.11666666666666667 0.43253012048192774 0.0359375 0.0819277108433735
0 0.13489583333333333 0.07590361445783132 0.0109375 0.03132530120481928
0 0.4015625 0.2421686746987952 0.0140625 0.046987951807228916
0 0.8338541666666667 0.3168674698795181 0.023958333333333335 0.07228915662650602
0 0.659375 0.163855421686747 0.009375 0.02650602409638554
0 0.0203125 0.14819277108433734 0.015104166666666667 0.04216867469879518
0 0.49583333333333335 0.27590361445783135 0.023958333333333335 0.07228915662650602
0 0.5770833333333333 0.7843373493975904 0.05520833333333333 0.1674698795180723
0 0.9677083333333333 0.4036144578313253 0.025 0.06626506024096386
0 0.3026041666666667 0.2433734939759036 0.019791666666666666 0.05903614457831325
0 0.5869791666666667 0.10361445783132531 0.009375 0.02650602409638554
0 0.27447916666666666 0.13734939759036144 0.010416666666666666 0.02891566265060241
0 0.1484375 0.17590361445783131 0.010416666666666666 0.02891566265060241
0 0.28072916666666664 0.1602409638554217 0.010416666666666666 0.02891566265060241
0 0.7255208333333333 0.1746987951807229 0.0140625 0.03614457831325301
0 0.9744791666666667 0.24457831325301205 0.0140625 0.04096385542168675
0 0.4828125 0.13373493975903614 0.008333333333333333 0.02530120481927711
0 0.16822916666666668 0.3156626506024096 0.0359375 0.0819277108433735
0 0.2296875 0.19879518072289157 0.01875 0.04578313253012048
0 0.5625 0.14096385542168674 0.008333333333333333 0.02530120481927711
0 0.49322916666666666 0.14819277108433734 0.008333333333333333 0.02530120481927711
0 0.5729166666666666 0.27951807228915665 0.023958333333333335 0.07228915662650602
0 0.4234375 0.14457831325301204 0.008333333333333333 0.02530120481927711
0 0.715625 0.20481927710843373 0.0140625 0.03614457831325301
0 0.5838541666666667 0.1566265060240964 0.009375 0.02650602409638554
0 0.5078125 0.1746987951807229 0.016145833333333335 0.04578313253012048
0 0.08958333333333333 0.17590361445783131 0.0140625 0.033734939759036145
0 0.6302083333333334 0.12409638554216867 0.009375 0.02650602409638554
0 0.45729166666666665 0.13373493975903614 0.008333333333333333 0.02530120481927711
0 0.8963541666666667 0.1602409638554217 0.0140625 0.04096385542168675
0 0.7265625 0.26626506024096386 0.023958333333333335 0.07228915662650602
0 0.6484375 0.10120481927710843 0.009375 0.02650602409638554
0 0.7333333333333333 0.9036144578313253 0.1 0.20963855421686747
0 0.259375 0.1530120481927711 0.010416666666666666 0.02891566265060241
0 0.5041666666666667 0.13493975903614458 0.008333333333333333 0.02530120481927711
0 0.48489583333333336 0.1614457831325301 0.016145833333333335 0.04578313253012048
0 0.428125 0.2710843373493976 0.0140625 0.046987951807228916
0 0.39427083333333335 0.18674698795180722 0.016145833333333335 0.04578313253012048
0 0.5395833333333333 0.15421686746987953 0.016145833333333335 0.04578313253012048
0 0.6057291666666667 0.2036144578313253 0.0140625 0.03614457831325301
0 0.753125 0.19397590361445782 0.0140625 0.03614457831325301
0 0.23229166666666667 0.10361445783132531 0.0109375 0.03132530120481928
0 0.6302083333333334 0.1530120481927711 0.009375 0.02650602409638554
0 0.9286458333333333 0.19156626506024096 0.0140625 0.04096385542168675
0 0.3463541666666667 0.18795180722891566 0.016145833333333335 0.04578313253012048
0 0.2234375 0.42289156626506025 0.0359375 0.0819277108433735
0 0.8567708333333334 0.26506024096385544 0.023958333333333335 0.07228915662650602
0 0.5927083333333333 0.14457831325301204 0.009375 0.02650602409638554
0 0.5484375 0.17590361445783131 0.016145833333333335 0.04578313253012048
0 0.36354166666666665 0.17710843373493976 0.016145833333333335 0.04578313253012048
0 0.4125 0.1746987951807229 0.016145833333333335 0.04578313253012048
0 0.3489583333333333 0.14819277108433734 0.008333333333333333 0.02530120481927711
0 0.044270833333333336 0.236144578313253 0.022395833333333334 0.07108433734939759
0 0.44375 0.13373493975903614 0.008333333333333333 0.02530120481927711
0 0.5291666666666667 0.16626506024096385 0.016145833333333335 0.04578313253012048
0 0.22083333333333333 0.17590361445783131 0.010416666666666666 0.02891566265060241
0 0.39895833333333336 0.3180722891566265 0.0140625 0.046987951807228916
0 0.70625 0.39759036144578314 0.030208333333333334 0.0891566265060241
0 0.7869791666666667 0.19759036144578312 0.0140625 0.04096385542168675
0 0.14427083333333332 0.20602409638554217 0.0140625 0.033734939759036145
0 0.3104166666666667 0.14819277108433734 0.008333333333333333 0.02530120481927711
0 0.8416666666666667 0.23132530120481928 0.0140625 0.04096385542168675
0 0.22604166666666667 0.236144578313253 0.01875 0.04578313253012048
0 0.784375 0.3168674698795181 0.023958333333333335 0.07228915662650602
0 0.29375 0.18674698795180722 0.0140625 0.03975903614457831
0 0.6494791666666667 0.18674698795180722 0.0140625 0.03614457831325301
0 0.19479166666666667 0.10240963855421686 0.0109375 0.03132530120481928
0 0.32916666666666666 0.3096385542168675 0.0359375 0.0819277108433735
0 0.8135416666666667 0.1891566265060241 0.0140625 0.04096385542168675
0 0.3885416666666667 0.15421686746987953 0.016145833333333335 0.04578313253012048
0 0.07291666666666667 0.27349397590361446 0.0359375 0.0819277108433735
0 0.5828125 0.21566265060240963 0.0140625 0.03614457831325301
0 0.690625 0.12891566265060242 0.009375 0.02650602409638554
0 0.22916666666666666 0.3144578313253012 0.0359375 0.0819277108433735
0 0.19635416666666666 0.2746987951807229 0.0359375 0.0819277108433735
0 0.024479166666666666 0.16626506024096385 0.015104166666666667 0.04216867469879518
0 0.6848958333333334 0.19397590361445782 0.0140625 0.03614457831325301
0 0.9651041666666667 0.3144578313253012 0.016666666666666666 0.04819277108433735
0 0.9213541666666667 0.236144578313253 0.0140625 0.04096385542168675
0 0.32760416666666664 0.20963855421686747 0.016145833333333335 0.04578313253012048
0 0.40260416666666665 0.13855421686746988 0.008333333333333333 0.02530120481927711
0 0.5604166666666667 0.18433734939759036 0.016145833333333335 0.04578313253012048
0 0.8666666666666667 0.20843373493975903 0.0140625 0.04096385542168675
0 0.6005208333333333 0.25662650602409637 0.023958333333333335 0.07228915662650602
0 0.8197916666666667 0.14578313253012049 0.0140625 0.04096385542168675
0 0.5390625 0.2674698795180723 0.023958333333333335 0.07228915662650602
0 0.934375 0.5855421686746988 0.04791666666666667 0.13975903614457832
0 0.4609375 0.15421686746987953 0.016145833333333335 0.04578313253012048
0 0.615625 0.1710843373493976 0.0140625 0.03614457831325301
0 0.71875 0.13975903614457832 0.009375 0.02650602409638554
0 0.3828125 0.1963855421686747 0.016145833333333335 0.04578313253012048
0 0.4276041666666667 0.13253012048192772 0.008333333333333333 0.02530120481927711
0 0.4713541666666667 0.21927710843373494 0.016145833333333335 0.04578313253012048
0 0.7572916666666667 0.1650602409638554 0.0140625 0.03614457831325301
0 0.0390625 0.18674698795180722 0.015104166666666667 0.04216867469879518
0 0.6348958333333333 0.23493975903614459 0.023958333333333335 0.07228915662650602
0 0.4473958333333333 0.3710843373493976 0.03229166666666667 0.09156626506024096
0 0.5432291666666667 0.13373493975903614 0.008333333333333333 0.02530120481927711
0 0.3921875 0.472289156626506 0.04375 0.12891566265060242
0 0.9494791666666667 0.21566265060240963 0.0140625 0.04096385542168675
0 0.7911458333333333 0.1710843373493976 0.0140625 0.04096385542168675
0 0.44375 0.1746987951807229 0.016145833333333335 0.04578313253012048
0 0.3776041666666667 0.15903614457831325 0.016145833333333335 0.04578313253012048
0 0.4817708333333333 0.0783132530120482 0.008333333333333333 0.020481927710843374
0 0.46458333333333335 0.18674698795180722 0.016145833333333335 0.04578313253012048
0 0.8229166666666666 0.20240963855421687 0.0140625 0.04096385542168675
0 0.12760416666666666 0.3493975903614458 0.0359375 0.0819277108433735
0 0.340625 0.13614457831325302 0.008333333333333333 0.02530120481927711
0 0.8609375 0.19036144578313252 0.0140625 0.04096385542168675
0 0.7609375 0.2216867469879518 0.0140625 0.03614457831325301
0 0.6651041666666667 0.29518072289156627 0.023958333333333335 0.07228915662650602
0 0.7484375 0.5277108433734939 0.04791666666666667 0.13975903614457832
0 0.09791666666666667 0.8783132530120482 0.1234375 0.24457831325301205
0 0.08333333333333333 0.3421686746987952 0.0359375 0.0819277108433735
0 0.596875 0.4578313253012048 0.03802083333333333 0.1108433734939759
0 0.5317708333333333 0.20240963855421687 0.016145833333333335 0.04578313253012048
0 0.16354166666666667 0.17590361445783131 0.010416666666666666 0.02891566265060241
0 0.20260416666666667 0.18072289156626506 0.010416666666666666 0.02891566265060241
0 0.3567708333333333 0.1602409638554217 0.016145833333333335 0.04578313253012048
0 0.24010416666666667 0.16626506024096385 0.010416666666666666 0.02891566265060241
0 0.25104166666666666 0.18072289156626506 0.010416666666666666 0.02891566265060241
0 0.008333333333333333 0.10481927710843374 0.015104166666666667 0.04216867469879518
