0 0.9457446808510638 0.15 0.07446808510638298 0.12931034482758622
0 0.2297872340425532 0.039655172413793106 0.05638297872340425 0.10862068965517241
0 0.7063829787234043 0.8706896551724138 0.09042553191489362 0.16896551724137931
0 0.6287234042553191 0.2603448275862069 0.07553191489361702 0.15344827586206897
0 0.8042553191489362 0.12758620689655173 0.07446808510638298 0.12931034482758622
0 0.1351063829787234 0.8982758620689655 0.09574468085106383 0.1793103448275862
0 0.32340425531914896 0.5396551724137931 0.059574468085106386 0.11551724137931034
0 0.5531914893617021 0.15172413793103448 0.05638297872340425 0.10862068965517241
0 0.22340425531914893 0.3482758620689655 0.05638297872340425 0.10862068965517241
0 0.2691489361702128 0.1103448275862069 0.05638297872340425 0.10862068965517241
0 0.5074468085106383 0.16724137931034483 0.05638297872340425 0.10862068965517241
0 0.31170212765957445 0.3120689655172414 0.05638297872340425 0.10862068965517241
0 0.8776595744680851 0.55 0.07446808510638298 0.12931034482758622
0 0.15851063829787235 0.28793103448275864 0.05638297872340425 0.10862068965517241
0 0.21382978723404256 0.5103448275862069 0.07127659574468086 0.13793103448275862
0 0.5936170212765958 0.4586206896551724 0.08297872340425531 0.16896551724137931
0 0.9808510638297873 0.8258620689655173 0.07765957446808511 0.13793103448275862
0 0.28085106382978725 0.18620689655172415 0.05638297872340425 0.10862068965517241
0 0.7691489361702127 0.08103448275862069 0.07446808510638298 0.12931034482758622
0 0.1478723404255319 0.5586206896551724 0.07127659574468086 0.13793103448275862
0 0.3404255319148936 0.017241379310344827 0.05638297872340425 0.10862068965517241
0 0.8797872340425532 0.14655172413793102 0.07446808510638298 0.12931034482758622
0 0.9 0.1896551724137931 0.07446808510638298 0.12931034482758622
0 0.5840425531914893 0.1724137931034483 0.05638297872340425 0.10862068965517241
0 0.652127659574468 0.013793103448275862 0.06063829787234042 0.11379310344827587
0 0.526595744680851 0.3913793103448276 0.08297872340425531 0.16896551724137931
0 0.6670212765957447 0.4224137931034483 0.08297872340425531 0.16896551724137931
0 0.9085106382978724 0.10517241379310345 0.07446808510638298 0.12931034482758622
0 0.16489361702127658 0.14482758620689656 0.05638297872340425 0.10862068965517241
0 0.45851063829787236 0.8258620689655173 0.09574468085106383 0.1793103448275862
0 0.12446808510638298 0.11724137931034483 0.05638297872340425 0.10862068965517241
0 0.9148936170212766 0.6637931034482759 0.09042553191489362 0.16896551724137931
0 0.09787234042553192 0.2206896551724138 0.05638297872340425 0.10862068965517241
0 0.04148936170212766 0.32413793103448274 0.059574468085106386 0.11551724137931034
0 0.5914893617021276 0.3586206896551724 0.08297872340425531 0.16896551724137931
0 0.13297872340425532 0.3896551724137931 0.07127659574468086 0.13793103448275862
0 0.013829787234042552 0.2775862068965517 0.059574468085106386 0.11551724137931034
0 0.05106382978723404 0.13275862068965516 0.05638297872340425 0.10862068965517241
0 0.8351063829787234 0.5 0.07446808510638298 0.12931034482758622
0 0.5191489361702127 1.0120689655172415 0.09574468085106383 0.1793103448275862
0 0.07127659574468086 0.7603448275862069 0.09574468085106383 0.1793103448275862
0 0.2925531914893617 0.24655172413793103 0.05638297872340425 0.10862068965517241
0 0.6542553191489362 0.16551724137931034 0.06914893617021277 0.13793103448275862
0 0.8680851063829788 0.10862068965517241 0.07446808510638298 0.12931034482758622
0 0.6308510638297873 0.30344827586206896 0.07553191489361702 0.15344827586206897
0 0.49042553191489363 0.20517241379310344 0.05638297872340425 0.10862068965517241
0 0.3680851063829787 0.10862068965517241 0.05638297872340425 0.10862068965517241
0 0.1148936170212766 0.013793103448275862 0.05638297872340425 0.10862068965517241
