0 0.23833333333333334 0.49875 0.0125 0.025
0 0.8341666666666666 0.36875 0.013333333333333334 0.02375
0 0.8458333333333333 0.39125 0.013333333333333334 0.02375
0 0.2825 0.5075 0.0125 0.025
0 0.96 0.0225 0.008333333333333333 0.0125
0 0.085 0.655 0.015 0.03375
0 0.23083333333333333 0.54875 0.0125 0.025
0 0.15916666666666668 0.535 0.0125 0.025
0 0.17083333333333334 0.54625 0.0125 0.025
0 0.35 0.48 0.0125 0.025
0 0.4241666666666667 0.53 0.0125 0.025
0 0.034166666666666665 0.71 0.015 0.03375
0 0.41833333333333333 0.455 0.011666666666666667 0.0225
0 0.30666666666666664 0.4925 0.0125 0.025
0 0.44583333333333336 0.50875 0.0125 0.025
0 0.45666666666666667 0.3325 0.010833333333333334 0.02125
0 0.9633333333333334 0.37375 0.013333333333333334 0.02375
0 0.8 0.3725 0.013333333333333334 0.02375
0 0.0025 0.7325 0.015 0.03375
0 0.43583333333333335 0.70125 0.015 0.03375
0 0.7133333333333334 0.085 0.008333333333333333 0.0125
0 0.43166666666666664 0.58875 0.0125 0.025
0 0.5041666666666667 0.15875 0.010833333333333334 0.02
0 0.4975 0.4975 0.0125 0.025
0 0.2733333333333333 0.515 0.0125 0.025
0 0.3491666666666667 0.41 0.010833333333333334 0.02125
0 0.2075 0.62625 0.015 0.03375
0 0.625 0.17875 0.010833333333333334 0.02
0 0.15416666666666667 0.75125 0.015 0.03375
0 0.4975 0.185 0.010833333333333334 0.02
0 0.6075 0.1825 0.010833333333333334 0.02
0 0.9616666666666667 0.59 0.014166666666666666 0.02625
0 0.3308333333333333 0.66625 0.015 0.03375
0 0.26416666666666666 0.68125 0.015 0.03375
0 0.030833333333333334 0.65625 0.015 0.03375
0 0.5475 0.15625 0.010833333333333334 0.02
0 0.375 0.76 0.015 0.03375
0 0.5008333333333334 0.295 0.010833333333333334 0.02
0 0.4708333333333333 0.67875 0.015 0.03375
0 0.44666666666666666 0.44 0.010833333333333334 0.02125
0 0.9633333333333334 0.3525 0.013333333333333334 0.02375
0 0.47 0.16 0.010833333333333334 0.02
0 0.4375 0.37875 0.010833333333333334 0.02125
0 0.5 0.5375 0.0125 0.025
0 0.5108333333333334 0.47625 0.0125 0.025
0 0.35833333333333334 0.64375 0.015 0.03375
0 0.30416666666666664 0.34375 0.010833333333333334 0.02125
0 0.5791666666666667 0.5675 0.0125 0.025
0 0.3858333333333333 0.6775 0.015 0.03375
0 0.6158333333333333 0.61 0.0125 0.025
0 0.29 0.66375 0.015 0.03375
0 0.5516666666666666 0.5975 0.0125 0.025
0 0.4925 0.30875 0.010833333333333334 0.02125
0 0.5808333333333333 0.14125 0.010833333333333334 0.02
0 0.44666666666666666 0.215 0.010833333333333334 0.02
0 0.23 0.565 0.0125 0.025
0 0.6325 0.1475 0.010833333333333334 0.02
0 0.19583333333333333 0.705 0.015 0.03375
0 0.6983333333333334 0.24 0.010833333333333334 0.02
0 0.015 0.8025 0.015 0.03375
0 0.3408333333333333 0.54625 0.0125 0.025
0 0.505 0.27 0.010833333333333334 0.02
0 0.45666666666666667 0.1775 0.010833333333333334 0.02
0 0.155 0.72125 0.015 0.03375
0 0.7308333333333333 0.2125 0.010833333333333334 0.02
0 0.3258333333333333 0.5775 0.0125 0.025
0 0.9141666666666667 0.33125 0.013333333333333334 0.02375
0 0.3725 0.37875 0.010833333333333334 0.02125
0 0.4266666666666667 0.7625 0.015 0.03375
0 0.7141666666666666 0.27 0.010833333333333334 0.02
0 0.83 0.3875 0.013333333333333334 0.02375
0 0.5241666666666667 0.19 0.010833333333333334 0.02
0 0.23583333333333334 0.73375 0.015 0.03375
0 0.5708333333333333 0.22125 0.010833333333333334 0.02
0 0.315 0.43625 0.010833333333333334 0.02125
0 0.6516666666666666 0.5425 0.0125 0.025
0 0.49333333333333335 0.67875 0.015 0.03375
0 0.5225 0.60875 0.0125 0.025
0 0.8925 0.05 0.008333333333333333 0.0125
0 0.8741666666666666 0.35125 0.013333333333333334 0.02375
0 0.15083333333333335 0.5825 0.0125 0.025
0 0.17333333333333334 0.66 0.015 0.03375
0 0.205 0.5925 0.0125 0.025
0 0.07416666666666667 0.74125 0.015 0.03375
0 0.0775 0.76375 0.015 0.03375
0 0.15916666666666668 0.4975 0.0125 0.025
0 0.44916666666666666 0.34625 0.010833333333333334 0.02125
0 0.585 0.545 0.0125 0.025
0 0.6633333333333333 0.1475 0.010833333333333334 0.02
0 0.815 0.3775 0.013333333333333334 0.02375
