0 0.28229166666666666 0.6314814814814815 0.04114583333333333 0.09537037037037037
0 0.4453125 0.6805555555555556 0.04114583333333333 0.09537037037037037
0 0.49114583333333334 0.41759259259259257 0.19322916666666667 0.1287037037037037
0 0.18125 0.8111111111111111 0.046875 0.10555555555555556
0 0.6322916666666667 0.3296296296296296 0.19322916666666667 0.1287037037037037
0 0.19739583333333333 0.3425925925925926 0.0203125 0.05185185185185185
0 0.39791666666666664 0.6027777777777777 0.04114583333333333 0.09537037037037037
0 0.5026041666666666 0.4444444444444444 0.19322916666666667 0.1287037037037037
0 0.03854166666666667 0.837037037037037 0.090625 0.2101851851851852
0 0.2994791666666667 0.35833333333333334 0.0203125 0.05185185185185185
0 0.8432291666666667 0.43425925925925923 0.034895833333333334 0.06944444444444445
0 0.8151041666666666 0.15462962962962962 0.1140625 0.09907407407407408
0 0.328125 0.6083333333333333 0.04114583333333333 0.09537037037037037
0 0.04791666666666667 0.43425925925925923 0.026041666666666668 0.05648148148148148
0 0.3307291666666667 0.38796296296296295 0.0203125 0.05185185185185185
0 0.6432291666666666 0.2490740740740741 0.19322916666666667 0.1287037037037037
0 0.11614583333333334 0.4861111111111111 0.028125 0.058333333333333334
0 0.6552083333333333 0.38055555555555554 0.19322916666666667 0.1287037037037037
0 0.740625 0.8925925925925926 0.1875 0.23796296296296296
0 0.41510416666666666 0.40370370370370373 0.19322916666666667 0.1287037037037037
0 0.35625 0.3888888888888889 0.0203125 0.05185185185185185
0 0.21197916666666666 0.44907407407407407 0.028125 0.058333333333333334
0 0.821875 0.25092592592592594 0.19322916666666667 0.1287037037037037
0 0.19947916666666668 0.41574074074074074 0.028125 0.058333333333333334
0 0.47760416666666666 0.3314814814814815 0.19322916666666667 0.1287037037037037
0 0.3640625 0.5546296296296296 0.07395833333333333 0.09259259259259259
0 0.5625 0.34629629629629627 0.19322916666666667 0.1287037037037037
0 0.0703125 0.5138888888888888 0.028125 0.058333333333333334
0 0.9109375 0.4740740740740741 0.034895833333333334 0.06944444444444445
0 0.43072916666666666 0.29814814814814816 0.19322916666666667 0.1287037037037037
0 0.6036458333333333 0.6046296296296296 0.0421875 0.09814814814814815
0 0.7604166666666666 0.525 0.034895833333333334 0.06944444444444445
0 0.38958333333333334 0.387037037037037 0.06354166666666666 0.07037037037037037
