0 0.184375 0.899074074074074 0.028645833333333332 0.05277777777777778
0 0.403125 0.30092592592592593 0.01875 0.03611111111111111
0 0.0953125 0.8564814814814815 0.028645833333333332 0.05277777777777778
0 0.19375 0.5009259259259259 0.0234375 0.044444444444444446
0 0.10416666666666667 0.7305555555555555 0.021875 0.04351851851851852
0 0.8645833333333334 0.7601851851851852 0.022916666666666665 0.04537037037037037
0 0.0296875 0.46111111111111114 0.018229166666666668 0.03981481481481482
0 0.3458333333333333 0.27870370370370373 0.01875 0.03611111111111111
0 0.9203125 0.32592592592592595 0.018229166666666668 0.03981481481481482
0 0.3265625 0.46574074074074073 0.0234375 0.044444444444444446
0 0.9776041666666667 0.018518518518518517 0.015104166666666667 0.03425925925925926
0 0.54375 0.5388888888888889 0.0234375 0.044444444444444446
0 0.5145833333333333 0.28055555555555556 0.01875 0.03611111111111111
0 0.008333333333333333 0.23796296296296296 0.01875 0.03611111111111111
0 0.6484375 0.046296296296296294 0.015104166666666667 0.03425925925925926
0 0.8526041666666667 0.10092592592592593 0.015104166666666667 0.03425925925925926
0 0.8213541666666667 0.7685185185185185 0.025 0.05277777777777778
0 0.5708333333333333 0.3972222222222222 0.018229166666666668 0.03981481481481482
0 0.60625 0.6851851851851852 0.021875 0.04351851851851852
0 0.0375 0.4981481481481482 0.0234375 0.044444444444444446
0 0.9161458333333333 0.675 0.021875 0.04351851851851852
0 0.734375 0.29259259259259257 0.01875 0.03611111111111111
0 0.9296875 0.03888888888888889 0.015104166666666667 0.03425925925925926
0 0.11145833333333334 0.20092592592592592 0.01875 0.03611111111111111
0 0.9489583333333333 0.0787037037037037 0.015104166666666667 0.03425925925925926
0 0.2 0.6953703703703704 0.021875 0.04351851851851852
0 0.7234375 0.23425925925925925 0.01875 0.03611111111111111
0 0.6880208333333333 0.1962962962962963 0.01875 0.03611111111111111
0 0.32760416666666664 0.7185185185185186 0.021875 0.04351851851851852
0 0.8619791666666666 0.023148148148148147 0.015104166666666667 0.03425925925925926
0 0.4479166666666667 0.7694444444444445 0.025 0.05277777777777778
0 0.28541666666666665 0.4398148148148148 0.018229166666666668 0.03981481481481482
0 0.9276041666666667 0.08425925925925926 0.015104166666666667 0.03425925925925926
0 0.8833333333333333 0.14444444444444443 0.015104166666666667 0.03425925925925926
0 0.10833333333333334 0.2657407407407407 0.01875 0.03611111111111111
0 0.6463541666666667 0.4185185185185185 0.018229166666666668 0.03981481481481482
0 0.6208333333333333 0.09166666666666666 0.015104166666666667 0.03425925925925926
0 0.9479166666666666 0.1037037037037037 0.015104166666666667 0.03425925925925926
0 0.5708333333333333 0.5324074074074074 0.0234375 0.044444444444444446
0 0.8296875 0.4888888888888889 0.0234375 0.044444444444444446
0 0.2234375 0.03796296296296296 0.015104166666666667 0.03425925925925926
0 0.6953125 0.8138888888888889 0.025 0.05277777777777778
0 0.9760416666666667 0.22870370370370371 0.01875 0.03611111111111111
0 0.5375 0.027777777777777776 0.015104166666666667 0.03425925925925926
0 0.26875 0.9212962962962963 0.028645833333333332 0.05277777777777778
0 0.56875 0.2324074074074074 0.01875 0.03611111111111111
0 0.7854166666666667 0.8583333333333333 0.028645833333333332 0.05277777777777778
0 0.6380208333333334 0.3472222222222222 0.018229166666666668 0.03981481481481482
0 0.9557291666666666 0.2 0.01875 0.03611111111111111
0 0.4270833333333333 0.08055555555555556 0.015104166666666667 0.03425925925925926
0 0.7630208333333334 0.1259259259259259 0.015104166666666667 0.03425925925925926
0 0.3140625 0.2074074074074074 0.01875 0.03611111111111111
0 0.2864583333333333 0.32685185185185184 0.018229166666666668 0.03981481481481482
0 0.11354166666666667 0.4638888888888889 0.018229166666666668 0.03981481481481482
0 0.6677083333333333 0.8462962962962963 0.028645833333333332 0.05277777777777778
0 0.8921875 0.2462962962962963 0.01875 0.03611111111111111
0 0.15520833333333334 0.4398148148148148 0.018229166666666668 0.03981481481481482
0 0.9260416666666667 0.7509259259259259 0.022916666666666665 0.04537037037037037
0 0.5140625 0.44814814814814813 0.018229166666666668 0.03981481481481482
0 0.27291666666666664 0.09444444444444444 0.015104166666666667 0.03425925925925926
0 0.39895833333333336 0.46296296296296297 0.018229166666666668 0.03981481481481482
0 0.559375 0.6814814814814815 0.021875 0.04351851851851852
0 0.2942708333333333 0.524074074074074 0.0234375 0.044444444444444446
0 0.39166666666666666 0.5425925925925926 0.0234375 0.044444444444444446
0 0.940625 0.5842592592592593 0.0234375 0.044444444444444446
0 0.8380208333333333 0.053703703703703705 0.015104166666666667 0.03425925925925926
0 0.4713541666666667 0.4462962962962963 0.018229166666666668 0.03981481481481482
0 0.34270833333333334 0.10833333333333334 0.015104166666666667 0.03425925925925926
0 0.7130208333333333 0.22314814814814815 0.01875 0.03611111111111111
0 0.11302083333333333 0.8648148148148148 0.028645833333333332 0.05277777777777778
0 0.3614583333333333 0.14814814814814814 0.015104166666666667 0.03425925925925926
0 0.5447916666666667 0.1814814814814815 0.01875 0.03611111111111111
0 0.21875 0.30462962962962964 0.018229166666666668 0.03981481481481482
0 0.10885416666666667 0.6222222222222222 0.021875 0.04351851851851852
0 0.8109375 0.15185185185185185 0.015104166666666667 0.03425925925925926
0 0.03802083333333333 0.7287037037037037 0.021875 0.04351851851851852
0 0.5541666666666667 0.899074074074074 0.028645833333333332 0.05277777777777778
0 0.9708333333333333 0.825 0.022916666666666665 0.04537037037037037
0 0.3703125 0.7175925925925926 0.021875 0.04351851851851852
0 0.7880208333333333 0.1111111111111111 0.015104166666666667 0.03425925925925926
0 0.7942708333333334 0.49722222222222223 0.0234375 0.044444444444444446
0 0.1015625 0.10648148148148148 0.015104166666666667 0.03425925925925926
0 0.4421875 0.5092592592592593 0.0234375 0.044444444444444446
0 0.42916666666666664 0.575925925925926 0.0234375 0.044444444444444446
0 0.4510416666666667 0.6555555555555556 0.021875 0.04351851851851852
0 0.7640625 0.6546296296296297 0.021875 0.04351851851851852
0 0.7354166666666667 0.1675925925925926 0.015104166666666667 0.03425925925925926
0 0.028125 0.18796296296296297 0.01875 0.03611111111111111
0 0.31875 0.06759259259259259 0.015104166666666667 0.03425925925925926
0 0.6083333333333333 0.1527777777777778 0.015104166666666667 0.03425925925925926
0 0.775 0.4351851851851852 0.018229166666666668 0.03981481481481482
0 0.5703125 0.15833333333333333 0.015104166666666667 0.03425925925925926
0 0.71875 0.48055555555555557 0.0234375 0.044444444444444446
0 0.4953125 0.5583333333333333 0.0234375 0.044444444444444446
0 0.4921875 0.19166666666666668 0.01875 0.03611111111111111
0 0.38645833333333335 0.28703703703703703 0.01875 0.03611111111111111
0 0.875 0.11203703703703703 0.015104166666666667 0.03425925925925926
0 0.18333333333333332 0.17407407407407408 0.01875 0.03611111111111111
0 0.340625 0.5694444444444444 0.0234375 0.044444444444444446
0 0.553125 0.587037037037037 0.0234375 0.044444444444444446
0 0.15989583333333332 0.9416666666666667 0.028645833333333332 0.05277777777777778
0 0.8364583333333333 0.712037037037037 0.021875 0.04351851851851852
0 0.07083333333333333 0.9435185185185185 0.028645833333333332 0.05277777777777778
0 0.7442708333333333 0.5842592592592593 0.0234375 0.044444444444444446
0 0.9369791666666667 0.28703703703703703 0.01875 0.03611111111111111
0 0.675 0.26851851851851855 0.01875 0.03611111111111111
0 0.6645833333333333 0.062037037037037036 0.015104166666666667 0.03425925925925926
0 0.6911458333333333 0.6518518518518519 0.021875 0.04351851851851852
0 0.65 0.8398148148148148 0.025 0.05277777777777778
0 0.8828125 0.3638888888888889 0.018229166666666668 0.03981481481481482
0 0.59375 0.15555555555555556 0.015104166666666667 0.03425925925925926
0 0.9286458333333333 0.2518518518518518 0.01875 0.03611111111111111
0 0.7359375 0.23796296296296296 0.01875 0.03611111111111111
0 0.14375 0.6972222222222222 0.021875 0.04351851851851852
0 0.0921875 0.9314814814814815 0.028645833333333332 0.05277777777777778
0 0.6052083333333333 0.10555555555555556 0.015104166666666667 0.03425925925925926
0 0.9739583333333334 0.05555555555555555 0.015104166666666667 0.03425925925925926
0 0.7791666666666667 0.2351851851851852 0.01875 0.03611111111111111
0 0.015625 0.7388888888888889 0.021875 0.04351851851851852
0 0.6817708333333333 0.9777777777777777 0.026041666666666668 0.05277777777777778
0 0.46510416666666665 0.262037037037037 0.01875 0.03611111111111111
0 0.46145833333333336 0.030555555555555555 0.015104166666666667 0.03425925925925926
0 0.5208333333333334 0.5935185185185186 0.0234375 0.044444444444444446
0 0.8572916666666667 0.6527777777777778 0.021875 0.04351851851851852
0 0.6828125 0.08333333333333333 0.015104166666666667 0.03425925925925926
0 0.1296875 0.7518518518518519 0.025 0.05277777777777778
0 0.8255208333333334 0.19814814814814816 0.01875 0.03611111111111111
0 0.23958333333333334 0.799074074074074 0.025 0.05277777777777778
0 0.5463541666666667 0.09444444444444444 0.015104166666666667 0.03425925925925926
0 0.3067708333333333 0.42962962962962964 0.018229166666666668 0.03981481481481482
0 0.64375 0.0712962962962963 0.015104166666666667 0.03425925925925926
0 0.11979166666666667 0.275 0.01875 0.03611111111111111
0 0.30104166666666665 0.5462962962962963 0.0234375 0.044444444444444446
0 0.1109375 0.5527777777777778 0.0234375 0.044444444444444446
0 0.696875 0.44074074074074077 0.018229166666666668 0.03981481481481482
0 0.1453125 0.14444444444444443 0.015104166666666667 0.03425925925925926
0 0.7197916666666667 0.16203703703703703 0.015104166666666667 0.03425925925925926
0 0.7755208333333333 0.5879629629629629 0.0234375 0.044444444444444446
0 0.25416666666666665 0.5287037037037037 0.0234375 0.044444444444444446
0 0.7130208333333333 0.7657407407407407 0.025 0.05277777777777778
0 0.09270833333333334 0.21851851851851853 0.01875 0.03611111111111111
0 0.4588541666666667 0.48055555555555557 0.0234375 0.044444444444444446
0 0.3411458333333333 0.15833333333333333 0.015104166666666667 0.03425925925925926
0 0.42604166666666665 0.5453703703703704 0.0234375 0.044444444444444446
0 0.6390625 0.6666666666666666 0.021875 0.04351851851851852
0 0.63125 0.06296296296296296 0.015104166666666667 0.03425925925925926
0 0.029166666666666667 0.16203703703703703 0.015104166666666667 0.03425925925925926
0 0.2796875 0.01574074074074074 0.015104166666666667 0.03425925925925926
0 0.8692708333333333 0.06851851851851852 0.015104166666666667 0.03425925925925926
0 0.10833333333333334 0.11944444444444445 0.015104166666666667 0.03425925925925926
0 0.24583333333333332 0.44074074074074077 0.018229166666666668 0.03981481481481482
0 0.34322916666666664 0.6194444444444445 0.021875 0.04351851851851852
0 0.8869791666666667 0.11481481481481481 0.015104166666666667 0.03425925925925926
0 0.8791666666666667 0.3111111111111111 0.018229166666666668 0.03981481481481482
0 0.22916666666666666 0.2898148148148148 0.01875 0.03611111111111111
0 0.06041666666666667 0.044444444444444446 0.015104166666666667 0.03425925925925926
0 0.6442708333333333 0.4777777777777778 0.0234375 0.044444444444444446
0 0.08958333333333333 0.04722222222222222 0.015104166666666667 0.03425925925925926
0 0.7546875 0.08148148148148149 0.015104166666666667 0.03425925925925926
0 0.3890625 0.3212962962962963 0.018229166666666668 0.03981481481481482
0 0.8046875 0.3712962962962963 0.018229166666666668 0.03981481481481482
0 0.7223958333333333 0.41944444444444445 0.018229166666666668 0.03981481481481482
0 0.17916666666666667 0.7611111111111111 0.025 0.05277777777777778
0 0.8109375 0.2916666666666667 0.01875 0.03611111111111111
0 0.015104166666666667 0.08888888888888889 0.015104166666666667 0.03425925925925926
0 0.007291666666666667 0.9537037037037037 0.022916666666666665 0.03888888888888889
0 0.6588541666666666 0.1675925925925926 0.015104166666666667 0.03425925925925926
0 0.25729166666666664 0.32314814814814813 0.018229166666666668 0.03981481481481482
0 0.44479166666666664 0.2611111111111111 0.01875 0.03611111111111111
0 0.0640625 0.5805555555555556 0.0234375 0.044444444444444446
0 0.8177083333333334 0.03981481481481482 0.015104166666666667 0.03425925925925926
0 0.8354166666666667 0.7962962962962963 0.025 0.05277777777777778
0 0.41875 0.887962962962963 0.028645833333333332 0.05277777777777778
0 0.4161458333333333 0.2574074074074074 0.01875 0.03611111111111111
0 0.03229166666666667 0.03148148148148148 0.015104166666666667 0.03425925925925926
0 0.8 0.5370370370370371 0.0234375 0.044444444444444446
0 0.771875 0.39444444444444443 0.018229166666666668 0.03981481481481482
0 0.17083333333333334 0.5064814814814815 0.0234375 0.044444444444444446
0 0.7541666666666667 0.5398148148148149 0.0234375 0.044444444444444446
0 0.5557291666666667 0.7861111111111111 0.025 0.05277777777777778
0 0.7869791666666667 0.3527777777777778 0.018229166666666668 0.03981481481481482
0 0.24739583333333334 0.4759259259259259 0.0234375 0.044444444444444446
0 0.0625 0.3277777777777778 0.018229166666666668 0.03981481481481482
0 0.41041666666666665 0.41944444444444445 0.018229166666666668 0.03981481481481482
0 0.5026041666666666 0.16111111111111112 0.015104166666666667 0.03425925925925926
0 0.13802083333333334 0.053703703703703705 0.015104166666666667 0.03425925925925926
0 0.2453125 0.5888888888888889 0.0234375 0.044444444444444446
0 0.26145833333333335 0.8546296296296296 0.028645833333333332 0.05277777777777778
0 0.8046875 0.6305555555555555 0.021875 0.04351851851851852
0 0.14270833333333333 0.3537037037037037 0.018229166666666668 0.03981481481481482
0 0.7567708333333333 0.33611111111111114 0.018229166666666668 0.03981481481481482
0 0.16614583333333333 0.07777777777777778 0.015104166666666667 0.03425925925925926
0 0.29583333333333334 0.47685185185185186 0.0234375 0.044444444444444446
0 0.21354166666666666 0.08333333333333333 0.015104166666666667 0.03425925925925926
0 0.6838541666666667 0.30462962962962964 0.018229166666666668 0.03981481481481482
0 0.6734375 0.762962962962963 0.025 0.05277777777777778
0 0.7375 0.14814814814814814 0.015104166666666667 0.03425925925925926
0 0.4265625 0.33240740740740743 0.018229166666666668 0.03981481481481482
0 0.3770833333333333 0.6287037037037037 0.021875 0.04351851851851852
0 0.9010416666666666 0.3638888888888889 0.018229166666666668 0.03981481481481482
0 0.10885416666666667 0.3611111111111111 0.018229166666666668 0.03981481481481482
0 0.22916666666666666 0.5518518518518518 0.0234375 0.044444444444444446
0 0.5817708333333333 0.3592592592592593 0.018229166666666668 0.03981481481481482
0 0.7302083333333333 0.1 0.015104166666666667 0.03425925925925926
0 0.7385416666666667 0.6268518518518519 0.021875 0.04351851851851852
0 0.059375 0.2037037037037037 0.01875 0.03611111111111111
0 0.3567708333333333 0.39444444444444443 0.018229166666666668 0.03981481481481482
0 0.42239583333333336 0.7287037037037037 0.021875 0.04351851851851852
0 0.8140625 0.12314814814814815 0.015104166666666667 0.03425925925925926
0 0.5125 0.6481481481481481 0.021875 0.04351851851851852
0 0.24270833333333333 0.6592592592592592 0.021875 0.04351851851851852
0 0.109375 0.08425925925925926 0.015104166666666667 0.03425925925925926
0 0.0703125 0.11018518518518519 0.015104166666666667 0.03425925925925926
0 0.5604166666666667 0.850925925925926 0.028645833333333332 0.05277777777777778
0 0.03333333333333333 0.5916666666666667 0.0234375 0.044444444444444446
0 0.5682291666666667 0.044444444444444446 0.015104166666666667 0.03425925925925926
0 0.15729166666666666 0.4666666666666667 0.0234375 0.044444444444444446
0 0.7630208333333334 0.21944444444444444 0.01875 0.03611111111111111
0 0.4796875 0.24722222222222223 0.01875 0.03611111111111111
0 0.9880208333333333 0.6916666666666667 0.021875 0.04351851851851852
0 0.7328125 0.06111111111111111 0.015104166666666667 0.03425925925925926
0 0.378125 0.07962962962962963 0.015104166666666667 0.03425925925925926
0 0.058854166666666666 0.862037037037037 0.028645833333333332 0.05277777777777778
0 0.6895833333333333 0.700925925925926 0.021875 0.04351851851851852
0 0.565625 0.18333333333333332 0.01875 0.03611111111111111
0 0.9442708333333333 0.025925925925925925 0.015104166666666667 0.03425925925925926
0 0.2140625 0.8675925925925926 0.028645833333333332 0.05277777777777778
0 0.9536458333333333 0.4777777777777778 0.0234375 0.044444444444444446
0 0.6411458333333333 0.37222222222222223 0.018229166666666668 0.03981481481481482
0 0.5713541666666667 0.7490740740740741 0.025 0.05277777777777778
0 0.4114583333333333 0.09444444444444444 0.015104166666666667 0.03425925925925926
0 0.9375 0.4888888888888889 0.0234375 0.044444444444444446
0 0.7890625 0.6814814814814815 0.021875 0.04351851851851852
0 0.5416666666666666 0.22685185185185186 0.01875 0.03611111111111111
0 0.19583333333333333 0.8212962962962963 0.025 0.05277777777777778
0 0.9552083333333333 0.4101851851851852 0.018229166666666668 0.03981481481481482
0 0.29270833333333335 0.6481481481481481 0.021875 0.04351851851851852
0 0.45260416666666664 0.05 0.015104166666666667 0.03425925925925926
0 0.8671875 0.14444444444444443 0.015104166666666667 0.03425925925925926
0 0.2734375 0.625 0.021875 0.04351851851851852
0 0.31197916666666664 0.03796296296296296 0.015104166666666667 0.03425925925925926
0 0.10833333333333334 0.15648148148148147 0.015104166666666667 0.03425925925925926
0 0.39010416666666664 0.25092592592592594 0.01875 0.03611111111111111
0 0.3223958333333333 0.950925925925926 0.028645833333333332 0.05277777777777778
0 0.2838541666666667 0.7620370370370371 0.025 0.05277777777777778
0 0.36875 0.33425925925925926 0.018229166666666668 0.03981481481481482
0 0.8182291666666667 0.6731481481481482 0.021875 0.04351851851851852
0 0.6838541666666667 0.3731481481481482 0.018229166666666668 0.03981481481481482
0 0.18802083333333333 0.29907407407407405 0.01875 0.03611111111111111
0 0.5510416666666667 0.29907407407407405 0.01875 0.03611111111111111
0 0.8458333333333333 0.41759259259259257 0.018229166666666668 0.03981481481481482
0 0.5171875 0.5425925925925926 0.0234375 0.044444444444444446
0 0.04375 0.7444444444444445 0.021875 0.04351851851851852
0 0.5276041666666667 0.1675925925925926 0.015104166666666667 0.03425925925925926
0 0.9072916666666667 0.5361111111111111 0.0234375 0.044444444444444446
0 0.7046875 0.34629629629629627 0.018229166666666668 0.03981481481481482
0 0.5541666666666667 0.4388888888888889 0.018229166666666668 0.03981481481481482
0 0.48802083333333335 0.06018518518518518 0.015104166666666667 0.03425925925925926
0 0.5520833333333334 0.2101851851851852 0.01875 0.03611111111111111
0 0.44166666666666665 0.05092592592592592 0.015104166666666667 0.03425925925925926
0 0.7645833333333333 0.06481481481481481 0.015104166666666667 0.03425925925925926
0 0.44375 0.09814814814814815 0.015104166666666667 0.03425925925925926
0 0.6333333333333333 0.9138888888888889 0.028645833333333332 0.05277777777777778
0 0.6625 0.34444444444444444 0.018229166666666668 0.03981481481481482
0 0.19114583333333332 0.5666666666666667 0.0234375 0.044444444444444446
0 0.8817708333333333 0.9361111111111111 0.028645833333333332 0.05277777777777778
0 0.7427083333333333 0.10740740740740741 0.015104166666666667 0.03425925925925926
0 0.6104166666666667 0.29814814814814816 0.01875 0.03611111111111111
0 0.3416666666666667 0.4537037037037037 0.018229166666666668 0.03981481481481482
0 0.6203125 0.03425925925925926 0.015104166666666667 0.03425925925925926
0 0.7375 0.1935185185185185 0.01875 0.03611111111111111
0 0.9130208333333333 0.39166666666666666 0.018229166666666668 0.03981481481481482
0 0.490625 0.03981481481481482 0.015104166666666667 0.03425925925925926
0 0.5854166666666667 0.21851851851851853 0.01875 0.03611111111111111
0 0.55 0.06666666666666667 0.015104166666666667 0.03425925925925926
0 0.2598958333333333 0.29259259259259257 0.01875 0.03611111111111111
0 0.203125 0.041666666666666664 0.015104166666666667 0.03425925925925926
0 0.06041666666666667 0.1712962962962963 0.015104166666666667 0.03425925925925926
0 0.43697916666666664 0.4537037037037037 0.018229166666666668 0.03981481481481482
0 0.359375 0.3074074074074074 0.018229166666666668 0.03981481481481482
0 0.36302083333333335 0.549074074074074 0.0234375 0.044444444444444446
0 0.3614583333333333 0.20277777777777778 0.01875 0.03611111111111111
0 0.13854166666666667 0.17037037037037037 0.015104166666666667 0.03425925925925926
0 0.8291666666666667 0.8888888888888888 0.028645833333333332 0.05277777777777778
0 0.5921875 0.9074074074074074 0.028645833333333332 0.05277777777777778
0 0.8104166666666667 0.34074074074074073 0.018229166666666668 0.03981481481481482
0 0.7260416666666667 0.02962962962962963 0.015104166666666667 0.03425925925925926
0 0.6770833333333334 0.1287037037037037 0.015104166666666667 0.03425925925925926
0 0.10416666666666667 0.7518518518518519 0.025 0.05277777777777778
0 0.3359375 0.7925925925925926 0.025 0.05277777777777778
0 0.6859375 0.13333333333333333 0.015104166666666667 0.03425925925925926
0 0.228125 0.5055555555555555 0.0234375 0.044444444444444446
0 0.010416666666666666 0.40555555555555556 0.018229166666666668 0.03981481481481482
0 0.8723958333333334 0.03796296296296296 0.015104166666666667 0.03425925925925926
0 0.052083333333333336 0.25833333333333336 0.01875 0.03611111111111111
0 0.975 0.5537037037037037 0.0234375 0.044444444444444446
0 0.3145833333333333 0.22685185185185186 0.01875 0.03611111111111111
0 0.6140625 0.9814814814814815 0.026041666666666668 0.05277777777777778
0 0.39895833333333336 0.6509259259259259 0.021875 0.04351851851851852
0 0.2635416666666667 0.3638888888888889 0.018229166666666668 0.03981481481481482
0 0.9057291666666667 0.06296296296296296 0.015104166666666667 0.03425925925925926
0 0.8380208333333333 0.55 0.0234375 0.044444444444444446
0 0.8432291666666667 0.16666666666666666 0.015104166666666667 0.03425925925925926
0 0.61875 0.05555555555555555 0.015104166666666667 0.03425925925925926
0 0.5807291666666666 0.10185185185185185 0.015104166666666667 0.03425925925925926
0 0.19427083333333334 0.3296296296296296 0.018229166666666668 0.03981481481481482
0 0.21614583333333334 0.9583333333333334 0.028645833333333332 0.05277777777777778
0 0.3380208333333333 0.8629629629629629 0.028645833333333332 0.05277777777777778
0 0.7364583333333333 0.3638888888888889 0.018229166666666668 0.03981481481481482
0 0.8671875 0.22962962962962963 0.01875 0.03611111111111111
0 0.027083333333333334 0.42962962962962964 0.018229166666666668 0.03981481481481482
0 0.2953125 0.07314814814814814 0.015104166666666667 0.03425925925925926
0 0.46145833333333336 0.1574074074074074 0.015104166666666667 0.03425925925925926
0 0.8348958333333333 0.08888888888888889 0.015104166666666667 0.03425925925925926
0 0.8536458333333333 0.05277777777777778 0.015104166666666667 0.03425925925925926
0 0.8442708333333333 0.14444444444444443 0.015104166666666667 0.03425925925925926
0 0.48541666666666666 0.08888888888888889 0.015104166666666667 0.03425925925925926
0 0.6182291666666667 0.14166666666666666 0.015104166666666667 0.03425925925925926
0 0.4791666666666667 0.5166666666666667 0.0234375 0.044444444444444446
0 0.59375 0.18518518518518517 0.01875 0.03611111111111111
0 0.24166666666666667 0.19537037037037036 0.01875 0.03611111111111111
0 0.24479166666666666 0.04722222222222222 0.015104166666666667 0.03425925925925926
0 0.48125 0.1287037037037037 0.015104166666666667 0.03425925925925926
0 0.415625 0.22870370370370371 0.01875 0.03611111111111111
0 0.32916666666666666 0.5138888888888888 0.0234375 0.044444444444444446
0 0.9755208333333333 0.3972222222222222 0.018229166666666668 0.03981481481481482
0 0.07083333333333333 0.7268518518518519 0.021875 0.04351851851851852
0 0.7015625 0.4 0.018229166666666668 0.03981481481481482
0 0.05520833333333333 0.13333333333333333 0.015104166666666667 0.03425925925925926
0 0.7614583333333333 0.10277777777777777 0.015104166666666667 0.03425925925925926
0 0.4473958333333333 0.15555555555555556 0.015104166666666667 0.03425925925925926
0 0.86875 0.1787037037037037 0.01875 0.03611111111111111
0 0.48333333333333334 0.2657407407407407 0.01875 0.03611111111111111
0 0.9020833333333333 0.02962962962962963 0.015104166666666667 0.03425925925925926
0 0.7546875 0.2518518518518518 0.01875 0.03611111111111111
0 0.18489583333333334 0.075 0.015104166666666667 0.03425925925925926
0 0.9515625 0.35462962962962963 0.018229166666666668 0.03981481481481482
0 0.13958333333333334 0.2 0.01875 0.03611111111111111
0 0.42604166666666665 0.16203703703703703 0.015104166666666667 0.03425925925925926
0 0.9401041666666666 0.39166666666666666 0.018229166666666668 0.03981481481481482
0 0.40260416666666665 0.34629629629629627 0.018229166666666668 0.03981481481481482
0 0.4588541666666667 0.8657407407407407 0.028645833333333332 0.05277777777777778
0 0.004166666666666667 0.4546296296296296 0.018229166666666668 0.03981481481481482
0 0.7609375 0.8555555555555555 0.028645833333333332 0.05277777777777778
0 0.159375 0.5268518518518519 0.0234375 0.044444444444444446
0 0.3640625 0.4638888888888889 0.018229166666666668 0.03981481481481482
0 0.0125 0.587037037037037 0.0234375 0.044444444444444446
0 0.9833333333333333 0.6601851851851852 0.021875 0.04351851851851852
0 0.08645833333333333 0.5166666666666667 0.0234375 0.044444444444444446
0 0.4921875 0.12685185185185185 0.015104166666666667 0.03425925925925926
0 0.21614583333333334 0.4675925925925926 0.0234375 0.044444444444444446
0 0.9244791666666666 0.2814814814814815 0.01875 0.03611111111111111
0 0.49635416666666665 0.5916666666666667 0.0234375 0.044444444444444446
0 0.16302083333333334 0.375 0.018229166666666668 0.03981481481481482
0 0.043229166666666666 0.6296296296296297 0.021875 0.04351851851851852
0 0.9083333333333333 0.08611111111111111 0.015104166666666667 0.03425925925925926
0 0.5291666666666667 0.08333333333333333 0.015104166666666667 0.03425925925925926
0 0.3729166666666667 0.38055555555555554 0.018229166666666668 0.03981481481481482
0 0.33489583333333334 0.4185185185185185 0.018229166666666668 0.03981481481481482
0 0.909375 0.29814814814814816 0.01875 0.03611111111111111
0 0.7723958333333333 0.30277777777777776 0.018229166666666668 0.03981481481481482
0 0.70625 0.19814814814814816 0.01875 0.03611111111111111
0 0.8833333333333333 0.5083333333333333 0.0234375 0.044444444444444446
0 0.003125 0.3592592592592593 0.018229166666666668 0.03981481481481482
0 0.9625 0.22314814814814815 0.01875 0.03611111111111111
0 0.9901041666666667 0.3398148148148148 0.011979166666666667 0.025
0 0.5473958333333333 0.37407407407407406 0.018229166666666668 0.03981481481481482
0 0.26927083333333335 0.5333333333333333 0.0234375 0.044444444444444446
0 0.08333333333333333 0.3731481481481482 0.018229166666666668 0.03981481481481482
0 0.83125 0.33240740740740743 0.018229166666666668 0.03981481481481482
0 0.0890625 0.15462962962962962 0.015104166666666667 0.03425925925925926
0 0.5109375 0.7583333333333333 0.025 0.05277777777777778
0 0.03177083333333333 0.6675925925925926 0.021875 0.04351851851851852
0 0.4328125 0.9611111111111111 0.026041666666666668 0.05277777777777778
0 0.23229166666666667 0.32314814814814813 0.018229166666666668 0.03981481481481482
0 0.1984375 0.4305555555555556 0.018229166666666668 0.03981481481481482
0 0.6635416666666667 0.1111111111111111 0.015104166666666667 0.03425925925925926
0 0.2760416666666667 0.687962962962963 0.021875 0.04351851851851852
0 0.4921875 0.38055555555555554 0.018229166666666668 0.03981481481481482
0 0.7354166666666667 0.5277777777777778 0.0234375 0.044444444444444446
0 0.4234375 0.4462962962962963 0.018229166666666668 0.03981481481481482
0 0.3411458333333333 0.3416666666666667 0.018229166666666668 0.03981481481481482
0 0.6588541666666666 0.05 0.015104166666666667 0.03425925925925926
0 0.6651041666666667 0.5055555555555555 0.0234375 0.044444444444444446
0 0.4979166666666667 0.06388888888888888 0.015104166666666667 0.03425925925925926
0 0.6338541666666667 0.18611111111111112 0.01875 0.03611111111111111
0 0.6505208333333333 0.5898148148148148 0.0234375 0.044444444444444446
0 0.18333333333333332 0.425 0.018229166666666668 0.03981481481481482
0 0.011458333333333333 0.32592592592592595 0.018229166666666668 0.03981481481481482
0 0.23958333333333334 0.3925925925925926 0.018229166666666668 0.03981481481481482
0 0.06041666666666667 0.4787037037037037 0.0234375 0.044444444444444446
0 0.6942708333333333 0.17314814814814813 0.01875 0.03611111111111111
0 0.37447916666666664 0.4898148148148148 0.0234375 0.044444444444444446
0 0.1015625 0.4064814814814815 0.018229166666666668 0.03981481481481482
0 0.06197916666666667 0.3712962962962963 0.018229166666666668 0.03981481481481482
0 0.046875 0.04537037037037037 0.015104166666666667 0.03425925925925926
0 0.6734375 0.05925925925925926 0.015104166666666667 0.03425925925925926
0 0.2203125 0.4027777777777778 0.018229166666666668 0.03981481481481482
0 0.023958333333333335 0.5407407407407407 0.0234375 0.044444444444444446
0 0.7838541666666666 0.5472222222222223 0.0234375 0.044444444444444446
0 0.47708333333333336 0.9777777777777777 0.026041666666666668 0.05277777777777778
0 0.6390625 0.09351851851851851 0.015104166666666667 0.03425925925925926
0 0.178125 0.03425925925925926 0.015104166666666667 0.03425925925925926
0 0.0796875 0.20277777777777778 0.01875 0.03611111111111111
0 0.065625 0.44722222222222224 0.018229166666666668 0.03981481481481482
0 0.8984375 0.1175925925925926 0.015104166666666667 0.03425925925925926
0 0.33645833333333336 0.053703703703703705 0.015104166666666667 0.03425925925925926
0 0.8817708333333333 0.7074074074074074 0.021875 0.04351851851851852
0 0.20416666666666666 0.35833333333333334 0.018229166666666668 0.03981481481481482
0 0.6901041666666666 0.06759259259259259 0.015104166666666667 0.03425925925925926
0 0.9317708333333333 0.12407407407407407 0.015104166666666667 0.03425925925925926
0 0.2125 0.15925925925925927 0.015104166666666667 0.03425925925925926
0 0.5432291666666667 0.14166666666666666 0.015104166666666667 0.03425925925925926
0 0.030729166666666665 0.3685185185185185 0.018229166666666668 0.03981481481481482
0 0.37395833333333334 0.03796296296296296 0.015104166666666667 0.03425925925925926
0 0.2911458333333333 0.21296296296296297 0.01875 0.03611111111111111
0 0.15260416666666668 0.8648148148148148 0.028645833333333332 0.05277777777777778
0 0.3140625 0.812037037037037 0.025 0.05277777777777778
0 0.6703125 0.4027777777777778 0.018229166666666668 0.03981481481481482
0 0.496875 0.9296296296296296 0.028645833333333332 0.05277777777777778
0 0.5973958333333333 0.5768518518518518 0.0234375 0.044444444444444446
0 0.6109375 0.39537037037037037 0.018229166666666668 0.03981481481481482
0 0.6291666666666667 0.22037037037037038 0.01875 0.03611111111111111
0 0.28802083333333334 0.5879629629629629 0.0234375 0.044444444444444446
