0 0.9666666666666667 0.706875 0.08375 0.14625
0 0.30375 0.495625 0.02 0.035625
0 0.3175 0.84875 0.08375 0.14625
0 0.33708333333333335 0.750625 0.08375 0.14625
0 0.8066666666666666 0.724375 0.08375 0.14625
0 0.22833333333333333 0.7025 0.08375 0.14625
0 0.5225 0.79625 0.15 0.26625
0 0.18875 0.67125 0.08375 0.14625
0 0.135 0.49 0.02 0.04375
0 0.32458333333333333 0.464375 0.02 0.035625
0 0.06916666666666667 0.4225 0.02 0.04375
0 0.47583333333333333 0.405625 0.08208333333333333 0.14125
0 0.6066666666666667 0.635 0.08375 0.14625
0 0.6866666666666666 0.8625 0.08375 0.14625
0 0.7825 0.5 0.0225 0.0525
0 0.057916666666666665 0.549375 0.0375 0.075
0 0.07 0.689375 0.08375 0.14625
0 0.91875 0.519375 0.0225 0.0525
0 0.004583333333333333 0.7 0.07 0.14625
0 0.89875 0.770625 0.08375 0.14625
0 0.75875 0.835 0.08375 0.14625
0 0.3525 0.958125 0.08375 0.14625
0 0.12625 0.553125 0.0375 0.075
0 0.65625 0.68625 0.08375 0.14625
0 0.99375 0.4875 0.0225 0.0525
0 0.6979166666666666 0.655625 0.08375 0.14625
0 0.8970833333333333 0.584375 0.0225 0.0525
0 0.12583333333333332 0.786875 0.08375 0.14625
0 0.18875 0.984375 0.08375 0.14625
