0 0.17068713450292397 0.5863486842105263 0.047149122807017545 0.0424890350877193
0 0.11293859649122807 0.5518092105263158 0.03764619883040936 0.03892543859649123
0 0.5767543859649122 0.5948464912280702 0.0489766081871345 0.04824561403508772
0 0.1290204678362573 0.5701754385964912 0.03764619883040936 0.03892543859649123
0 0.2894736842105263 0.5934758771929824 0.047149122807017545 0.0424890350877193
0 0.09978070175438597 0.5167214912280702 0.03764619883040936 0.03892543859649123
0 0.20614035087719298 0.44243421052631576 0.03764619883040936 0.030153508771929825
0 0.1703216374269006 0.4882127192982456 0.03764619883040936 0.030153508771929825
0 0.7408625730994152 0.4975328947368421 0.04057017543859649 0.031524122807017545
0 0.9353070175438597 0.5361842105263158 0.04057017543859649 0.031524122807017545
0 0.8282163742690059 0.5093201754385965 0.04057017543859649 0.031524122807017545
0 0.3830409356725146 0.6392543859649122 0.047149122807017545 0.0424890350877193
