0 0.2743055555555556 0.4705729166666667 0.041840277777777775 0.09973958333333334
0 0.35694444444444445 0.4197916666666667 0.03940972222222222 0.0671875
0 0.19253472222222223 0.43723958333333335 0.03940972222222222 0.0671875
0 0.006076388888888889 0.25729166666666664 0.022048611111111113 0.04375
0 0.15815972222222222 0.3966145833333333 0.02829861111111111 0.05703125
0 0.7171875 0.4752604166666667 0.04635416666666667 0.09869791666666666
0 0.5409722222222222 0.41796875 0.024652777777777777 0.048177083333333336
0 0.11840277777777777 0.39921875 0.02829861111111111 0.05703125
0 0.1388888888888889 0.37942708333333336 0.02829861111111111 0.05703125
0 0.3779513888888889 0.50859375 0.041840277777777775 0.09973958333333334
0 0.6116319444444445 0.5348958333333333 0.06597222222222222 0.16223958333333333
0 0.4059027777777778 0.3953125 0.03940972222222222 0.0671875
0 0.21458333333333332 0.4080729166666667 0.03940972222222222 0.0671875
0 0.5071180555555556 0.4791666666666667 0.041840277777777775 0.09973958333333334
0 0.2144097222222222 0.36223958333333334 0.014930555555555556 0.016666666666666666
0 0.6678819444444445 0.5375 0.04635416666666667 0.09869791666666666
0 0.0953125 0.38177083333333334 0.02829861111111111 0.05703125
0 0.3828125 0.44244791666666666 0.03940972222222222 0.0671875
0 0.2755208333333333 0.39453125 0.03940972222222222 0.0671875
0 0.5309027777777777 0.4817708333333333 0.041840277777777775 0.09973958333333334
0 0.9463541666666667 0.5286458333333334 0.04635416666666667 0.09869791666666666
