0 0.2257085020242915 0.10192837465564739 0.012145748987854251 0.03305785123966942
0 0.40384615384615385 0.581267217630854 0.02125506072874494 0.07162534435261708
0 0.5880566801619433 0.01928374655647383 0.012145748987854251 0.03305785123966942
0 0.9109311740890689 0.12396694214876033 0.012145748987854251 0.03305785123966942
0 0.13765182186234817 0.1046831955922865 0.012145748987854251 0.03305785123966942
0 0.07591093117408906 0.19008264462809918 0.012145748987854251 0.03305785123966942
0 0.2054655870445344 0.8677685950413223 0.02125506072874494 0.07162534435261708
0 0.28036437246963564 0.08264462809917356 0.012145748987854251 0.03305785123966942
0 0.12246963562753037 0.3939393939393939 0.016194331983805668 0.0440771349862259
0 0.5384615384615384 0.008264462809917356 0.012145748987854251 0.03305785123966942
0 0.4665991902834008 0.4325068870523416 0.019230769230769232 0.04132231404958678
0 0.34615384615384615 0.7134986225895317 0.02125506072874494 0.07162534435261708
0 0.18927125506072875 0.03305785123966942 0.012145748987854251 0.03305785123966942
0 0.04959514170040486 0.005509641873278237 0.012145748987854251 0.03305785123966942
0 0.6609311740890689 0.48760330578512395 0.02125506072874494 0.07162534435261708
0 0.3410931174089069 0.5426997245179064 0.02125506072874494 0.07162534435261708
0 0.4433198380566802 0.6528925619834711 0.02125506072874494 0.07162534435261708
0 0.34615384615384615 0.05234159779614325 0.012145748987854251 0.03305785123966942
0 0.8522267206477733 0.03305785123966942 0.012145748987854251 0.03305785123966942
0 0.7732793522267206 0.3415977961432507 0.019230769230769232 0.04132231404958678
0 0.07388663967611336 0.04132231404958678 0.012145748987854251 0.03305785123966942
0 0.32793522267206476 0.2369146005509642 0.019230769230769232 0.04132231404958678
0 0.4180161943319838 0.209366391184573 0.019230769230769232 0.04132231404958678
0 0.25809716599190285 0.11294765840220386 0.012145748987854251 0.03305785123966942
0 0.8572874493927125 0.49586776859504134 0.02125506072874494 0.07162534435261708
0 0.9139676113360324 0.36363636363636365 0.019230769230769232 0.04132231404958678
0 0.022267206477732792 0.06060606060606061 0.012145748987854251 0.03305785123966942
0 0.5 0.8870523415977961 0.02125506072874494 0.07162534435261708
0 0.812753036437247 0.008264462809917356 0.012145748987854251 0.03305785123966942
0 0.26619433198380565 0.06336088154269973 0.012145748987854251 0.03305785123966942
0 0.16295546558704455 0.14325068870523416 0.012145748987854251 0.03305785123966942
0 0.5313765182186235 0.6584022038567493 0.02125506072874494 0.07162534435261708
0 0.5870445344129555 0.8154269972451791 0.02125506072874494 0.07162534435261708
0 0.618421052631579 0.5041322314049587 0.02125506072874494 0.07162534435261708
0 0.8846153846153846 0.3443526170798898 0.019230769230769232 0.04132231404958678
0 0.242914979757085 0.41597796143250687 0.019230769230769232 0.04132231404958678
0 0.4342105263157895 0.11570247933884298 0.012145748987854251 0.03305785123966942
0 0.6781376518218624 0.349862258953168 0.019230769230769232 0.04132231404958678
0 0.3724696356275304 0.12672176308539945 0.012145748987854251 0.03305785123966942
0 0.937246963562753 0.43526170798898073 0.019230769230769232 0.04132231404958678
0 0.3876518218623482 0.2066115702479339 0.019230769230769232 0.04132231404958678
0 0.4665991902834008 0.0743801652892562 0.012145748987854251 0.03305785123966942
0 0.20445344129554655 0.1349862258953168 0.012145748987854251 0.03305785123966942
0 0.5232793522267206 0.01652892561983471 0.012145748987854251 0.03305785123966942
0 0.16093117408906882 0.07713498622589532 0.012145748987854251 0.03305785123966942
0 0.9412955465587044 0.2809917355371901 0.019230769230769232 0.04132231404958678
0 0.11538461538461539 0.027548209366391185 0.012145748987854251 0.03305785123966942
0 0.5080971659919028 0.08264462809917356 0.012145748987854251 0.03305785123966942
0 0.7196356275303644 0.008264462809917356 0.012145748987854251 0.03305785123966942
0 0.3350202429149798 0.01652892561983471 0.012145748987854251 0.03305785123966942
0 0.13360323886639677 0.162534435261708 0.012145748987854251 0.03305785123966942
0 0.2823886639676113 0.0027548209366391185 0.012145748987854251 0.03305785123966942
0 0.7823886639676113 0.6143250688705234 0.02125506072874494 0.07162534435261708
0 0.5809716599190283 0.48760330578512395 0.02125506072874494 0.07162534435261708
0 0.562753036437247 0.1046831955922865 0.012145748987854251 0.03305785123966942
0 0.8299595141700404 0.08264462809917356 0.012145748987854251 0.03305785123966942
0 0.2925101214574899 0.512396694214876 0.02125506072874494 0.07162534435261708
0 0.28441295546558704 0.48484848484848486 0.02125506072874494 0.07162534435261708
0 0.8238866396761133 0.3002754820936639 0.019230769230769232 0.04132231404958678
0 0.8562753036437247 0.4325068870523416 0.019230769230769232 0.04132231404958678
0 0.3623481781376518 0.39118457300275483 0.019230769230769232 0.04132231404958678
0 0.548582995951417 0.4986225895316804 0.02125506072874494 0.07162534435261708
0 0.2631578947368421 0.8016528925619835 0.02125506072874494 0.07162534435261708
0 0.9331983805668016 0.11294765840220386 0.012145748987854251 0.03305785123966942
0 0.3674089068825911 0.20110192837465565 0.019230769230769232 0.04132231404958678
0 0.8552631578947368 0.2534435261707989 0.019230769230769232 0.04132231404958678
0 0.5293522267206477 0.5757575757575758 0.02125506072874494 0.07162534435261708
0 0.49291497975708504 0.08264462809917356 0.012145748987854251 0.03305785123966942
0 0.8046558704453441 0.5371900826446281 0.02125506072874494 0.07162534435261708
0 0.19433198380566802 0.1184573002754821 0.012145748987854251 0.03305785123966942
0 0.5789473684210527 0.013774104683195593 0.012145748987854251 0.03305785123966942
0 0.6720647773279352 0.1790633608815427 0.019230769230769232 0.04132231404958678
0 0.28036437246963564 0.3856749311294766 0.019230769230769232 0.04132231404958678
0 0.6376518218623481 0.030303030303030304 0.012145748987854251 0.03305785123966942
0 0.3248987854251012 0.46005509641873277 0.02125506072874494 0.07162534435261708
0 0.7024291497975709 0.027548209366391185 0.012145748987854251 0.03305785123966942
0 0.5789473684210527 0.7603305785123967 0.02125506072874494 0.07162534435261708
0 0.7631578947368421 0.39118457300275483 0.019230769230769232 0.04132231404958678
0 0.24595141700404857 0.049586776859504134 0.012145748987854251 0.03305785123966942
0 0.22469635627530365 0.013774104683195593 0.012145748987854251 0.03305785123966942
0 0.9838056680161943 0.418732782369146 0.020242914979757085 0.05509641873278237
0 0.3107287449392713 0.42424242424242425 0.019230769230769232 0.04132231404958678
0 0.5566801619433198 0.01652892561983471 0.012145748987854251 0.03305785123966942
0 0.03137651821862348 0.01652892561983471 0.012145748987854251 0.03305785123966942
0 0.6852226720647774 0.40771349862258954 0.019230769230769232 0.04132231404958678
0 0.6629554655870445 0.4132231404958678 0.019230769230769232 0.04132231404958678
0 0.3299595141700405 0.1928374655647383 0.019230769230769232 0.04132231404958678
0 0.4291497975708502 0.06336088154269973 0.012145748987854251 0.03305785123966942
0 0.5121457489878543 0.8815426997245179 0.02125506072874494 0.07162534435261708
0 0.6376518218623481 0.34710743801652894 0.019230769230769232 0.04132231404958678
0 0.8228744939271255 0.0027548209366391185 0.012145748987854251 0.03305785123966942
0 0.8987854251012146 0.4903581267217631 0.02125506072874494 0.07162534435261708
0 0.8390688259109311 0.15151515151515152 0.012145748987854251 0.03305785123966942
0 0.9767206477732794 0.3140495867768595 0.019230769230769232 0.046831955922865015
0 0.4230769230769231 0.03581267217630854 0.012145748987854251 0.03305785123966942
0 0.9625506072874493 0.3333333333333333 0.019230769230769232 0.04132231404958678
0 0.4868421052631579 0.03856749311294766 0.012145748987854251 0.03305785123966942
0 0.7621457489878543 0.03581267217630854 0.012145748987854251 0.03305785123966942
0 0.5425101214574899 0.6611570247933884 0.02125506072874494 0.07162534435261708
0 0.21963562753036436 0.4462809917355372 0.019230769230769232 0.04132231404958678
0 0.36133603238866396 0.02203856749311295 0.012145748987854251 0.03305785123966942
0 0.009109311740890687 0.928374655647383 0.020242914979757085 0.06336088154269973
0 0.4402834008097166 0.38016528925619836 0.019230769230769232 0.04132231404958678
0 0.7884615384615384 0.3884297520661157 0.019230769230769232 0.04132231404958678
0 0.3299595141700405 0.11294765840220386 0.012145748987854251 0.03305785123966942
0 0.3977732793522267 0.15702479338842976 0.012145748987854251 0.03305785123966942
0 0.8724696356275303 0.5509641873278237 0.02125506072874494 0.07162534435261708
0 0.2479757085020243 0.09917355371900827 0.012145748987854251 0.03305785123966942
0 0.8016194331983806 0.8402203856749312 0.02125506072874494 0.07162534435261708
0 0.694331983805668 0.4738292011019284 0.02125506072874494 0.07162534435261708
0 0.6163967611336032 0.559228650137741 0.02125506072874494 0.07162534435261708
0 0.3825910931174089 0.005509641873278237 0.012145748987854251 0.03305785123966942
0 0.45040485829959515 0.005509641873278237 0.012145748987854251 0.03305785123966942
0 0.958502024291498 0.38016528925619836 0.019230769230769232 0.04132231404958678
0 0.42206477732793524 0.7878787878787878 0.02125506072874494 0.07162534435261708
0 0.7965587044534413 0.9421487603305785 0.02125506072874494 0.07162534435261708
0 0.39473684210526316 0.013774104683195593 0.012145748987854251 0.03305785123966942
0 0.2732793522267207 0.04132231404958678 0.012145748987854251 0.03305785123966942
0 0.541497975708502 0.7327823691460055 0.02125506072874494 0.07162534435261708
0 0.8319838056680162 0.4132231404958678 0.019230769230769232 0.04132231404958678
0 0.058704453441295545 0.09917355371900827 0.012145748987854251 0.03305785123966942
0 0.6062753036437247 0.5977961432506887 0.02125506072874494 0.07162534435261708
0 0.645748987854251 0.5426997245179064 0.02125506072874494 0.07162534435261708
0 0.5850202429149798 0.628099173553719 0.02125506072874494 0.07162534435261708
0 0.3360323886639676 0.22589531680440772 0.019230769230769232 0.04132231404958678
0 0.3491902834008097 0.0027548209366391185 0.012145748987854251 0.03305785123966942
0 0.31275303643724695 0.5757575757575758 0.02125506072874494 0.07162534435261708
0 0.7925101214574899 0.030303030303030304 0.012145748987854251 0.03305785123966942
0 0.3269230769230769 0.5261707988980716 0.02125506072874494 0.07162534435261708
0 0.4888663967611336 0.18457300275482094 0.019230769230769232 0.04132231404958678
0 0.7995951417004049 0.48760330578512395 0.02125506072874494 0.07162534435261708
0 0.5637651821862348 0.3443526170798898 0.019230769230769232 0.04132231404958678
0 0.8421052631578947 0.650137741046832 0.02125506072874494 0.07162534435261708
0 0.6174089068825911 0.01928374655647383 0.012145748987854251 0.03305785123966942
0 0.21052631578947367 0.024793388429752067 0.012145748987854251 0.03305785123966942
0 0.8755060728744939 0.21487603305785125 0.019230769230769232 0.04132231404958678
0 0.2935222672064777 0.8732782369146006 0.02125506072874494 0.07162534435261708
0 0.4089068825910931 0.03581267217630854 0.012145748987854251 0.03305785123966942
0 0.4686234817813765 0.8402203856749312 0.02125506072874494 0.07162534435261708
0 0.5951417004048583 0.509641873278237 0.02125506072874494 0.07162534435261708
0 0.8846153846153846 0.9366391184573003 0.02125506072874494 0.07162534435261708
0 0.840080971659919 0.09090909090909091 0.012145748987854251 0.03305785123966942
0 0.868421052631579 0.39118457300275483 0.019230769230769232 0.04132231404958678
0 0.917004048582996 0.5261707988980716 0.02125506072874494 0.07162534435261708
0 0.917004048582996 0.44077134986225897 0.019230769230769232 0.04132231404958678
0 0.7621457489878543 0.9476584022038568 0.02125506072874494 0.07162534435261708
0 0.3248987854251012 0.36639118457300274 0.019230769230769232 0.04132231404958678
0 0.3026315789473684 0.0027548209366391185 0.012145748987854251 0.03305785123966942
0 0.2965587044534413 0.06611570247933884 0.012145748987854251 0.03305785123966942
0 0.582995951417004 0.6859504132231405 0.02125506072874494 0.07162534435261708
0 0.5334008097165992 0.3085399449035813 0.019230769230769232 0.04132231404958678
0 0.5647773279352226 0.8953168044077136 0.02125506072874494 0.07162534435261708
0 0.6295546558704453 0.9917355371900827 0.02125506072874494 0.07162534435261708
0 0.5546558704453441 0.6060606060606061 0.02125506072874494 0.07162534435261708
0 0.909919028340081 0.9889807162534435 0.02125506072874494 0.07162534435261708
0 0.3026315789473684 0.06887052341597796 0.012145748987854251 0.03305785123966942
0 0.4068825910931174 0.06887052341597796 0.012145748987854251 0.03305785123966942
0 0.47874493927125505 0.07988980716253444 0.012145748987854251 0.03305785123966942
0 0.5637651821862348 0.027548209366391185 0.012145748987854251 0.03305785123966942
0 0.291497975708502 0.09090909090909091 0.012145748987854251 0.03305785123966942
0 0.6396761133603239 0.7851239669421488 0.02125506072874494 0.07162534435261708
0 0.9564777327935222 0.5702479338842975 0.02125506072874494 0.07162534435261708
0 0.7722672064777328 0.48484848484848486 0.02125506072874494 0.07162534435261708
0 0.298582995951417 0.0440771349862259 0.012145748987854251 0.03305785123966942
0 0.9848178137651822 0.5564738292011019 0.02125506072874494 0.07162534435261708
0 0.13562753036437247 0.013774104683195593 0.012145748987854251 0.03305785123966942
0 0.6700404858299596 0.26721763085399447 0.019230769230769232 0.04132231404958678
0 0.7995951417004049 0.27548209366391185 0.019230769230769232 0.04132231404958678
0 0.8319838056680162 0.931129476584022 0.02125506072874494 0.07162534435261708
0 0.26619433198380565 0.33608815426997246 0.019230769230769232 0.04132231404958678
0 0.7520242914979757 0.47107438016528924 0.02125506072874494 0.07162534435261708
0 0.8795546558704453 0.2865013774104683 0.019230769230769232 0.04132231404958678
0 0.23178137651821862 0.15977961432506887 0.012145748987854251 0.03305785123966942
0 0.9635627530364372 0.12947658402203857 0.01720647773279352 0.03856749311294766
0 0.17408906882591094 0.024793388429752067 0.012145748987854251 0.03305785123966942
0 0.6082995951417004 0.8925619834710744 0.02125506072874494 0.07162534435261708
0 0.9665991902834008 0.48760330578512395 0.02125506072874494 0.07162534435261708
0 0.902834008097166 0.7851239669421488 0.02125506072874494 0.07162534435261708
0 0.5789473684210527 0.07713498622589532 0.012145748987854251 0.03305785123966942
0 0.8319838056680162 0.5179063360881543 0.02125506072874494 0.07162534435261708
0 0.8421052631578947 0.3168044077134986 0.019230769230769232 0.04132231404958678
0 0.49696356275303644 0.01652892561983471 0.012145748987854251 0.03305785123966942
0 0.6002024291497976 0.01652892561983471 0.012145748987854251 0.03305785123966942
0 0.31983805668016196 0.07713498622589532 0.012145748987854251 0.03305785123966942
0 0.6548582995951417 0.6611570247933884 0.02125506072874494 0.07162534435261708
0 0.3694331983805668 0.07988980716253444 0.012145748987854251 0.03305785123966942
0 0.15587044534412955 0.6914600550964187 0.02125506072874494 0.07162534435261708
0 0.9898785425101214 0.18457300275482094 0.015182186234817813 0.03581267217630854
0 0.3937246963562753 0.08539944903581267 0.012145748987854251 0.03305785123966942
0 0.7834008097165992 0.696969696969697 0.02125506072874494 0.07162534435261708
0 0.2479757085020243 0.36639118457300274 0.019230769230769232 0.04132231404958678
0 0.38461538461538464 0.4628099173553719 0.02125506072874494 0.07162534435261708
0 0.5111336032388664 0.20385674931129477 0.019230769230769232 0.04132231404958678
0 0.015182186234817813 0.14600550964187328 0.012145748987854251 0.03305785123966942
0 0.6761133603238867 0.027548209366391185 0.012145748987854251 0.03305785123966942
0 0.8674089068825911 0.0743801652892562 0.012145748987854251 0.03305785123966942
0 0.4149797570850202 0.6115702479338843 0.02125506072874494 0.07162534435261708
