0 0.2047244094488189 0.5267857142857143 0.031496062992125984 0.050595238095238096
0 0.2992125984251969 0.4523809523809524 0.023622047244094488 0.03273809523809524
0 0.33070866141732286 0.31547619047619047 0.015748031496062992 0.023809523809523808
0 0.03674540682414698 0.5089285714285714 0.031496062992125984 0.050595238095238096
0 0.5433070866141733 0.2916666666666667 0.026246719160104987 0.03869047619047619
0 0.84251968503937 0.39285714285714285 0.01837270341207349 0.026785714285714284
0 0.08661417322834646 0.6547619047619048 0.05249343832020997 0.07738095238095238
0 0.18110236220472442 0.35714285714285715 0.01837270341207349 0.023809523809523808
0 0.8582677165354331 0.4583333333333333 0.01837270341207349 0.026785714285714284
0 0.7611548556430446 0.38095238095238093 0.01837270341207349 0.026785714285714284
0 0.49606299212598426 0.26785714285714285 0.015748031496062992 0.023809523809523808
0 0.9422572178477691 0.4494047619047619 0.01837270341207349 0.026785714285714284
0 0.889763779527559 0.6934523809523809 0.047244094488188976 0.0625
0 0.952755905511811 0.38392857142857145 0.01837270341207349 0.026785714285714284
0 0.031496062992125984 0.36607142857142855 0.01837270341207349 0.023809523809523808
0 0.7637795275590551 0.7113095238095238 0.047244094488188976 0.0625
0 0.9186351706036745 0.5357142857142857 0.026246719160104987 0.03571428571428571
0 0.4068241469816273 0.3630952380952381 0.023622047244094488 0.03273809523809524
0 0.2230971128608924 0.4880952380952381 0.031496062992125984 0.050595238095238096
0 0.7874015748031497 0.43154761904761907 0.01837270341207349 0.026785714285714284
0 0.05249343832020997 0.4166666666666667 0.01837270341207349 0.023809523809523808
0 0.8320209973753281 0.5089285714285714 0.026246719160104987 0.03571428571428571
0 0.28608923884514437 0.28273809523809523 0.015748031496062992 0.023809523809523808
0 0.12598425196850394 0.7113095238095238 0.05249343832020997 0.07738095238095238
0 0.7139107611548556 0.7857142857142857 0.06561679790026247 0.09226190476190477
0 0.2230971128608924 0.7857142857142857 0.06561679790026247 0.07142857142857142
0 0.35170603674540685 0.28273809523809523 0.015748031496062992 0.023809523809523808
0 0.4146981627296588 0.4166666666666667 0.023622047244094488 0.03273809523809524
0 0.27034120734908135 0.33035714285714285 0.015748031496062992 0.023809523809523808
0 0.973753280839895 0.6815476190476191 0.047244094488188976 0.0625
0 0.31496062992125984 0.2767857142857143 0.015748031496062992 0.023809523809523808
0 0.4041994750656168 0.2976190476190476 0.015748031496062992 0.023809523809523808
0 0.6902887139107612 0.6517857142857143 0.047244094488188976 0.0625
0 0.05511811023622047 0.5833333333333334 0.031496062992125984 0.050595238095238096
0 0.11811023622047244 0.35714285714285715 0.01837270341207349 0.023809523809523808
0 0.45931758530183725 0.4375 0.023622047244094488 0.03273809523809524
0 0.7716535433070866 0.3333333333333333 0.013123359580052493 0.020833333333333332
0 0.15485564304461943 0.4166666666666667 0.01837270341207349 0.023809523809523808
0 0.8372703412073491 0.6994047619047619 0.047244094488188976 0.0625
0 0.11811023622047244 0.8244047619047619 0.06561679790026247 0.07142857142857142
0 0.42782152230971127 0.45535714285714285 0.023622047244094488 0.03273809523809524
0 0.8346456692913385 0.5714285714285714 0.026246719160104987 0.03571428571428571
0 0.958005249343832 0.49107142857142855 0.01837270341207349 0.026785714285714284
0 0.8530183727034121 0.5952380952380952 0.047244094488188976 0.0625
0 0.884514435695538 0.4017857142857143 0.01837270341207349 0.026785714285714284
0 0.9816272965879265 0.5416666666666666 0.026246719160104987 0.03571428571428571
0 0.23097112860892388 0.4017857142857143 0.01837270341207349 0.023809523809523808
0 0.5223097112860893 0.3541666666666667 0.026246719160104987 0.03869047619047619
0 0.3963254593175853 0.25 0.015748031496062992 0.023809523809523808
0 0.49868766404199477 0.30952380952380953 0.015748031496062992 0.023809523809523808
0 0.9868766404199475 0.3601190476190476 0.01837270341207349 0.026785714285714284
0 0.958005249343832 0.8363095238095238 0.06561679790026247 0.09226190476190477
0 0.6010498687664042 0.7380952380952381 0.03674540682414698 0.05357142857142857
0 0.11811023622047244 0.5476190476190477 0.031496062992125984 0.050595238095238096
0 0.5721784776902887 0.33630952380952384 0.026246719160104987 0.03869047619047619
0 0.7060367454068242 0.3273809523809524 0.013123359580052493 0.020833333333333332
0 0.4540682414698163 0.6875 0.047244094488188976 0.06845238095238096
0 0.5879265091863517 0.8541666666666666 0.06561679790026247 0.09226190476190477
0 0.37270341207349084 0.43154761904761907 0.023622047244094488 0.03273809523809524
0 0.2440944881889764 0.6428571428571429 0.05249343832020997 0.07738095238095238
0 0.06824146981627296 0.7351190476190477 0.05249343832020997 0.07738095238095238
0 0.16010498687664043 0.5476190476190477 0.031496062992125984 0.050595238095238096
0 0.8188976377952756 0.6190476190476191 0.047244094488188976 0.0625
0 0.007874015748031496 0.7232142857142857 0.05249343832020997 0.07738095238095238
0 0.3543307086614173 0.36904761904761907 0.023622047244094488 0.03273809523809524
0 0.30183727034120733 0.7113095238095238 0.05249343832020997 0.07738095238095238
0 0.9816272965879265 0.4375 0.01837270341207349 0.026785714285714284
0 0.14698162729658792 0.4851190476190476 0.031496062992125984 0.050595238095238096
0 0.49606299212598426 0.4642857142857143 0.023622047244094488 0.03273809523809524
0 0.8372703412073491 0.7767857142857143 0.06561679790026247 0.09226190476190477
0 0.27034120734908135 0.3005952380952381 0.015748031496062992 0.023809523809523808
0 0.7900262467191601 0.5446428571428571 0.026246719160104987 0.03571428571428571
0 0.6771653543307087 0.7380952380952381 0.03674540682414698 0.05357142857142857
0 0.4330708661417323 0.7797619047619048 0.047244094488188976 0.06845238095238096
0 0.6692913385826772 0.32142857142857145 0.013123359580052493 0.020833333333333332
0 0.0026246719160104987 0.37797619047619047 0.01837270341207349 0.023809523809523808
0 0.868766404199475 0.49404761904761907 0.01837270341207349 0.026785714285714284
0 0.29133858267716534 0.35714285714285715 0.023622047244094488 0.03273809523809524
0 0.6824146981627297 0.38095238095238093 0.04199475065616798 0.05357142857142857
