0 0.19444444444444445 0.515 0.016666666666666666 0.03166666666666667
0 0.9144444444444444 0.4866666666666667 0.016666666666666666 0.03166666666666667
0 0.8444444444444444 0.595 0.023333333333333334 0.04
0 0.30666666666666664 0.53 0.016666666666666666 0.03166666666666667
0 0.10111111111111111 0.775 0.05444444444444444 0.11833333333333333
0 0.47444444444444445 0.49666666666666665 0.016666666666666666 0.03166666666666667
0 0.5844444444444444 0.55 0.024444444444444446 0.043333333333333335
0 0.03666666666666667 0.5816666666666667 0.028888888888888888 0.04666666666666667
0 0.2777777777777778 0.5183333333333333 0.016666666666666666 0.03166666666666667
0 0.9966666666666667 0.5583333333333333 0.01888888888888889 0.035
0 0.48444444444444446 0.51 0.016666666666666666 0.03166666666666667
0 0.023333333333333334 0.505 0.03 0.05333333333333334
0 0.21888888888888888 0.5116666666666667 0.016666666666666666 0.03166666666666667
0 0.6511111111111111 0.49833333333333335 0.016666666666666666 0.03166666666666667
0 0.4222222222222222 0.59 0.023333333333333334 0.043333333333333335
0 0.5322222222222223 0.515 0.016666666666666666 0.03166666666666667
0 0.7177777777777777 0.46 0.013333333333333334 0.025
0 0.6511111111111111 0.525 0.016666666666666666 0.03166666666666667
0 0.27666666666666667 0.54 0.016666666666666666 0.03166666666666667
0 0.18444444444444444 0.66 0.04666666666666667 0.09166666666666666
0 0.41444444444444445 0.515 0.016666666666666666 0.03166666666666667
0 0.19333333333333333 0.6233333333333333 0.04666666666666667 0.09166666666666666
0 0.06333333333333334 0.5633333333333334 0.028888888888888888 0.04666666666666667
0 0.5733333333333334 0.39 0.013333333333333334 0.025
0 0.96 0.6416666666666667 0.01888888888888889 0.03666666666666667
0 0.5466666666666666 0.7183333333333334 0.04777777777777778 0.09
0 0.6677777777777778 0.5683333333333334 0.024444444444444446 0.043333333333333335
0 0.5144444444444445 0.55 0.024444444444444446 0.043333333333333335
0 0.4855555555555556 0.55 0.023333333333333334 0.043333333333333335
0 0.78 0.5183333333333333 0.024444444444444446 0.043333333333333335
0 0.5466666666666666 0.5116666666666667 0.016666666666666666 0.03166666666666667
0 0.31222222222222223 0.58 0.028888888888888888 0.04666666666666667
0 0.39222222222222225 0.495 0.016666666666666666 0.03166666666666667
0 0.0077777777777777776 0.5266666666666666 0.02666666666666667 0.05
0 0.5122222222222222 0.525 0.016666666666666666 0.03166666666666667
0 0.7488888888888889 0.49 0.016666666666666666 0.03166666666666667
0 0.6011111111111112 0.5666666666666667 0.024444444444444446 0.043333333333333335
0 0.36 0.5283333333333333 0.023333333333333334 0.043333333333333335
0 0.015555555555555555 0.6066666666666667 0.04666666666666667 0.09166666666666666
0 0.8133333333333334 0.505 0.016666666666666666 0.03166666666666667
0 0.6988888888888889 0.4583333333333333 0.013333333333333334 0.025
0 0.4666666666666667 0.5466666666666666 0.023333333333333334 0.043333333333333335
0 0.17222222222222222 0.35333333333333333 0.013333333333333334 0.025
0 0.7755555555555556 0.54 0.024444444444444446 0.043333333333333335
0 0.7333333333333333 0.5383333333333333 0.024444444444444446 0.043333333333333335
0 0.6988888888888889 0.57 0.024444444444444446 0.043333333333333335
0 0.5622222222222222 0.5483333333333333 0.024444444444444446 0.043333333333333335
0 0.9411111111111111 0.4866666666666667 0.016666666666666666 0.03166666666666667
0 0.8155555555555556 0.5533333333333333 0.024444444444444446 0.043333333333333335
0 0.5633333333333334 0.5116666666666667 0.016666666666666666 0.03166666666666667
0 0.41 0.39 0.013333333333333334 0.025
0 0.6422222222222222 0.67 0.023333333333333334 0.045
0 0.03666666666666667 0.5416666666666666 0.02666666666666667 0.05
0 0.5933333333333334 0.47833333333333333 0.016666666666666666 0.03166666666666667
0 0.18222222222222223 0.5766666666666667 0.028888888888888888 0.04666666666666667
0 0.9022222222222223 0.525 0.023333333333333334 0.04
0 0.39666666666666667 0.5383333333333333 0.023333333333333334 0.043333333333333335
0 0.25222222222222224 0.5783333333333334 0.028888888888888888 0.04666666666666667
0 0.5311111111111111 0.5716666666666667 0.024444444444444446 0.043333333333333335
0 0.3688888888888889 0.5633333333333334 0.023333333333333334 0.043333333333333335
0 0.006666666666666667 0.655 0.04111111111111111 0.08166666666666667
0 0.01 0.5616666666666666 0.02666666666666667 0.05
0 0.08222222222222222 0.6783333333333333 0.05444444444444444 0.11833333333333333
0 0.02 0.755 0.05444444444444444 0.11833333333333333
0 0.3622222222222222 0.5083333333333333 0.016666666666666666 0.03166666666666667
0 0.7233333333333334 0.5166666666666667 0.024444444444444446 0.043333333333333335
0 0.2588888888888889 0.5066666666666667 0.016666666666666666 0.03166666666666667
0 0.7077777777777777 0.485 0.016666666666666666 0.03166666666666667
0 0.12555555555555556 0.49666666666666665 0.016666666666666666 0.03166666666666667
0 0.8911111111111111 0.4766666666666667 0.016666666666666666 0.03166666666666667
0 0.4488888888888889 0.545 0.023333333333333334 0.043333333333333335
0 0.4477777777777778 0.41833333333333333 0.013333333333333334 0.025
0 0.7566666666666667 0.6966666666666667 0.04 0.07666666666666666
0 0.46111111111111114 0.5116666666666667 0.016666666666666666 0.03166666666666667
0 0.9455555555555556 0.775 0.09333333333333334 0.155
0 0.7844444444444445 0.5033333333333333 0.016666666666666666 0.03166666666666667
0 0.9833333333333333 0.5116666666666667 0.016666666666666666 0.03166666666666667
0 0.49333333333333335 0.575 0.023333333333333334 0.043333333333333335
0 0.89 0.5016666666666667 0.016666666666666666 0.03166666666666667
0 0.9488888888888889 0.63 0.01888888888888889 0.03666666666666667
0 0.75 0.5366666666666666 0.024444444444444446 0.043333333333333335
0 0.31777777777777777 0.515 0.016666666666666666 0.03166666666666667
0 0.9655555555555555 0.5366666666666666 0.016666666666666666 0.03166666666666667
0 0.8377777777777777 0.5566666666666666 0.023333333333333334 0.04
0 0.63 0.5433333333333333 0.024444444444444446 0.043333333333333335
0 0.9166666666666666 0.5633333333333334 0.023333333333333334 0.04
0 0.94 0.555 0.023333333333333334 0.04
0 0.8766666666666667 0.5383333333333333 0.023333333333333334 0.04
0 0.86 0.555 0.023333333333333334 0.04
0 0.7055555555555556 0.5383333333333333 0.024444444444444446 0.043333333333333335
0 0.2477777777777778 0.5316666666666666 0.016666666666666666 0.03166666666666667
0 0.8866666666666667 0.6583333333333333 0.03333333333333333 0.058333333333333334
0 0.3111111111111111 0.33166666666666667 0.013333333333333334 0.025
0 0.07555555555555556 0.37333333333333335 0.015555555555555555 0.03
0 0.8388888888888889 0.515 0.023333333333333334 0.04
0 0.15777777777777777 0.5383333333333333 0.016666666666666666 0.03166666666666667
0 0.33666666666666667 0.525 0.023333333333333334 0.043333333333333335
0 0.0811111111111111 0.5366666666666666 0.016666666666666666 0.03166666666666667
0 0.1288888888888889 0.5416666666666666 0.016666666666666666 0.03166666666666667
0 0.6888888888888889 0.49333333333333335 0.016666666666666666 0.03166666666666667
0 0.22777777777777777 0.585 0.028888888888888888 0.04666666666666667
0 0.9933333333333333 0.49666666666666665 0.017777777777777778 0.03333333333333333
0 0.6477777777777778 0.73 0.04777777777777778 0.09
0 0.1 0.5666666666666667 0.028888888888888888 0.04666666666666667
0 0.22666666666666666 0.5283333333333333 0.016666666666666666 0.03166666666666667
0 0.09444444444444444 0.53 0.016666666666666666 0.03166666666666667
0 0.06111111111111111 0.5233333333333333 0.016666666666666666 0.03166666666666667
0 0.8844444444444445 0.7766666666666666 0.05444444444444444 0.09666666666666666
0 0.84 0.65 0.03333333333333333 0.058333333333333334
0 0.44555555555555554 0.5116666666666667 0.016666666666666666 0.03166666666666667
