0 0.286 0.039936102236421724 0.024 0.036741214057507986
0 0.5353333333333333 0.04153354632587859 0.024 0.036741214057507986
0 0.32866666666666666 0.04472843450479233 0.024 0.036741214057507986
0 0.346 0.12460063897763578 0.024 0.036741214057507986
0 0.2753333333333333 0.003194888178913738 0.024 0.036741214057507986
0 0.8113333333333334 0.02875399361022364 0.024 0.036741214057507986
0 0.7553333333333333 0.050319488817891375 0.024 0.036741214057507986
0 0.844 0.012779552715654952 0.024 0.036741214057507986
0 0.4646666666666667 0.0694888178913738 0.024 0.036741214057507986
0 0.784 0.3330670926517572 0.04066666666666666 0.05830670926517572
0 0.842 0.03354632587859425 0.024 0.036741214057507986
0 0.286 0.7084664536741214 0.034 0.04952076677316294
0 0.6193333333333333 0.0 0.024 0.036741214057507986
0 0.32066666666666666 0.6285942492012779 0.034 0.04952076677316294
0 0.196 0.21964856230031948 0.028666666666666667 0.04552715654952077
0 0.314 0.1869009584664537 0.028666666666666667 0.04552715654952077
0 0.83 0.0231629392971246 0.024 0.036741214057507986
0 0.098 0.3761980830670926 0.04066666666666666 0.05830670926517572
0 0.4013333333333333 0.08067092651757188 0.024 0.036741214057507986
0 0.518 0.07507987220447285 0.024 0.036741214057507986
0 0.77 0.020766773162939296 0.024 0.036741214057507986
0 0.246 0.0463258785942492 0.024 0.036741214057507986
0 0.792 0.03514376996805112 0.024 0.036741214057507986
0 0.6566666666666666 0.07507987220447285 0.024 0.036741214057507986
0 0.866 0.3218849840255591 0.04066666666666666 0.05830670926517572
0 0.836 0.05750798722044728 0.024 0.036741214057507986
0 0.714 0.20607028753993611 0.028666666666666667 0.04552715654952077
0 0.22333333333333333 0.03354632587859425 0.024 0.036741214057507986
0 0.834 0.10383386581469649 0.024 0.036741214057507986
0 0.6793333333333333 0.15495207667731628 0.024 0.036741214057507986
0 0.398 0.7396166134185304 0.034 0.04952076677316294
0 0.7926666666666666 0.21964856230031948 0.028666666666666667 0.04552715654952077
0 0.8526666666666667 0.15654952076677317 0.024 0.036741214057507986
0 0.7953333333333333 0.10862619808306709 0.024 0.036741214057507986
0 0.62 0.5535143769968051 0.044 0.06549520766773163
0 0.708 0.06469648562300319 0.024 0.036741214057507986
0 0.8086666666666666 0.04952076677316294 0.024 0.036741214057507986
0 0.10733333333333334 0.22044728434504793 0.028666666666666667 0.04552715654952077
0 0.21066666666666667 0.09904153354632587 0.024 0.036741214057507986
0 0.4226666666666667 0.07987220447284345 0.024 0.036741214057507986
0 0.7446666666666667 0.10303514376996806 0.024 0.036741214057507986
0 0.864 0.04153354632587859 0.024 0.036741214057507986
0 0.7773333333333333 0.018370607028753993 0.024 0.036741214057507986
0 0.8013333333333333 0.03274760383386582 0.024 0.036741214057507986
0 0.38866666666666666 0.06629392971246006 0.024 0.036741214057507986
0 0.3233333333333333 0.4672523961661342 0.044 0.06549520766773163
0 0.18866666666666668 0.3730031948881789 0.04066666666666666 0.05830670926517572
0 0.568 0.025559105431309903 0.024 0.036741214057507986
