0 0.705952380952381 0.7704761904761904 0.02857142857142857 0.06190476190476191
0 0.6321428571428571 0.78 0.02857142857142857 0.06190476190476191
0 0.49642857142857144 0.6838095238095238 0.02857142857142857 0.06190476190476191
0 0.8375 0.72 0.02857142857142857 0.06190476190476191
0 0.7464285714285714 0.6666666666666666 0.025 0.04666666666666667
0 0.9458333333333333 0.6057142857142858 0.025 0.04666666666666667
0 0.0994047619047619 0.6428571428571429 0.025 0.04666666666666667
0 0.2761904761904762 0.7247619047619047 0.02857142857142857 0.06190476190476191
0 0.09047619047619047 0.9866666666666667 0.05238095238095238 0.08476190476190476
0 0.7041666666666667 0.6704761904761904 0.02857142857142857 0.06190476190476191
0 0.18511904761904763 0.6761904761904762 0.02857142857142857 0.06190476190476191
0 0.29642857142857143 0.6923809523809524 0.02857142857142857 0.06190476190476191
0 0.06369047619047619 0.6371428571428571 0.025 0.04666666666666667
0 0.40773809523809523 0.6771428571428572 0.02857142857142857 0.06190476190476191
0 0.026785714285714284 0.6771428571428572 0.02857142857142857 0.06190476190476191
0 0.9357142857142857 0.68 0.02857142857142857 0.06190476190476191
0 0.9053571428571429 0.6838095238095238 0.02857142857142857 0.06190476190476191
0 0.9220238095238096 0.7619047619047619 0.02857142857142857 0.06190476190476191
0 0.20833333333333334 0.638095238095238 0.025 0.04666666666666667
0 0.29345238095238096 0.6180952380952381 0.025 0.04666666666666667
0 0.6160714285714286 0.7152380952380952 0.02857142857142857 0.06190476190476191
0 0.768452380952381 0.638095238095238 0.025 0.04666666666666667
0 0.9732142857142857 0.5885714285714285 0.025 0.04666666666666667
0 0.7613095238095238 0.8323809523809523 0.05238095238095238 0.08476190476190476
0 0.4303571428571429 0.6104761904761905 0.025 0.04666666666666667
0 0.3404761904761905 0.6619047619047619 0.025 0.04666666666666667
0 0.7857142857142857 0.6780952380952381 0.02857142857142857 0.06190476190476191
0 0.02857142857142857 0.7152380952380952 0.02857142857142857 0.06190476190476191
0 0.8410714285714286 0.6361904761904762 0.025 0.04666666666666667
0 0.12738095238095237 0.7066666666666667 0.02857142857142857 0.06190476190476191
0 0.2619047619047619 0.7019047619047619 0.02857142857142857 0.06190476190476191
0 0.2577380952380952 0.7571428571428571 0.02857142857142857 0.06190476190476191
0 0.8797619047619047 0.7676190476190476 0.02857142857142857 0.06190476190476191
0 0.1351190476190476 0.6257142857142857 0.025 0.04666666666666667
0 0.36547619047619045 0.6276190476190476 0.025 0.04666666666666667
0 0.4375 0.6742857142857143 0.02857142857142857 0.06190476190476191
0 0.256547619047619 0.6857142857142857 0.02857142857142857 0.06190476190476191
0 0.35535714285714287 0.7133333333333334 0.02857142857142857 0.06190476190476191
0 0.1619047619047619 0.6514285714285715 0.025 0.04666666666666667
0 0.5970238095238095 0.7742857142857142 0.02857142857142857 0.06190476190476191
0 0.4363095238095238 0.7857142857142857 0.02857142857142857 0.06190476190476191
0 0.325 0.7019047619047619 0.02857142857142857 0.06190476190476191
0 0.1130952380952381 0.6733333333333333 0.02857142857142857 0.06190476190476191
0 0.8833333333333333 0.700952380952381 0.02857142857142857 0.06190476190476191
0 0.5613095238095238 0.7742857142857142 0.02857142857142857 0.06190476190476191
0 0.09821428571428571 0.5819047619047619 0.026785714285714284 0.054285714285714284
0 0.3523809523809524 0.8495238095238096 0.05238095238095238 0.08476190476190476
0 0.5714285714285714 0.6923809523809524 0.02857142857142857 0.06190476190476191
0 0.5916666666666667 0.66 0.025 0.04666666666666667
0 0.38511904761904764 0.6485714285714286 0.025 0.04666666666666667
0 0.6696428571428571 0.6904761904761905 0.02857142857142857 0.06190476190476191
0 0.7321428571428571 0.7066666666666667 0.02857142857142857 0.06190476190476191
0 0.30952380952380953 0.7638095238095238 0.02857142857142857 0.06190476190476191
0 0.07678571428571429 0.6761904761904762 0.02857142857142857 0.06190476190476191
