0 0.4793103448275862 0.6632653061224489 0.006896551724137931 0.015306122448979591
0 0.19655172413793104 0.27040816326530615 0.006896551724137931 0.015306122448979591
0 0.5655172413793104 0.5663265306122449 0.006896551724137931 0.015306122448979591
0 0.9241379310344827 0.3622448979591837 0.006896551724137931 0.015306122448979591
0 0.5310344827586206 0.5969387755102041 0.006896551724137931 0.015306122448979591
0 0.15862068965517243 0.3520408163265306 0.006896551724137931 0.015306122448979591
0 0.6620689655172414 0.7142857142857143 0.010344827586206896 0.02040816326530612
0 0.1 0.40816326530612246 0.006896551724137931 0.015306122448979591
0 0.8586206896551725 0.3673469387755102 0.006896551724137931 0.015306122448979591
0 0.03793103448275862 0.7704081632653061 0.027586206896551724 0.03571428571428571
0 0.46551724137931033 0.5663265306122449 0.006896551724137931 0.015306122448979591
0 0.9689655172413794 0.4846938775510204 0.006896551724137931 0.015306122448979591
0 0.4103448275862069 0.6836734693877551 0.006896551724137931 0.015306122448979591
0 0.22413793103448276 0.3112244897959184 0.006896551724137931 0.015306122448979591
0 0.8448275862068966 0.3622448979591837 0.006896551724137931 0.015306122448979591
0 0.4862068965517241 0.6989795918367347 0.006896551724137931 0.015306122448979591
0 0.44482758620689655 0.7704081632653061 0.017241379310344827 0.02040816326530612
0 0.9482758620689655 0.75 0.010344827586206896 0.02040816326530612
0 0.8931034482758621 0.11224489795918367 0.006896551724137931 0.015306122448979591
0 0.027586206896551724 0.7295918367346939 0.027586206896551724 0.03571428571428571
0 0.5103448275862069 0.5969387755102041 0.006896551724137931 0.015306122448979591
0 0.27241379310344827 0.41836734693877553 0.006896551724137931 0.015306122448979591
0 0.6137931034482759 0.5816326530612245 0.006896551724137931 0.015306122448979591
0 0.18620689655172415 0.5459183673469388 0.006896551724137931 0.015306122448979591
0 0.1482758620689655 0.413265306122449 0.006896551724137931 0.015306122448979591
0 0.8896551724137931 0.44387755102040816 0.006896551724137931 0.015306122448979591
0 0.41379310344827586 0.5102040816326531 0.006896551724137931 0.015306122448979591
0 0.21724137931034482 0.2755102040816326 0.006896551724137931 0.015306122448979591
0 0.7758620689655172 0.6683673469387755 0.006896551724137931 0.015306122448979591
0 0.020689655172413793 0.35714285714285715 0.006896551724137931 0.015306122448979591
0 0.5379310344827586 0.4846938775510204 0.006896551724137931 0.015306122448979591
0 0.6068965517241379 0.45918367346938777 0.006896551724137931 0.015306122448979591
0 0.8206896551724138 0.39285714285714285 0.006896551724137931 0.015306122448979591
0 0.28620689655172415 0.3163265306122449 0.006896551724137931 0.015306122448979591
0 0.2482758620689655 0.3163265306122449 0.006896551724137931 0.015306122448979591
0 0.7103448275862069 0.10204081632653061 0.006896551724137931 0.015306122448979591
0 0.9172413793103448 0.5816326530612245 0.006896551724137931 0.015306122448979591
0 0.2793103448275862 0.47959183673469385 0.006896551724137931 0.015306122448979591
0 0.35517241379310344 0.6224489795918368 0.006896551724137931 0.015306122448979591
0 0.3482758620689655 0.3622448979591837 0.006896551724137931 0.015306122448979591
0 0.6758620689655173 0.7091836734693877 0.010344827586206896 0.02040816326530612
0 0.7758620689655172 0.413265306122449 0.006896551724137931 0.015306122448979591
0 0.5689655172413793 0.5918367346938775 0.006896551724137931 0.015306122448979591
0 0.6206896551724138 0.35714285714285715 0.006896551724137931 0.015306122448979591
0 0.6413793103448275 0.3520408163265306 0.006896551724137931 0.015306122448979591
0 0.5862068965517241 0.5102040816326531 0.006896551724137931 0.015306122448979591
0 0.47586206896551725 0.5867346938775511 0.006896551724137931 0.015306122448979591
0 0.9827586206896551 0.1326530612244898 0.006896551724137931 0.015306122448979591
0 0.9551724137931035 0.6275510204081632 0.006896551724137931 0.015306122448979591
0 0.3275862068965517 0.3622448979591837 0.006896551724137931 0.015306122448979591
0 0.3482758620689655 0.6887755102040817 0.006896551724137931 0.015306122448979591
0 0.2793103448275862 0.6428571428571429 0.006896551724137931 0.015306122448979591
0 0.8551724137931035 0.5714285714285714 0.006896551724137931 0.015306122448979591
0 0.23103448275862068 0.2755102040816326 0.006896551724137931 0.015306122448979591
0 0.1482758620689655 0.7040816326530612 0.027586206896551724 0.03571428571428571
0 0.9448275862068966 0.7040816326530612 0.010344827586206896 0.02040816326530612
0 0.2655172413793103 0.2857142857142857 0.006896551724137931 0.015306122448979591
0 0.32068965517241377 0.2755102040816326 0.006896551724137931 0.015306122448979591
0 0.46206896551724136 0.413265306122449 0.006896551724137931 0.015306122448979591
0 0.6689655172413793 0.3520408163265306 0.006896551724137931 0.015306122448979591
0 0.32068965517241377 0.4744897959183674 0.006896551724137931 0.015306122448979591
0 0.21379310344827587 0.35714285714285715 0.006896551724137931 0.015306122448979591
0 0.903448275862069 0.3622448979591837 0.006896551724137931 0.015306122448979591
0 0.3448275862068966 0.5153061224489796 0.006896551724137931 0.015306122448979591
0 0.17586206896551723 0.3010204081632653 0.006896551724137931 0.015306122448979591
0 0.803448275862069 0.3622448979591837 0.006896551724137931 0.015306122448979591
0 0.5482758620689655 0.7142857142857143 0.006896551724137931 0.015306122448979591
0 0.9241379310344827 0.6989795918367347 0.010344827586206896 0.02040816326530612
0 0.9517241379310345 0.5612244897959183 0.006896551724137931 0.015306122448979591
0 0.6551724137931034 0.42857142857142855 0.006896551724137931 0.015306122448979591
0 0.6 0.3877551020408163 0.006896551724137931 0.015306122448979591
0 0.5551724137931034 0.39285714285714285 0.006896551724137931 0.015306122448979591
0 0.906896551724138 0.42346938775510207 0.006896551724137931 0.015306122448979591
0 0.1413793103448276 0.5357142857142857 0.006896551724137931 0.015306122448979591
0 0.5586206896551724 0.6224489795918368 0.006896551724137931 0.015306122448979591
0 0.6793103448275862 0.5969387755102041 0.006896551724137931 0.015306122448979591
0 0.7137931034482758 0.41836734693877553 0.006896551724137931 0.015306122448979591
0 0.7 0.7040816326530612 0.010344827586206896 0.02040816326530612
0 0.5586206896551724 0.4846938775510204 0.006896551724137931 0.015306122448979591
0 0.7551724137931034 0.413265306122449 0.006896551724137931 0.015306122448979591
0 0.8793103448275862 0.5306122448979592 0.006896551724137931 0.015306122448979591
0 0.13448275862068965 0.47959183673469385 0.006896551724137931 0.015306122448979591
0 0.8862068965517241 0.6989795918367347 0.010344827586206896 0.02040816326530612
0 0.18275862068965518 0.7806122448979592 0.027586206896551724 0.03571428571428571
0 0.25517241379310346 0.44387755102040816 0.006896551724137931 0.015306122448979591
0 0.5275862068965518 0.3469387755102041 0.006896551724137931 0.015306122448979591
0 0.7586206896551724 0.673469387755102 0.006896551724137931 0.015306122448979591
0 0.15862068965517243 0.5204081632653061 0.006896551724137931 0.015306122448979591
0 0.05172413793103448 0.32142857142857145 0.006896551724137931 0.015306122448979591
0 0.8862068965517241 0.41836734693877553 0.006896551724137931 0.015306122448979591
0 0.8068965517241379 0.7755102040816326 0.010344827586206896 0.02040816326530612
0 0.7655172413793103 0.7755102040816326 0.010344827586206896 0.02040816326530612
0 0.23103448275862068 0.5561224489795918 0.006896551724137931 0.015306122448979591
0 0.7103448275862069 0.4642857142857143 0.006896551724137931 0.015306122448979591
0 0.9517241379310345 0.42857142857142855 0.006896551724137931 0.015306122448979591
0 0.9655172413793104 0.3673469387755102 0.006896551724137931 0.015306122448979591
0 0.5379310344827586 0.5102040816326531 0.006896551724137931 0.015306122448979591
0 0.3724137931034483 0.3622448979591837 0.006896551724137931 0.015306122448979591
0 0.06206896551724138 0.413265306122449 0.006896551724137931 0.015306122448979591
0 0.7793103448275862 0.3520408163265306 0.006896551724137931 0.015306122448979591
0 0.7620689655172413 0.5255102040816326 0.006896551724137931 0.015306122448979591
0 0.1310344827586207 0.39285714285714285 0.006896551724137931 0.015306122448979591
0 0.33793103448275863 0.4846938775510204 0.006896551724137931 0.015306122448979591
0 0.6793103448275862 0.6887755102040817 0.010344827586206896 0.02040816326530612
0 0.18620689655172415 0.35714285714285715 0.006896551724137931 0.015306122448979591
0 0.27586206896551724 0.45408163265306123 0.006896551724137931 0.015306122448979591
0 0.6344827586206897 0.5816326530612245 0.006896551724137931 0.015306122448979591
0 0.5413793103448276 0.3673469387755102 0.006896551724137931 0.015306122448979591
0 0.2655172413793103 0.32142857142857145 0.006896551724137931 0.015306122448979591
0 0.6931034482758621 0.4744897959183674 0.006896551724137931 0.015306122448979591
0 0.5344827586206896 0.39285714285714285 0.006896551724137931 0.015306122448979591
0 0.23448275862068965 0.6938775510204082 0.010344827586206896 0.02040816326530612
0 0.9379310344827586 0.45918367346938777 0.006896551724137931 0.015306122448979591
0 0.47586206896551725 0.6785714285714286 0.006896551724137931 0.015306122448979591
0 0.2517241379310345 0.6530612244897959 0.006896551724137931 0.015306122448979591
0 0.7241379310344828 0.5306122448979592 0.006896551724137931 0.015306122448979591
0 0.041379310344827586 0.42857142857142855 0.006896551724137931 0.015306122448979591
0 0.6586206896551724 0.3673469387755102 0.006896551724137931 0.015306122448979591
0 0.2517241379310345 0.6785714285714286 0.010344827586206896 0.02040816326530612
0 0.8206896551724138 0.4846938775510204 0.006896551724137931 0.015306122448979591
0 0.5724137931034483 0.3469387755102041 0.006896551724137931 0.015306122448979591
0 0.8344827586206897 0.12244897959183673 0.006896551724137931 0.015306122448979591
0 0.9827586206896551 0.37244897959183676 0.006896551724137931 0.015306122448979591
0 0.8482758620689655 0.41836734693877553 0.006896551724137931 0.015306122448979591
0 0.19655172413793104 0.3826530612244898 0.006896551724137931 0.015306122448979591
0 0.9206896551724137 0.45918367346938777 0.006896551724137931 0.015306122448979591
0 0.7310344827586207 0.6377551020408163 0.006896551724137931 0.015306122448979591
0 0.07931034482758621 0.25 0.006896551724137931 0.015306122448979591
0 0.020689655172413793 0.3979591836734694 0.006896551724137931 0.015306122448979591
0 0.21379310344827587 0.6020408163265306 0.006896551724137931 0.015306122448979591
0 0.9 0.75 0.010344827586206896 0.02040816326530612
0 0.11724137931034483 0.4897959183673469 0.006896551724137931 0.015306122448979591
0 0.5206896551724138 0.5510204081632653 0.006896551724137931 0.015306122448979591
0 0.993103448275862 0.4030612244897959 0.006896551724137931 0.015306122448979591
0 0.18620689655172415 0.6428571428571429 0.006896551724137931 0.015306122448979591
0 0.4 0.5714285714285714 0.006896551724137931 0.015306122448979591
0 0.13448275862068965 0.2857142857142857 0.006896551724137931 0.015306122448979591
0 0.03103448275862069 0.33163265306122447 0.006896551724137931 0.015306122448979591
0 0.5793103448275863 0.4030612244897959 0.006896551724137931 0.015306122448979591
0 0.3 0.4897959183673469 0.006896551724137931 0.015306122448979591
0 0.2103448275862069 0.5714285714285714 0.006896551724137931 0.015306122448979591
0 0.43103448275862066 0.3469387755102041 0.006896551724137931 0.015306122448979591
0 0.8172413793103448 0.5918367346938775 0.006896551724137931 0.015306122448979591
0 0.7413793103448276 0.39285714285714285 0.006896551724137931 0.015306122448979591
0 0.30344827586206896 0.2755102040816326 0.006896551724137931 0.015306122448979591
0 0.6862068965517242 0.3826530612244898 0.006896551724137931 0.015306122448979591
0 0.18275862068965518 0.336734693877551 0.006896551724137931 0.015306122448979591
0 0.05172413793103448 0.35714285714285715 0.006896551724137931 0.015306122448979591
0 0.7827586206896552 0.7806122448979592 0.010344827586206896 0.02040816326530612
0 0.47586206896551725 0.7091836734693877 0.006896551724137931 0.015306122448979591
0 0.40344827586206894 0.32653061224489793 0.006896551724137931 0.015306122448979591
0 0.7379310344827587 0.5714285714285714 0.006896551724137931 0.015306122448979591
0 0.027586206896551724 0.45408163265306123 0.006896551724137931 0.015306122448979591
0 0.16896551724137931 0.576530612244898 0.006896551724137931 0.015306122448979591
0 0.8310344827586207 0.5153061224489796 0.006896551724137931 0.015306122448979591
0 0.027586206896551724 0.2653061224489796 0.006896551724137931 0.015306122448979591
0 0.3413793103448276 0.28061224489795916 0.006896551724137931 0.015306122448979591
0 0.027586206896551724 0.30612244897959184 0.006896551724137931 0.015306122448979591
0 0.30689655172413793 0.30612244897959184 0.006896551724137931 0.015306122448979591
0 0.6 0.41836734693877553 0.006896551724137931 0.015306122448979591
0 0.15172413793103448 0.576530612244898 0.006896551724137931 0.015306122448979591
0 0.496551724137931 0.6632653061224489 0.006896551724137931 0.015306122448979591
0 0.24482758620689654 0.5408163265306123 0.006896551724137931 0.015306122448979591
0 0.08275862068965517 0.44387755102040816 0.006896551724137931 0.015306122448979591
0 0.6344827586206897 0.6377551020408163 0.006896551724137931 0.015306122448979591
0 0.8758620689655172 0.3622448979591837 0.006896551724137931 0.015306122448979591
0 0.6448275862068965 0.39285714285714285 0.006896551724137931 0.015306122448979591
0 0.9793103448275862 0.5306122448979592 0.006896551724137931 0.015306122448979591
0 0.11724137931034483 0.3877551020408163 0.006896551724137931 0.015306122448979591
0 0.29310344827586204 0.35714285714285715 0.006896551724137931 0.015306122448979591
0 0.8413793103448276 0.3877551020408163 0.006896551724137931 0.015306122448979591
0 0.034482758620689655 0.3622448979591837 0.006896551724137931 0.015306122448979591
0 0.2206896551724138 0.3826530612244898 0.006896551724137931 0.015306122448979591
0 0.4896551724137931 0.3520408163265306 0.006896551724137931 0.015306122448979591
0 0.7379310344827587 0.5153061224489796 0.006896551724137931 0.015306122448979591
0 0.24482758620689654 0.5102040816326531 0.006896551724137931 0.015306122448979591
0 0.06896551724137931 0.3622448979591837 0.006896551724137931 0.015306122448979591
0 0.16551724137931034 0.6173469387755102 0.006896551724137931 0.015306122448979591
0 0.1206896551724138 0.4387755102040816 0.006896551724137931 0.015306122448979591
0 0.4896551724137931 0.4489795918367347 0.006896551724137931 0.015306122448979591
0 0.7586206896551724 0.3622448979591837 0.006896551724137931 0.015306122448979591
0 0.8655172413793103 0.41836734693877553 0.006896551724137931 0.015306122448979591
0 0.6275862068965518 0.3877551020408163 0.006896551724137931 0.015306122448979591
0 0.6793103448275862 0.4387755102040816 0.006896551724137931 0.015306122448979591
0 0.6344827586206897 0.6581632653061225 0.006896551724137931 0.015306122448979591
0 0.993103448275862 0.7397959183673469 0.006896551724137931 0.015306122448979591
0 0.36551724137931035 0.30612244897959184 0.006896551724137931 0.015306122448979591
0 0.6413793103448275 0.6377551020408163 0.006896551724137931 0.015306122448979591
0 0.5103448275862069 0.3469387755102041 0.006896551724137931 0.015306122448979591
0 0.006896551724137931 0.7142857142857143 0.027586206896551724 0.03571428571428571
0 0.2 0.4846938775510204 0.006896551724137931 0.015306122448979591
0 0.30344827586206896 0.5663265306122449 0.006896551724137931 0.015306122448979591
0 0.1 0.4489795918367347 0.006896551724137931 0.015306122448979591
0 0.8586206896551725 0.45408163265306123 0.006896551724137931 0.015306122448979591
0 0.3413793103448276 0.7091836734693877 0.010344827586206896 0.015306122448979591
0 0.43448275862068964 0.5102040816326531 0.006896551724137931 0.015306122448979591
0 0.42758620689655175 0.5663265306122449 0.006896551724137931 0.015306122448979591
0 0.9827586206896551 0.45408163265306123 0.006896551724137931 0.015306122448979591
0 0.8448275862068966 0.6989795918367347 0.010344827586206896 0.02040816326530612
0 0.20344827586206896 0.673469387755102 0.027586206896551724 0.03571428571428571
0 0.29310344827586204 0.5459183673469388 0.006896551724137931 0.015306122448979591
0 0.04482758620689655 0.45918367346938777 0.006896551724137931 0.015306122448979591
0 0.696551724137931 0.4336734693877551 0.006896551724137931 0.015306122448979591
0 0.03793103448275862 0.2602040816326531 0.006896551724137931 0.015306122448979591
0 0.17586206896551723 0.2653061224489796 0.006896551724137931 0.015306122448979591
0 0.2 0.5102040816326531 0.006896551724137931 0.015306122448979591
0 0.2517241379310345 0.39285714285714285 0.006896551724137931 0.015306122448979591
0 0.8310344827586207 0.6173469387755102 0.006896551724137931 0.015306122448979591
0 0.7275862068965517 0.3520408163265306 0.006896551724137931 0.015306122448979591
0 0.31724137931034485 0.7244897959183674 0.006896551724137931 0.015306122448979591
0 0.39655172413793105 0.3622448979591837 0.006896551724137931 0.015306122448979591
0 0.15517241379310345 0.75 0.027586206896551724 0.03571428571428571
0 0.6862068965517242 0.3469387755102041 0.006896551724137931 0.015306122448979591
0 0.5758620689655173 0.3826530612244898 0.006896551724137931 0.015306122448979591
0 0.5517241379310345 0.3469387755102041 0.006896551724137931 0.015306122448979591
0 0.3896551724137931 0.30612244897959184 0.006896551724137931 0.015306122448979591
0 0.3689655172413793 0.673469387755102 0.006896551724137931 0.015306122448979591
0 0.9827586206896551 0.47959183673469385 0.006896551724137931 0.015306122448979591
0 0.7551724137931034 0.7244897959183674 0.010344827586206896 0.02040816326530612
0 0.8137931034482758 0.35714285714285715 0.006896551724137931 0.015306122448979591
0 0.15862068965517243 0.47959183673469385 0.006896551724137931 0.015306122448979591
0 0.6827586206896552 0.6377551020408163 0.006896551724137931 0.015306122448979591
0 0.2517241379310345 0.5612244897959183 0.006896551724137931 0.015306122448979591
0 0.596551724137931 0.5969387755102041 0.006896551724137931 0.015306122448979591
0 0.9724137931034482 0.7091836734693877 0.010344827586206896 0.02040816326530612
0 0.27586206896551724 0.576530612244898 0.006896551724137931 0.015306122448979591
0 0.7896551724137931 0.576530612244898 0.006896551724137931 0.015306122448979591
0 0.2482758620689655 0.2755102040816326 0.006896551724137931 0.015306122448979591
0 0.36551724137931035 0.2755102040816326 0.006896551724137931 0.015306122448979591
0 0.9379310344827586 0.49489795918367346 0.006896551724137931 0.015306122448979591
0 0.696551724137931 0.6836734693877551 0.006896551724137931 0.015306122448979591
0 0.6413793103448275 0.7091836734693877 0.006896551724137931 0.015306122448979591
0 0.05862068965517241 0.4846938775510204 0.006896551724137931 0.015306122448979591
0 0.6275862068965518 0.46938775510204084 0.006896551724137931 0.015306122448979591
0 0.4586206896551724 0.6683673469387755 0.006896551724137931 0.015306122448979591
0 0.8758620689655172 0.5408163265306123 0.006896551724137931 0.015306122448979591
0 0.3103448275862069 0.7806122448979592 0.017241379310344827 0.02040816326530612
0 0.32413793103448274 0.5663265306122449 0.006896551724137931 0.015306122448979591
0 0.906896551724138 0.6785714285714286 0.006896551724137931 0.015306122448979591
0 0.9379310344827586 0.6377551020408163 0.006896551724137931 0.015306122448979591
0 0.38275862068965516 0.7040816326530612 0.006896551724137931 0.015306122448979591
0 0.6586206896551724 0.46938775510204084 0.006896551724137931 0.015306122448979591
0 0.8310344827586207 0.576530612244898 0.006896551724137931 0.015306122448979591
0 0.0034482758620689655 0.37755102040816324 0.006896551724137931 0.015306122448979591
0 0.3758620689655172 0.7653061224489796 0.017241379310344827 0.02040816326530612
0 0.7827586206896552 0.7040816326530612 0.010344827586206896 0.02040816326530612
0 0.35172413793103446 0.30612244897959184 0.006896551724137931 0.015306122448979591
0 0.3103448275862069 0.3673469387755102 0.006896551724137931 0.015306122448979591
0 0.7034482758620689 0.3469387755102041 0.006896551724137931 0.015306122448979591
0 0.3275862068965517 0.6836734693877551 0.006896551724137931 0.015306122448979591
0 0.5172413793103449 0.45918367346938777 0.006896551724137931 0.015306122448979591
0 0.9793103448275862 0.42346938775510207 0.006896551724137931 0.015306122448979591
0 0.4379310344827586 0.37755102040816324 0.006896551724137931 0.015306122448979591
0 0.09655172413793103 0.47959183673469385 0.006896551724137931 0.015306122448979591
0 0.24482758620689654 0.35714285714285715 0.006896551724137931 0.015306122448979591
0 0.2 0.6224489795918368 0.006896551724137931 0.015306122448979591
0 0.696551724137931 0.6173469387755102 0.006896551724137931 0.015306122448979591
0 0.30344827586206896 0.7091836734693877 0.006896551724137931 0.015306122448979591
0 0.5448275862068965 0.673469387755102 0.006896551724137931 0.015306122448979591
0 0.8068965517241379 0.5714285714285714 0.006896551724137931 0.015306122448979591
0 0.10689655172413794 0.5051020408163265 0.006896551724137931 0.015306122448979591
0 0.9448275862068966 0.37244897959183676 0.006896551724137931 0.015306122448979591
0 0.9655172413793104 0.6683673469387755 0.006896551724137931 0.015306122448979591
0 0.22413793103448276 0.6479591836734694 0.006896551724137931 0.015306122448979591
0 0.8275862068965517 0.7040816326530612 0.010344827586206896 0.02040816326530612
0 0.07241379310344828 0.4642857142857143 0.006896551724137931 0.015306122448979591
0 0.7068965517241379 0.3877551020408163 0.006896551724137931 0.015306122448979591
0 0.7275862068965517 0.46938775510204084 0.006896551724137931 0.015306122448979591
0 0.7931034482758621 0.4387755102040816 0.006896551724137931 0.015306122448979591
0 0.4724137931034483 0.6938775510204082 0.006896551724137931 0.015306122448979591
0 0.906896551724138 0.5357142857142857 0.006896551724137931 0.015306122448979591
0 0.23103448275862068 0.5969387755102041 0.006896551724137931 0.015306122448979591
0 0.07241379310344828 0.3826530612244898 0.006896551724137931 0.015306122448979591
0 0.6172413793103448 0.6530612244897959 0.006896551724137931 0.015306122448979591
0 0.9793103448275862 0.6377551020408163 0.006896551724137931 0.015306122448979591
0 0.2482758620689655 0.5969387755102041 0.006896551724137931 0.015306122448979591
0 0.11379310344827587 0.27040816326530615 0.006896551724137931 0.015306122448979591
0 0.15172413793103448 0.45408163265306123 0.006896551724137931 0.015306122448979591
0 0.15517241379310345 0.25510204081632654 0.006896551724137931 0.015306122448979591
0 0.17586206896551723 0.4489795918367347 0.006896551724137931 0.015306122448979591
0 0.8103448275862069 0.4489795918367347 0.006896551724137931 0.015306122448979591
0 0.7413793103448276 0.10714285714285714 0.006896551724137931 0.015306122448979591
0 0.8206896551724138 0.3520408163265306 0.006896551724137931 0.015306122448979591
0 0.1206896551724138 0.7091836734693877 0.027586206896551724 0.03571428571428571
0 0.05517241379310345 0.37244897959183676 0.006896551724137931 0.015306122448979591
0 0.5827586206896552 0.6938775510204082 0.006896551724137931 0.015306122448979591
0 0.21379310344827587 0.32653061224489793 0.006896551724137931 0.015306122448979591
0 0.06551724137931035 0.32142857142857145 0.006896551724137931 0.015306122448979591
0 0.2620689655172414 0.35714285714285715 0.006896551724137931 0.015306122448979591
0 0.7 0.7653061224489796 0.010344827586206896 0.02040816326530612
0 0.43448275862068964 0.673469387755102 0.006896551724137931 0.015306122448979591
0 0.6655172413793103 0.5663265306122449 0.006896551724137931 0.015306122448979591
0 0.4379310344827586 0.5867346938775511 0.006896551724137931 0.015306122448979591
0 0.06206896551724138 0.23979591836734693 0.006896551724137931 0.015306122448979591
0 0.013793103448275862 0.32142857142857145 0.006896551724137931 0.015306122448979591
0 0.3 0.45918367346938777 0.006896551724137931 0.015306122448979591
0 0.3758620689655172 0.3163265306122449 0.006896551724137931 0.015306122448979591
0 0.8137931034482758 0.11734693877551021 0.006896551724137931 0.015306122448979591
0 0.5655172413793104 0.7040816326530612 0.006896551724137931 0.015306122448979591
0 0.2655172413793103 0.6938775510204082 0.010344827586206896 0.02040816326530612
0 0.32413793103448274 0.3163265306122449 0.006896551724137931 0.015306122448979591
0 0.39655172413793105 0.6632653061224489 0.006896551724137931 0.015306122448979591
0 0.2827586206896552 0.2755102040816326 0.006896551724137931 0.015306122448979591
0 0.6310344827586207 0.42346938775510207 0.006896551724137931 0.015306122448979591
0 0.8689655172413793 0.6836734693877551 0.010344827586206896 0.02040816326530612
0 0.0896551724137931 0.3520408163265306 0.006896551724137931 0.015306122448979591
0 0.7689655172413793 0.5561224489795918 0.006896551724137931 0.015306122448979591
0 0.7551724137931034 0.46938775510204084 0.006896551724137931 0.015306122448979591
0 0.7827586206896552 0.4744897959183674 0.006896551724137931 0.015306122448979591
0 0.45517241379310347 0.5969387755102041 0.006896551724137931 0.015306122448979591
0 0.04827586206896552 0.3979591836734694 0.006896551724137931 0.015306122448979591
0 0.4379310344827586 0.6989795918367347 0.006896551724137931 0.015306122448979591
0 0.49310344827586206 0.5408163265306123 0.006896551724137931 0.015306122448979591
0 0.2 0.30612244897959184 0.006896551724137931 0.015306122448979591
0 0.7448275862068966 0.45408163265306123 0.006896551724137931 0.015306122448979591
0 0.2413793103448276 0.413265306122449 0.006896551724137931 0.015306122448979591
0 0.05517241379310345 0.7653061224489796 0.027586206896551724 0.03571428571428571
0 0.7172413793103448 0.6020408163265306 0.006896551724137931 0.015306122448979591
0 0.9655172413793104 0.5255102040816326 0.006896551724137931 0.015306122448979591
0 0.5862068965517241 0.4489795918367347 0.006896551724137931 0.015306122448979591
0 0.017241379310344827 0.2755102040816326 0.006896551724137931 0.015306122448979591
0 0.1 0.37755102040816324 0.006896551724137931 0.015306122448979591
0 0.8344827586206897 0.49489795918367346 0.006896551724137931 0.015306122448979591
0 0.4862068965517241 0.7091836734693877 0.006896551724137931 0.015306122448979591
0 0.9862068965517241 0.5459183673469388 0.006896551724137931 0.015306122448979591
0 0.0034482758620689655 0.4489795918367347 0.006896551724137931 0.015306122448979591
0 0.41724137931034483 0.5867346938775511 0.006896551724137931 0.015306122448979591
0 0.5172413793103449 0.7091836734693877 0.006896551724137931 0.015306122448979591
0 0.8620689655172413 0.6989795918367347 0.010344827586206896 0.02040816326530612
0 0.603448275862069 0.3520408163265306 0.006896551724137931 0.015306122448979591
0 0.45517241379310347 0.6989795918367347 0.006896551724137931 0.015306122448979591
0 0.4482758620689655 0.5663265306122449 0.006896551724137931 0.015306122448979591
0 0.41724137931034483 0.7142857142857143 0.010344827586206896 0.015306122448979591
0 0.9620689655172414 0.5408163265306123 0.006896551724137931 0.015306122448979591
0 0.33448275862068966 0.6224489795918368 0.006896551724137931 0.015306122448979591
0 0.6137931034482759 0.7040816326530612 0.006896551724137931 0.015306122448979591
0 0.8413793103448276 0.7551020408163265 0.010344827586206896 0.02040816326530612
0 0.8724137931034482 0.75 0.010344827586206896 0.02040816326530612
0 0.5448275862068965 0.5612244897959183 0.006896551724137931 0.015306122448979591
