0 0.78375 0.23491179201485607 0.008125 0.012999071494893221
0 0.08375 0.22284122562674094 0.008125 0.012999071494893221
0 0.06125 0.24233983286908078 0.008125 0.012999071494893221
0 0.955625 0.3649025069637883 0.01 0.016713091922005572
0 0.419375 0.500464252553389 0.01 0.016713091922005572
0 0.14125 0.15041782729805014 0.008125 0.012999071494893221
0 0.169375 0.4076137418755803 0.01 0.016713091922005572
0 0.92875 0.3658310120705664 0.01 0.016713091922005572
0 0.21 0.24233983286908078 0.008125 0.012999071494893221
0 0.5125 0.49303621169916434 0.01 0.016713091922005572
0 0.398125 0.48375116063138346 0.01 0.016713091922005572
0 0.245 0.32497678737233054 0.01 0.016713091922005572
0 0.6375 0.3816155988857939 0.01 0.016713091922005572
0 0.03375 0.23862581244196843 0.008125 0.012999071494893221
0 0.46625 0.3918291550603528 0.01 0.016713091922005572
0 0.566875 0.40297121634168986 0.01 0.016713091922005572
0 0.50875 0.34818941504178275 0.01 0.016713091922005572
0 0.321875 0.5376044568245125 0.01 0.016713091922005572
0 0.624375 0.4308263695450325 0.01 0.016713091922005572
0 0.829375 0.20705663881151345 0.008125 0.012999071494893221
0 0.930625 0.2330547818012999 0.008125 0.012999071494893221
0 0.6175 0.014856081708449397 0.006875 0.011142061281337047
0 0.2125 0.3519034354688951 0.01 0.016713091922005572
0 0.829375 0.5515320334261838 0.01 0.016713091922005572
0 0.488125 0.3268337975858867 0.01 0.016713091922005572
0 0.77 0.37047353760445684 0.01 0.016713091922005572
0 0.52 0.34540389972144847 0.01 0.016713091922005572
0 0.08625 0.2395543175487465 0.008125 0.012999071494893221
0 0.681875 0.49025069637883006 0.01 0.016713091922005572
0 0.743125 0.46332404828226553 0.01 0.016713091922005572
0 0.9775 0.39740018570102137 0.01 0.016713091922005572
0 0.575625 0.4011142061281337 0.01 0.016713091922005572
0 0.82875 0.5673166202414113 0.01 0.016713091922005572
0 0.83875 0.14948932219127206 0.008125 0.012999071494893221
0 0.273125 0.40947075208913647 0.01 0.016713091922005572
0 0.11 0.23119777158774374 0.008125 0.012999071494893221
0 0.62625 0.4531104921077066 0.01 0.016713091922005572
0 0.521875 0.49953574744661094 0.01 0.016713091922005572
0 0.4125 0.49303621169916434 0.01 0.016713091922005572
0 0.22 0.15134633240482823 0.008125 0.012999071494893221
0 0.91875 0.34447539461467036 0.01 0.016713091922005572
0 0.689375 0.45403899721448465 0.01 0.016713091922005572
0 0.125 0.011142061281337047 0.006875 0.011142061281337047
0 0.33625 0.39090064995357476 0.01 0.016713091922005572
0 0.2325 0.24233983286908078 0.008125 0.012999071494893221
0 0.96125 0.10492107706592387 0.008125 0.012999071494893221
0 0.2025 0.02692664809656453 0.008125 0.012999071494893221
0 0.701875 0.42896935933147634 0.01 0.016713091922005572
0 0.235625 0.35376044568245124 0.01 0.016713091922005572
0 0.245625 0.20705663881151345 0.008125 0.012999071494893221
0 0.025 0.44753946146703805 0.01 0.016713091922005572
0 0.93375 0.48467966573816157 0.01 0.016713091922005572
0 0.45875 0.40668523676880225 0.01 0.016713091922005572
0 0.74 0.40947075208913647 0.01 0.016713091922005572
0 0.17875 0.22562674094707522 0.008125 0.012999071494893221
0 0.6425 0.4076137418755803 0.01 0.016713091922005572
0 0.398125 0.415041782729805 0.01 0.016713091922005572
0 0.628125 0.3871866295264624 0.01 0.016713091922005572
0 0.18875 0.11792014856081709 0.008125 0.012999071494893221
0 0.9 0.34168987929433614 0.01 0.016713091922005572
0 0.364375 0.38254410399257194 0.01 0.016713091922005572
0 0.13625 0.372330547818013 0.01 0.016713091922005572
0 0.268125 0.36025998142989785 0.01 0.016713091922005572
0 0.6975 0.22748375116063138 0.008125 0.012999071494893221
0 0.088125 0.33240482822655526 0.01 0.016713091922005572
0 0.955 0.4744661095636026 0.01 0.016713091922005572
0 0.530625 0.532033426183844 0.01 0.016713091922005572
0 0.324375 0.5013927576601671 0.01 0.016713091922005572
0 0.13 0.3398328690807799 0.01 0.016713091922005572
0 0.536875 0.3788300835654596 0.01 0.016713091922005572
0 0.136875 0.20241411327762301 0.008125 0.012999071494893221
0 0.6975 0.48653667595171773 0.01 0.016713091922005572
0 0.409375 0.37418755803156917 0.01 0.016713091922005572
0 0.974375 0.3714020427112349 0.01 0.016713091922005572
0 0.754375 0.22841225626740946 0.008125 0.012999071494893221
0 0.85625 0.11420612813370473 0.008125 0.012999071494893221
0 0.87875 0.22562674094707522 0.008125 0.012999071494893221
0 0.25375 0.26090993500464255 0.008125 0.012999071494893221
0 0.586875 0.4401114206128134 0.01 0.016713091922005572
0 0.385 0.3816155988857939 0.01 0.016713091922005572
0 0.665625 0.5078922934076138 0.01 0.016713091922005572
0 0.19875 0.606313834726091 0.01 0.016713091922005572
0 0.2425 0.1615598885793872 0.008125 0.012999071494893221
0 0.774375 0.3528319405756732 0.01 0.016713091922005572
0 0.115 0.2051996285979573 0.008125 0.012999071494893221
0 0.56375 0.04085422469823584 0.008125 0.012999071494893221
0 0.9275 0.14113277623026926 0.008125 0.012999071494893221
0 0.16625 0.15598885793871867 0.008125 0.012999071494893221
0 0.841875 0.5023212627669452 0.01 0.016713091922005572
0 0.479375 0.4401114206128134 0.01 0.016713091922005572
0 0.735 0.2265552460538533 0.008125 0.012999071494893221
0 0.106875 0.37604456824512533 0.01 0.016713091922005572
0 0.14375 0.116991643454039 0.008125 0.012999071494893221
0 0.705 0.04735376044568245 0.008125 0.012999071494893221
0 0.129375 0.3574744661095636 0.01 0.016713091922005572
0 0.884375 0.01021355617455896 0.006875 0.011142061281337047
0 0.13125 0.2404828226555246 0.008125 0.012999071494893221
0 0.69 0.4271123491179202 0.01 0.016713091922005572
0 0.913125 0.009285051067780872 0.006875 0.011142061281337047
0 0.306875 0.4168987929433612 0.01 0.016713091922005572
0 0.2775 0.18662952646239556 0.008125 0.012999071494893221
0 0.940625 0.4141132776230269 0.01 0.016713091922005572
0 0.43625 0.3732590529247911 0.01 0.016713091922005572
0 0.93375 0.1968430826369545 0.008125 0.012999071494893221
0 0.68875 0.4661095636025998 0.01 0.016713091922005572
0 0.0375 0.2181987000928505 0.008125 0.012999071494893221
0 0.975625 0.22841225626740946 0.008125 0.012999071494893221
0 0.15875 0.2414113277623027 0.008125 0.012999071494893221
0 0.78125 0.17548746518105848 0.008125 0.012999071494893221
0 0.735 0.5181058495821727 0.01 0.016713091922005572
0 0.061875 0.3286908077994429 0.01 0.016713091922005572
0 0.57 0.41875580315691735 0.01 0.016713091922005572
0 0.58375 0.4206128133704735 0.01 0.016713091922005572
0 0.721875 0.5357474466109564 0.01 0.016713091922005572
0 0.541875 0.03806870937790158 0.008125 0.012999071494893221
0 0.7 0.38997214484679665 0.01 0.016713091922005572
0 0.735625 0.0584958217270195 0.008125 0.012999071494893221
0 0.910625 0.36397400185701023 0.01 0.016713091922005572
0 0.27375 0.5348189415041783 0.01 0.016713091922005572
0 0.461875 0.3574744661095636 0.01 0.016713091922005572
0 0.874375 0.17363045496750232 0.008125 0.012999071494893221
0 0.076875 0.15598885793871867 0.008125 0.012999071494893221
0 0.093125 0.009285051067780872 0.006875 0.011142061281337047
0 0.186875 0.20798514391829154 0.008125 0.012999071494893221
0 0.686875 0.5273909006499535 0.01 0.016713091922005572
0 0.0825 0.43175487465181056 0.01 0.016713091922005572
0 0.31875 0.3918291550603528 0.01 0.016713091922005572
0 0.66375 0.47725162488393685 0.01 0.016713091922005572
0 0.269375 0.19962859795728877 0.008125 0.012999071494893221
0 0.559375 0.4373259052924791 0.01 0.016713091922005572
0 0.950625 0.1764159702878366 0.008125 0.012999071494893221
0 0.735625 0.1894150417827298 0.008125 0.012999071494893221
0 0.428125 0.5840297121634169 0.01 0.016713091922005572
0 0.594375 0.479108635097493 0.01 0.016713091922005572
0 0.806875 0.10863509749303621 0.008125 0.012999071494893221
0 0.5425 0.48653667595171773 0.01 0.016713091922005572
0 0.06625 0.11792014856081709 0.008125 0.012999071494893221
0 0.835 0.36118848653667596 0.01 0.016713091922005572
0 0.808125 0.4531104921077066 0.01 0.016713091922005572
0 0.67375 0.03899721448467967 0.008125 0.012999071494893221
0 0.58875 0.4020427112349118 0.01 0.016713091922005572
0 0.895625 0.1021355617455896 0.008125 0.012999071494893221
0 0.39 0.542246982358403 0.01 0.016713091922005572
0 0.755625 0.48375116063138346 0.01 0.016713091922005572
0 0.966875 0.41225626740947074 0.01 0.016713091922005572
0 0.830625 0.22748375116063138 0.008125 0.012999071494893221
0 0.15125 0.3732590529247911 0.01 0.016713091922005572
0 0.70625 0.5051067780872794 0.01 0.016713091922005572
0 0.93875 0.09842154131847725 0.008125 0.012999071494893221
0 0.433125 0.4688950789229341 0.01 0.016713091922005572
0 0.54375 0.36025998142989785 0.01 0.016713091922005572
0 0.30875 0.17548746518105848 0.008125 0.012999071494893221
0 0.97125 0.45403899721448465 0.01 0.016713091922005572
0 0.374375 0.4141132776230269 0.01 0.016713091922005572
0 0.1125 0.18012999071494892 0.008125 0.012999071494893221
0 0.678125 0.22934076137418755 0.008125 0.012999071494893221
0 0.191875 0.1532033426183844 0.008125 0.012999071494893221
0 0.43375 0.4159702878365831 0.01 0.016713091922005572
0 0.74875 0.5227483751160631 0.01 0.016713091922005572
0 0.81375 0.5023212627669452 0.01 0.016713091922005572
0 0.500625 0.5580315691736305 0.01 0.016713091922005572
0 0.27375 0.14763231197771587 0.008125 0.012999071494893221
0 0.60375 0.034354688950789226 0.008125 0.012999071494893221
0 0.6525 0.43546889507892295 0.01 0.016713091922005572
0 0.05375 0.4373259052924791 0.01 0.016713091922005572
0 0.2625 0.49025069637883006 0.01 0.016713091922005572
0 0.6825 0.39090064995357476 0.01 0.016713091922005572
0 0.41 0.5701021355617456 0.01 0.016713091922005572
0 0.668125 0.3881151346332405 0.01 0.016713091922005572
0 0.819375 0.372330547818013 0.01 0.016713091922005572
0 0.55875 0.4986072423398329 0.01 0.016713091922005572
0 0.6775 0.4438254410399257 0.01 0.016713091922005572
0 0.7675 0.5162488393686165 0.01 0.016713091922005572
0 0.500625 0.46518105849582175 0.01 0.016713091922005572
0 0.219375 0.20334261838440112 0.008125 0.012999071494893221
0 0.3375 0.5877437325905293 0.01 0.016713091922005572
0 0.01625 0.20612813370473537 0.008125 0.012999071494893221
0 0.03125 0.15784586815227483 0.008125 0.012999071494893221
0 0.6125 0.4233983286908078 0.01 0.016713091922005572
0 0.10375 0.1095636025998143 0.008125 0.012999071494893221
0 0.69375 0.4447539461467038 0.01 0.016713091922005572
0 0.78625 0.3305478180129991 0.01 0.016713091922005572
0 0.64625 0.033426183844011144 0.008125 0.012999071494893221
0 0.34625 0.41875580315691735 0.01 0.016713091922005572
0 0.47625 0.5329619312906221 0.01 0.016713091922005572
0 0.87875 0.489322191272052 0.01 0.016713091922005572
0 0.215625 0.3955431754874652 0.01 0.016713091922005572
0 0.7825 0.39090064995357476 0.01 0.016713091922005572
0 0.18875 0.393686165273909 0.01 0.016713091922005572
0 0.52 0.04735376044568245 0.008125 0.012999071494893221
0 0.345625 0.5143918291550603 0.01 0.016713091922005572
0 0.525 0.5840297121634169 0.01 0.016713091922005572
0 0.02625 0.013927576601671309 0.006875 0.011142061281337047
0 0.24125 0.5998142989786444 0.01 0.016713091922005572
0 0.343125 0.3277623026926648 0.01 0.016713091922005572
0 0.83375 0.4011142061281337 0.01 0.016713091922005572
0 0.950625 0.23584029712163418 0.008125 0.012999071494893221
0 0.390625 0.5078922934076138 0.01 0.016713091922005572
0 0.074375 0.01021355617455896 0.006875 0.011142061281337047
0 0.930625 0.3862581244196843 0.01 0.016713091922005572
0 0.976875 0.16248839368616527 0.008125 0.012999071494893221
0 0.854375 0.22191272051996286 0.008125 0.012999071494893221
0 0.52125 0.4103992571959146 0.01 0.016713091922005572
0 0.216875 0.3286908077994429 0.01 0.016713091922005572
0 0.685625 0.14298978644382543 0.008125 0.012999071494893221
0 0.0575 0.2181987000928505 0.008125 0.012999071494893221
0 0.76125 0.06963788300835655 0.008125 0.012999071494893221
0 0.94875 0.4103992571959146 0.01 0.016713091922005572
0 0.9075 0.22469823584029713 0.008125 0.012999071494893221
0 0.88625 0.14113277623026926 0.008125 0.012999071494893221
0 0.79125 0.5533890436397401 0.01 0.016713091922005572
0 0.29625 0.35376044568245124 0.01 0.016713091922005572
0 0.068125 0.40482822655524603 0.01 0.016713091922005572
0 0.896875 0.44753946146703805 0.01 0.016713091922005572
0 0.161875 0.42618384401114207 0.01 0.016713091922005572
0 0.809375 0.20241411327762301 0.008125 0.012999071494893221
0 0.94375 0.007428040854224698 0.005625 0.011142061281337047
0 0.45625 0.5561745589600743 0.01 0.016713091922005572
0 0.71875 0.14763231197771587 0.008125 0.012999071494893221
0 0.50875 0.5487465181058496 0.01 0.016713091922005572
0 0.79375 0.3732590529247911 0.01 0.016713091922005572
0 0.550625 0.5032497678737233 0.01 0.016713091922005572
