0 0.19333333333333333 0.225 0.009166666666666667 0.01375
0 0.17333333333333334 0.04625 0.009166666666666667 0.01375
0 0.3125 0.10875 0.009166666666666667 0.01375
0 0.13083333333333333 0.305 0.009166666666666667 0.01375
0 0.7925 0.2325 0.009166666666666667 0.01375
0 0.9758333333333333 0.6475 0.015833333333333335 0.03
0 0.135 0.65875 0.015833333333333335 0.03
0 0.39416666666666667 0.05375 0.009166666666666667 0.01375
0 0.6483333333333333 0.33625 0.009166666666666667 0.01375
0 0.635 0.54125 0.009166666666666667 0.01375
0 0.2225 0.655 0.015833333333333335 0.03
0 0.9766666666666667 0.47875 0.009166666666666667 0.01375
0 0.5191666666666667 0.02375 0.009166666666666667 0.01375
0 0.09416666666666666 0.19 0.009166666666666667 0.01375
0 0.24666666666666667 0.5125 0.009166666666666667 0.01375
0 0.7166666666666667 0.19625 0.009166666666666667 0.01375
0 0.9766666666666667 0.65875 0.015833333333333335 0.03
0 0.27666666666666667 0.175 0.009166666666666667 0.01375
0 0.01 0.5375 0.009166666666666667 0.01375
0 0.5333333333333333 0.19375 0.009166666666666667 0.01375
0 0.7783333333333333 0.395 0.009166666666666667 0.01375
0 0.39 0.23 0.009166666666666667 0.01375
0 0.7391666666666666 0.02625 0.009166666666666667 0.01375
0 0.24083333333333334 0.145 0.009166666666666667 0.01375
0 0.7891666666666667 0.26375 0.009166666666666667 0.01375
0 0.44166666666666665 0.21 0.009166666666666667 0.01375
0 0.28583333333333333 0.37375 0.009166666666666667 0.01375
0 0.8233333333333334 0.08375 0.009166666666666667 0.01375
0 0.020833333333333332 0.535 0.009166666666666667 0.01375
0 0.3333333333333333 0.0525 0.009166666666666667 0.01375
0 0.8116666666666666 0.325 0.009166666666666667 0.01375
0 0.9166666666666666 0.03125 0.009166666666666667 0.01375
0 0.435 0.13625 0.009166666666666667 0.01375
0 0.8283333333333334 0.05125 0.009166666666666667 0.01375
0 0.7741666666666667 0.30375 0.009166666666666667 0.01375
0 0.6858333333333333 0.53375 0.009166666666666667 0.01375
0 0.4083333333333333 0.07875 0.009166666666666667 0.01375
0 0.6966666666666667 0.66625 0.015833333333333335 0.03
0 0.785 0.64875 0.015833333333333335 0.03
0 0.315 0.3075 0.009166666666666667 0.01375
0 0.1475 0.19625 0.009166666666666667 0.01375
0 0.8141666666666667 0.535 0.009166666666666667 0.01375
0 0.02666666666666667 0.64375 0.015833333333333335 0.03
0 0.6808333333333333 0.425 0.009166666666666667 0.01375
0 0.5458333333333333 0.5575 0.009166666666666667 0.01375
0 0.7183333333333334 0.30625 0.009166666666666667 0.01375
0 0.2425 0.10375 0.009166666666666667 0.01375
0 0.10833333333333334 0.04 0.009166666666666667 0.01375
0 0.8491666666666666 0.30125 0.009166666666666667 0.01375
0 0.5916666666666667 0.0275 0.009166666666666667 0.01375
0 0.13416666666666666 0.14625 0.009166666666666667 0.01375
0 0.20166666666666666 0.12875 0.009166666666666667 0.01375
0 0.7175 0.5025 0.009166666666666667 0.01375
0 0.22 0.19 0.009166666666666667 0.01375
0 0.38166666666666665 0.5025 0.009166666666666667 0.01375
0 0.5466666666666666 0.1475 0.009166666666666667 0.01375
0 0.7541666666666667 0.105 0.009166666666666667 0.01375
0 0.13 0.12875 0.009166666666666667 0.01375
0 0.010833333333333334 0.14 0.009166666666666667 0.01375
0 0.6983333333333334 0.415 0.009166666666666667 0.01375
0 0.8125 0.565 0.009166666666666667 0.01375
0 0.0525 0.53125 0.009166666666666667 0.01375
0 0.38 0.1 0.009166666666666667 0.01375
0 0.8383333333333334 0.55375 0.009166666666666667 0.01375
0 0.35 0.3575 0.009166666666666667 0.01375
0 0.8841666666666667 0.54 0.009166666666666667 0.01375
0 0.6066666666666667 0.505 0.009166666666666667 0.01375
0 0.74 0.55125 0.009166666666666667 0.01375
0 0.425 0.05125 0.009166666666666667 0.01375
0 0.6233333333333333 0.0975 0.009166666666666667 0.01375
0 0.22083333333333333 0.105 0.009166666666666667 0.01375
0 0.8183333333333334 0.2225 0.009166666666666667 0.01375
0 0.14666666666666667 0.04375 0.009166666666666667 0.01375
0 0.5408333333333334 0.6575 0.015833333333333335 0.03
0 0.9083333333333333 0.64875 0.015833333333333335 0.03
0 0.6666666666666666 0.28875 0.009166666666666667 0.01375
0 0.6691666666666667 0.36625 0.009166666666666667 0.01375
0 0.66 0.455 0.009166666666666667 0.01375
0 0.049166666666666664 0.03 0.009166666666666667 0.01375
0 0.7275 0.08 0.009166666666666667 0.01375
0 0.2525 0.3125 0.009166666666666667 0.01375
0 0.20416666666666666 0.49 0.009166666666666667 0.01375
0 0.5116666666666667 0.26875 0.009166666666666667 0.01375
0 0.76 0.4275 0.009166666666666667 0.01375
0 0.7058333333333333 0.65375 0.015833333333333335 0.03
0 0.9466666666666667 0.66 0.015833333333333335 0.03
0 0.7691666666666667 0.3425 0.009166666666666667 0.01375
0 0.8791666666666667 0.27125 0.009166666666666667 0.01375
0 0.5141666666666667 0.4275 0.03833333333333333 0.06625
0 0.12333333333333334 0.1925 0.009166666666666667 0.01375
0 0.8308333333333333 0.3875 0.009166666666666667 0.01375
0 0.25 0.0175 0.009166666666666667 0.01375
0 0.4116666666666667 0.57 0.009166666666666667 0.01375
0 0.0025 0.53 0.009166666666666667 0.01375
0 0.14416666666666667 0.6625 0.015833333333333335 0.03
0 0.0125 0.0975 0.009166666666666667 0.01375
0 0.9141666666666667 0.42875 0.009166666666666667 0.01375
0 0.8583333333333333 0.65 0.015833333333333335 0.03
0 0.5658333333333333 0.52625 0.009166666666666667 0.01375
0 0.7175 0.34125 0.009166666666666667 0.01375
0 0.38416666666666666 0.335 0.009166666666666667 0.01375
0 0.24083333333333334 0.6625 0.015833333333333335 0.03
0 0.9266666666666666 0.3375 0.009166666666666667 0.01375
0 0.09166666666666666 0.04625 0.009166666666666667 0.01375
0 0.6008333333333333 0.12375 0.009166666666666667 0.01375
0 0.9741666666666666 0.1225 0.009166666666666667 0.01375
0 0.19416666666666665 0.19125 0.009166666666666667 0.01375
0 0.5275 0.33375 0.009166666666666667 0.01375
0 0.18583333333333332 0.2925 0.009166666666666667 0.01375
0 0.36666666666666664 0.26625 0.009166666666666667 0.01375
0 0.3491666666666667 0.2025 0.009166666666666667 0.01375
0 0.7991666666666667 0.53375 0.009166666666666667 0.01375
0 0.585 0.42125 0.009166666666666667 0.01375
0 0.3075 0.35875 0.009166666666666667 0.01375
0 0.06333333333333334 0.5525 0.009166666666666667 0.01375
0 0.20833333333333334 0.2 0.009166666666666667 0.01375
0 0.31 0.02625 0.009166666666666667 0.01375
0 0.5558333333333333 0.07125 0.009166666666666667 0.01375
0 0.22 0.3775 0.009166666666666667 0.01375
0 0.28 0.13625 0.009166666666666667 0.01375
0 0.19333333333333333 0.36375 0.009166666666666667 0.01375
0 0.125 0.16 0.009166666666666667 0.01375
0 0.49833333333333335 0.34 0.009166666666666667 0.01375
0 0.6908333333333333 0.27625 0.009166666666666667 0.01375
0 0.6575 0.5525 0.009166666666666667 0.01375
0 0.6933333333333334 0.035 0.009166666666666667 0.01375
0 0.6033333333333334 0.3725 0.009166666666666667 0.01375
0 0.5316666666666666 0.215 0.009166666666666667 0.01375
0 0.6975 0.39 0.009166666666666667 0.01375
0 0.185 0.1925 0.009166666666666667 0.01375
0 0.31583333333333335 0.33625 0.009166666666666667 0.01375
0 0.7675 0.0275 0.009166666666666667 0.01375
0 0.023333333333333334 0.05875 0.009166666666666667 0.01375
0 0.4058333333333333 0.06375 0.009166666666666667 0.01375
0 0.23833333333333334 0.02625 0.009166666666666667 0.01375
0 0.0016666666666666668 0.01375 0.009166666666666667 0.01375
0 0.7766666666666666 0.655 0.015833333333333335 0.03
0 0.865 0.11875 0.009166666666666667 0.01375
0 0.9716666666666667 0.08 0.009166666666666667 0.01375
0 0.5883333333333334 0.49875 0.009166666666666667 0.01375
0 0.2025 0.64625 0.015833333333333335 0.03
0 0.03166666666666667 0.16875 0.009166666666666667 0.01375
0 0.32916666666666666 0.65125 0.015833333333333335 0.03
0 0.0525 0.11625 0.009166666666666667 0.01375
0 0.49083333333333334 0.0375 0.009166666666666667 0.01375
0 0.5866666666666667 0.555 0.009166666666666667 0.01375
0 0.9025 0.29 0.009166666666666667 0.01375
0 0.39416666666666667 0.02875 0.009166666666666667 0.01375
0 0.55 0.335 0.009166666666666667 0.01375
0 0.925 0.2975 0.009166666666666667 0.01375
0 0.24333333333333335 0.05875 0.009166666666666667 0.01375
0 0.4633333333333333 0.03125 0.009166666666666667 0.01375
0 0.5691666666666667 0.5475 0.009166666666666667 0.01375
0 0.8025 0.42125 0.009166666666666667 0.01375
0 0.615 0.2375 0.009166666666666667 0.01375
0 0.815 0.30625 0.009166666666666667 0.01375
0 0.4275 0.3 0.009166666666666667 0.01375
0 0.9408333333333333 0.13625 0.009166666666666667 0.01375
0 0.5558333333333333 0.02625 0.009166666666666667 0.01375
0 0.3775 0.64875 0.015833333333333335 0.03
0 0.2625 0.17625 0.009166666666666667 0.01375
0 0.15666666666666668 0.39 0.009166666666666667 0.01375
0 0.9683333333333334 0.275 0.009166666666666667 0.01375
0 0.7525 0.16 0.009166666666666667 0.01375
0 0.7983333333333333 0.05 0.009166666666666667 0.01375
0 0.6908333333333333 0.31125 0.009166666666666667 0.01375
0 0.8291666666666667 0.245 0.009166666666666667 0.01375
0 0.9191666666666667 0.11125 0.009166666666666667 0.01375
0 0.8625 0.18125 0.009166666666666667 0.01375
0 0.12 0.275 0.009166666666666667 0.01375
0 0.9525 0.64875 0.015833333333333335 0.03
0 0.32 0.1525 0.009166666666666667 0.01375
0 0.2025 0.28875 0.009166666666666667 0.01375
0 0.7716666666666666 0.57375 0.009166666666666667 0.01375
0 0.23833333333333334 0.17625 0.009166666666666667 0.01375
0 0.6366666666666667 0.495 0.009166666666666667 0.01375
0 0.6083333333333333 0.1725 0.009166666666666667 0.01375
0 0.8933333333333333 0.19 0.009166666666666667 0.01375
0 0.0033333333333333335 0.66375 0.015833333333333335 0.03
0 0.041666666666666664 0.14875 0.009166666666666667 0.01375
0 0.37 0.03625 0.009166666666666667 0.01375
0 0.9233333333333333 0.3925 0.009166666666666667 0.01375
0 0.6708333333333333 0.045 0.009166666666666667 0.01375
0 0.6383333333333333 0.07125 0.009166666666666667 0.01375
0 0.08 0.27875 0.009166666666666667 0.01375
0 0.14583333333333334 0.23 0.009166666666666667 0.01375
0 0.059166666666666666 0.09 0.009166666666666667 0.01375
0 0.19083333333333333 0.1125 0.009166666666666667 0.01375
0 0.5925 0.30625 0.009166666666666667 0.01375
0 0.085 0.2375 0.009166666666666667 0.01375
0 0.8191666666666667 0.65375 0.015833333333333335 0.03
0 0.6108333333333333 0.655 0.015833333333333335 0.03
0 0.575 0.64375 0.015833333333333335 0.03
0 0.3641666666666667 0.34375 0.009166666666666667 0.01375
0 0.24416666666666667 0.48 0.009166666666666667 0.01375
0 0.745 0.32625 0.009166666666666667 0.01375
0 0.4191666666666667 0.31875 0.009166666666666667 0.01375
0 0.24416666666666667 0.37875 0.009166666666666667 0.01375
0 0.775 0.155 0.009166666666666667 0.01375
0 0.8233333333333334 0.52 0.009166666666666667 0.01375
0 0.555 0.38 0.009166666666666667 0.01375
0 0.8441666666666666 0.39 0.009166666666666667 0.01375
0 0.24416666666666667 0.235 0.009166666666666667 0.01375
0 0.8033333333333333 0.11875 0.009166666666666667 0.01375
0 0.26916666666666667 0.52375 0.009166666666666667 0.01375
0 0.2816666666666667 0.1125 0.009166666666666667 0.01375
0 0.6966666666666667 0.07375 0.009166666666666667 0.01375
0 0.21166666666666667 0.08 0.009166666666666667 0.01375
0 0.28583333333333333 0.19375 0.009166666666666667 0.01375
0 0.5008333333333334 0.1 0.009166666666666667 0.01375
0 0.9275 0.525 0.009166666666666667 0.01375
0 0.7333333333333333 0.675 0.015833333333333335 0.03
0 0.9583333333333334 0.55125 0.009166666666666667 0.01375
0 0.7683333333333333 0.26625 0.009166666666666667 0.01375
0 0.5541666666666667 0.31375 0.009166666666666667 0.01375
0 0.2725 0.30625 0.009166666666666667 0.01375
0 0.3541666666666667 0.6325 0.015833333333333335 0.03
0 0.7775 0.11125 0.009166666666666667 0.01375
0 0.22 0.14875 0.009166666666666667 0.01375
0 0.9175 0.6575 0.015833333333333335 0.03
0 0.4975 0.3175 0.009166666666666667 0.01375
0 0.5716666666666667 0.17875 0.009166666666666667 0.01375
0 0.5241666666666667 0.3125 0.009166666666666667 0.01375
0 0.9741666666666666 0.215 0.009166666666666667 0.01375
0 0.24416666666666667 0.34125 0.009166666666666667 0.01375
0 0.08083333333333333 0.21375 0.009166666666666667 0.01375
0 0.6408333333333334 0.6525 0.015833333333333335 0.03
0 0.7483333333333333 0.53125 0.009166666666666667 0.01375
0 0.3308333333333333 0.02125 0.009166666666666667 0.01375
0 0.7216666666666667 0.1525 0.009166666666666667 0.01375
0 0.38 0.36 0.009166666666666667 0.01375
0 0.9383333333333334 0.42375 0.009166666666666667 0.01375
0 0.8325 0.2975 0.009166666666666667 0.01375
0 0.1925 0.6425 0.015833333333333335 0.03
0 0.9491666666666667 0.23875 0.009166666666666667 0.01375
0 0.2225 0.46875 0.009166666666666667 0.01375
0 0.8916666666666667 0.1525 0.009166666666666667 0.01375
0 0.9083333333333333 0.185 0.009166666666666667 0.01375
0 0.3025 0.06875 0.009166666666666667 0.01375
0 0.7525 0.28375 0.009166666666666667 0.01375
0 0.6875 0.1225 0.009166666666666667 0.01375
0 0.23916666666666667 0.275 0.009166666666666667 0.01375
0 0.7875 0.51875 0.009166666666666667 0.01375
0 0.9341666666666667 0.05 0.009166666666666667 0.01375
0 0.8991666666666667 0.04125 0.009166666666666667 0.01375
0 0.8283333333333334 0.265 0.009166666666666667 0.01375
0 0.9525 0.41 0.009166666666666667 0.01375
0 0.6133333333333333 0.2975 0.009166666666666667 0.01375
0 0.5941666666666666 0.33 0.009166666666666667 0.01375
0 0.6575 0.16125 0.009166666666666667 0.01375
0 0.09666666666666666 0.09125 0.009166666666666667 0.01375
0 0.6858333333333333 0.06375 0.009166666666666667 0.01375
0 0.31333333333333335 0.37625 0.009166666666666667 0.01375
0 0.16833333333333333 0.26625 0.009166666666666667 0.01375
0 0.5991666666666666 0.10625 0.009166666666666667 0.01375
0 0.125 0.03375 0.009166666666666667 0.01375
0 0.058333333333333334 0.2075 0.009166666666666667 0.01375
0 0.19333333333333333 0.07625 0.009166666666666667 0.01375
0 0.775 0.36875 0.009166666666666667 0.01375
0 0.9475 0.06875 0.009166666666666667 0.01375
0 0.35583333333333333 0.15125 0.009166666666666667 0.01375
0 0.1125 0.26 0.009166666666666667 0.01375
0 0.6266666666666667 0.1925 0.009166666666666667 0.01375
0 0.6008333333333333 0.54 0.009166666666666667 0.01375
0 0.255 0.07125 0.009166666666666667 0.01375
0 0.945 0.39 0.009166666666666667 0.01375
0 0.92 0.25375 0.009166666666666667 0.01375
0 0.6808333333333333 0.63875 0.015833333333333335 0.03
0 0.16 0.25125 0.009166666666666667 0.01375
0 0.27416666666666667 0.64625 0.015833333333333335 0.03
0 0.5633333333333334 0.6675 0.015833333333333335 0.03
0 0.18583333333333332 0.175 0.009166666666666667 0.01375
0 0.8633333333333333 0.5375 0.009166666666666667 0.01375
0 0.9658333333333333 0.04375 0.009166666666666667 0.01375
0 0.06333333333333334 0.02875 0.009166666666666667 0.01375
0 0.7225 0.3675 0.009166666666666667 0.01375
0 0.035833333333333335 0.1925 0.009166666666666667 0.01375
0 0.024166666666666666 0.01875 0.009166666666666667 0.01375
0 0.045 0.10125 0.009166666666666667 0.01375
0 0.6658333333333334 0.66125 0.015833333333333335 0.03
0 0.395 0.56875 0.009166666666666667 0.01375
0 0.43666666666666665 0.09875 0.009166666666666667 0.01375
0 0.4066666666666667 0.65625 0.015833333333333335 0.03
0 0.9741666666666666 0.26875 0.009166666666666667 0.01375
0 0.16833333333333333 0.11375 0.009166666666666667 0.01375
0 0.36333333333333334 0.0525 0.009166666666666667 0.01375
0 0.09416666666666666 0.6475 0.015833333333333335 0.03
0 0.37333333333333335 0.42 0.009166666666666667 0.01375
0 0.36666666666666664 0.1725 0.009166666666666667 0.01375
0 0.6733333333333333 0.33875 0.009166666666666667 0.01375
0 0.7866666666666666 0.575 0.009166666666666667 0.01375
0 0.8275 0.1425 0.009166666666666667 0.01375
0 0.32 0.1375 0.009166666666666667 0.01375
0 0.6316666666666667 0.375 0.009166666666666667 0.01375
0 0.4508333333333333 0.08125 0.009166666666666667 0.01375
0 0.2608333333333333 0.64625 0.015833333333333335 0.03
0 0.7733333333333333 0.52875 0.009166666666666667 0.01375
0 0.88 0.03 0.009166666666666667 0.01375
0 0.6733333333333333 0.2525 0.009166666666666667 0.01375
0 0.845 0.365 0.009166666666666667 0.01375
0 0.4266666666666667 0.66125 0.015833333333333335 0.03
0 0.1 0.175 0.009166666666666667 0.01375
0 0.15666666666666668 0.21125 0.009166666666666667 0.01375
0 0.07666666666666666 0.5525 0.009166666666666667 0.01375
0 0.805 0.24 0.009166666666666667 0.01375
0 0.9883333333333333 0.06375 0.009166666666666667 0.01375
0 0.5266666666666666 0.1425 0.009166666666666667 0.01375
0 0.7516666666666667 0.49375 0.009166666666666667 0.01375
0 0.7308333333333333 0.25375 0.009166666666666667 0.01375
0 0.8041666666666667 0.65625 0.015833333333333335 0.03
0 0.8325 0.42 0.009166666666666667 0.01375
0 0.30583333333333335 0.6525 0.015833333333333335 0.03
0 0.6433333333333333 0.28 0.009166666666666667 0.01375
0 0.2375 0.64125 0.015833333333333335 0.03
0 0.6833333333333333 0.1925 0.009166666666666667 0.01375
0 0.7258333333333333 0.41875 0.009166666666666667 0.01375
0 0.8125 0.51375 0.009166666666666667 0.01375
0 0.6633333333333333 0.5 0.009166666666666667 0.01375
0 0.985 0.5775 0.009166666666666667 0.01375
0 0.8825 0.65625 0.015833333333333335 0.03
0 0.3475 0.51875 0.009166666666666667 0.01375
0 0.35583333333333333 0.655 0.015833333333333335 0.03
0 0.5808333333333333 0.1025 0.009166666666666667 0.01375
0 0.06833333333333333 0.16 0.009166666666666667 0.01375
0 0.22083333333333333 0.0275 0.009166666666666667 0.01375
0 0.0016666666666666668 0.07125 0.009166666666666667 0.01375
0 0.5933333333333334 0.65625 0.015833333333333335 0.03
0 0.9833333333333333 0.53625 0.009166666666666667 0.01375
0 0.06416666666666666 0.64 0.015833333333333335 0.03
0 0.6416666666666667 0.2325 0.009166666666666667 0.01375
0 0.6041666666666666 0.19375 0.009166666666666667 0.01375
0 0.8016666666666666 0.03 0.009166666666666667 0.01375
0 0.07833333333333334 0.09125 0.009166666666666667 0.01375
0 0.6566666666666666 0.07125 0.009166666666666667 0.01375
0 0.2941666666666667 0.0625 0.009166666666666667 0.01375
0 0.4791666666666667 0.35375 0.009166666666666667 0.01375
0 0.9741666666666666 0.315 0.009166666666666667 0.01375
0 0.7658333333333334 0.23375 0.009166666666666667 0.01375
0 0.8866666666666667 0.3825 0.009166666666666667 0.01375
0 0.6291666666666667 0.33375 0.009166666666666667 0.01375
0 0.1375 0.2475 0.009166666666666667 0.01375
0 0.3641666666666667 0.32125 0.009166666666666667 0.01375
0 0.445 0.02875 0.009166666666666667 0.01375
0 0.205 0.025 0.009166666666666667 0.01375
