0 0.71640625 0.44692737430167595 0.01875 0.046089385474860335
0 0.2359375 0.5111731843575419 0.05390625 0.11452513966480447
0 0.89921875 0.4553072625698324 0.02109375 0.04888268156424581
0 0.471875 0.42178770949720673 0.01796875 0.04189944134078212
0 0.02578125 0.4972067039106145 0.02578125 0.055865921787709494
0 0.53203125 0.43156424581005587 0.01484375 0.0335195530726257
0 0.7875 0.4748603351955307 0.02109375 0.04888268156424581
0 0.82265625 0.4245810055865922 0.01875 0.046089385474860335
0 0.6515625 0.6606145251396648 0.084375 0.17318435754189945
0 0.928125 0.7346368715083799 0.10390625 0.21927374301675978
0 0.95390625 0.5628491620111732 0.0484375 0.10474860335195531
0 0.121875 0.4371508379888268 0.01796875 0.040502793296089384
0 0.21640625 0.4720670391061452 0.02421875 0.06564245810055866
0 0.4171875 0.4329608938547486 0.01796875 0.04189944134078212
0 0.16796875 0.41480446927374304 0.01796875 0.040502793296089384
0 0.02421875 0.5893854748603352 0.05546875 0.12988826815642457
0 0.9703125 0.46787709497206703 0.02109375 0.04888268156424581
0 0.1890625 0.44273743016759776 0.01796875 0.040502793296089384
0 0.340625 0.44972067039106145 0.01796875 0.040502793296089384
0 0.15 0.5111731843575419 0.02578125 0.055865921787709494
0 0.28046875 0.44972067039106145 0.0265625 0.046089385474860335
0 0.96640625 0.43435754189944137 0.01875 0.046089385474860335
0 0.01171875 0.4259776536312849 0.01796875 0.040502793296089384
0 0.8625 0.5446927374301676 0.0484375 0.10474860335195531
0 0.65546875 0.4245810055865922 0.01484375 0.0335195530726257
0 0.70390625 0.5083798882681564 0.0484375 0.10474860335195531
0 0.615625 0.43156424581005587 0.01484375 0.0335195530726257
0 0.59765625 0.43435754189944137 0.01484375 0.0335195530726257
0 0.78671875 0.4245810055865922 0.01875 0.046089385474860335
0 0.11171875 0.9287709497206704 0.1453125 0.1857541899441341
0 0.728125 0.420391061452514 0.01875 0.046089385474860335
0 0.95 0.4553072625698324 0.02109375 0.04888268156424581
0 0.4234375 0.4818435754189944 0.025 0.05726256983240224
0 0.64375 0.43854748603351956 0.01484375 0.0335195530726257
0 0.86875 0.4650837988826816 0.02109375 0.04888268156424581
0 0.846875 0.40782122905027934 0.01875 0.046089385474860335
0 0.36640625 0.4175977653631285 0.01796875 0.040502793296089384
0 0.375 0.5488826815642458 0.05390625 0.11452513966480447
0 0.5515625 0.7918994413407822 0.11953125 0.2849162011173184
0 0.50390625 0.6229050279329609 0.084375 0.17318435754189945
0 0.34765625 0.2877094972067039 0.0125 0.02653631284916201
0 0.7796875 0.40782122905027934 0.01875 0.046089385474860335
0 0.3234375 0.441340782122905 0.01796875 0.040502793296089384
0 0.07578125 0.4553072625698324 0.01796875 0.040502793296089384
0 0.91328125 0.4175977653631285 0.01875 0.046089385474860335
0 0.92421875 0.4301675977653631 0.01875 0.046089385474860335
0 0.5484375 0.43156424581005587 0.01484375 0.0335195530726257
