0 0.3072916666666667 0.23510971786833856 0.00625 0.009404388714733543
0 0.5010416666666667 0.43260188087774293 0.022916666666666665 0.05172413793103448
0 0.23541666666666666 0.13166144200626959 0.008333333333333333 0.01567398119122257
0 0.1 0.14576802507836992 0.008333333333333333 0.01567398119122257
0 0.6083333333333333 0.38557993730407525 0.016666666666666666 0.03134796238244514
0 0.9041666666666667 0.1206896551724138 0.008333333333333333 0.01567398119122257
0 0.978125 0.2711598746081505 0.009375 0.02037617554858934
0 0.36770833333333336 0.3181818181818182 0.016666666666666666 0.03134796238244514
0 0.221875 0.12852664576802508 0.008333333333333333 0.01567398119122257
0 0.5729166666666666 0.21316614420062696 0.008333333333333333 0.01567398119122257
0 0.17291666666666666 0.3322884012539185 0.016666666666666666 0.03134796238244514
0 0.39375 0.21316614420062696 0.008333333333333333 0.01567398119122257
0 0.9614583333333333 0.13009404388714735 0.008333333333333333 0.01567398119122257
0 0.33541666666666664 0.19592476489028213 0.008333333333333333 0.01567398119122257
0 0.375 0.2445141065830721 0.004166666666666667 0.004702194357366771
0 0.9583333333333334 0.28683385579937304 0.009375 0.02037617554858934
0 0.1125 0.28683385579937304 0.009375 0.02037617554858934
0 0.46979166666666666 0.2413793103448276 0.00625 0.009404388714733543
0 0.43020833333333336 0.19905956112852666 0.008333333333333333 0.01567398119122257
0 0.25729166666666664 0.26959247648902823 0.009375 0.02037617554858934
0 0.18229166666666666 0.21473354231974923 0.008333333333333333 0.01567398119122257
0 0.80625 0.20532915360501566 0.008333333333333333 0.01567398119122257
0 0.259375 0.3557993730407524 0.025 0.029780564263322883
0 0.38333333333333336 0.24921630094043887 0.009375 0.02037617554858934
0 0.44479166666666664 0.26489028213166144 0.009375 0.02037617554858934
0 0.015625 0.2413793103448276 0.005208333333333333 0.007836990595611285
0 0.33541666666666664 0.2115987460815047 0.008333333333333333 0.01567398119122257
0 0.55 0.3166144200626959 0.016666666666666666 0.03134796238244514
0 0.8479166666666667 0.33072100313479624 0.016666666666666666 0.03134796238244514
0 0.7020833333333333 0.23667711598746083 0.00625 0.009404388714733543
0 0.7895833333333333 0.2617554858934169 0.009375 0.02037617554858934
0 0.3333333333333333 0.23667711598746083 0.00625 0.009404388714733543
0 0.017708333333333333 0.15987460815047022 0.0 0.0
0 0.9541666666666667 0.3401253918495298 0.016666666666666666 0.03134796238244514
0 0.43020833333333336 0.219435736677116 0.008333333333333333 0.01567398119122257
0 0.32083333333333336 0.3824451410658307 0.025 0.029780564263322883
0 0.9697916666666667 0.2115987460815047 0.008333333333333333 0.01567398119122257
0 0.028125 0.28683385579937304 0.008333333333333333 0.017241379310344827
0 0.4739583333333333 0.20376175548589343 0.008333333333333333 0.01567398119122257
0 0.925 0.10658307210031348 0.0 0.0
0 0.5197916666666667 0.28996865203761757 0.009375 0.02037617554858934
0 0.725 0.21003134796238246 0.008333333333333333 0.01567398119122257
0 0.88125 0.44670846394984326 0.03854166666666667 0.10031347962382445
0 0.9145833333333333 0.19435736677115986 0.008333333333333333 0.01567398119122257
0 0.16770833333333332 0.23197492163009403 0.00625 0.009404388714733543
0 0.4395833333333333 0.3510971786833856 0.016666666666666666 0.03134796238244514
0 0.834375 0.28996865203761757 0.009375 0.02037617554858934
0 0.5229166666666667 0.2554858934169279 0.009375 0.02037617554858934
0 0.24375 0.15517241379310345 0.008333333333333333 0.01567398119122257
0 0.740625 0.3667711598746082 0.016666666666666666 0.03134796238244514
0 0.484375 0.25862068965517243 0.009375 0.02037617554858934
0 0.09166666666666666 0.18025078369905956 0.008333333333333333 0.01567398119122257
0 0.08125 0.2476489028213166 0.009375 0.02037617554858934
0 0.646875 0.45141065830721006 0.022916666666666665 0.05172413793103448
0 0.1 0.23197492163009403 0.00625 0.009404388714733543
0 0.9302083333333333 0.2884012539184953 0.009375 0.02037617554858934
0 0.853125 0.3667711598746082 0.016666666666666666 0.03134796238244514
0 0.5427083333333333 0.3667711598746082 0.016666666666666666 0.03134796238244514
0 0.4947916666666667 0.23981191222570533 0.00625 0.009404388714733543
0 0.071875 0.19278996865203762 0.008333333333333333 0.01567398119122257
0 0.008333333333333333 0.13479623824451412 0.0 0.0
0 0.428125 0.12852664576802508 0.008333333333333333 0.01567398119122257
0 0.7447916666666666 0.23510971786833856 0.00625 0.009404388714733543
0 0.6020833333333333 0.329153605015674 0.016666666666666666 0.03134796238244514
0 0.7958333333333333 0.3432601880877743 0.016666666666666666 0.03134796238244514
0 0.16041666666666668 0.30250783699059564 0.009375 0.02037617554858934
0 0.7708333333333334 0.30877742946708464 0.009375 0.02037617554858934
0 0.696875 0.335423197492163 0.016666666666666666 0.03134796238244514
0 0.7354166666666667 0.19278996865203762 0.008333333333333333 0.01567398119122257
0 0.096875 0.3432601880877743 0.016666666666666666 0.03134796238244514
0 0.17604166666666668 0.1426332288401254 0.008333333333333333 0.01567398119122257
0 0.79375 0.38557993730407525 0.016666666666666666 0.03134796238244514
0 0.15104166666666666 0.3401253918495298 0.016666666666666666 0.03134796238244514
0 0.9302083333333333 0.20219435736677116 0.008333333333333333 0.01567398119122257
0 0.309375 0.15203761755485892 0.008333333333333333 0.01567398119122257
0 0.27708333333333335 0.23510971786833856 0.00625 0.009404388714733543
0 0.2708333333333333 0.24921630094043887 0.009375 0.02037617554858934
0 0.0625 0.36363636363636365 0.025 0.029780564263322883
0 0.421875 0.2774294670846395 0.009375 0.02037617554858934
0 0.9416666666666667 0.1896551724137931 0.008333333333333333 0.01567398119122257
0 0.29583333333333334 0.3385579937304075 0.016666666666666666 0.03134796238244514
0 0.6489583333333333 0.27586206896551724 0.009375 0.02037617554858934
0 0.6104166666666667 0.21003134796238246 0.008333333333333333 0.01567398119122257
0 0.3177083333333333 0.21473354231974923 0.008333333333333333 0.01567398119122257
0 0.721875 0.2993730407523511 0.009375 0.02037617554858934
0 0.06145833333333333 0.3181818181818182 0.016666666666666666 0.03134796238244514
0 0.32395833333333335 0.2711598746081505 0.009375 0.02037617554858934
0 0.8520833333333333 0.1238244514106583 0.008333333333333333 0.01567398119122257
0 0.9104166666666667 0.27899686520376177 0.009375 0.02037617554858934
0 0.19166666666666668 0.2601880877742947 0.009375 0.02037617554858934
0 0.028125 0.19122257053291536 0.008333333333333333 0.01567398119122257
0 0.6770833333333334 0.2727272727272727 0.009375 0.02037617554858934
0 0.8364583333333333 0.335423197492163 0.016666666666666666 0.03134796238244514
0 0.846875 0.2962382445141066 0.009375 0.02037617554858934
0 0.484375 0.2946708463949843 0.009375 0.02037617554858934
0 0.11875 0.31191222570532917 0.00625 0.0109717868338558
0 0.04583333333333333 0.17711598746081506 0.008333333333333333 0.01567398119122257
0 0.15729166666666666 0.13793103448275862 0.008333333333333333 0.01567398119122257
0 0.771875 0.21003134796238246 0.008333333333333333 0.01567398119122257
0 0.17604166666666668 0.34796238244514105 0.016666666666666666 0.03134796238244514
0 0.8229166666666666 0.2476489028213166 0.009375 0.02037617554858934
0 0.12395833333333334 0.28213166144200624 0.009375 0.02037617554858934
0 0.4708333333333333 0.335423197492163 0.016666666666666666 0.03134796238244514
0 0.21875 0.18181818181818182 0.008333333333333333 0.01567398119122257
0 0.23645833333333333 0.32445141065830724 0.016666666666666666 0.03134796238244514
0 0.8791666666666667 0.1974921630094044 0.008333333333333333 0.01567398119122257
0 0.5520833333333334 0.20219435736677116 0.008333333333333333 0.01567398119122257
0 0.14270833333333333 0.13793103448275862 0.008333333333333333 0.01567398119122257
0 0.21979166666666666 0.28683385579937304 0.009375 0.02037617554858934
0 0.18645833333333334 0.14576802507836992 0.008333333333333333 0.01567398119122257
0 0.6229166666666667 0.20376175548589343 0.008333333333333333 0.01567398119122257
0 0.859375 0.2507836990595611 0.009375 0.02037617554858934
0 0.45729166666666665 0.3949843260188088 0.016666666666666666 0.03134796238244514
0 0.20520833333333333 0.3463949843260188 0.016666666666666666 0.03134796238244514
0 0.06041666666666667 0.13949843260188088 0.008333333333333333 0.01567398119122257
0 0.035416666666666666 0.13636363636363635 0.008333333333333333 0.01567398119122257
0 0.057291666666666664 0.18181818181818182 0.008333333333333333 0.01567398119122257
0 0.37916666666666665 0.38087774294670845 0.016666666666666666 0.03134796238244514
0 0.3614583333333333 0.2115987460815047 0.008333333333333333 0.01567398119122257
0 0.6791666666666667 0.43260188087774293 0.022916666666666665 0.05172413793103448
0 0.6416666666666667 0.2993730407523511 0.009375 0.02037617554858934
0 0.44166666666666665 0.3166144200626959 0.016666666666666666 0.03134796238244514
0 0.6958333333333333 0.29310344827586204 0.009375 0.02037617554858934
0 0.2791666666666667 0.29153605015673983 0.009375 0.02037617554858934
0 0.95 0.2664576802507837 0.009375 0.02037617554858934
0 0.8885416666666667 0.25705329153605017 0.009375 0.02037617554858934
0 0.41041666666666665 0.28056426332288403 0.009375 0.02037617554858934
0 0.8229166666666666 0.3056426332288401 0.009375 0.02037617554858934
0 0.10729166666666666 0.1724137931034483 0.008333333333333333 0.01567398119122257
0 0.06770833333333333 0.27899686520376177 0.009375 0.02037617554858934
0 0.021875 0.3275862068965517 0.014583333333333334 0.02664576802507837
0 0.7260416666666667 0.2601880877742947 0.009375 0.02037617554858934
0 0.7635416666666667 0.3401253918495298 0.016666666666666666 0.03134796238244514
0 0.159375 0.39184952978056425 0.025 0.029780564263322883
0 0.9 0.29153605015673983 0.009375 0.02037617554858934
0 0.2625 0.13479623824451412 0.008333333333333333 0.01567398119122257
0 0.8375 0.24921630094043887 0.009375 0.02037617554858934
0 0.278125 0.274294670846395 0.009375 0.02037617554858934
0 0.8958333333333334 0.30250783699059564 0.009375 0.02037617554858934
0 0.46979166666666666 0.29310344827586204 0.009375 0.02037617554858934
0 0.740625 0.3322884012539185 0.016666666666666666 0.03134796238244514
0 0.17083333333333334 0.28683385579937304 0.009375 0.02037617554858934
0 0.15208333333333332 0.17711598746081506 0.008333333333333333 0.01567398119122257
0 0.9416666666666667 0.3667711598746082 0.016666666666666666 0.03134796238244514
0 0.4041666666666667 0.33072100313479624 0.016666666666666666 0.03134796238244514
0 0.5614583333333333 0.24608150470219436 0.009375 0.02037617554858934
0 0.4875 0.3401253918495298 0.016666666666666666 0.03134796238244514
0 0.325 0.3072100313479624 0.009375 0.02037617554858934
0 0.3229166666666667 0.18808777429467086 0.008333333333333333 0.01567398119122257
0 0.26979166666666665 0.31191222570532917 0.00625 0.0109717868338558
0 0.06770833333333333 0.1786833855799373 0.008333333333333333 0.01567398119122257
0 0.08020833333333334 0.34796238244514105 0.016666666666666666 0.03134796238244514
0 0.6395833333333333 0.329153605015674 0.016666666666666666 0.03134796238244514
0 0.44479166666666664 0.12225705329153605 0.008333333333333333 0.01567398119122257
0 0.6677083333333333 0.38557993730407525 0.016666666666666666 0.03134796238244514
0 0.59375 0.28213166144200624 0.009375 0.02037617554858934
0 0.24166666666666667 0.17398119122257052 0.008333333333333333 0.01567398119122257
0 0.45416666666666666 0.29780564263322884 0.009375 0.02037617554858934
0 0.25833333333333336 0.2225705329153605 0.00625 0.009404388714733543
0 0.790625 0.21473354231974923 0.008333333333333333 0.01567398119122257
0 0.79375 0.42476489028213166 0.022916666666666665 0.05172413793103448
0 0.721875 0.3463949843260188 0.016666666666666666 0.03134796238244514
0 0.5416666666666666 0.2507836990595611 0.009375 0.02037617554858934
0 0.5083333333333333 0.34169278996865204 0.016666666666666666 0.03134796238244514
0 0.290625 0.3072100313479624 0.009375 0.02037617554858934
0 0.39166666666666666 0.33699059561128525 0.016666666666666666 0.03134796238244514
0 0.903125 0.1974921630094044 0.008333333333333333 0.01567398119122257
0 0.37916666666666665 0.27899686520376177 0.009375 0.02037617554858934
0 0.6375 0.23667711598746083 0.00625 0.009404388714733543
0 0.41458333333333336 0.4106583072100313 0.022916666666666665 0.05172413793103448
0 0.6583333333333333 0.3573667711598746 0.016666666666666666 0.03134796238244514
0 0.09479166666666666 0.27899686520376177 0.009375 0.02037617554858934
0 0.434375 0.2445141065830721 0.004166666666666667 0.004702194357366771
0 0.39895833333333336 0.3510971786833856 0.016666666666666666 0.03134796238244514
0 0.27395833333333336 0.164576802507837 0.008333333333333333 0.01567398119122257
0 0.37916666666666665 0.31504702194357365 0.00625 0.0109717868338558
0 0.23333333333333334 0.2115987460815047 0.008333333333333333 0.01567398119122257
0 0.6072916666666667 0.25391849529780564 0.009375 0.02037617554858934
0 0.12395833333333334 0.2413793103448276 0.00625 0.009404388714733543
0 0.13229166666666667 0.3824451410658307 0.025 0.029780564263322883
0 0.090625 0.2617554858934169 0.009375 0.02037617554858934
0 0.3 0.2601880877742947 0.009375 0.02037617554858934
0 0.08333333333333333 0.32601880877742945 0.016666666666666666 0.03134796238244514
0 0.728125 0.30407523510971785 0.009375 0.02037617554858934
0 0.042708333333333334 0.2476489028213166 0.009375 0.02037617554858934
0 0.771875 0.29310344827586204 0.009375 0.02037617554858934
0 0.04791666666666667 0.13322884012539185 0.008333333333333333 0.01567398119122257
0 0.5666666666666667 0.41379310344827586 0.022916666666666665 0.05172413793103448
0 0.17604166666666668 0.19592476489028213 0.008333333333333333 0.01567398119122257
0 0.43333333333333335 0.27586206896551724 0.009375 0.02037617554858934
0 0.05 0.24294670846394983 0.00625 0.009404388714733543
0 0.8729166666666667 0.28683385579937304 0.009375 0.02037617554858934
0 0.8958333333333334 0.109717868338558 0.008333333333333333 0.01567398119122257
0 0.390625 0.23981191222570533 0.00625 0.009404388714733543
0 0.9583333333333334 0.1974921630094044 0.008333333333333333 0.01567398119122257
0 0.903125 0.38087774294670845 0.03854166666666667 0.10031347962382445
0 0.5208333333333334 0.21630094043887146 0.008333333333333333 0.01567398119122257
0 0.4083333333333333 0.22413793103448276 0.00625 0.009404388714733543
0 0.04583333333333333 0.31504702194357365 0.00625 0.0109717868338558
0 0.6520833333333333 0.25862068965517243 0.009375 0.02037617554858934
0 0.4552083333333333 0.19592476489028213 0.008333333333333333 0.01567398119122257
0 0.48541666666666666 0.31347962382445144 0.00625 0.0109717868338558
0 0.659375 0.2962382445141066 0.009375 0.02037617554858934
0 0.21458333333333332 0.21786833855799373 0.008333333333333333 0.01567398119122257
0 0.5989583333333334 0.3103448275862069 0.009375 0.02037617554858934
0 0.6479166666666667 0.3432601880877743 0.016666666666666666 0.03134796238244514
0 0.40729166666666666 0.25391849529780564 0.009375 0.02037617554858934
0 0.9552083333333333 0.10031347962382445 0.0 0.0
0 0.384375 0.35266457680250785 0.016666666666666666 0.03134796238244514
0 0.11979166666666667 0.18181818181818182 0.008333333333333333 0.01567398119122257
0 0.753125 0.2836990595611285 0.009375 0.02037617554858934
0 0.3072916666666667 0.1896551724137931 0.008333333333333333 0.01567398119122257
0 0.86875 0.21630094043887146 0.008333333333333333 0.01567398119122257
0 0.91875 0.13009404388714735 0.008333333333333333 0.01567398119122257
0 0.9010416666666666 0.25391849529780564 0.009375 0.02037617554858934
0 0.4895833333333333 0.36363636363636365 0.016666666666666666 0.03134796238244514
0 0.5760416666666667 0.3166144200626959 0.016666666666666666 0.03134796238244514
0 0.23229166666666667 0.2601880877742947 0.009375 0.02037617554858934
0 0.9291666666666667 0.2225705329153605 0.00625 0.009404388714733543
0 0.5760416666666667 0.25235109717868337 0.009375 0.02037617554858934
0 0.4010416666666667 0.25391849529780564 0.009375 0.02037617554858934
