0 0.2675438596491228 0.28 0.027192982456140352 0.048484848484848485
0 0.5245614035087719 0.2290909090909091 0.014035087719298246 0.02303030303030303
0 0.6885964912280702 0.22181818181818183 0.012280701754385965 0.019393939393939394
0 0.20789473684210527 0.24606060606060606 0.02456140350877193 0.037575757575757575
0 0.46842105263157896 0.23030303030303031 0.014035087719298246 0.02303030303030303
0 0.9473684210526315 0.2206060606060606 0.009649122807017544 0.013333333333333334
0 0.5368421052631579 0.23393939393939395 0.009649122807017544 0.01696969696969697
0 0.35789473684210527 0.28 0.02017543859649123 0.03272727272727273
0 0.6236842105263158 0.23636363636363636 0.012280701754385965 0.019393939393939394
0 0.3201754385964912 0.2739393939393939 0.014912280701754385 0.03272727272727273
0 0.6342105263157894 0.21818181818181817 0.012280701754385965 0.019393939393939394
0 0.8201754385964912 0.29818181818181816 0.027192982456140352 0.05090909090909091
0 0.39824561403508774 0.28363636363636363 0.02280701754385965 0.03878787878787879
0 0.44298245614035087 0.2496969696969697 0.010526315789473684 0.019393939393939394
0 0.08070175438596491 0.33575757575757575 0.02982456140350877 0.0496969696969697
0 0.06403508771929825 0.296969696969697 0.02017543859649123 0.027878787878787878
0 0.2026315789473684 0.34545454545454546 0.04298245614035088 0.0703030303030303
0 0.7254385964912281 0.2690909090909091 0.012280701754385965 0.019393939393939394
0 0.7526315789473684 0.2581818181818182 0.02017543859649123 0.037575757575757575
0 0.793859649122807 0.2315151515151515 0.02017543859649123 0.037575757575757575
0 0.7763157894736842 0.3696969696969697 0.035964912280701755 0.07272727272727272
0 0.3973684210526316 0.2206060606060606 0.008771929824561403 0.014545454545454545
0 0.2982456140350877 0.32484848484848483 0.02280701754385965 0.037575757575757575
0 0.37719298245614036 0.23515151515151514 0.008771929824561403 0.014545454545454545
0 0.10175438596491228 0.22787878787878788 0.013157894736842105 0.024242424242424242
0 0.8008771929824562 0.20727272727272728 0.009649122807017544 0.01575757575757576
0 0.8850877192982456 0.2884848484848485 0.027192982456140352 0.05090909090909091
0 0.09035087719298246 0.2739393939393939 0.02017543859649123 0.027878787878787878
0 0.14298245614035088 0.32484848484848483 0.02982456140350877 0.0496969696969697
0 0.5640350877192982 0.2315151515151515 0.009649122807017544 0.01696969696969697
0 0.8605263157894737 0.2012121212121212 0.013157894736842105 0.02666666666666667
0 0.48333333333333334 0.2739393939393939 0.018421052631578946 0.02909090909090909
0 0.5789473684210527 0.24727272727272728 0.009649122807017544 0.01696969696969697
0 0.24912280701754386 0.2387878787878788 0.008771929824561403 0.014545454545454545
0 0.6403508771929824 0.2993939393939394 0.016666666666666666 0.03393939393939394
0 0.5070175438596491 0.22424242424242424 0.014035087719298246 0.02303030303030303
0 0.29210526315789476 0.2678787878787879 0.02894736842105263 0.04363636363636364
0 0.09210526315789473 0.24606060606060606 0.013157894736842105 0.024242424242424242
0 0.7175438596491228 0.22787878787878788 0.012280701754385965 0.019393939393939394
0 0.5710526315789474 0.3490909090909091 0.037719298245614034 0.06666666666666667
0 0.793859649122807 0.28484848484848485 0.027192982456140352 0.05090909090909091
0 0.4631578947368421 0.29818181818181816 0.02017543859649123 0.03272727272727273
0 0.4903508771929825 0.24606060606060606 0.014035087719298246 0.02303030303030303
0 0.2710526315789474 0.24242424242424243 0.008771929824561403 0.014545454545454545
0 0.6631578947368421 0.25212121212121213 0.012280701754385965 0.019393939393939394
0 0.9701754385964912 0.22666666666666666 0.018421052631578946 0.027878787878787878
0 0.6789473684210526 0.20606060606060606 0.009649122807017544 0.01696969696969697
0 0.23771929824561402 0.2315151515151515 0.008771929824561403 0.014545454545454545
0 0.6447368421052632 0.2206060606060606 0.012280701754385965 0.019393939393939394
0 0.6964912280701754 0.3381818181818182 0.016666666666666666 0.03393939393939394
0 0.8228070175438597 0.19393939393939394 0.008771929824561403 0.014545454545454545
0 0.4149122807017544 0.2872727272727273 0.02017543859649123 0.03272727272727273
0 0.9552631578947368 0.20242424242424242 0.012280701754385965 0.020606060606060607
0 0.36140350877192984 0.26181818181818184 0.014035087719298246 0.025454545454545455
0 0.6640350877192982 0.21333333333333335 0.009649122807017544 0.01696969696969697
0 0.12017543859649123 0.24606060606060606 0.013157894736842105 0.024242424242424242
0 0.6333333333333333 0.24 0.012280701754385965 0.019393939393939394
0 0.02456140350877193 0.24606060606060606 0.013157894736842105 0.024242424242424242
0 0.4236842105263158 0.22666666666666666 0.008771929824561403 0.014545454545454545
0 0.7464912280701754 0.2084848484848485 0.009649122807017544 0.01696969696969697
0 0.8701754385964913 0.33454545454545453 0.034210526315789476 0.06787878787878789
0 0.6991228070175438 0.2642424242424242 0.012280701754385965 0.019393939393939394
0 0.4982456140350877 0.2727272727272727 0.018421052631578946 0.02909090909090909
0 0.6614035087719298 0.23515151515151514 0.012280701754385965 0.019393939393939394
0 0.7640350877192983 0.28606060606060607 0.027192982456140352 0.05090909090909091
0 0.03859649122807018 0.3115151515151515 0.02017543859649123 0.027878787878787878
0 0.5078947368421053 0.24242424242424243 0.014035087719298246 0.02303030303030303
0 0.5535087719298246 0.22666666666666666 0.009649122807017544 0.01696969696969697
0 0.8991228070175439 0.2096969696969697 0.012280701754385965 0.020606060606060607
0 0.9280701754385965 0.30787878787878786 0.027192982456140352 0.05090909090909091
0 0.5622807017543859 0.2775757575757576 0.018421052631578946 0.02909090909090909
0 0.03333333333333333 0.2545454545454545 0.013157894736842105 0.024242424242424242
0 0.9868421052631579 0.21818181818181817 0.012280701754385965 0.01575757575757576
0 0.6964912280701754 0.21454545454545454 0.009649122807017544 0.01696969696969697
0 0.9008771929824562 0.2315151515151515 0.018421052631578946 0.027878787878787878
0 0.7271929824561404 0.21454545454545454 0.009649122807017544 0.01696969696969697
0 0.005263157894736842 0.2581818181818182 0.018421052631578946 0.02666666666666667
0 0.1631578947368421 0.2545454545454545 0.015789473684210527 0.02909090909090909
0 0.95 0.33090909090909093 0.034210526315789476 0.06787878787878789
0 0.21754385964912282 0.23272727272727273 0.008771929824561403 0.014545454545454545
0 0.8570175438596491 0.22666666666666666 0.013157894736842105 0.02666666666666667
0 0.23596491228070177 0.24484848484848484 0.008771929824561403 0.014545454545454545
0 0.6666666666666666 0.22303030303030302 0.012280701754385965 0.019393939393939394
0 0.7929824561403509 0.21454545454545454 0.009649122807017544 0.01575757575757576
0 0.39824561403508774 0.23515151515151514 0.008771929824561403 0.014545454545454545
0 0.49122807017543857 0.3527272727272727 0.037719298245614034 0.06666666666666667
0 0.7298245614035088 0.3406060606060606 0.016666666666666666 0.03393939393939394
0 0.6491228070175439 0.23636363636363636 0.012280701754385965 0.019393939393939394
0 0.34649122807017546 0.22666666666666666 0.014035087719298246 0.025454545454545455
0 0.9912280701754386 0.27151515151515154 0.012280701754385965 0.01575757575757576
0 0.8254385964912281 0.21454545454545454 0.013157894736842105 0.02666666666666667
0 0.9298245614035088 0.19757575757575757 0.012280701754385965 0.020606060606060607
0 0.4166666666666667 0.2496969696969697 0.008771929824561403 0.014545454545454545
0 0.9315789473684211 0.2593939393939394 0.018421052631578946 0.027878787878787878
0 0.543859649122807 0.2509090909090909 0.015789473684210527 0.030303030303030304
