0 0.24 0.28994082840236685 0.025 0.05325443786982249
0 0.9583333333333334 0.22781065088757396 0.015 0.03550295857988166
0 0.4816666666666667 0.21597633136094674 0.025 0.05325443786982249
0 0.06333333333333334 0.9230769230769231 0.058333333333333334 0.11834319526627218
0 0.035 0.3165680473372781 0.016666666666666666 0.047337278106508875
0 0.2816666666666667 0.21301775147928995 0.025 0.05325443786982249
0 0.17333333333333334 0.28106508875739644 0.025 0.05325443786982249
0 0.5383333333333333 0.14792899408284024 0.015 0.03550295857988166
0 0.23333333333333334 0.4408284023668639 0.03666666666666667 0.0650887573964497
0 0.64 0.35798816568047337 0.043333333333333335 0.07692307692307693
0 0.85 0.21893491124260356 0.025 0.05325443786982249
0 0.6583333333333333 0.14497041420118342 0.016666666666666666 0.038461538461538464
0 0.835 0.2455621301775148 0.025 0.05325443786982249
0 0.5633333333333334 0.14497041420118342 0.021666666666666667 0.047337278106508875
0 0.65 0.8964497041420119 0.07 0.14201183431952663
0 0.535 0.33727810650887574 0.016666666666666666 0.047337278106508875
0 0.915 0.19822485207100593 0.015 0.03550295857988166
0 0.6 0.21005917159763313 0.025 0.05325443786982249
0 0.815 0.1804733727810651 0.015 0.03550295857988166
0 0.8733333333333333 0.20118343195266272 0.015 0.03550295857988166
0 0.57 0.4940828402366864 0.043333333333333335 0.07692307692307693
0 0.9216666666666666 0.15088757396449703 0.016666666666666666 0.038461538461538464
0 0.125 0.5710059171597633 0.058333333333333334 0.11834319526627218
0 0.995 0.3816568047337278 0.043333333333333335 0.07692307692307693
0 0.37333333333333335 0.47041420118343197 0.03666666666666667 0.0650887573964497
0 0.7366666666666667 0.20710059171597633 0.025 0.05325443786982249
0 0.24166666666666667 0.3698224852071006 0.03666666666666667 0.0650887573964497
0 0.9683333333333334 0.20118343195266272 0.015 0.03550295857988166
0 0.415 0.3757396449704142 0.03666666666666667 0.0650887573964497
0 0.9566666666666667 0.40532544378698226 0.043333333333333335 0.07692307692307693
0 0.46166666666666667 0.1952662721893491 0.015 0.03550295857988166
0 0.05333333333333334 0.2869822485207101 0.025 0.05325443786982249
0 0.32 0.2603550295857988 0.025 0.05325443786982249
0 0.895 0.42011834319526625 0.043333333333333335 0.07692307692307693
0 0.5533333333333333 0.21597633136094674 0.025 0.05325443786982249
0 0.16833333333333333 0.3076923076923077 0.025 0.05325443786982249
0 0.8433333333333334 0.2958579881656805 0.025 0.05325443786982249
0 0.9 0.1893491124260355 0.015 0.03550295857988166
0 0.7816666666666666 0.15088757396449703 0.015 0.03550295857988166
0 0.64 0.27218934911242604 0.025 0.05325443786982249
0 0.7033333333333334 0.15680473372781065 0.016666666666666666 0.038461538461538464
0 0.5116666666666667 0.23076923076923078 0.025 0.05325443786982249
0 0.385 0.1952662721893491 0.015 0.03550295857988166
0 0.10333333333333333 0.2455621301775148 0.025 0.05325443786982249
0 0.8433333333333334 0.17751479289940827 0.015 0.03550295857988166
0 0.21833333333333332 0.21893491124260356 0.025 0.05325443786982249
0 0.365 0.20414201183431951 0.025 0.05325443786982249
0 0.6 0.257396449704142 0.025 0.05325443786982249
0 0.7966666666666666 0.23076923076923078 0.025 0.05325443786982249
0 0.13333333333333333 0.22189349112426035 0.025 0.05325443786982249
0 0.8833333333333333 0.10355029585798817 0.015 0.03550295857988166
0 0.4 0.1893491124260355 0.015 0.03550295857988166
0 0.5316666666666666 0.9644970414201184 0.07 0.14201183431952663
0 0.4583333333333333 0.3047337278106509 0.025 0.05325443786982249
0 0.6166666666666667 0.16863905325443787 0.015 0.03550295857988166
0 0.4683333333333333 0.4319526627218935 0.023333333333333334 0.05325443786982249
0 0.6283333333333333 0.4526627218934911 0.043333333333333335 0.07692307692307693
0 0.11 0.3905325443786982 0.03666666666666667 0.0650887573964497
0 0.23666666666666666 0.33727810650887574 0.016666666666666666 0.047337278106508875
0 0.35833333333333334 0.3875739644970414 0.03666666666666667 0.0650887573964497
0 0.6933333333333334 0.20710059171597633 0.025 0.05325443786982249
0 0.725 0.15088757396449703 0.016666666666666666 0.038461538461538464
0 0.15666666666666668 0.6982248520710059 0.058333333333333334 0.11834319526627218
0 0.7466666666666667 0.2988165680473373 0.025 0.05325443786982249
0 0.3016666666666667 0.3136094674556213 0.025 0.05325443786982249
0 0.7183333333333334 0.3431952662721893 0.02 0.05621301775147929
0 0.6683333333333333 0.17751479289940827 0.015 0.03550295857988166
0 0.15333333333333332 0.22189349112426035 0.025 0.05325443786982249
0 0.555 0.6538461538461539 0.07 0.14201183431952663
0 0.5916666666666667 0.16272189349112426 0.021666666666666667 0.047337278106508875
0 0.30833333333333335 0.3994082840236686 0.03666666666666667 0.0650887573964497
0 0.9316666666666666 0.1804733727810651 0.015 0.03550295857988166
0 0.8916666666666667 0.15384615384615385 0.016666666666666666 0.038461538461538464
0 0.2683333333333333 0.19230769230769232 0.015 0.03550295857988166
0 0.5516666666666666 0.17455621301775148 0.015 0.03550295857988166
0 0.52 0.30177514792899407 0.025 0.05325443786982249
0 0.79 0.14792899408284024 0.02 0.04437869822485207
0 0.8583333333333333 0.34911242603550297 0.043333333333333335 0.07692307692307693
0 0.5566666666666666 0.13609467455621302 0.02 0.04437869822485207
0 0.8166666666666667 0.21301775147928995 0.025 0.05325443786982249
0 0.775 0.3994082840236686 0.043333333333333335 0.07692307692307693
0 0.6383333333333333 0.20414201183431951 0.025 0.05325443786982249
0 0.41333333333333333 0.23372781065088757 0.025 0.05325443786982249
0 0.02666666666666667 0.7396449704142012 0.058333333333333334 0.11834319526627218
0 0.19 0.22485207100591717 0.025 0.05325443786982249
0 0.455 0.17159763313609466 0.015 0.03550295857988166
0 0.11333333333333333 0.2692307692307692 0.025 0.05325443786982249
0 0.9766666666666667 0.3076923076923077 0.02 0.05621301775147929
0 0.45166666666666666 0.257396449704142 0.025 0.05325443786982249
0 0.66 0.23372781065088757 0.025 0.05325443786982249
0 0.5216666666666666 0.24260355029585798 0.025 0.05325443786982249
0 0.43666666666666665 0.1863905325443787 0.015 0.03550295857988166
0 0.425 0.15976331360946747 0.015 0.03550295857988166
0 0.7466666666666667 0.26627218934911245 0.025 0.05325443786982249
0 0.56 0.21005917159763313 0.025 0.05325443786982249
0 0.89 0.23076923076923078 0.025 0.05325443786982249
0 0.29 0.3609467455621302 0.03666666666666667 0.0650887573964497
0 0.295 0.17751479289940827 0.015 0.03550295857988166
0 0.77 0.17159763313609466 0.015 0.03550295857988166
0 0.9833333333333333 0.1893491124260355 0.015 0.03550295857988166
0 0.775 0.2603550295857988 0.025 0.05325443786982249
0 0.10333333333333333 0.21893491124260356 0.025 0.05325443786982249
0 0.685 0.17159763313609466 0.015 0.03550295857988166
0 0.27166666666666667 0.8195266272189349 0.058333333333333334 0.11834319526627218
0 0.745 0.17751479289940827 0.015 0.03550295857988166
0 0.645 0.2514792899408284 0.025 0.05325443786982249
0 0.895 0.26331360946745563 0.025 0.05325443786982249
0 0.23 0.22189349112426035 0.025 0.05325443786982249
0 0.7216666666666667 0.24260355029585798 0.025 0.05325443786982249
0 0.74 0.15088757396449703 0.015 0.03550295857988166
0 0.8 0.7041420118343196 0.07 0.14201183431952663
0 0.8816666666666667 0.32840236686390534 0.02 0.05621301775147929
0 0.6833333333333333 0.14792899408284024 0.016666666666666666 0.038461538461538464
0 0.51 0.16568047337278108 0.015 0.03550295857988166
0 0.43833333333333335 0.21893491124260356 0.025 0.05325443786982249
0 0.635 0.2958579881656805 0.025 0.05325443786982249
0 0.99 0.5976331360946746 0.058333333333333334 0.11834319526627218
0 0.435 0.35798816568047337 0.03666666666666667 0.0650887573964497
0 0.3416666666666667 0.1952662721893491 0.015 0.03550295857988166
0 0.08166666666666667 0.28994082840236685 0.025 0.05325443786982249
0 0.7283333333333334 0.1893491124260355 0.015 0.03550295857988166
0 0.3383333333333333 0.34615384615384615 0.013333333333333334 0.026627218934911243
0 0.755 0.22485207100591717 0.025 0.05325443786982249
0 0.005 0.24260355029585798 0.016666666666666666 0.047337278106508875
0 0.6033333333333334 0.14497041420118342 0.021666666666666667 0.047337278106508875
0 0.8 0.4349112426035503 0.043333333333333335 0.07692307692307693
0 0.2833333333333333 0.22781065088757396 0.025 0.05325443786982249
0 0.315 0.606508875739645 0.058333333333333334 0.11834319526627218
0 0.7383333333333333 0.40532544378698226 0.043333333333333335 0.07692307692307693
0 0.17833333333333334 0.21301775147928995 0.025 0.05325443786982249
0 0.6733333333333333 0.3224852071005917 0.02 0.05621301775147929
0 0.20833333333333334 0.2781065088757396 0.025 0.05325443786982249
0 0.17333333333333334 0.3698224852071006 0.03666666666666667 0.0650887573964497
0 0.6883333333333334 0.4230769230769231 0.043333333333333335 0.07692307692307693
0 0.6266666666666667 0.14792899408284024 0.02 0.04437869822485207
0 0.8216666666666667 0.3668639053254438 0.043333333333333335 0.07692307692307693
0 0.0016666666666666668 0.4881656804733728 0.03333333333333333 0.10650887573964497
0 0.6583333333333333 0.1952662721893491 0.015 0.03550295857988166
0 0.495 0.16863905325443787 0.015 0.03550295857988166
0 0.505 0.3343195266272189 0.016666666666666666 0.047337278106508875
0 0.32166666666666666 0.21893491124260356 0.025 0.05325443786982249
0 0.5283333333333333 0.21597633136094674 0.025 0.05325443786982249
0 0.3333333333333333 0.1804733727810651 0.015 0.03550295857988166
0 0.5866666666666667 0.35502958579881655 0.043333333333333335 0.07692307692307693
0 0.75 0.5029585798816568 0.043333333333333335 0.07692307692307693
0 0.06833333333333333 0.2485207100591716 0.025 0.05325443786982249
0 0.7933333333333333 0.1952662721893491 0.015 0.03550295857988166
0 0.9416666666666667 0.257396449704142 0.016666666666666666 0.047337278106508875
0 0.02666666666666667 0.22781065088757396 0.025 0.05325443786982249
0 0.006666666666666667 0.3668639053254438 0.03666666666666667 0.0650887573964497
0 0.37833333333333335 0.29289940828402367 0.025 0.05325443786982249
0 0.08 0.3698224852071006 0.03666666666666667 0.0650887573964497
0 0.42333333333333334 0.28106508875739644 0.025 0.05325443786982249
0 0.9133333333333333 0.15680473372781065 0.016666666666666666 0.038461538461538464
