0 0.945273631840796 0.7444029850746269 0.022388059701492536 0.04664179104477612
0 0.08208955223880597 0.46455223880597013 0.008706467661691543 0.014925373134328358
0 0.8694029850746269 0.24067164179104478 0.008706467661691543 0.016791044776119403
0 0.9738805970149254 0.23694029850746268 0.008706467661691543 0.016791044776119403
0 0.08333333333333333 0.5093283582089553 0.008706467661691543 0.014925373134328358
0 0.1865671641791045 0.40298507462686567 0.008706467661691543 0.014925373134328358
0 0.9825870646766169 0.40671641791044777 0.008706467661691543 0.014925373134328358
0 0.2947761194029851 0.5671641791044776 0.008706467661691543 0.014925373134328358
0 0.6144278606965174 0.10820895522388059 0.008706467661691543 0.016791044776119403
0 0.8631840796019901 0.17350746268656717 0.008706467661691543 0.016791044776119403
0 0.13805970149253732 0.29850746268656714 0.008706467661691543 0.016791044776119403
0 0.2835820895522388 0.9347014925373134 0.03109452736318408 0.0708955223880597
0 0.5895522388059702 0.3787313432835821 0.008706467661691543 0.014925373134328358
0 0.5062189054726368 0.18470149253731344 0.008706467661691543 0.016791044776119403
0 0.39054726368159204 0.24067164179104478 0.008706467661691543 0.016791044776119403
0 0.6753731343283582 0.5578358208955224 0.008706467661691543 0.014925373134328358
0 0.4054726368159204 0.4123134328358209 0.008706467661691543 0.014925373134328358
0 0.5883084577114428 0.27798507462686567 0.008706467661691543 0.016791044776119403
0 0.9427860696517413 0.47201492537313433 0.008706467661691543 0.014925373134328358
0 0.7512437810945274 0.09328358208955224 0.008706467661691543 0.016791044776119403
0 0.996268656716418 0.9272388059701493 0.02736318407960199 0.033582089552238806
0 0.527363184079602 0.2835820895522388 0.008706467661691543 0.016791044776119403
0 0.39054726368159204 0.11194029850746269 0.008706467661691543 0.016791044776119403
0 0.8532338308457711 0.16977611940298507 0.008706467661691543 0.016791044776119403
0 0.6131840796019901 0.26492537313432835 0.008706467661691543 0.016791044776119403
0 0.9577114427860697 0.36007462686567165 0.008706467661691543 0.014925373134328358
0 0.1828358208955224 0.08582089552238806 0.008706467661691543 0.016791044776119403
0 0.681592039800995 0.24067164179104478 0.008706467661691543 0.016791044776119403
0 0.8233830845771144 0.24813432835820895 0.008706467661691543 0.016791044776119403
0 0.8905472636815921 0.6436567164179104 0.022388059701492536 0.04664179104477612
0 0.03109452736318408 0.31156716417910446 0.008706467661691543 0.014925373134328358
0 0.6554726368159204 0.23507462686567165 0.008706467661691543 0.016791044776119403
0 0.845771144278607 0.15485074626865672 0.008706467661691543 0.016791044776119403
0 0.6430348258706468 0.22761194029850745 0.008706467661691543 0.016791044776119403
0 0.7437810945273632 0.5970149253731343 0.008706467661691543 0.014925373134328358
0 0.5559701492537313 0.4944029850746269 0.008706467661691543 0.014925373134328358
0 0.5659203980099502 0.503731343283582 0.008706467661691543 0.014925373134328358
0 0.931592039800995 0.4253731343283582 0.008706467661691543 0.014925373134328358
0 0.7487562189054726 0.14365671641791045 0.008706467661691543 0.016791044776119403
0 0.34328358208955223 0.11567164179104478 0.008706467661691543 0.016791044776119403
0 0.021144278606965175 0.5578358208955224 0.008706467661691543 0.014925373134328358
0 0.6069651741293532 0.7052238805970149 0.03109452736318408 0.061567164179104475
0 0.17786069651741293 0.47761194029850745 0.008706467661691543 0.014925373134328358
0 0.5771144278606966 0.4701492537313433 0.008706467661691543 0.014925373134328358
0 0.845771144278607 0.2555970149253731 0.008706467661691543 0.016791044776119403
0 0.9813432835820896 0.5074626865671642 0.008706467661691543 0.014925373134328358
0 0.15422885572139303 0.1455223880597015 0.008706467661691543 0.016791044776119403
0 0.47885572139303484 0.25 0.008706467661691543 0.016791044776119403
0 0.4664179104477612 0.5802238805970149 0.008706467661691543 0.014925373134328358
0 0.7997512437810945 0.7425373134328358 0.026119402985074626 0.048507462686567165
0 0.42661691542288555 0.9832089552238806 0.02736318407960199 0.033582089552238806
0 0.006218905472636816 0.7276119402985075 0.012437810945273632 0.018656716417910446
0 0.10323383084577115 0.5671641791044776 0.008706467661691543 0.014925373134328358
0 0.7860696517412935 0.44216417910447764 0.008706467661691543 0.014925373134328358
0 0.3656716417910448 0.3824626865671642 0.008706467661691543 0.014925373134328358
0 0.3619402985074627 0.7518656716417911 0.02736318407960199 0.03917910447761194
0 0.7935323383084577 0.3656716417910448 0.008706467661691543 0.014925373134328358
0 0.2512437810945274 0.5205223880597015 0.008706467661691543 0.014925373134328358
0 0.47139303482587064 0.30597014925373134 0.008706467661691543 0.016791044776119403
0 0.5497512437810945 0.3824626865671642 0.008706467661691543 0.014925373134328358
0 0.554726368159204 0.27425373134328357 0.008706467661691543 0.016791044776119403
0 0.39427860696517414 0.19402985074626866 0.008706467661691543 0.016791044776119403
0 0.9116915422885572 0.3787313432835821 0.008706467661691543 0.014925373134328358
0 0.23756218905472637 0.6828358208955224 0.02736318407960199 0.03917910447761194
0 0.09825870646766169 0.30783582089552236 0.008706467661691543 0.014925373134328358
0 0.32213930348258707 0.4664179104477612 0.008706467661691543 0.014925373134328358
0 0.8482587064676617 0.8003731343283582 0.02736318407960199 0.04664179104477612
0 0.2126865671641791 0.5652985074626866 0.008706467661691543 0.014925373134328358
0 0.4763681592039801 0.16791044776119404 0.008706467661691543 0.016791044776119403
0 0.3917910447761194 0.8675373134328358 0.026119402985074626 0.05970149253731343
0 0.277363184079602 0.4552238805970149 0.008706467661691543 0.014925373134328358
0 0.2064676616915423 0.34328358208955223 0.008706467661691543 0.014925373134328358
0 0.8868159203980099 0.789179104477612 0.02736318407960199 0.04664179104477612
0 0.4116915422885572 0.3917910447761194 0.008706467661691543 0.014925373134328358
0 0.24751243781094528 0.3843283582089552 0.008706467661691543 0.014925373134328358
0 0.6082089552238806 0.5876865671641791 0.008706467661691543 0.014925373134328358
0 0.5373134328358209 0.5727611940298507 0.008706467661691543 0.014925373134328358
0 0.19402985074626866 0.29850746268656714 0.008706467661691543 0.016791044776119403
0 0.4664179104477612 0.7574626865671642 0.02736318407960199 0.033582089552238806
0 0.4116915422885572 0.2966417910447761 0.008706467661691543 0.016791044776119403
0 0.21766169154228857 0.4701492537313433 0.008706467661691543 0.014925373134328358
0 0.5659203980099502 0.11940298507462686 0.008706467661691543 0.016791044776119403
0 0.39054726368159204 0.5485074626865671 0.008706467661691543 0.014925373134328358
0 0.11940298507462686 0.47761194029850745 0.008706467661691543 0.014925373134328358
0 0.26865671641791045 0.40671641791044777 0.008706467661691543 0.014925373134328358
0 0.01990049751243781 0.5223880597014925 0.008706467661691543 0.014925373134328358
0 0.9216417910447762 0.18097014925373134 0.008706467661691543 0.016791044776119403
0 0.35945273631840796 0.6175373134328358 0.008706467661691543 0.014925373134328358
0 0.30223880597014924 0.7164179104477612 0.02736318407960199 0.03917910447761194
0 0.16791044776119404 0.2891791044776119 0.008706467661691543 0.016791044776119403
0 0.24004975124378108 0.40671641791044777 0.008706467661691543 0.014925373134328358
0 0.472636815920398 0.21455223880597016 0.008706467661691543 0.016791044776119403
0 0.914179104477612 0.24067164179104478 0.008706467661691543 0.016791044776119403
0 0.8283582089552238 0.35261194029850745 0.008706467661691543 0.014925373134328358
0 0.5323383084577115 0.17164179104477612 0.008706467661691543 0.016791044776119403
0 0.6144278606965174 0.23507462686567165 0.008706467661691543 0.016791044776119403
0 0.2810945273631841 0.31156716417910446 0.008706467661691543 0.014925373134328358
0 0.12686567164179105 0.9682835820895522 0.033582089552238806 0.061567164179104475
0 0.7039800995024875 0.6138059701492538 0.008706467661691543 0.014925373134328358
0 0.9054726368159204 0.42350746268656714 0.008706467661691543 0.014925373134328358
0 0.35199004975124376 0.1044776119402985 0.008706467661691543 0.016791044776119403
0 0.4539800995024876 0.2966417910447761 0.008706467661691543 0.016791044776119403
0 0.277363184079602 0.6772388059701493 0.02736318407960199 0.03917910447761194
0 0.3370646766169154 0.34888059701492535 0.008706467661691543 0.014925373134328358
0 0.6977611940298507 0.2593283582089552 0.008706467661691543 0.016791044776119403
0 0.5783582089552238 0.26119402985074625 0.008706467661691543 0.016791044776119403
0 0.5920398009950248 0.251865671641791 0.008706467661691543 0.016791044776119403
0 0.5323383084577115 0.25 0.008706467661691543 0.016791044776119403
0 0.7910447761194029 0.43097014925373134 0.008706467661691543 0.014925373134328358
0 0.24751243781094528 0.628731343283582 0.012437810945273632 0.022388059701492536
0 0.8109452736318408 0.5876865671641791 0.008706467661691543 0.014925373134328358
0 0.8420398009950248 0.39925373134328357 0.008706467661691543 0.014925373134328358
0 0.36691542288557216 0.30783582089552236 0.008706467661691543 0.014925373134328358
0 0.7661691542288557 1.007462686567164 0.029850746268656716 0.06529850746268656
0 0.5497512437810945 0.2332089552238806 0.008706467661691543 0.016791044776119403
0 0.7425373134328358 0.2126865671641791 0.008706467661691543 0.016791044776119403
0 0.8843283582089553 0.7126865671641791 0.022388059701492536 0.04664179104477612
0 0.3420398009950249 0.8843283582089553 0.026119402985074626 0.05970149253731343
0 0.9651741293532339 0.4869402985074627 0.008706467661691543 0.014925373134328358
0 0.4639303482587065 0.39365671641791045 0.008706467661691543 0.014925373134328358
0 0.9017412935323383 0.5447761194029851 0.008706467661691543 0.014925373134328358
0 0.7699004975124378 0.292910447761194 0.008706467661691543 0.016791044776119403
0 0.5485074626865671 0.9440298507462687 0.03482587064676617 0.05970149253731343
0 0.7338308457711443 0.24813432835820895 0.008706467661691543 0.016791044776119403
0 0.417910447761194 0.5690298507462687 0.008706467661691543 0.014925373134328358
0 0.04228855721393035 0.40671641791044777 0.008706467661691543 0.014925373134328358
0 0.5870646766169154 0.22388059701492538 0.008706467661691543 0.016791044776119403
0 0.7139303482587065 0.36380597014925375 0.008706467661691543 0.014925373134328358
0 0.38930348258706465 0.3917910447761194 0.008706467661691543 0.014925373134328358
0 0.36069651741293535 0.1865671641791045 0.008706467661691543 0.016791044776119403
0 0.1654228855721393 0.10261194029850747 0.008706467661691543 0.016791044776119403
0 0.36318407960199006 0.2630597014925373 0.008706467661691543 0.016791044776119403
0 0.5920398009950248 0.25 0.008706467661691543 0.016791044776119403
0 0.3271144278606965 0.20149253731343283 0.008706467661691543 0.016791044776119403
0 0.1455223880597015 0.48507462686567165 0.008706467661691543 0.014925373134328358
0 0.6218905472636815 0.503731343283582 0.008706467661691543 0.014925373134328358
0 0.3034825870646766 0.30597014925373134 0.008706467661691543 0.014925373134328358
0 0.17412935323383086 0.15485074626865672 0.008706467661691543 0.016791044776119403
0 0.5199004975124378 0.2537313432835821 0.008706467661691543 0.016791044776119403
0 0.008706467661691543 0.582089552238806 0.008706467661691543 0.014925373134328358
0 0.2263681592039801 0.417910447761194 0.008706467661691543 0.014925373134328358
0 0.20149253731343283 0.15298507462686567 0.008706467661691543 0.016791044776119403
0 0.6007462686567164 0.539179104477612 0.008706467661691543 0.014925373134328358
0 0.7437810945273632 0.27798507462686567 0.008706467661691543 0.016791044776119403
0 0.33955223880597013 1.007462686567164 0.02736318407960199 0.033582089552238806
0 0.804726368159204 0.5093283582089553 0.008706467661691543 0.014925373134328358
0 0.5472636815920398 0.5522388059701493 0.008706467661691543 0.014925373134328358
0 0.9191542288557214 0.19962686567164178 0.008706467661691543 0.016791044776119403
0 0.6803482587064676 0.28171641791044777 0.008706467661691543 0.016791044776119403
0 0.4962686567164179 0.30223880597014924 0.008706467661691543 0.016791044776119403
0 0.7263681592039801 0.27238805970149255 0.008706467661691543 0.016791044776119403
0 0.1517412935323383 0.27798507462686567 0.008706467661691543 0.016791044776119403
0 0.5435323383084577 0.18470149253731344 0.008706467661691543 0.016791044776119403
0 0.44154228855721395 0.4869402985074627 0.008706467661691543 0.014925373134328358
0 0.7350746268656716 0.957089552238806 0.029850746268656716 0.06529850746268656
0 0.8606965174129353 0.8488805970149254 0.02736318407960199 0.04664179104477612
0 0.3793532338308458 0.41044776119402987 0.008706467661691543 0.014925373134328358
0 0.9415422885572139 0.21455223880597016 0.008706467661691543 0.016791044776119403
0 0.835820895522388 0.27798507462686567 0.008706467661691543 0.016791044776119403
0 0.3383084577114428 0.6828358208955224 0.02736318407960199 0.03917910447761194
0 0.055970149253731345 0.30597014925373134 0.008706467661691543 0.014925373134328358
0 0.2885572139303483 0.4608208955223881 0.008706467661691543 0.014925373134328358
0 0.44154228855721395 0.40111940298507465 0.008706467661691543 0.014925373134328358
0 0.32960199004975127 0.3246268656716418 0.008706467661691543 0.014925373134328358
0 0.6293532338308457 0.1791044776119403 0.008706467661691543 0.016791044776119403
0 0.9241293532338308 0.48134328358208955 0.008706467661691543 0.014925373134328358
0 0.8544776119402985 0.5205223880597015 0.008706467661691543 0.014925373134328358
0 0.7201492537313433 0.23880597014925373 0.008706467661691543 0.016791044776119403
0 0.5360696517412935 0.45149253731343286 0.008706467661691543 0.014925373134328358
0 0.6305970149253731 0.5410447761194029 0.008706467661691543 0.014925373134328358
0 0.8743781094527363 0.2835820895522388 0.008706467661691543 0.016791044776119403
0 0.2947761194029851 0.5354477611940298 0.008706467661691543 0.014925373134328358
0 0.3843283582089552 0.47201492537313433 0.008706467661691543 0.014925373134328358
0 0.5497512437810945 0.11753731343283583 0.008706467661691543 0.016791044776119403
0 0.4639303482587065 0.43656716417910446 0.008706467661691543 0.014925373134328358
0 0.6990049751243781 0.457089552238806 0.008706467661691543 0.014925373134328358
0 0.6405472636815921 0.35261194029850745 0.008706467661691543 0.014925373134328358
0 0.8681592039800995 0.24253731343283583 0.008706467661691543 0.016791044776119403
0 0.917910447761194 0.21455223880597016 0.008706467661691543 0.016791044776119403
0 0.5870646766169154 0.18097014925373134 0.008706467661691543 0.016791044776119403
0 0.6094527363184079 0.21082089552238806 0.008706467661691543 0.016791044776119403
0 0.6840796019900498 0.6902985074626866 0.02736318407960199 0.033582089552238806
0 0.7922885572139303 0.3694029850746269 0.008706467661691543 0.014925373134328358
0 0.8606965174129353 0.35447761194029853 0.008706467661691543 0.014925373134328358
0 0.6716417910447762 0.251865671641791 0.008706467661691543 0.016791044776119403
0 0.7549751243781094 0.44029850746268656 0.008706467661691543 0.014925373134328358
0 0.17288557213930347 0.5447761194029851 0.008706467661691543 0.014925373134328358
0 0.6803482587064676 0.23880597014925373 0.008706467661691543 0.016791044776119403
0 0.48507462686567165 0.21641791044776118 0.008706467661691543 0.016791044776119403
0 0.7562189054726368 0.2947761194029851 0.008706467661691543 0.016791044776119403
0 0.43656716417910446 0.542910447761194 0.008706467661691543 0.014925373134328358
0 0.568407960199005 0.19776119402985073 0.008706467661691543 0.016791044776119403
0 0.6703980099502488 0.33955223880597013 0.008706467661691543 0.014925373134328358
0 0.4601990049751244 0.9552238805970149 0.02736318407960199 0.033582089552238806
0 0.9975124378109452 0.5802238805970149 0.012437810945273632 0.018656716417910446
0 0.9216417910447762 0.28544776119402987 0.008706467661691543 0.016791044776119403
0 0.4626865671641791 0.25 0.008706467661691543 0.016791044776119403
0 0.39676616915422885 0.35074626865671643 0.008706467661691543 0.014925373134328358
0 0.6206467661691543 0.19402985074626866 0.008706467661691543 0.016791044776119403
0 0.10199004975124377 0.6324626865671642 0.008706467661691543 0.014925373134328358
0 0.5410447761194029 0.27052238805970147 0.008706467661691543 0.016791044776119403
0 0.7450248756218906 0.2798507462686567 0.008706467661691543 0.016791044776119403
0 0.2960199004975124 0.4291044776119403 0.008706467661691543 0.014925373134328358
0 0.5161691542288557 0.4123134328358209 0.008706467661691543 0.014925373134328358
0 0.009950248756218905 0.9291044776119403 0.02736318407960199 0.033582089552238806
0 0.4465174129353234 0.20149253731343283 0.008706467661691543 0.016791044776119403
0 0.11069651741293532 0.4123134328358209 0.008706467661691543 0.014925373134328358
0 0.13557213930348258 0.39552238805970147 0.008706467661691543 0.014925373134328358
0 0.3482587064676617 0.5410447761194029 0.008706467661691543 0.014925373134328358
0 0.15298507462686567 0.36380597014925375 0.008706467661691543 0.014925373134328358
0 0.7574626865671642 0.2332089552238806 0.008706467661691543 0.016791044776119403
0 0.6604477611940298 0.417910447761194 0.008706467661691543 0.014925373134328358
0 0.17661691542288557 0.2667910447761194 0.008706467661691543 0.016791044776119403
0 0.23507462686567165 0.3675373134328358 0.008706467661691543 0.014925373134328358
0 0.945273631840796 0.7294776119402985 0.022388059701492536 0.04664179104477612
0 0.8980099502487562 0.48880597014925375 0.008706467661691543 0.014925373134328358
0 0.43407960199004975 0.8059701492537313 0.02736318407960199 0.033582089552238806
0 0.004975124378109453 0.31156716417910446 0.008706467661691543 0.014925373134328358
0 0.6666666666666666 0.23507462686567165 0.008706467661691543 0.016791044776119403
0 0.43781094527363185 0.3003731343283582 0.008706467661691543 0.016791044776119403
0 0.5111940298507462 0.1958955223880597 0.008706467661691543 0.016791044776119403
0 0.2873134328358209 0.3843283582089552 0.008706467661691543 0.014925373134328358
0 0.4129353233830846 0.5149253731343284 0.008706467661691543 0.014925373134328358
0 0.07462686567164178 0.417910447761194 0.008706467661691543 0.014925373134328358
0 0.021144278606965175 0.4701492537313433 0.008706467661691543 0.014925373134328358
0 0.24502487562189054 0.9291044776119403 0.03109452736318408 0.0708955223880597
0 0.8880597014925373 0.11380597014925373 0.008706467661691543 0.016791044776119403
0 0.7922885572139303 0.27425373134328357 0.008706467661691543 0.016791044776119403
0 0.8631840796019901 0.34701492537313433 0.008706467661691543 0.014925373134328358
0 0.9800995024875622 0.373134328358209 0.008706467661691543 0.014925373134328358
0 0.16169154228855723 0.11380597014925373 0.008706467661691543 0.016791044776119403
0 0.7562189054726368 0.5018656716417911 0.008706467661691543 0.014925373134328358
0 0.6480099502487562 0.26865671641791045 0.008706467661691543 0.016791044776119403
0 0.2960199004975124 0.32276119402985076 0.008706467661691543 0.014925373134328358
0 0.5223880597014925 0.2294776119402985 0.008706467661691543 0.016791044776119403
0 0.6355721393034826 0.27798507462686567 0.008706467661691543 0.016791044776119403
0 0.1480099502487562 0.4123134328358209 0.008706467661691543 0.014925373134328358
0 0.9850746268656716 0.7052238805970149 0.022388059701492536 0.04664179104477612
0 0.033582089552238806 0.48134328358208955 0.008706467661691543 0.014925373134328358
0 0.9701492537313433 0.5093283582089553 0.008706467661691543 0.014925373134328358
0 0.028606965174129355 0.4253731343283582 0.008706467661691543 0.014925373134328358
0 0.6741293532338308 0.25 0.008706467661691543 0.016791044776119403
0 0.208955223880597 0.15111940298507462 0.008706467661691543 0.016791044776119403
0 0.763681592039801 0.09514925373134328 0.008706467661691543 0.016791044776119403
0 0.4129353233830846 0.4291044776119403 0.008706467661691543 0.014925373134328358
0 0.13805970149253732 0.2667910447761194 0.008706467661691543 0.016791044776119403
