0 0.7465 0.4 0.014 0.02475
0 0.49533333333333335 0.39675 0.015666666666666666 0.03025
0 0.041 0.50475 0.035333333333333335 0.06325
0 0.16383333333333333 0.38175 0.013166666666666667 0.02225
0 0.7226666666666667 0.4155 0.029166666666666667 0.049
0 0.5863333333333334 0.5985 0.037 0.09475
0 0.06616666666666667 0.365 0.013166666666666667 0.02225
0 0.5871666666666666 0.463 0.0245 0.0405
0 0.993 0.461 0.0335 0.062
0 0.9665 0.77575 0.0935 0.14875
0 0.1875 0.3855 0.013166666666666667 0.02225
0 0.9936666666666667 0.69775 0.0935 0.14875
0 0.2778333333333333 0.45025 0.0215 0.04275
0 0.25883333333333336 0.43325 0.0215 0.04275
0 0.7961666666666667 0.44025 0.029166666666666667 0.049
0 0.25533333333333336 0.36525 0.013166666666666667 0.02225
0 0.32916666666666666 0.39775 0.015666666666666666 0.03025
0 0.1215 0.3885 0.013166666666666667 0.02225
0 0.893 0.58875 0.04083333333333333 0.08575
0 0.9923333333333333 0.5915 0.04083333333333333 0.08575
0 0.6633333333333333 0.35425 0.013166666666666667 0.0275
0 0.14233333333333334 0.39275 0.013166666666666667 0.02225
0 0.4033333333333333 0.48975 0.043 0.074
0 0.36666666666666664 0.399 0.015666666666666666 0.03025
0 0.8855 0.35 0.014 0.02475
0 0.2455 0.36375 0.013166666666666667 0.02225
0 0.26766666666666666 0.35775 0.013166666666666667 0.02225
0 0.7831666666666667 0.38125 0.014 0.02475
0 0.264 0.3825 0.013166666666666667 0.02225
0 0.44516666666666665 0.365 0.015666666666666666 0.03025
0 0.517 0.5225 0.03966666666666667 0.06775
0 0.741 0.44975 0.029166666666666667 0.049
0 0.3541666666666667 0.441 0.0215 0.04275
0 0.823 0.39625 0.014 0.02475
0 0.177 0.81775 0.05733333333333333 0.131
0 0.5131666666666667 0.4045 0.015666666666666666 0.03025
0 0.6466666666666666 0.402 0.013166666666666667 0.0275
0 0.5038333333333334 0.354 0.015666666666666666 0.03025
0 0.8583333333333333 0.475 0.0335 0.062
0 0.8098333333333333 0.351 0.014 0.02475
0 0.11816666666666667 0.519 0.035333333333333335 0.06325
0 0.159 0.536 0.035333333333333335 0.06325
0 0.07783333333333334 0.384 0.013166666666666667 0.02225
0 0.6936666666666667 0.42125 0.029166666666666667 0.049
0 0.39116666666666666 0.389 0.015666666666666666 0.03025
0 0.10966666666666666 0.3755 0.013166666666666667 0.02225
0 0.9215 0.51 0.0335 0.062
0 0.7096666666666667 0.36875 0.013166666666666667 0.0275
0 0.9393333333333334 0.3465 0.014 0.02475
0 0.2896666666666667 0.40575 0.013166666666666667 0.02225
0 0.8273333333333334 0.373 0.014 0.02475
0 0.2015 0.369 0.013166666666666667 0.02225
0 0.965 0.50625 0.0335 0.062
0 0.06683333333333333 0.3985 0.013166666666666667 0.02225
0 0.25433333333333336 0.4015 0.017333333333333333 0.03375
0 0.33 0.4915 0.043 0.074
0 0.5105 0.425 0.015666666666666666 0.03025
0 0.4665 0.4005 0.015666666666666666 0.03025
0 0.44416666666666665 0.38425 0.015666666666666666 0.03025
0 0.7425 0.36325 0.014 0.02475
0 0.161 0.44175 0.017333333333333333 0.03375
0 0.44483333333333336 0.44975 0.0215 0.04275
0 0.0135 0.45325 0.024166666666666666 0.04275
0 0.41383333333333333 0.41525 0.0215 0.04275
0 0.3995 0.579 0.043 0.074
0 0.2783333333333333 0.3665 0.013166666666666667 0.02225
0 0.5165 0.3745 0.015666666666666666 0.03025
0 0.20216666666666666 0.50325 0.035333333333333335 0.06325
0 0.5308333333333334 0.422 0.015666666666666666 0.03025
0 0.5295 0.358 0.015666666666666666 0.03025
0 0.7765 0.64825 0.063 0.10675
0 0.17366666666666666 0.48575 0.035333333333333335 0.06325
0 0.2723333333333333 0.3795 0.013166666666666667 0.02225
0 0.43183333333333335 0.40725 0.015666666666666666 0.03025
0 0.5296666666666666 0.60925 0.037 0.09475
0 0.5906666666666667 0.37 0.013166666666666667 0.0275
0 0.23616666666666666 0.3735 0.013166666666666667 0.02225
0 0.6121666666666666 0.3805 0.013166666666666667 0.0275
0 0.07966666666666666 0.60075 0.0465 0.0775
0 0.48983333333333334 0.36275 0.015666666666666666 0.03025
0 0.1225 0.36725 0.013166666666666667 0.02225
0 0.3635 0.65675 0.048666666666666664 0.09125
0 0.30366666666666664 0.4025 0.013166666666666667 0.02225
0 0.7825 0.3985 0.014 0.02475
0 0.4985 0.3505 0.015666666666666666 0.03025
0 0.049666666666666665 0.42275 0.017333333333333333 0.03375
0 0.06783333333333333 0.47425 0.035333333333333335 0.06325
0 0.6571666666666667 0.3735 0.013166666666666667 0.0275
0 0.782 0.46075 0.029166666666666667 0.049
0 0.22666666666666666 0.426 0.017333333333333333 0.03375
0 0.5428333333333333 0.37325 0.015666666666666666 0.03025
0 0.15133333333333332 0.37025 0.013166666666666667 0.02225
0 0.559 0.48725 0.03966666666666667 0.06775
0 0.495 0.37575 0.015666666666666666 0.03025
0 0.41 0.378 0.015666666666666666 0.03025
