0 0.7866666666666666 0.385 0.08 0.1125
0 0.7283333333333334 0.205 0.04 0.055
0 0.9833333333333333 0.21 0.04666666666666667 0.0725
0 0.16666666666666666 0.3075 0.056666666666666664 0.0825
0 0.035 0.1375 0.008333333333333333 0.0175
0 0.10166666666666667 0.1525 0.008333333333333333 0.0175
0 0.17833333333333334 0.135 0.008333333333333333 0.015
0 0.365 0.1925 0.025 0.0425
0 0.43833333333333335 0.22 0.043333333333333335 0.065
0 0.8016666666666666 0.1475 0.008333333333333333 0.0125
0 0.93 0.075 0.008333333333333333 0.02
0 0.275 0.2125 0.023333333333333334 0.0375
0 0.38666666666666666 0.3525 0.06666666666666667 0.0925
0 0.48333333333333334 0.21 0.043333333333333335 0.065
0 0.845 0.1825 0.021666666666666667 0.035
0 0.06833333333333333 0.1325 0.008333333333333333 0.0175
0 0.9516666666666667 0.345 0.08 0.1125
0 0.7533333333333333 0.145 0.008333333333333333 0.0125
0 0.33166666666666667 0.12 0.016666666666666666 0.0275
0 0.7783333333333333 0.2725 0.05333333333333334 0.0625
0 0.205 0.3475 0.055 0.0825
0 0.9416666666666667 0.17 0.021666666666666667 0.035
0 0.6016666666666667 0.3725 0.06333333333333334 0.1
0 0.06166666666666667 0.035 0.008333333333333333 0.02
0 0.25666666666666665 0.1725 0.011666666666666667 0.0175
0 0.87 0.1025 0.008333333333333333 0.02
0 0.23833333333333334 0.26 0.055 0.0825
0 0.475 0.1225 0.016666666666666666 0.0275
0 0.6983333333333334 0.2575 0.056666666666666664 0.0825
0 0.23 0.18 0.011666666666666667 0.0175
0 0.44666666666666666 0.2875 0.055 0.0825
0 0.7933333333333333 0.21 0.04 0.055
0 0.09833333333333333 0.1125 0.008333333333333333 0.0175
0 0.87 0.5125 0.11666666666666667 0.16
0 0.9083333333333333 0.1175 0.008333333333333333 0.0125
0 0.09833333333333333 0.28 0.035 0.065
0 0.18333333333333332 0.2 0.023333333333333334 0.0375
0 0.33666666666666667 0.2425 0.055 0.0825
0 0.7583333333333333 0.1925 0.04 0.055
0 0.15666666666666668 0.14 0.008333333333333333 0.015
0 0.08666666666666667 0.385 0.07666666666666666 0.1375
0 0.8233333333333334 0.1475 0.008333333333333333 0.0125
0 0.8766666666666667 0.1725 0.021666666666666667 0.035
0 0.035 0.1725 0.008333333333333333 0.0175
0 0.905 0.1625 0.021666666666666667 0.035
0 0.03666666666666667 0.025 0.008333333333333333 0.02
0 0.30666666666666664 0.2925 0.055 0.0825
0 0.41833333333333333 0.1825 0.025 0.0425
0 0.4633333333333333 0.43 0.08666666666666667 0.1325
0 0.24666666666666667 0.4075 0.08666666666666667 0.1325
0 0.91 0.235 0.04666666666666667 0.0725
0 0.12166666666666667 0.255 0.035 0.065
0 0.2683333333333333 0.0275 0.008333333333333333 0.02
0 0.14166666666666666 0.17 0.008333333333333333 0.015
0 0.8416666666666667 0.265 0.05333333333333334 0.0625
0 0.36666666666666664 0.2775 0.055 0.0825
0 0.011666666666666667 0.425 0.08666666666666667 0.21
