0 0.42 0.5693215339233039 0.006666666666666667 0.014749262536873156
0 0.38666666666666666 0.5663716814159292 0.006666666666666667 0.014749262536873156
0 0.61 0.5752212389380531 0.015 0.029498525073746312
0 0.5416666666666666 0.5811209439528023 0.015 0.029498525073746312
0 0.6783333333333333 0.5663716814159292 0.015 0.029498525073746312
0 0.013333333333333334 0.56047197640118 0.0 0.0
0 0.26 0.5752212389380531 0.02666666666666667 0.0471976401179941
0 0.7966666666666666 0.5929203539823009 0.015 0.029498525073746312
0 0.22333333333333333 0.5811209439528023 0.02666666666666667 0.0471976401179941
0 0.07833333333333334 0.5899705014749262 0.02666666666666667 0.0471976401179941
0 0.7716666666666666 0.5752212389380531 0.015 0.029498525073746312
0 0.45666666666666667 0.5722713864306784 0.006666666666666667 0.014749262536873156
0 0.7433333333333333 0.5693215339233039 0.015 0.029498525073746312
0 0.5716666666666667 0.5811209439528023 0.015 0.029498525073746312
0 0.6333333333333333 0.5663716814159292 0.015 0.029498525073746312
0 0.8083333333333333 0.5752212389380531 0.015 0.029498525073746312
0 0.8333333333333334 0.5752212389380531 0.015 0.029498525073746312
0 0.585 0.5752212389380531 0.015 0.029498525073746312
