0 0.4488993710691824 0.34139150943396224 0.018474842767295597 0.02535377358490566
0 0.6057389937106918 0.21639150943396226 0.008254716981132075 0.018278301886792452
0 0.44221698113207547 0.3071933962264151 0.015330188679245283 0.02122641509433962
0 0.04874213836477988 0.3785377358490566 0.018474842767295597 0.02535377358490566
0 0.6690251572327044 0.4233490566037736 0.023191823899371068 0.041273584905660375
0 0.5817610062893082 0.3007075471698113 0.013757861635220126 0.021816037735849055
0 0.6214622641509434 0.3001179245283019 0.013757861635220126 0.021816037735849055
0 0.3085691823899371 0.3402122641509434 0.018474842767295597 0.02535377358490566
0 0.8113207547169812 0.6049528301886793 0.054245283018867926 0.10200471698113207
0 0.7460691823899371 0.392688679245283 0.01729559748427673 0.033608490566037735
0 0.3156446540880503 0.31662735849056606 0.018474842767295597 0.02535377358490566
0 0.9909591194968553 0.28832547169811323 0.012971698113207548 0.02358490566037736
0 0.4886006289308176 0.33667452830188677 0.013757861635220126 0.021816037735849055
0 0.04520440251572327 0.5660377358490566 0.04716981132075472 0.07783018867924528
0 0.49095911949685533 0.5524764150943396 0.03223270440251572 0.05955188679245283
0 0.6293238993710691 0.3490566037735849 0.01729559748427673 0.033608490566037735
0 0.7885220125786163 0.3242924528301887 0.013757861635220126 0.021816037735849055
0 0.14937106918238993 0.39976415094339623 0.018474842767295597 0.02535377358490566
0 0.09787735849056604 0.3443396226415094 0.018474842767295597 0.02535377358490566
0 0.1985062893081761 0.2553066037735849 0.006289308176100629 0.01061320754716981
0 0.389937106918239 0.3455188679245283 0.018474842767295597 0.02535377358490566
0 0.10888364779874214 0.25884433962264153 0.006289308176100629 0.01061320754716981
0 0.5994496855345912 0.3089622641509434 0.013757861635220126 0.021816037735849055
0 0.8679245283018868 0.24646226415094338 0.008254716981132075 0.018278301886792452
0 0.5518867924528302 0.3632075471698113 0.019654088050314465 0.036556603773584904
0 0.47602201257861637 0.41273584905660377 0.019654088050314465 0.036556603773584904
0 0.31721698113207547 0.23879716981132076 0.006289308176100629 0.01061320754716981
0 0.11477987421383648 0.43101415094339623 0.02437106918238994 0.04068396226415094
0 0.0110062893081761 0.3596698113207547 0.019654088050314465 0.028891509433962265
0 0.16273584905660377 0.330188679245283 0.018474842767295597 0.02535377358490566
0 0.2358490566037736 0.589622641509434 0.04716981132075472 0.07783018867924528
0 0.24724842767295596 0.39327830188679247 0.018474842767295597 0.02535377358490566
0 0.9874213836477987 0.31957547169811323 0.012971698113207548 0.02358490566037736
0 0.5640723270440252 0.39622641509433965 0.019654088050314465 0.036556603773584904
0 0.2794811320754717 0.4027122641509434 0.02437106918238994 0.04068396226415094
0 0.22012578616352202 0.33962264150943394 0.018474842767295597 0.02535377358490566
0 0.5125786163522013 0.4233490566037736 0.019654088050314465 0.036556603773584904
0 0.40644654088050314 0.18808962264150944 0.0066823899371069185 0.011202830188679245
0 0.29441823899371067 0.3696933962264151 0.018474842767295597 0.02535377358490566
0 0.6992924528301887 0.3608490566037736 0.01729559748427673 0.033608490566037735
0 0.11635220125786164 0.3920990566037736 0.018474842767295597 0.02535377358490566
0 0.8125 0.2841981132075472 0.013757861635220126 0.021816037735849055
0 0.9147012578616353 0.3113207547169811 0.013757861635220126 0.021816037735849055
0 0.902122641509434 0.26297169811320753 0.008254716981132075 0.018278301886792452
0 0.5078616352201258 0.33962264150943394 0.014937106918238994 0.02535377358490566
0 0.16430817610062892 0.34139150943396224 0.018474842767295597 0.02535377358490566
0 0.24646226415094338 0.5330188679245284 0.04716981132075472 0.07783018867924528
0 0.714622641509434 0.3425707547169811 0.01729559748427673 0.033608490566037735
0 0.7004716981132075 0.2505896226415094 0.008254716981132075 0.018278301886792452
0 0.4933176100628931 0.18101415094339623 0.0066823899371069185 0.011202830188679245
0 0.21069182389937108 0.4829009433962264 0.02437106918238994 0.04068396226415094
0 0.9261006289308176 0.25 0.008254716981132075 0.018278301886792452
0 0.9964622641509434 0.2340801886792453 0.009433962264150943 0.018867924528301886
0 0.40959119496855345 0.7676886792452831 0.07232704402515723 0.12028301886792453
0 0.012578616352201259 0.3944575471698113 0.02122641509433962 0.0330188679245283
0 0.7421383647798742 0.30129716981132076 0.013757861635220126 0.021816037735849055
0 0.3486635220125786 0.24587264150943397 0.006289308176100629 0.01061320754716981
0 0.059355345911949686 0.44693396226415094 0.02437106918238994 0.04068396226415094
0 0.28577044025157233 0.3266509433962264 0.018474842767295597 0.02535377358490566
0 0.3345125786163522 0.9463443396226415 0.05699685534591195 0.11497641509433962
0 0.7944182389937107 0.29009433962264153 0.013757861635220126 0.021816037735849055
0 0.5585691823899371 0.22877358490566038 0.008254716981132075 0.018278301886792452
0 0.5153301886792453 0.31898584905660377 0.013757861635220126 0.021816037735849055
0 0.7900943396226415 0.4091981132075472 0.01729559748427673 0.033608490566037735
0 0.1474056603773585 0.2641509433962264 0.006289308176100629 0.01061320754716981
0 0.19693396226415094 0.3443396226415094 0.018474842767295597 0.02535377358490566
0 0.8958333333333334 0.28125 0.008254716981132075 0.018278301886792452
0 0.4099842767295597 0.4569575471698113 0.02437106918238994 0.04068396226415094
0 0.8443396226415094 0.34846698113207547 0.01729559748427673 0.033608490566037735
0 0.9127358490566038 0.2665094339622642 0.008254716981132075 0.018278301886792452
0 0.02437106918238994 0.37735849056603776 0.019654088050314465 0.028891509433962265
0 0.2873427672955975 0.46875 0.02437106918238994 0.04068396226415094
0 0.1792452830188679 0.3561320754716981 0.018474842767295597 0.02535377358490566
0 0.2503930817610063 0.33903301886792453 0.018474842767295597 0.02535377358490566
0 0.6242138364779874 0.26827830188679247 0.008254716981132075 0.018278301886792452
0 0.8427672955974843 0.2535377358490566 0.008254716981132075 0.018278301886792452
0 0.46226415094339623 0.1715801886792453 0.0066823899371069185 0.011202830188679245
0 0.6926100628930818 0.30837264150943394 0.013757861635220126 0.021816037735849055
0 0.5735062893081762 0.3242924528301887 0.013757861635220126 0.021816037735849055
0 0.3824685534591195 0.3590801886792453 0.018474842767295597 0.02535377358490566
0 0.9465408805031447 0.24882075471698112 0.008254716981132075 0.018278301886792452
0 0.5019654088050315 0.3178066037735849 0.013757861635220126 0.021816037735849055
0 0.9264937106918238 0.2783018867924528 0.008254716981132075 0.018278301886792452
0 0.5365566037735849 0.23113207547169812 0.008254716981132075 0.018278301886792452
0 0.2511792452830189 0.41273584905660377 0.02437106918238994 0.04068396226415094
0 0.327437106918239 0.4009433962264151 0.018474842767295597 0.02535377358490566
0 0.32154088050314467 0.3266509433962264 0.018474842767295597 0.02535377358490566
0 0.6529088050314465 0.32193396226415094 0.013757861635220126 0.021816037735849055
0 0.7967767295597484 0.31485849056603776 0.013757861635220126 0.021816037735849055
0 0.11949685534591195 0.36733490566037735 0.018474842767295597 0.02535377358490566
0 0.7720125786163522 0.2971698113207547 0.013757861635220126 0.021816037735849055
0 0.7161949685534591 0.2759433962264151 0.008254716981132075 0.018278301886792452
0 0.6682389937106918 0.3231132075471698 0.013757861635220126 0.021816037735849055
0 0.5102201257861635 0.5772405660377359 0.03223270440251572 0.05955188679245283
0 0.8286163522012578 0.2623820754716981 0.008254716981132075 0.018278301886792452
0 0.6635220125786163 0.19929245283018868 0.008254716981132075 0.018278301886792452
0 0.5876572327044025 0.35259433962264153 0.01611635220125786 0.02830188679245283
0 0.3069968553459119 0.31957547169811323 0.018474842767295597 0.02535377358490566
0 0.4492924528301887 0.23997641509433962 0.0066823899371069185 0.011202830188679245
0 0.9614779874213837 0.39681603773584906 0.01729559748427673 0.033608490566037735
0 0.6104559748427673 0.30129716981132076 0.013757861635220126 0.021816037735849055
0 0.031446540880503145 0.36202830188679247 0.019654088050314465 0.028891509433962265
0 0.7075471698113207 0.39976415094339623 0.01729559748427673 0.033608490566037735
0 0.3443396226415094 0.33667452830188677 0.018474842767295597 0.02535377358490566
0 0.6780660377358491 0.24528301886792453 0.008254716981132075 0.018278301886792452
0 0.8852201257861635 0.2511792452830189 0.008254716981132075 0.018278301886792452
0 0.16391509433962265 0.8225235849056604 0.06721698113207547 0.15271226415094338
0 0.18238993710691823 0.3408018867924528 0.018474842767295597 0.02535377358490566
0 0.7044025157232704 0.267688679245283 0.008254716981132075 0.018278301886792452
0 0.6391509433962265 0.3089622641509434 0.013757861635220126 0.021816037735849055
0 0.37303459119496857 0.3266509433962264 0.018474842767295597 0.02535377358490566
0 0.7908805031446541 0.26297169811320753 0.008254716981132075 0.018278301886792452
0 0.9308176100628931 0.35672169811320753 0.01729559748427673 0.033608490566037735
0 0.46108490566037735 0.6273584905660378 0.03970125786163522 0.06839622641509434
0 0.4414308176100629 0.42924528301886794 0.02437106918238994 0.04068396226415094
0 0.6151729559748428 0.28125 0.008254716981132075 0.018278301886792452
0 0.20400943396226415 0.4068396226415094 0.02437106918238994 0.04068396226415094
0 0.10966981132075472 0.4716981132075472 0.02437106918238994 0.04068396226415094
0 0.7790880503144654 0.28360849056603776 0.009433962264150943 0.018867924528301886
0 0.9650157232704403 0.2936320754716981 0.013757861635220126 0.021816037735849055
0 0.3309748427672956 0.31485849056603776 0.018474842767295597 0.02535377358490566
0 0.610062893081761 0.27181603773584906 0.008254716981132075 0.018278301886792452
0 0.4736635220125786 0.2346698113207547 0.0066823899371069185 0.011202830188679245
0 0.64937106918239 0.7334905660377359 0.07232704402515723 0.12028301886792453
0 0.1843553459119497 0.7051886792452831 0.06721698113207547 0.15271226415094338
0 0.05188679245283019 0.4050707547169811 0.02437106918238994 0.04068396226415094
0 0.8832547169811321 0.28596698113207547 0.013757861635220126 0.021816037735849055
0 0.5699685534591195 0.29422169811320753 0.013757861635220126 0.021816037735849055
0 0.6682389937106918 0.294811320754717 0.013757861635220126 0.021816037735849055
0 0.7955974842767296 0.3720518867924528 0.01729559748427673 0.033608490566037735
0 0.9363207547169812 0.263561320754717 0.008254716981132075 0.018278301886792452
0 0.6933962264150944 0.27417452830188677 0.008254716981132075 0.018278301886792452
0 0.06132075471698113 0.36497641509433965 0.018474842767295597 0.02535377358490566
0 0.5031446540880503 0.23349056603773585 0.008254716981132075 0.018278301886792452
0 0.6312893081761006 0.27181603773584906 0.008254716981132075 0.018278301886792452
0 0.01061320754716981 0.4180424528301887 0.02122641509433962 0.0330188679245283
0 0.5058962264150944 0.38325471698113206 0.019654088050314465 0.036556603773584904
0 0.5102201257861635 0.29127358490566035 0.013757861635220126 0.021816037735849055
0 0.889937106918239 0.43337264150943394 0.02830188679245283 0.05011792452830189
0 0.6906446540880503 0.4834905660377358 0.023191823899371068 0.041273584905660375
0 0.8525943396226415 0.2659198113207547 0.008254716981132075 0.018278301886792452
0 0.9775943396226415 0.35672169811320753 0.01729559748427673 0.033608490566037735
0 0.7802672955974843 0.2482311320754717 0.008254716981132075 0.018278301886792452
0 0.7476415094339622 0.2641509433962264 0.008254716981132075 0.018278301886792452
0 0.9099842767295597 0.2918632075471698 0.013757861635220126 0.021816037735849055
0 0.9772012578616353 0.267688679245283 0.008254716981132075 0.018278301886792452
0 0.21737421383647798 0.38207547169811323 0.018474842767295597 0.02535377358490566
0 0.32625786163522014 0.35495283018867924 0.018474842767295597 0.02535377358490566
0 0.7759433962264151 0.2617924528301887 0.008254716981132075 0.018278301886792452
0 0.11910377358490566 0.5636792452830188 0.04716981132075472 0.07783018867924528
0 0.8612421383647799 0.37912735849056606 0.01729559748427673 0.033608490566037735
0 0.7299528301886793 0.267688679245283 0.008254716981132075 0.018278301886792452
0 0.5947327044025157 0.2965801886792453 0.013757861635220126 0.021816037735849055
0 0.8529874213836478 0.30837264150943394 0.013757861635220126 0.021816037735849055
0 0.23781446540880502 0.37028301886792453 0.018474842767295597 0.02535377358490566
0 0.12578616352201258 0.267688679245283 0.006289308176100629 0.01061320754716981
0 0.4736635220125786 0.17099056603773585 0.0066823899371069185 0.011202830188679245
0 0.8702830188679245 0.33549528301886794 0.01729559748427673 0.033608490566037735
0 0.14072327044025157 0.2659198113207547 0.006289308176100629 0.01061320754716981
0 0.16823899371069181 0.4840801886792453 0.02437106918238994 0.04068396226415094
0 0.4634433962264151 0.3113207547169811 0.01611635220125786 0.02358490566037736
0 0.5974842767295597 0.3290094339622642 0.013757861635220126 0.021816037735849055
0 0.3812893081761006 0.3113207547169811 0.018474842767295597 0.02535377358490566
0 0.8238993710691824 0.30306603773584906 0.013757861635220126 0.021816037735849055
0 0.6234276729559748 0.44575471698113206 0.023191823899371068 0.041273584905660375
0 0.7555031446540881 0.34964622641509435 0.01729559748427673 0.033608490566037735
0 0.36556603773584906 0.5725235849056604 0.04716981132075472 0.07783018867924528
0 0.07468553459119497 0.39799528301886794 0.018474842767295597 0.02535377358490566
0 0.9013364779874213 0.3071933962264151 0.013757861635220126 0.021816037735849055
0 0.3443396226415094 0.37264150943396224 0.018474842767295597 0.02535377358490566
0 0.2610062893081761 0.3472877358490566 0.018474842767295597 0.02535377358490566
0 0.3863993710691824 0.24587264150943397 0.006289308176100629 0.01061320754716981
0 0.49410377358490565 0.33490566037735847 0.013757861635220126 0.021816037735849055
0 0.7555031446540881 0.25825471698113206 0.008254716981132075 0.018278301886792452
0 0.4233490566037736 0.4805424528301887 0.02437106918238994 0.04068396226415094
0 0.714622641509434 0.25766509433962265 0.008254716981132075 0.018278301886792452
0 0.8058176100628931 0.2505896226415094 0.008254716981132075 0.018278301886792452
0 0.7515723270440252 0.28596698113207547 0.013757861635220126 0.021816037735849055
0 0.1945754716981132 0.3584905660377358 0.018474842767295597 0.02535377358490566
0 0.3781446540880503 0.6220518867924528 0.04716981132075472 0.07783018867924528
0 0.8227201257861635 0.3278301886792453 0.013757861635220126 0.021816037735849055
0 0.5786163522012578 0.28125 0.008254716981132075 0.018278301886792452
0 0.5373427672955975 0.3767688679245283 0.019654088050314465 0.036556603773584904
0 0.5200471698113207 0.16863207547169812 0.007861635220125786 0.01650943396226415
0 0.5990566037735849 0.3920990566037736 0.019654088050314465 0.036556603773584904
0 0.002751572327044025 0.2865566037735849 0.015330188679245283 0.02122641509433962
0 0.5424528301886793 0.3142688679245283 0.013757861635220126 0.021816037735849055
0 0.9331761006289309 0.4074292452830189 0.02830188679245283 0.05011792452830189
0 0.5762578616352201 0.24351415094339623 0.008254716981132075 0.018278301886792452
0 0.5625 0.28537735849056606 0.013757861635220126 0.021816037735849055
0 0.6831761006289309 0.2783018867924528 0.008254716981132075 0.018278301886792452
0 0.9512578616352201 0.32370283018867924 0.013757861635220126 0.021816037735849055
0 0.30660377358490565 0.4363207547169811 0.02437106918238994 0.04068396226415094
0 0.4371069182389937 0.32016509433962265 0.018474842767295597 0.02535377358490566
0 0.5192610062893082 0.2865566037735849 0.013757861635220126 0.021816037735849055
0 0.44339622641509435 0.2358490566037736 0.0066823899371069185 0.011202830188679245
0 0.37696540880503143 0.4545990566037736 0.02437106918238994 0.04068396226415094
0 0.41037735849056606 0.4027122641509434 0.02437106918238994 0.04068396226415094
0 0.4956761006289308 0.375 0.019654088050314465 0.036556603773584904
0 0.6509433962264151 0.35318396226415094 0.01729559748427673 0.033608490566037735
0 0.8140723270440252 0.45047169811320753 0.02830188679245283 0.05011792452830189
0 0.8781446540880503 0.2659198113207547 0.008254716981132075 0.018278301886792452
0 0.38757861635220126 0.39327830188679247 0.018474842767295597 0.02535377358490566
0 0.8254716981132075 0.28125 0.008254716981132075 0.018278301886792452
0 0.7236635220125787 0.31485849056603776 0.013757861635220126 0.021816037735849055
0 0.8408018867924528 0.38797169811320753 0.01729559748427673 0.033608490566037735
0 0.08726415094339622 0.2641509433962264 0.006289308176100629 0.01061320754716981
0 0.652122641509434 0.25766509433962265 0.008254716981132075 0.018278301886792452
0 0.8679245283018868 0.27417452830188677 0.008254716981132075 0.018278301886792452
0 0.13011006289308177 0.3419811320754717 0.018474842767295597 0.02535377358490566
0 0.710691823899371 0.32134433962264153 0.013757861635220126 0.021816037735849055
0 0.05699685534591195 0.28891509433962265 0.018474842767295597 0.02535377358490566
0 0.9410377358490566 0.30365566037735847 0.013757861635220126 0.021816037735849055
0 0.5286949685534591 0.5147405660377359 0.03223270440251572 0.05955188679245283
0 0.17963836477987422 0.44634433962264153 0.02437106918238994 0.04068396226415094
0 0.22130503144654087 0.3643867924528302 0.018474842767295597 0.02535377358490566
0 0.6198899371069182 0.3626179245283019 0.01729559748427673 0.033608490566037735
0 0.2775157232704403 0.38443396226415094 0.018474842767295597 0.02535377358490566
0 0.25707547169811323 0.3231132075471698 0.018474842767295597 0.02535377358490566
0 0.15605345911949686 0.35377358490566035 0.018474842767295597 0.02535377358490566
0 0.6379716981132075 0.29009433962264153 0.013757861635220126 0.021816037735849055
0 0.5908018867924528 0.21875 0.008254716981132075 0.018278301886792452
0 0.0660377358490566 0.5294811320754716 0.029874213836477988 0.049528301886792456
0 0.4783805031446541 0.36792452830188677 0.019654088050314465 0.036556603773584904
0 0.3608490566037736 0.33549528301886794 0.018474842767295597 0.02535377358490566
0 0.342374213836478 0.43042452830188677 0.02437106918238994 0.04068396226415094
0 0.8380503144654088 0.44457547169811323 0.02830188679245283 0.05011792452830189
0 0.4261006289308176 0.1804245283018868 0.0066823899371069185 0.011202830188679245
0 0.2606132075471698 0.3602594339622642 0.018474842767295597 0.02535377358490566
0 0.8030660377358491 0.35495283018867924 0.01729559748427673 0.033608490566037735
0 0.2971698113207547 0.3408018867924528 0.018474842767295597 0.02535377358490566
0 0.02358490566037736 0.4528301886792453 0.02122641509433962 0.0330188679245283
0 0.6332547169811321 0.24351415094339623 0.008254716981132075 0.018278301886792452
0 0.22248427672955975 0.3290094339622642 0.018474842767295597 0.02535377358490566
0 0.18867924528301888 0.41037735849056606 0.02437106918238994 0.04068396226415094
0 0.3333333333333333 0.4716981132075472 0.02437106918238994 0.04068396226415094
0 0.42177672955974843 0.3443396226415094 0.018474842767295597 0.02535377358490566
0 0.42138364779874216 0.30660377358490565 0.006289308176100629 0.01061320754716981
0 0.6591981132075472 0.5424528301886793 0.0294811320754717 0.054245283018867926
0 0.9547955974842768 0.5795990566037735 0.054245283018867926 0.10200471698113207
0 0.7790880503144654 0.3295990566037736 0.013757861635220126 0.021816037735849055
0 0.952437106918239 0.2706367924528302 0.008254716981132075 0.018278301886792452
0 0.5200471698113207 0.2358490566037736 0.008254716981132075 0.018278301886792452
0 0.6198899371069182 0.3272405660377358 0.013757861635220126 0.021816037735849055
0 0.5251572327044025 0.35082547169811323 0.01650943396226415 0.028891509433962265
0 0.45558176100628933 0.2954009433962264 0.014150943396226415 0.020636792452830188
0 0.9516509433962265 0.3455188679245283 0.01729559748427673 0.033608490566037735
0 0.07114779874213836 0.3626179245283019 0.018474842767295597 0.02535377358490566
0 0.3561320754716981 0.36556603773584906 0.018474842767295597 0.02535377358490566
0 0.9941037735849056 0.2688679245283019 0.0110062893081761 0.020047169811320754
0 0.6914308176100629 0.25943396226415094 0.008254716981132075 0.018278301886792452
0 0.7932389937106918 0.482311320754717 0.020047169811320754 0.03773584905660377
0 0.5318396226415094 0.16096698113207547 0.008254716981132075 0.018278301886792452
0 0.3789308176100629 0.48702830188679247 0.02437106918238994 0.04068396226415094
0 0.9245283018867925 0.33608490566037735 0.01729559748427673 0.033608490566037735
0 0.5605345911949685 0.30247641509433965 0.013757861635220126 0.021816037735849055
0 0.07900943396226415 0.3472877358490566 0.018474842767295597 0.02535377358490566
0 0.14190251572327045 0.36379716981132076 0.018474842767295597 0.02535377358490566
0 0.4005503144654088 0.326061320754717 0.018474842767295597 0.02535377358490566
0 0.31014150943396224 0.36910377358490565 0.018474842767295597 0.02535377358490566
0 0.5605345911949685 0.4522405660377358 0.023191823899371068 0.041273584905660375
0 0.889937106918239 0.37264150943396224 0.01729559748427673 0.033608490566037735
0 0.7150157232704403 0.29127358490566035 0.013757861635220126 0.021816037735849055
0 0.43474842767295596 0.3714622641509434 0.018474842767295597 0.02535377358490566
0 0.45047169811320753 0.30601415094339623 0.014150943396226415 0.020636792452830188
0 0.33726415094339623 0.33608490566037735 0.018474842767295597 0.02535377358490566
0 0.737814465408805 0.6556603773584906 0.054245283018867926 0.10200471698113207
0 0.16823899371069181 0.38620283018867924 0.018474842767295597 0.02535377358490566
0 0.41273584905660377 0.3602594339622642 0.018474842767295597 0.02535377358490566
0 0.4261006289308176 0.32134433962264153 0.018474842767295597 0.02535377358490566
0 0.8191823899371069 0.25766509433962265 0.008254716981132075 0.018278301886792452
0 0.8919025157232704 0.31957547169811323 0.013757861635220126 0.021816037735849055
0 0.26297169811320753 0.4380896226415094 0.02437106918238994 0.04068396226415094
0 0.7558962264150944 0.3178066037735849 0.013757861635220126 0.021816037735849055
0 0.12067610062893082 0.3472877358490566 0.018474842767295597 0.02535377358490566
0 0.3341194968553459 0.34375 0.018474842767295597 0.02535377358490566
0 0.47995283018867924 0.30483490566037735 0.013757861635220126 0.021816037735849055
0 0.654874213836478 0.2865566037735849 0.013757861635220126 0.021816037735849055
0 0.05267295597484277 0.4793632075471698 0.02437106918238994 0.04068396226415094
0 0.6360062893081762 0.32370283018867924 0.013757861635220126 0.021816037735849055
0 0.09276729559748427 0.3596698113207547 0.018474842767295597 0.02535377358490566
0 0.10023584905660378 0.38325471698113206 0.018474842767295597 0.02535377358490566
