0 0.7714285714285715 0.6881868131868132 0.025974025974025976 0.01098901098901099
0 0.5194805194805194 0.5412087912087912 0.012987012987012988 0.006868131868131868
0 0.812987012987013 0.646978021978022 0.025974025974025976 0.01098901098901099
0 0.4155844155844156 0.4230769230769231 0.01038961038961039 0.005494505494505495
0 0.6779220779220779 0.6552197802197802 0.025974025974025976 0.01098901098901099
0 0.7818181818181819 0.6538461538461539 0.025974025974025976 0.01098901098901099
0 0.8623376623376623 0.7087912087912088 0.025974025974025976 0.01098901098901099
0 0.9064935064935065 0.6181318681318682 0.025974025974025976 0.01098901098901099
0 0.3220779220779221 0.5247252747252747 0.01038961038961039 0.005494505494505495
0 0.5064935064935064 0.4107142857142857 0.01038961038961039 0.005494505494505495
0 0.9636363636363636 0.6936813186813187 0.025974025974025976 0.01098901098901099
0 0.5142857142857142 0.4876373626373626 0.01038961038961039 0.005494505494505495
0 0.612987012987013 0.6167582417582418 0.025974025974025976 0.01098901098901099
0 0.3974025974025974 0.4684065934065934 0.01038961038961039 0.005494505494505495
0 0.7584415584415585 0.5151098901098901 0.01038961038961039 0.005494505494505495
0 0.7636363636363637 0.8543956043956044 0.025974025974025976 0.01098901098901099
0 0.36363636363636365 0.41895604395604397 0.01038961038961039 0.005494505494505495
0 0.787012987012987 0.5892857142857143 0.025974025974025976 0.01098901098901099
0 0.7610389610389611 0.5618131868131868 0.025974025974025976 0.01098901098901099
0 0.6935064935064935 0.6744505494505495 0.025974025974025976 0.01098901098901099
0 0.23896103896103896 0.5796703296703297 0.025974025974025976 0.01098901098901099
0 0.9454545454545454 0.510989010989011 0.01818181818181818 0.008241758241758242
0 0.42077922077922075 0.38873626373626374 0.01038961038961039 0.005494505494505495
0 0.6467532467532467 0.4725274725274725 0.01038961038961039 0.005494505494505495
0 0.4 0.3516483516483517 0.01038961038961039 0.005494505494505495
0 0.18181818181818182 0.6442307692307693 0.025974025974025976 0.01098901098901099
0 0.6233766233766234 0.7637362637362637 0.025974025974025976 0.01098901098901099
0 0.6779220779220779 0.5137362637362637 0.01038961038961039 0.005494505494505495
0 0.7038961038961039 0.5260989010989011 0.01038961038961039 0.005494505494505495
0 0.2987012987012987 0.8571428571428571 0.025974025974025976 0.01098901098901099
0 0.2519480519480519 0.38873626373626374 0.01038961038961039 0.005494505494505495
0 0.43116883116883115 0.4793956043956044 0.01038961038961039 0.005494505494505495
0 0.7818181818181819 0.5068681318681318 0.01038961038961039 0.005494505494505495
0 0.6649350649350649 0.592032967032967 0.025974025974025976 0.01098901098901099
0 0.7350649350649351 0.7486263736263736 0.025974025974025976 0.01098901098901099
0 0.522077922077922 0.5590659340659341 0.025974025974025976 0.01098901098901099
0 0.16103896103896104 0.570054945054945 0.025974025974025976 0.01098901098901099
0 0.6415584415584416 0.5425824175824175 0.01818181818181818 0.008241758241758242
0 0.36623376623376624 0.5824175824175825 0.025974025974025976 0.01098901098901099
0 0.2805194805194805 0.42032967032967034 0.01038961038961039 0.005494505494505495
0 0.7766233766233767 0.5384615384615384 0.01038961038961039 0.005494505494505495
0 0.2051948051948052 0.4478021978021978 0.01038961038961039 0.005494505494505495
0 0.2883116883116883 0.5178571428571429 0.01038961038961039 0.005494505494505495
0 0.42337662337662335 0.8475274725274725 0.025974025974025976 0.01098901098901099
0 0.522077922077922 0.4684065934065934 0.01038961038961039 0.005494505494505495
0 0.5792207792207792 0.4010989010989011 0.01038961038961039 0.005494505494505495
0 0.8467532467532467 0.5576923076923077 0.025974025974025976 0.01098901098901099
0 0.33766233766233766 0.4230769230769231 0.01038961038961039 0.005494505494505495
0 0.638961038961039 0.8406593406593407 0.025974025974025976 0.01098901098901099
0 0.6207792207792208 0.6744505494505495 0.025974025974025976 0.01098901098901099
0 0.3012987012987013 0.5370879120879121 0.01038961038961039 0.005494505494505495
0 0.6831168831168831 0.5398351648351648 0.01818181818181818 0.008241758241758242
0 0.6493506493506493 0.44368131868131866 0.01038961038961039 0.005494505494505495
0 0.8909090909090909 0.7225274725274725 0.025974025974025976 0.01098901098901099
0 0.38441558441558443 0.6620879120879121 0.025974025974025976 0.01098901098901099
0 0.6467532467532467 0.5961538461538461 0.025974025974025976 0.01098901098901099
0 0.9428571428571428 0.5480769230769231 0.025974025974025976 0.01098901098901099
0 0.561038961038961 0.5274725274725275 0.01038961038961039 0.005494505494505495
0 0.42077922077922075 0.3392857142857143 0.01038961038961039 0.005494505494505495
0 0.33506493506493507 0.40384615384615385 0.01038961038961039 0.005494505494505495
0 0.4597402597402597 0.614010989010989 0.025974025974025976 0.01098901098901099
0 0.2727272727272727 0.5315934065934066 0.01038961038961039 0.005494505494505495
0 0.22337662337662337 0.6236263736263736 0.025974025974025976 0.01098901098901099
0 0.4675324675324675 0.5412087912087912 0.01818181818181818 0.008241758241758242
0 0.44415584415584414 0.5576923076923077 0.025974025974025976 0.01098901098901099
0 0.2597402597402597 0.5480769230769231 0.025974025974025976 0.01098901098901099
0 0.5012987012987012 0.6964285714285714 0.025974025974025976 0.01098901098901099
0 0.3974025974025974 0.36813186813186816 0.01038961038961039 0.005494505494505495
0 0.6051948051948052 0.6442307692307693 0.025974025974025976 0.01098901098901099
0 0.42597402597402595 0.39972527472527475 0.01038961038961039 0.005494505494505495
0 0.612987012987013 0.5178571428571429 0.01038961038961039 0.005494505494505495
0 0.6 0.46565934065934067 0.01038961038961039 0.005494505494505495
0 0.22857142857142856 0.47115384615384615 0.01038961038961039 0.005494505494505495
0 0.412987012987013 0.510989010989011 0.01038961038961039 0.005494505494505495
0 0.36103896103896105 0.5508241758241759 0.025974025974025976 0.01098901098901099
0 0.987012987012987 0.7074175824175825 0.025974025974025976 0.01098901098901099
0 0.38441558441558443 0.4848901098901099 0.01038961038961039 0.005494505494505495
0 0.6441558441558441 0.5082417582417582 0.01038961038961039 0.005494505494505495
0 0.6493506493506493 0.5673076923076923 0.025974025974025976 0.01098901098901099
0 0.535064935064935 0.3557692307692308 0.01038961038961039 0.005494505494505495
0 0.3090909090909091 0.48626373626373626 0.01038961038961039 0.005494505494505495
0 0.4675324675324675 0.4217032967032967 0.01038961038961039 0.005494505494505495
0 0.4103896103896104 0.42994505494505497 0.01038961038961039 0.005494505494505495
0 0.4675324675324675 0.44642857142857145 0.01038961038961039 0.005494505494505495
0 0.5376623376623376 0.771978021978022 0.025974025974025976 0.01098901098901099
0 0.7584415584415585 0.44505494505494503 0.01038961038961039 0.005494505494505495
0 0.45194805194805193 0.717032967032967 0.025974025974025976 0.01098901098901099
0 0.5454545454545454 0.5288461538461539 0.01038961038961039 0.005494505494505495
0 0.6051948051948052 0.4326923076923077 0.01038961038961039 0.005494505494505495
0 0.2701298701298701 0.33379120879120877 0.01038961038961039 0.005494505494505495
0 0.7090909090909091 0.5068681318681318 0.01038961038961039 0.005494505494505495
0 0.8077922077922078 0.5206043956043956 0.01038961038961039 0.005494505494505495
0 0.6181818181818182 0.603021978021978 0.025974025974025976 0.01098901098901099
0 0.587012987012987 0.5563186813186813 0.025974025974025976 0.01098901098901099
0 0.34805194805194806 0.37362637362637363 0.01038961038961039 0.005494505494505495
0 0.5324675324675324 0.41620879120879123 0.01038961038961039 0.005494505494505495
0 0.7402597402597403 0.6002747252747253 0.025974025974025976 0.01098901098901099
0 0.24415584415584415 0.7142857142857143 0.025974025974025976 0.01098901098901099
0 0.23896103896103896 0.3598901098901099 0.01038961038961039 0.005494505494505495
0 0.7324675324675325 0.554945054945055 0.025974025974025976 0.01098901098901099
0 0.7662337662337663 0.5892857142857143 0.025974025974025976 0.01098901098901099
0 0.3116883116883117 0.782967032967033 0.025974025974025976 0.01098901098901099
0 0.5298701298701298 0.37362637362637363 0.01038961038961039 0.005494505494505495
0 0.7116883116883117 0.5439560439560439 0.01818181818181818 0.008241758241758242
0 0.5844155844155844 0.7101648351648352 0.025974025974025976 0.01098901098901099
0 0.6233766233766234 0.6387362637362637 0.025974025974025976 0.01098901098901099
0 0.2649350649350649 0.6098901098901099 0.025974025974025976 0.01098901098901099
0 0.21298701298701297 0.38461538461538464 0.01038961038961039 0.005494505494505495
0 0.8415584415584415 0.5315934065934066 0.01818181818181818 0.008241758241758242
0 0.5116883116883116 0.5755494505494505 0.025974025974025976 0.01098901098901099
0 0.21298701298701297 0.7032967032967034 0.025974025974025976 0.01098901098901099
0 0.638961038961039 0.48626373626373626 0.01038961038961039 0.005494505494505495
0 0.3922077922077922 0.646978021978022 0.025974025974025976 0.01098901098901099
0 0.7298701298701299 0.6153846153846154 0.025974025974025976 0.01098901098901099
0 0.9012987012987013 0.5535714285714286 0.025974025974025976 0.01098901098901099
0 0.5116883116883116 0.5274725274725275 0.01038961038961039 0.005494505494505495
0 0.23636363636363636 0.5233516483516484 0.01038961038961039 0.005494505494505495
0 0.8363636363636363 0.5769230769230769 0.025974025974025976 0.01098901098901099
0 0.4935064935064935 0.36126373626373626 0.01038961038961039 0.005494505494505495
0 0.6207792207792208 0.7211538461538461 0.025974025974025976 0.01098901098901099
0 0.2 0.5989010989010989 0.025974025974025976 0.01098901098901099
0 0.42077922077922075 0.4697802197802198 0.01038961038961039 0.005494505494505495
0 0.8987012987012987 0.5865384615384616 0.025974025974025976 0.01098901098901099
0 0.7064935064935065 0.7211538461538461 0.025974025974025976 0.01098901098901099
0 0.6909090909090909 0.5947802197802198 0.025974025974025976 0.01098901098901099
0 0.38181818181818183 0.5137362637362637 0.01038961038961039 0.005494505494505495
0 0.5974025974025974 0.603021978021978 0.025974025974025976 0.01098901098901099
0 0.8155844155844156 0.5384615384615384 0.01038961038961039 0.005494505494505495
0 0.5402597402597402 0.4739010989010989 0.01038961038961039 0.005494505494505495
0 0.32727272727272727 0.603021978021978 0.025974025974025976 0.01098901098901099
0 0.5792207792207792 0.6565934065934066 0.025974025974025976 0.01098901098901099
0 0.44935064935064933 0.4725274725274725 0.01038961038961039 0.005494505494505495
0 0.4701298701298701 0.6840659340659341 0.025974025974025976 0.01098901098901099
0 0.4727272727272727 0.7458791208791209 0.025974025974025976 0.01098901098901099
0 0.6779220779220779 0.7788461538461539 0.025974025974025976 0.01098901098901099
0 0.35324675324675325 0.364010989010989 0.01038961038961039 0.005494505494505495
0 0.6649350649350649 0.5288461538461539 0.01038961038961039 0.005494505494505495
0 0.2857142857142857 0.46565934065934067 0.01038961038961039 0.005494505494505495
0 0.4 0.5535714285714286 0.025974025974025976 0.01098901098901099
0 0.23376623376623376 0.5398351648351648 0.012987012987012988 0.006868131868131868
0 0.8675324675324675 0.6483516483516484 0.025974025974025976 0.01098901098901099
0 0.33506493506493507 0.5082417582417582 0.01038961038961039 0.005494505494505495
0 0.2675324675324675 0.6634615384615384 0.025974025974025976 0.01098901098901099
0 0.5792207792207792 0.46703296703296704 0.01038961038961039 0.005494505494505495
0 0.2961038961038961 0.41346153846153844 0.01038961038961039 0.005494505494505495
0 0.45194805194805193 0.5123626373626373 0.01038961038961039 0.005494505494505495
0 0.7766233766233767 0.5590659340659341 0.025974025974025976 0.01098901098901099
0 0.6831168831168831 0.4807692307692308 0.01038961038961039 0.005494505494505495
0 0.4 0.7815934065934066 0.025974025974025976 0.01098901098901099
0 0.3064935064935065 0.5123626373626373 0.01038961038961039 0.005494505494505495
0 0.5844155844155844 0.38324175824175827 0.01038961038961039 0.005494505494505495
0 0.5662337662337662 0.3543956043956044 0.01038961038961039 0.005494505494505495
0 0.36883116883116884 0.7197802197802198 0.025974025974025976 0.01098901098901099
0 0.18701298701298702 0.3791208791208791 0.01038961038961039 0.005494505494505495
0 0.5194805194805194 0.3983516483516483 0.01038961038961039 0.005494505494505495
0 0.43636363636363634 0.43131868131868134 0.01038961038961039 0.005494505494505495
0 0.7220779220779221 0.5728021978021978 0.025974025974025976 0.01098901098901099
0 0.7220779220779221 0.43956043956043955 0.01038961038961039 0.005494505494505495
0 0.37402597402597404 0.37774725274725274 0.01038961038961039 0.005494505494505495
0 0.23116883116883116 0.4876373626373626 0.01038961038961039 0.005494505494505495
0 0.6701298701298701 0.5535714285714286 0.025974025974025976 0.01098901098901099
0 0.8311688311688312 0.7953296703296703 0.025974025974025976 0.01098901098901099
0 0.4779220779220779 0.47527472527472525 0.01038961038961039 0.005494505494505495
0 0.6831168831168831 0.4423076923076923 0.01038961038961039 0.005494505494505495
0 0.2987012987012987 0.4478021978021978 0.01038961038961039 0.005494505494505495
0 0.8597402597402597 0.6085164835164835 0.025974025974025976 0.01098901098901099
0 0.4675324675324675 0.34065934065934067 0.01038961038961039 0.005494505494505495
0 0.5662337662337662 0.43131868131868134 0.01038961038961039 0.005494505494505495
0 0.6051948051948052 0.5357142857142857 0.01038961038961039 0.005494505494505495
0 0.7688311688311689 0.7115384615384616 0.025974025974025976 0.01098901098901099
0 0.23636363636363636 0.4217032967032967 0.01038961038961039 0.005494505494505495
0 0.33766233766233766 0.43956043956043955 0.01038961038961039 0.005494505494505495
0 0.18961038961038962 0.42857142857142855 0.01038961038961039 0.005494505494505495
0 0.43116883116883115 0.37362637362637363 0.01038961038961039 0.005494505494505495
0 0.23376623376623376 0.5082417582417582 0.01038961038961039 0.005494505494505495
0 0.3974025974025974 0.5315934065934066 0.01038961038961039 0.005494505494505495
0 0.2883116883116883 0.5728021978021978 0.025974025974025976 0.01098901098901099
0 0.32727272727272727 0.7239010989010989 0.025974025974025976 0.01098901098901099
0 0.6623376623376623 0.49175824175824173 0.01038961038961039 0.005494505494505495
0 0.5688311688311688 0.4848901098901099 0.01038961038961039 0.005494505494505495
0 0.5272727272727272 0.5096153846153846 0.01038961038961039 0.005494505494505495
0 0.5038961038961038 0.44368131868131866 0.01038961038961039 0.005494505494505495
0 0.2987012987012987 0.39285714285714285 0.01038961038961039 0.005494505494505495
0 0.8207792207792208 0.5631868131868132 0.025974025974025976 0.01098901098901099
0 0.44155844155844154 0.6771978021978022 0.025974025974025976 0.01098901098901099
0 0.4077922077922078 0.5961538461538461 0.025974025974025976 0.01098901098901099
0 0.3012987012987013 0.6936813186813187 0.025974025974025976 0.01098901098901099
0 0.17402597402597403 0.6868131868131868 0.025974025974025976 0.01098901098901099
0 0.625974025974026 0.4230769230769231 0.01038961038961039 0.005494505494505495
0 0.36883116883116884 0.5618131868131868 0.025974025974025976 0.01098901098901099
0 0.5662337662337662 0.5659340659340659 0.025974025974025976 0.01098901098901099
0 0.5428571428571428 0.489010989010989 0.01038961038961039 0.005494505494505495
0 0.4597402597402597 0.4010989010989011 0.01038961038961039 0.005494505494505495
0 0.3220779220779221 0.35027472527472525 0.01038961038961039 0.005494505494505495
0 0.22077922077922077 0.5618131868131868 0.025974025974025976 0.01098901098901099
0 0.5922077922077922 0.37774725274725274 0.01038961038961039 0.005494505494505495
0 0.6597402597402597 0.45879120879120877 0.01038961038961039 0.005494505494505495
0 0.4935064935064935 0.4230769230769231 0.01038961038961039 0.005494505494505495
0 0.5896103896103896 0.6222527472527473 0.025974025974025976 0.01098901098901099
0 0.7168831168831169 0.5934065934065934 0.025974025974025976 0.01098901098901099
0 0.7064935064935065 0.49313186813186816 0.01038961038961039 0.005494505494505495
0 0.509090909090909 0.6002747252747253 0.025974025974025976 0.01098901098901099
0 0.8883116883116883 0.5618131868131868 0.025974025974025976 0.01098901098901099
0 0.9584415584415584 0.6373626373626373 0.025974025974025976 0.01098901098901099
0 0.18181818181818182 0.4793956043956044 0.01038961038961039 0.005494505494505495
0 0.7064935064935065 0.6085164835164835 0.025974025974025976 0.01098901098901099
0 0.5766233766233766 0.6016483516483516 0.025974025974025976 0.01098901098901099
0 0.5532467532467532 0.5975274725274725 0.025974025974025976 0.01098901098901099
0 0.2597402597402597 0.5178571428571429 0.01038961038961039 0.005494505494505495
0 0.5428571428571428 0.4326923076923077 0.01038961038961039 0.005494505494505495
0 0.8389610389610389 0.5096153846153846 0.01038961038961039 0.005494505494505495
0 0.2597402597402597 0.3695054945054945 0.01038961038961039 0.005494505494505495
0 0.24675324675324675 0.45467032967032966 0.01038961038961039 0.005494505494505495
0 0.2 0.4010989010989011 0.01038961038961039 0.005494505494505495
0 0.7688311688311689 0.49725274725274726 0.01038961038961039 0.005494505494505495
0 0.4961038961038961 0.3804945054945055 0.01038961038961039 0.005494505494505495
0 0.34545454545454546 0.5302197802197802 0.01038961038961039 0.005494505494505495
0 0.5532467532467532 0.46703296703296704 0.01038961038961039 0.005494505494505495
0 0.8987012987012987 0.760989010989011 0.025974025974025976 0.01098901098901099
0 0.12727272727272726 0.7129120879120879 0.025974025974025976 0.01098901098901099
0 0.9662337662337662 0.592032967032967 0.025974025974025976 0.01098901098901099
0 0.45454545454545453 0.3626373626373626 0.01038961038961039 0.005494505494505495
0 0.3194805194805195 0.4230769230769231 0.01038961038961039 0.005494505494505495
0 0.1974025974025974 0.4739010989010989 0.01038961038961039 0.005494505494505495
0 0.574025974025974 0.49725274725274726 0.01038961038961039 0.005494505494505495
0 0.37662337662337664 0.46016483516483514 0.01038961038961039 0.005494505494505495
0 0.6077922077922078 0.5054945054945055 0.01038961038961039 0.005494505494505495
0 0.5792207792207792 0.6373626373626373 0.025974025974025976 0.01098901098901099
0 0.8207792207792208 0.728021978021978 0.025974025974025976 0.01098901098901099
0 0.7350649350649351 0.5041208791208791 0.01038961038961039 0.005494505494505495
0 0.17662337662337663 0.5178571428571429 0.01038961038961039 0.005494505494505495
0 0.7350649350649351 0.4807692307692308 0.01038961038961039 0.005494505494505495
0 0.5454545454545454 0.6483516483516484 0.025974025974025976 0.01098901098901099
0 0.3246753246753247 0.5810439560439561 0.025974025974025976 0.01098901098901099
0 0.8831168831168831 0.7019230769230769 0.025974025974025976 0.01098901098901099
0 0.3246753246753247 0.5563186813186813 0.025974025974025976 0.01098901098901099
0 0.5974025974025974 0.489010989010989 0.01038961038961039 0.005494505494505495
0 0.5428571428571428 0.6071428571428571 0.025974025974025976 0.01098901098901099
0 0.35584415584415585 0.4340659340659341 0.01038961038961039 0.005494505494505495
0 0.2077922077922078 0.3516483516483517 0.01038961038961039 0.005494505494505495
0 0.7428571428571429 0.6428571428571429 0.025974025974025976 0.01098901098901099
0 0.8233766233766234 0.6002747252747253 0.025974025974025976 0.01098901098901099
0 0.5506493506493506 0.39285714285714285 0.01038961038961039 0.005494505494505495
