0 0.6341666666666667 0.3204819277108434 0.0125 0.02650602409638554
0 0.1125 0.19156626506024096 0.009166666666666667 0.012048192771084338
0 0.35583333333333333 0.18072289156626506 0.009166666666666667 0.012048192771084338
0 0.20666666666666667 0.19156626506024096 0.009166666666666667 0.012048192771084338
0 0.24166666666666667 0.6228915662650603 0.05 0.10481927710843374
0 0.6291666666666667 0.3783132530120482 0.025 0.046987951807228916
0 0.285 0.3156626506024096 0.0125 0.02650602409638554
0 0.3908333333333333 0.20963855421686747 0.009166666666666667 0.012048192771084338
0 0.6958333333333333 0.18674698795180722 0.009166666666666667 0.012048192771084338
0 0.9675 0.4530120481927711 0.024166666666666666 0.07951807228915662
0 0.11583333333333333 0.26867469879518074 0.009166666666666667 0.012048192771084338
0 0.9525 0.3096385542168675 0.0125 0.02650602409638554
0 0.058333333333333334 0.3313253012048193 0.0125 0.02650602409638554
0 0.17583333333333334 0.2469879518072289 0.009166666666666667 0.012048192771084338
0 0.39166666666666666 0.41566265060240964 0.025 0.046987951807228916
0 0.43083333333333335 0.22771084337349398 0.009166666666666667 0.012048192771084338
0 0.10666666666666667 0.6807228915662651 0.05 0.10481927710843374
0 0.23416666666666666 0.38433734939759034 0.025 0.046987951807228916
0 0.6616666666666666 0.327710843373494 0.0125 0.02650602409638554
0 0.6858333333333333 0.42168674698795183 0.025 0.046987951807228916
0 0.735 0.41325301204819276 0.025 0.046987951807228916
0 0.82 0.3132530120481928 0.0125 0.02650602409638554
0 0.021666666666666667 0.28433734939759037 0.0125 0.02650602409638554
0 0.023333333333333334 0.6096385542168675 0.05 0.10481927710843374
0 0.915 0.42650602409638555 0.025 0.046987951807228916
0 0.6125 0.25783132530120484 0.009166666666666667 0.012048192771084338
0 0.2075 0.3144578313253012 0.0125 0.02650602409638554
0 0.1325 0.1927710843373494 0.009166666666666667 0.012048192771084338
0 0.8575 0.2457831325301205 0.009166666666666667 0.012048192771084338
0 0.9116666666666666 0.17951807228915662 0.0175 0.030120481927710843
0 0.6691666666666667 0.172289156626506 0.009166666666666667 0.012048192771084338
0 0.2675 0.2987951807228916 0.0125 0.02650602409638554
0 0.38666666666666666 0.18795180722891566 0.009166666666666667 0.012048192771084338
0 0.1675 0.43493975903614457 0.025 0.046987951807228916
0 0.345 0.3349397590361446 0.0125 0.02650602409638554
0 0.9508333333333333 0.25421686746987954 0.009166666666666667 0.012048192771084338
0 0.6683333333333333 0.2963855421686747 0.0125 0.02650602409638554
0 0.715 0.8783132530120482 0.05 0.10481927710843374
0 0.1375 0.3710843373493976 0.025 0.046987951807228916
0 0.03833333333333333 0.18072289156626506 0.009166666666666667 0.012048192771084338
0 0.2325 0.23493975903614459 0.009166666666666667 0.012048192771084338
0 0.39916666666666667 0.19879518072289157 0.009166666666666667 0.012048192771084338
0 0.3516666666666667 0.2710843373493976 0.009166666666666667 0.012048192771084338
0 0.95 0.672289156626506 0.05 0.10481927710843374
0 0.275 0.25060240963855424 0.009166666666666667 0.012048192771084338
0 0.31583333333333335 0.3602409638554217 0.025 0.046987951807228916
0 0.3933333333333333 0.2855421686746988 0.0125 0.02650602409638554
0 0.4083333333333333 0.3072289156626506 0.0125 0.02650602409638554
0 0.235 0.21204819277108433 0.009166666666666667 0.012048192771084338
0 0.9708333333333333 0.2891566265060241 0.0125 0.02650602409638554
0 0.18666666666666668 0.26144578313253014 0.009166666666666667 0.012048192771084338
0 0.8441666666666666 0.3240963855421687 0.0125 0.02650602409638554
0 0.33916666666666667 0.6987951807228916 0.051666666666666666 0.10240963855421686
0 0.8175 0.3759036144578313 0.025 0.046987951807228916
0 0.04416666666666667 0.3397590361445783 0.0125 0.02650602409638554
0 0.255 0.27590361445783135 0.0125 0.02650602409638554
0 0.43083333333333335 0.1891566265060241 0.009166666666666667 0.012048192771084338
0 0.0275 0.1855421686746988 0.009166666666666667 0.012048192771084338
0 0.07333333333333333 0.26385542168674697 0.009166666666666667 0.012048192771084338
0 0.955 0.27590361445783135 0.0125 0.02650602409638554
0 0.46416666666666667 0.27228915662650605 0.010833333333333334 0.03253012048192771
0 0.6108333333333333 0.2819277108433735 0.0125 0.02650602409638554
0 0.15583333333333332 0.19518072289156627 0.009166666666666667 0.012048192771084338
0 0.6266666666666667 0.30120481927710846 0.0125 0.02650602409638554
0 0.08416666666666667 0.3 0.0125 0.02650602409638554
0 0.12666666666666668 0.3409638554216867 0.0125 0.02650602409638554
0 0.6183333333333333 0.3397590361445783 0.0125 0.02650602409638554
0 0.2425 0.18795180722891566 0.009166666666666667 0.012048192771084338
0 0.5175 0.24819277108433735 0.095 0.16987951807228915
0 0.83 0.28072289156626506 0.0125 0.02650602409638554
0 0.845 0.26987951807228916 0.009166666666666667 0.012048192771084338
0 0.8866666666666667 0.8855421686746988 0.09333333333333334 0.1602409638554217
0 0.9016666666666666 0.3373493975903614 0.0125 0.02650602409638554
0 0.23083333333333333 0.3349397590361446 0.0125 0.02650602409638554
0 0.26916666666666667 0.1783132530120482 0.009166666666666667 0.012048192771084338
0 0.31666666666666665 0.43373493975903615 0.025 0.046987951807228916
0 0.07083333333333333 0.42048192771084336 0.025 0.046987951807228916
0 0.9025 0.3096385542168675 0.0125 0.02650602409638554
0 0.62 0.17349397590361446 0.009166666666666667 0.012048192771084338
0 0.2925 0.5493975903614458 0.024166666666666666 0.07951807228915662
0 0.29083333333333333 0.24457831325301205 0.009166666666666667 0.012048192771084338
0 0.26416666666666666 0.21445783132530122 0.009166666666666667 0.012048192771084338
0 0.2608333333333333 0.38313253012048193 0.025 0.046987951807228916
0 0.125 0.20843373493975903 0.009166666666666667 0.012048192771084338
0 0.14916666666666667 0.2783132530120482 0.0125 0.02650602409638554
0 0.3075 0.1927710843373494 0.009166666666666667 0.012048192771084338
0 0.7975 0.25542168674698795 0.009166666666666667 0.012048192771084338
0 0.855 0.41807228915662653 0.025 0.046987951807228916
0 0.38666666666666666 0.36987951807228914 0.025 0.046987951807228916
0 0.6583333333333333 0.25060240963855424 0.009166666666666667 0.012048192771084338
0 0.36833333333333335 0.26385542168674697 0.009166666666666667 0.012048192771084338
0 0.1775 0.363855421686747 0.025 0.046987951807228916
0 0.9166666666666666 0.3650602409638554 0.025 0.046987951807228916
0 0.6408333333333334 0.28072289156626506 0.0125 0.02650602409638554
0 0.8575 0.5987951807228916 0.05 0.10481927710843374
0 0.7991666666666667 0.3469879518072289 0.0125 0.02650602409638554
0 0.37416666666666665 0.21566265060240963 0.009166666666666667 0.012048192771084338
0 0.9691666666666666 0.39397590361445783 0.025 0.046987951807228916
0 0.23166666666666666 0.3 0.0125 0.02650602409638554
0 0.6891666666666667 0.25301204819277107 0.009166666666666667 0.012048192771084338
0 0.735 0.3156626506024096 0.0125 0.02650602409638554
0 0.3258333333333333 0.26385542168674697 0.009166666666666667 0.012048192771084338
0 0.7816666666666666 0.1927710843373494 0.009166666666666667 0.012048192771084338
0 0.4483333333333333 0.3855421686746988 0.025 0.046987951807228916
0 0.6841666666666667 0.39518072289156625 0.025 0.046987951807228916
0 0.7075 0.38072289156626504 0.025 0.046987951807228916
0 0.2175 0.1927710843373494 0.009166666666666667 0.012048192771084338
0 0.23916666666666667 0.2855421686746988 0.0125 0.02650602409638554
0 0.6316666666666667 0.2710843373493976 0.009166666666666667 0.012048192771084338
0 0.6508333333333334 0.38072289156626504 0.025 0.046987951807228916
0 0.6925 0.3650602409638554 0.025 0.046987951807228916
0 0.8325 0.35542168674698793 0.025 0.046987951807228916
0 0.25 0.3204819277108434 0.0125 0.02650602409638554
0 0.35583333333333333 0.3469879518072289 0.0125 0.02650602409638554
0 0.44583333333333336 0.30481927710843376 0.0125 0.02650602409638554
0 0.28833333333333333 0.2927710843373494 0.0125 0.02650602409638554
0 0.3958333333333333 0.25301204819277107 0.009166666666666667 0.012048192771084338
0 0.10083333333333333 0.25301204819277107 0.009166666666666667 0.012048192771084338
0 0.6383333333333333 0.24457831325301205 0.009166666666666667 0.012048192771084338
0 0.18416666666666667 0.563855421686747 0.024166666666666666 0.07951807228915662
0 0.4058333333333333 0.1783132530120482 0.009166666666666667 0.012048192771084338
0 0.3175 0.2891566265060241 0.0125 0.02650602409638554
0 0.3858333333333333 0.3180722891566265 0.0125 0.02650602409638554
0 0.25833333333333336 0.1819277108433735 0.009166666666666667 0.012048192771084338
0 0.2875 0.22289156626506024 0.009166666666666667 0.012048192771084338
0 0.975 0.25662650602409637 0.009166666666666667 0.012048192771084338
0 0.17416666666666666 0.3373493975903614 0.0125 0.02650602409638554
0 0.7875 0.28674698795180725 0.0125 0.02650602409638554
0 0.9425 0.3578313253012048 0.025 0.046987951807228916
0 0.12083333333333333 0.7759036144578313 0.05 0.10481927710843374
0 0.23333333333333334 0.9590361445783132 0.09083333333333334 0.10722891566265061
0 0.0975 0.42168674698795183 0.025 0.046987951807228916
0 0.7891666666666667 0.772289156626506 0.05 0.10481927710843374
0 0.8733333333333333 0.29518072289156627 0.0125 0.02650602409638554
0 0.11916666666666667 0.4578313253012048 0.024166666666666666 0.07951807228915662
0 0.3358333333333333 0.29036144578313255 0.0125 0.02650602409638554
0 0.09416666666666666 0.2216867469879518 0.009166666666666667 0.012048192771084338
0 0.6925 0.30481927710843376 0.0125 0.02650602409638554
0 0.9391666666666667 0.28433734939759037 0.0125 0.02650602409638554
0 0.6391666666666667 0.17710843373493976 0.009166666666666667 0.012048192771084338
0 0.05416666666666667 0.19036144578313252 0.009166666666666667 0.012048192771084338
0 0.255 0.23132530120481928 0.009166666666666667 0.012048192771084338
0 0.09083333333333334 0.35903614457831323 0.025 0.046987951807228916
0 0.17166666666666666 0.3072289156626506 0.0125 0.02650602409638554
0 0.2225 0.26987951807228916 0.009166666666666667 0.012048192771084338
0 0.015 0.38674698795180723 0.025 0.046987951807228916
0 0.385 0.25903614457831325 0.009166666666666667 0.012048192771084338
0 0.0925 0.1891566265060241 0.009166666666666667 0.012048192771084338
0 0.9508333333333333 0.2325301204819277 0.009166666666666667 0.012048192771084338
0 0.8116666666666666 0.42289156626506025 0.025 0.046987951807228916
0 0.5975 0.3240963855421687 0.0125 0.02650602409638554
0 0.7275 0.17590361445783131 0.009166666666666667 0.012048192771084338
0 0.9366666666666666 0.25180722891566265 0.009166666666666667 0.012048192771084338
0 0.8183333333333334 0.5710843373493976 0.024166666666666666 0.07951807228915662
0 0.7091666666666666 0.26867469879518074 0.009166666666666667 0.012048192771084338
0 0.9641666666666666 0.9325301204819277 0.06166666666666667 0.14819277108433734
0 0.30666666666666664 0.25301204819277107 0.009166666666666667 0.012048192771084338
0 0.6733333333333333 0.2674698795180723 0.009166666666666667 0.012048192771084338
0 0.3675 0.4530120481927711 0.024166666666666666 0.07951807228915662
0 0.1475 0.24096385542168675 0.009166666666666667 0.012048192771084338
0 0.08916666666666667 0.38072289156626504 0.025 0.046987951807228916
0 0.8791666666666667 0.26024096385542167 0.009166666666666667 0.012048192771084338
0 0.15083333333333335 0.327710843373494 0.0125 0.02650602409638554
0 0.1075 0.30481927710843376 0.0125 0.02650602409638554
0 0.41 0.26987951807228916 0.009166666666666667 0.012048192771084338
0 0.18666666666666668 0.4397590361445783 0.025 0.046987951807228916
0 0.19833333333333333 0.5084337349397591 0.024166666666666666 0.07951807228915662
0 0.9983333333333333 0.5831325301204819 0.0125 0.0963855421686747
0 0.37333333333333335 0.7879518072289157 0.0525 0.13975903614457832
0 0.11833333333333333 0.39879518072289155 0.025 0.046987951807228916
0 0.8333333333333334 0.4566265060240964 0.024166666666666666 0.07951807228915662
0 0.8225 0.26867469879518074 0.009166666666666667 0.012048192771084338
0 0.1275 0.5614457831325301 0.024166666666666666 0.07951807228915662
0 0.17 0.19397590361445782 0.009166666666666667 0.012048192771084338
0 0.7908333333333334 0.5012048192771085 0.024166666666666666 0.07951807228915662
0 0.9733333333333334 0.336144578313253 0.0125 0.02650602409638554
0 0.8675 0.172289156626506 0.009166666666666667 0.012048192771084338
0 0.4266666666666667 0.3614457831325301 0.025 0.046987951807228916
0 0.8908333333333334 0.38674698795180723 0.025 0.046987951807228916
0 0.4425 0.2783132530120482 0.0125 0.02650602409638554
0 0.8766666666666667 0.4927710843373494 0.024166666666666666 0.07951807228915662
0 0.2733333333333333 0.40602409638554215 0.025 0.046987951807228916
0 0.3525 0.4975903614457831 0.024166666666666666 0.07951807228915662
0 0.91 0.5421686746987951 0.024166666666666666 0.07951807228915662
0 0.2725 0.23132530120481928 0.009166666666666667 0.012048192771084338
0 0.060833333333333336 0.26144578313253014 0.009166666666666667 0.012048192771084338
0 0.2125 0.44096385542168676 0.025 0.046987951807228916
0 0.2875 0.20120481927710843 0.009166666666666667 0.012048192771084338
0 0.135 0.2783132530120482 0.0125 0.02650602409638554
0 0.03333333333333333 0.29518072289156627 0.0125 0.02650602409638554
0 0.9825 0.2289156626506024 0.009166666666666667 0.012048192771084338
0 0.030833333333333334 0.3614457831325301 0.025 0.046987951807228916
0 0.0725 0.1891566265060241 0.009166666666666667 0.012048192771084338
0 0.8466666666666667 0.38072289156626504 0.025 0.046987951807228916
0 0.93 0.3 0.0125 0.02650602409638554
0 0.9066666666666666 0.25301204819277107 0.009166666666666667 0.012048192771084338
0 0.18583333333333332 0.19879518072289157 0.009166666666666667 0.012048192771084338
0 0.0016666666666666668 0.8228915662650602 0.05 0.10481927710843374
0 0.7558333333333334 0.327710843373494 0.0125 0.02650602409638554
0 0.013333333333333334 0.18674698795180722 0.009166666666666667 0.012048192771084338
