0 0.726 0.4683724235963042 0.0036 0.011371712864250177
0 0.2116 0.39800995024875624 0.0072 0.009950248756218905
0 0.3524 0.47619047619047616 0.0056 0.008528784648187633
0 0.6412 0.4058280028429282 0.0072 0.009950248756218905
0 0.6944 0.5472636815920398 0.0104 0.022743425728500355
0 0.5948 0.4271499644633973 0.0072 0.009950248756218905
0 0.5924 0.43354655294953803 0.0056 0.008528784648187633
0 0.4012 0.6567164179104478 0.0104 0.022743425728500355
0 0.4028 0.5636105188343994 0.0104 0.022743425728500355
0 0.5232 0.47761194029850745 0.0056 0.008528784648187633
0 0.0784 0.4662402274342573 0.0056 0.008528784648187633
0 0.7536 0.44207533759772566 0.0036 0.011371712864250177
0 0.3864 0.4235963041933191 0.006 0.008528784648187633
0 0.6084 0.42643923240938164 0.0068 0.00923951670220327
0 0.5224 0.36886993603411516 0.0072 0.009950248756218905
0 0.3592 0.43852167732764746 0.0056 0.008528784648187633
0 0.462 0.6090973702914001 0.0104 0.022743425728500355
0 0.4052 0.5735607675906184 0.0104 0.022743425728500355
0 0.574 0.5302061122956645 0.0104 0.022743425728500355
0 0.4736 0.4207533759772566 0.0072 0.009950248756218905
0 0.454 0.5621890547263682 0.0104 0.022743425728500355
0 0.266 0.6346837242359631 0.0104 0.022743425728500355
0 0.7748 0.47405828002842926 0.0036 0.011371712864250177
0 0.8428 0.48329779673063256 0.0036 0.011371712864250177
0 0.9104 0.47903340440653874 0.0036 0.011371712864250177
0 0.46 0.42217484008528783 0.0072 0.009950248756218905
0 0.9576 0.39800995024875624 0.0036 0.011371712864250177
0 0.5892 0.4662402274342573 0.0056 0.008528784648187633
0 0.4048 0.496090973702914 0.0056 0.008528784648187633
0 0.2068 0.5287846481876333 0.0104 0.022743425728500355
0 0.7072 0.43070362473347545 0.0036 0.011371712864250177
0 0.5076 0.5394456289978679 0.0104 0.022743425728500355
0 0.1584 0.6396588486140725 0.0104 0.022743425728500355
0 0.5696 0.6794598436389481 0.0188 0.0433546552949538
0 0.966 0.39658848614072495 0.0036 0.011371712864250177
0 0.6604 0.5806680881307748 0.0104 0.022743425728500355
0 0.1252 0.4463397299218195 0.0056 0.008528784648187633
0 0.646 0.44776119402985076 0.0056 0.008528784648187633
0 0.2212 0.40014214641080315 0.0072 0.009950248756218905
0 0.1088 0.572139303482587 0.0104 0.022743425728500355
0 0.7064 0.4164889836531628 0.0072 0.009950248756218905
0 0.33 0.4633972992181947 0.0056 0.008528784648187633
0 0.42 0.40227434257285005 0.0072 0.009950248756218905
0 0.5568 0.5088841506751954 0.0056 0.008528784648187633
0 0.53 0.38663823738450603 0.0072 0.009950248756218905
0 0.7836 0.43781094527363185 0.0036 0.011371712864250177
0 0.9372 0.39019189765458423 0.0036 0.011371712864250177
0 0.442 0.4108031272210377 0.0072 0.009950248756218905
0 0.0656 0.4669509594882729 0.0056 0.008528784648187633
0 0.4616 0.4946695095948827 0.0056 0.008528784648187633
0 0.2556 0.4633972992181947 0.0056 0.008528784648187633
0 0.86 0.4690831556503198 0.0036 0.011371712864250177
0 0.756 0.6552949538024165 0.0108 0.024875621890547265
0 0.7488 0.39587775408670933 0.0036 0.011371712864250177
0 0.044 0.5643212508884151 0.0104 0.022743425728500355
0 0.6756 0.5103056147832267 0.0056 0.008528784648187633
0 0.6244 0.5941719971570718 0.0104 0.022743425728500355
0 0.626 0.5223880597014925 0.008 0.015636105188343994
0 0.2808 0.46766169154228854 0.0056 0.008528784648187633
0 0.3628 0.5053304904051172 0.0056 0.008528784648187633
0 0.6408 0.5373134328358209 0.0104 0.022743425728500355
0 0.5112 0.6901208244491827 0.0188 0.0433546552949538
0 0.4992 0.6233120113717129 0.0104 0.022743425728500355
0 0.7716 0.45557924662402277 0.0036 0.011371712864250177
0 0.8476 0.660270078180526 0.0188 0.0433546552949538
0 0.354 0.4214641080312722 0.0072 0.009950248756218905
0 0.6076 0.5358919687277897 0.0104 0.022743425728500355
0 0.0428 0.6233120113717129 0.0104 0.022743425728500355
0 0.2648 0.5031982942430704 0.0056 0.008528784648187633
0 0.4912 0.5429992892679459 0.0104 0.022743425728500355
0 0.9488 0.4662402274342573 0.0036 0.011371712864250177
0 0.1068 0.43710021321961623 0.0056 0.008528784648187633
0 0.11 0.425728500355366 0.0056 0.008528784648187633
0 0.744 0.43923240938166314 0.0036 0.011371712864250177
0 0.6192 0.6218905472636815 0.0104 0.022743425728500355
0 0.2548 0.5998578535891969 0.0104 0.022743425728500355
0 0.8448 0.4633972992181947 0.0036 0.011371712864250177
0 0.4764 0.527363184079602 0.0104 0.022743425728500355
0 0.8116 0.4513148542999289 0.0036 0.011371712864250177
0 0.6076 0.4633972992181947 0.0056 0.008528784648187633
0 0.7504 0.5387348969438521 0.0036 0.011371712864250177
0 0.376 0.464818763326226 0.0056 0.008528784648187633
0 0.7964 0.6595593461265103 0.0188 0.0433546552949538
0 0.7664 0.6595593461265103 0.0188 0.0433546552949538
0 0.7764 0.5650319829424307 0.0108 0.023454157782515993
0 0.74 0.49324804548685147 0.0036 0.011371712864250177
0 0.5144 0.39587775408670933 0.0072 0.009950248756218905
0 0.4252 0.6133617626154939 0.0104 0.022743425728500355
0 0.9932 0.40653873489694387 0.0036 0.011371712864250177
0 0.3892 0.47405828002842926 0.0056 0.008528784648187633
0 0.092 0.6496090973702914 0.0104 0.022743425728500355
0 0.8244 0.47547974413646055 0.0036 0.011371712864250177
0 0.2012 0.6325515280739161 0.0104 0.022743425728500355
0 0.498 0.4051172707889126 0.0072 0.009950248756218905
0 0.3864 0.5238095238095238 0.0056 0.008528784648187633
0 0.146 0.5700071073205402 0.0104 0.022743425728500355
0 0.7004 0.45557924662402277 0.0044 0.010660980810234541
0 0.4344 0.47121535181236673 0.0056 0.008528784648187633
0 0.5224 0.40014214641080315 0.0072 0.009950248756218905
0 0.9284 0.46766169154228854 0.0036 0.011371712864250177
0 0.64 0.44349680170575695 0.0056 0.008528784648187633
0 0.5888 0.59772565742715 0.0104 0.022743425728500355
0 0.522 0.4662402274342573 0.0056 0.008528784648187633
0 0.4108 0.4129353233830846 0.0072 0.009950248756218905
0 0.5748 0.5714285714285714 0.0104 0.022743425728500355
0 0.54 0.5366027007818053 0.0104 0.022743425728500355
0 0.3772 0.496090973702914 0.0056 0.008528784648187633
0 0.7452 0.39232409381663114 0.0036 0.011371712864250177
0 0.3712 0.47334754797441364 0.0056 0.008528784648187633
0 0.424 0.5309168443496801 0.0104 0.022743425728500355
0 0.268 0.5437100213219617 0.0104 0.022743425728500355
0 0.8352 0.44989339019189767 0.0036 0.011371712864250177
0 0.6324 0.4193319118692253 0.0072 0.009950248756218905
0 0.46 0.5302061122956645 0.0104 0.022743425728500355
0 0.1924 0.4200426439232409 0.0072 0.009950248756218905
0 0.2092 0.40867093105899077 0.0072 0.009950248756218905
0 0.3408 0.4150675195451315 0.0072 0.009950248756218905
0 0.4772 0.5643212508884151 0.0104 0.022743425728500355
0 0.8416 0.4577114427860697 0.0036 0.011371712864250177
0 0.1696 0.4946695095948827 0.0056 0.008528784648187633
0 0.2052 0.48471926083866385 0.0056 0.008528784648187633
0 0.5804 0.4925373134328358 0.0056 0.008528784648187633
0 0.1296 0.42643923240938164 0.0056 0.008528784648187633
0 0.9316 0.48898365316275766 0.0036 0.011371712864250177
0 0.6244 0.39587775408670933 0.0072 0.009950248756218905
0 0.122 0.6147832267235253 0.0104 0.022743425728500355
0 0.802 0.4484719260838664 0.0036 0.011371712864250177
0 0.5992 0.5294953802416489 0.0104 0.022743425728500355
0 0.2796 0.5785358919687278 0.0104 0.022743425728500355
0 0.7816 0.47903340440653874 0.0036 0.011371712864250177
0 0.5992 0.4036958066808813 0.0072 0.009950248756218905
0 0.9436 0.7221037668798863 0.0188 0.0433546552949538
0 0.1728 0.48471926083866385 0.0056 0.008528784648187633
0 0.3268 0.5053304904051172 0.0056 0.008528784648187633
0 0.308 0.5252309879175551 0.008 0.015636105188343994
0 0.9916 0.48187633262260127 0.0036 0.011371712864250177
0 0.8324 0.5700071073205402 0.0108 0.023454157782515993
0 0.0828 0.5771144278606966 0.0104 0.022743425728500355
0 0.3948 0.4619758351101635 0.0056 0.008528784648187633
0 0.7408 0.5209665955934613 0.0036 0.011371712864250177
0 0.5012 0.6496090973702914 0.0104 0.022743425728500355
0 0.2444 0.6218905472636815 0.0104 0.022743425728500355
0 0.1656 0.5714285714285714 0.0104 0.022743425728500355
0 0.5748 0.4036958066808813 0.0072 0.009950248756218905
0 0.0312 0.6368159203980099 0.0104 0.022743425728500355
0 0.438 0.5856432125088842 0.0104 0.022743425728500355
0 0.8008 0.47690120824449184 0.0036 0.011371712864250177
0 0.7596 0.5152807391613362 0.0036 0.011371712864250177
0 0.7128 0.47761194029850745 0.0036 0.011371712864250177
0 0.9684 0.4669509594882729 0.0036 0.011371712864250177
0 0.188 0.4150675195451315 0.0072 0.009950248756218905
0 0.3988 0.4058280028429282 0.0072 0.009950248756218905
0 0.3328 0.6453447050461976 0.0104 0.022743425728500355
0 0.378 0.42217484008528783 0.0068 0.00923951670220327
0 0.4728 0.410092395167022 0.0072 0.009950248756218905
0 0.2184 0.5380241648898365 0.0104 0.022743425728500355
0 0.268 0.4079601990049751 0.0072 0.009950248756218905
0 0.6044 0.5088841506751954 0.0056 0.008528784648187633
0 0.194 0.4562899786780384 0.0056 0.008528784648187633
0 0.1972 0.5785358919687278 0.0104 0.022743425728500355
0 0.4676 0.6560056858564322 0.0104 0.022743425728500355
0 0.1868 0.5167022032693674 0.0056 0.008528784648187633
0 0.4192 0.6552949538024165 0.0104 0.022743425728500355
0 0.4252 0.5174129353233831 0.0056 0.008528784648187633
0 0.5044 0.43994314143567875 0.0056 0.008528784648187633
0 0.7108 0.5024875621890548 0.0036 0.011371712864250177
0 0.5124 0.5707178393745558 0.0104 0.022743425728500355
0 0.5864 0.48187633262260127 0.0056 0.008528784648187633
0 0.2272 0.4633972992181947 0.0056 0.008528784648187633
0 0.5176 0.43070362473347545 0.0056 0.008528784648187633
0 0.4824 0.5849324804548686 0.0104 0.022743425728500355
0 0.5632 0.4904051172707889 0.0056 0.008528784648187633
0 0.2912 0.5309168443496801 0.0104 0.022743425728500355
0 0.032 0.4683724235963042 0.0056 0.008528784648187633
0 0.4428 0.572139303482587 0.0104 0.022743425728500355
0 0.8704 0.4690831556503198 0.0036 0.011371712864250177
0 0.1188 0.4506041222459133 0.0056 0.008528784648187633
0 0.8192 0.4463397299218195 0.0036 0.011371712864250177
0 0.7628 0.4633972992181947 0.0036 0.011371712864250177
0 0.928 0.6858564321250888 0.0188 0.0433546552949538
0 0.1348 0.5152807391613362 0.0056 0.008528784648187633
0 0.0452 0.43781094527363185 0.0056 0.008528784648187633
0 0.7236 0.44136460554371004 0.0036 0.011371712864250177
0 0.7696 0.4662402274342573 0.0036 0.011371712864250177
0 0.2388 0.5849324804548686 0.0104 0.022743425728500355
0 0.894 0.6837242359630419 0.0188 0.0433546552949538
0 0.712 0.4633972992181947 0.0036 0.011371712864250177
0 0.764 0.4470504619758351 0.0036 0.011371712864250177
0 0.9504 0.3937455579246624 0.0036 0.011371712864250177
0 0.7356 0.4470504619758351 0.0036 0.011371712864250177
0 0.414 0.5046197583511016 0.0056 0.008528784648187633
0 0.8672 0.44776119402985076 0.0036 0.011371712864250177
0 0.0372 0.4662402274342573 0.0056 0.008528784648187633
0 0.1924 0.5671641791044776 0.0104 0.022743425728500355
0 0.6276 0.40227434257285005 0.0072 0.009950248756218905
0 0.0472 0.5749822316986496 0.0104 0.022743425728500355
0 0.5312 0.5245202558635395 0.008 0.015636105188343994
0 0.2684 0.47476901208244493 0.0056 0.008528784648187633
0 0.3072 0.40440653873489696 0.0072 0.009950248756218905
0 0.4152 0.47547974413646055 0.0056 0.008528784648187633
0 0.6224 0.4079601990049751 0.0072 0.009950248756218905
0 0.8584 0.4463397299218195 0.0036 0.011371712864250177
0 0.9276 0.4562899786780384 0.0036 0.011371712864250177
0 0.5636 0.5380241648898365 0.0104 0.022743425728500355
0 0.8972 0.43923240938166314 0.0036 0.011371712864250177
0 0.1464 0.4200426439232409 0.006 0.008528784648187633
0 0.4308 0.47690120824449184 0.0056 0.008528784648187633
0 0.5088 0.4157782515991471 0.0072 0.009950248756218905
0 0.3276 0.5678749111584932 0.0104 0.022743425728500355
0 0.5516 0.5280739161336176 0.0104 0.022743425728500355
0 0.5216 0.5131485429992892 0.0056 0.008528784648187633
0 0.8276 0.47903340440653874 0.0036 0.011371712864250177
0 0.5644 0.501776830135039 0.0056 0.008528784648187633
0 0.4912 0.47121535181236673 0.0056 0.008528784648187633
0 0.1564 0.5245202558635395 0.0068 0.012082444918265814
0 0.6496 0.5984363894811656 0.0104 0.022743425728500355
0 0.5932 0.40085287846481876 0.0072 0.009950248756218905
0 0.7356 0.4641080312722104 0.0036 0.011371712864250177
0 0.75 0.5046197583511016 0.0036 0.011371712864250177
0 0.3444 0.6048329779673063 0.0104 0.022743425728500355
0 0.8544 0.4577114427860697 0.0036 0.011371712864250177
0 0.336 0.4939587775408671 0.0056 0.008528784648187633
0 0.8948 0.4577114427860697 0.0036 0.011371712864250177
0 0.3708 0.8621179815209666 0.0328 0.06183368869936034
0 0.4568 0.511727078891258 0.0056 0.008528784648187633
0 0.2356 0.5103056147832267 0.0056 0.008528784648187633
0 0.0112 0.5081734186211798 0.0056 0.008528784648187633
0 0.3068 0.5031982942430704 0.0056 0.008528784648187633
0 0.7268 0.40227434257285005 0.0072 0.009950248756218905
0 0.0888 0.4427860696517413 0.0056 0.008528784648187633
0 0.6132 0.4840085287846482 0.0056 0.008528784648187633
0 0.4176 0.472636815920398 0.0056 0.008528784648187633
0 0.5644 0.4669509594882729 0.0056 0.008528784648187633
0 0.5576 0.5778251599147122 0.0104 0.022743425728500355
0 0.4512 0.47619047619047616 0.0056 0.008528784648187633
0 0.3188 0.4946695095948827 0.0056 0.008528784648187633
0 0.7428 0.4669509594882729 0.0036 0.011371712864250177
0 0.0236 0.44065387348969437 0.0056 0.008528784648187633
0 0.9104 0.7228144989339019 0.0188 0.0433546552949538
0 0.6264 0.6730632551528074 0.0188 0.0433546552949538
0 0.6792 0.6318407960199005 0.0104 0.022743425728500355
0 0.3872 0.5031982942430704 0.0056 0.008528784648187633
0 0.5868 0.5415778251599147 0.0104 0.022743425728500355
0 0.2716 0.4975124378109453 0.0056 0.008528784648187633
0 0.5788 0.5074626865671642 0.0056 0.008528784648187633
0 0.5016 0.40227434257285005 0.0072 0.009950248756218905
0 0.964 0.7107320540156361 0.0188 0.0433546552949538
0 0.2648 0.5209665955934613 0.0068 0.012082444918265814
0 0.7284 0.43425728500355365 0.0036 0.011371712864250177
0 0.4588 0.43070362473347545 0.0056 0.008528784648187633
0 0.3564 0.5657427149964463 0.0104 0.022743425728500355
0 0.496 0.48898365316275766 0.0056 0.008528784648187633
0 0.1224 0.5245202558635395 0.008 0.015636105188343994
0 0.1684 0.6204690831556503 0.0104 0.022743425728500355
0 0.5048 0.6218905472636815 0.0104 0.022743425728500355
0 0.0064 0.5671641791044776 0.0104 0.022743425728500355
0 0.3452 0.572139303482587 0.0104 0.022743425728500355
0 0.716 0.5536602700781805 0.0036 0.011371712864250177
0 0.3332 0.4235963041933191 0.0064 0.00923951670220327
0 0.5316 0.4292821606254442 0.0068 0.00923951670220327
0 0.76 0.5437100213219617 0.0108 0.023454157782515993
0 0.012 0.47761194029850745 0.0056 0.008528784648187633
0 0.244 0.49324804548685147 0.0056 0.008528784648187633
0 0.3068 0.5749822316986496 0.0104 0.022743425728500355
0 0.7152 0.43781094527363185 0.0036 0.011371712864250177
0 0.8668 0.47761194029850745 0.0036 0.011371712864250177
0 0.84 0.4349680170575693 0.0036 0.011371712864250177
0 0.6068 0.5685856432125089 0.0104 0.022743425728500355
0 0.2868 0.6211798152096659 0.0104 0.022743425728500355
0 0.362 0.4641080312722104 0.0056 0.008528784648187633
0 0.4452 0.46979388770433544 0.0056 0.008528784648187633
0 0.7244 0.44989339019189767 0.0036 0.011371712864250177
0 0.3836 0.5380241648898365 0.0104 0.022743425728500355
0 0.2216 0.5628997867803838 0.0104 0.022743425728500355
0 0.272 0.5060412224591329 0.0056 0.008528784648187633
0 0.4736 0.40014214641080315 0.0072 0.009950248756218905
0 0.9144 0.4470504619758351 0.0036 0.011371712864250177
0 0.9196 0.47121535181236673 0.0036 0.011371712864250177
0 0.13 0.6496090973702914 0.0104 0.022743425728500355
0 0.496 0.527363184079602 0.0104 0.022743425728500355
0 0.7296 0.6488983653162758 0.0124 0.02771855010660981
0 0.8108 0.48898365316275766 0.0036 0.011371712864250177
0 0.7304 0.44349680170575695 0.0036 0.011371712864250177
0 0.566 0.48116560056858565 0.0056 0.008528784648187633
0 0.5896 0.4150675195451315 0.0072 0.009950248756218905
0 0.2016 0.4143567874911159 0.0072 0.009950248756218905
0 0.6284 0.574271499644634 0.0104 0.022743425728500355
0 0.4884 0.4186211798152097 0.0072 0.009950248756218905
0 0.0764 0.5550817341862118 0.0104 0.022743425728500355
0 0.5264 0.7412935323383084 0.0188 0.0433546552949538
0 0.3264 0.4705046197583511 0.0056 0.008528784648187633
0 0.9432 0.4598436389481166 0.0036 0.011371712864250177
0 0.7408 0.6233120113717129 0.0108 0.024875621890547265
0 0.6212 0.4200426439232409 0.0072 0.009950248756218905
0 0.2948 0.5650319829424307 0.0104 0.022743425728500355
0 0.0068 0.5493958777540867 0.0104 0.022743425728500355
0 0.586 0.39516702203269366 0.0072 0.009950248756218905
0 0.8232 0.4641080312722104 0.0036 0.011371712864250177
0 0.4656 0.39729921819474057 0.0072 0.009950248756218905
0 0.628 0.5110163468372424 0.0056 0.008528784648187633
0 0.3424 0.4669509594882729 0.0056 0.008528784648187633
0 0.1612 0.5138592750533049 0.0056 0.008528784648187633
0 0.7256 0.488272921108742 0.0036 0.011371712864250177
0 0.6692 0.4946695095948827 0.0056 0.008528784648187633
0 0.7976 0.43923240938166314 0.0036 0.011371712864250177
0 0.8052 0.4633972992181947 0.0036 0.011371712864250177
0 0.2276 0.4925373134328358 0.0056 0.008528784648187633
0 0.5444 0.3937455579246624 0.0072 0.009950248756218905
0 0.7916 0.4541577825159915 0.0036 0.011371712864250177
0 0.8696 0.43781094527363185 0.0036 0.011371712864250177
0 0.872 0.44989339019189767 0.0036 0.011371712864250177
0 0.6156 0.43781094527363185 0.0056 0.008528784648187633
0 0.2492 0.47690120824449184 0.0056 0.008528784648187633
0 0.3572 0.4157782515991471 0.0072 0.009950248756218905
0 0.8304 0.43781094527363185 0.0036 0.011371712864250177
0 0.5296 0.6297085998578535 0.0104 0.022743425728500355
