0 0.7946428571428571 0.056402439024390245 0.052353896103896104 0.0826219512195122
0 0.9730113636363636 0.1798780487804878 0.052353896103896104 0.0826219512195122
0 0.009537337662337662 0.5503048780487805 0.08116883116883117 0.13871951219512196
0 0.7960633116883117 0.36371951219512194 0.05438311688311688 0.09939024390243903
0 0.5773133116883117 0.3304878048780488 0.05438311688311688 0.09939024390243903
0 0.3023538961038961 0.1548780487804878 0.09232954545454546 0.15701219512195122
0 0.24431818181818182 0.21676829268292683 0.05113636363636364 0.08445121951219513
0 0.7339691558441559 0.5131097560975609 0.0882711038961039 0.13353658536585367
0 0.554788961038961 0.4432926829268293 0.0882711038961039 0.13353658536585367
0 0.39204545454545453 0.23384146341463416 0.06371753246753246 0.10579268292682927
0 0.9624594155844156 0.5051829268292682 0.25426136363636365 0.3439024390243902
0 0.12520292207792208 0.24878048780487805 0.03855519480519481 0.06310975609756098
0 0.1966314935064935 0.48079268292682925 0.20921266233766234 0.36615853658536585
0 0.6166801948051948 0.42591463414634145 0.0882711038961039 0.13353658536585367
0 0.09841720779220779 0.3018292682926829 0.03855519480519481 0.06310975609756098
0 0.4433847402597403 0.2621951219512195 0.06371753246753246 0.10579268292682927
0 0.05133928571428571 0.3850609756097561 0.07771915584415584 0.11097560975609756
0 0.47828733766233766 0.35853658536585364 0.06371753246753246 0.10579268292682927
0 0.7272727272727273 0.3774390243902439 0.05438311688311688 0.09939024390243903
0 0.39488636363636365 0.2948170731707317 0.06371753246753246 0.10579268292682927
0 0.8023538961038961 0.6289634146341463 0.10430194805194805 0.1603658536585366
0 0.9007711038961039 0.401219512195122 0.05438311688311688 0.09939024390243903
0 0.06838474025974026 0.28536585365853656 0.03855519480519481 0.06310975609756098
