0 0.038 0.5454545454545454 0.0232 0.02904040404040404
0 0.48 0.3712121212121212 0.0104 0.020833333333333332
0 0.8736 0.375 0.0104 0.020833333333333332
0 0.6776 0.1369949494949495 0.0104 0.020833333333333332
0 0.398 0.33964646464646464 0.0104 0.020833333333333332
0 0.3352 0.38573232323232326 0.0104 0.020833333333333332
0 0.3824 0.44002525252525254 0.0232 0.02904040404040404
0 0.362 0.2481060606060606 0.0104 0.020833333333333332
0 0.6016 0.4741161616161616 0.0232 0.02904040404040404
0 0.4012 0.16287878787878787 0.0104 0.020833333333333332
0 0.1176 0.37373737373737376 0.0104 0.020833333333333332
0 0.13 0.5391414141414141 0.0232 0.02904040404040404
0 0.2472 0.22411616161616163 0.0104 0.020833333333333332
0 0.1164 0.6098484848484849 0.0132 0.025883838383838384
0 0.032 0.37563131313131315 0.0104 0.020833333333333332
0 0.9052 0.4513888888888889 0.0232 0.02904040404040404
0 0.0376 0.11616161616161616 0.0104 0.020833333333333332
0 0.4716 0.049873737373737376 0.0104 0.020833333333333332
0 0.7396 0.010101010101010102 0.0104 0.020833333333333332
0 0.9028 0.5303030303030303 0.0232 0.02904040404040404
0 0.3248 0.125 0.0104 0.020833333333333332
0 0.4504 0.39015151515151514 0.0104 0.020833333333333332
0 0.0904 0.08585858585858586 0.0104 0.020833333333333332
0 0.5868 0.41035353535353536 0.0232 0.02904040404040404
0 0.5868 0.22537878787878787 0.0104 0.020833333333333332
0 0.396 0.2178030303030303 0.0104 0.020833333333333332
0 0.4652 0.17676767676767677 0.0104 0.020833333333333332
0 0.0104 0.21085858585858586 0.0104 0.020833333333333332
0 0.67 0.4810606060606061 0.0448 0.08333333333333333
0 0.9432 0.5296717171717171 0.0232 0.02904040404040404
0 0.5504 0.288510101010101 0.0104 0.020833333333333332
0 0.0768 0.29924242424242425 0.0104 0.020833333333333332
0 0.2408 0.3813131313131313 0.0104 0.020833333333333332
0 0.4116 0.48484848484848486 0.0232 0.02904040404040404
0 0.4972 0.28345959595959597 0.0104 0.020833333333333332
0 0.3916 0.46275252525252525 0.0232 0.02904040404040404
0 0.422 0.16351010101010102 0.0104 0.020833333333333332
0 0.99 0.32386363636363635 0.0104 0.020833333333333332
0 0.6752 0.380050505050505 0.0104 0.020833333333333332
0 0.2208 0.28724747474747475 0.0104 0.020833333333333332
0 0.3716 0.19823232323232323 0.0104 0.020833333333333332
0 0.416 0.1351010101010101 0.0104 0.020833333333333332
0 0.9756 0.2689393939393939 0.0104 0.020833333333333332
0 0.4564 0.43876262626262624 0.0232 0.02904040404040404
0 0.2148 0.6111111111111112 0.0296 0.05555555555555555
0 0.8804 0.14709595959595959 0.0104 0.020833333333333332
0 0.2312 0.054292929292929296 0.0104 0.020833333333333332
0 0.02 0.15656565656565657 0.0104 0.020833333333333332
0 0.4528 0.3371212121212121 0.0104 0.020833333333333332
0 0.2772 0.052398989898989896 0.0104 0.020833333333333332
0 0.0268 0.27525252525252525 0.0104 0.020833333333333332
0 0.392 0.40404040404040403 0.0232 0.02904040404040404
0 0.4364 0.054292929292929296 0.0104 0.020833333333333332
0 0.9024 0.5113636363636364 0.0232 0.02904040404040404
0 0.4224 0.1976010101010101 0.0104 0.020833333333333332
0 0.6076 0.20075757575757575 0.0104 0.020833333333333332
0 0.3088 0.3213383838383838 0.0104 0.020833333333333332
0 0.4568 0.288510101010101 0.0104 0.020833333333333332
0 0.2384 0.4564393939393939 0.0232 0.02904040404040404
0 0.7284 0.4053030303030303 0.0232 0.02904040404040404
0 0.3584 0.22411616161616163 0.0104 0.020833333333333332
0 0.4472 0.41919191919191917 0.0232 0.02904040404040404
0 0.9132 0.1597222222222222 0.0104 0.020833333333333332
0 0.4132 0.2727272727272727 0.0104 0.020833333333333332
0 0.3448 0.36047979797979796 0.0104 0.020833333333333332
0 0.4452 0.47664141414141414 0.0232 0.02904040404040404
0 0.468 0.3491161616161616 0.0104 0.020833333333333332
0 0.4208 0.3768939393939394 0.0104 0.020833333333333332
0 0.4916 0.3207070707070707 0.0104 0.020833333333333332
0 0.3572 0.2840909090909091 0.0104 0.020833333333333332
0 0.1228 0.1672979797979798 0.0104 0.020833333333333332
0 0.5916 0.4577020202020202 0.0232 0.02904040404040404
0 0.1724 0.33207070707070707 0.0104 0.020833333333333332
0 0.344 0.514520202020202 0.0232 0.02904040404040404
0 0.36 0.11616161616161616 0.0104 0.020833333333333332
0 0.7932 0.2222222222222222 0.0104 0.020833333333333332
0 0.4432 0.1590909090909091 0.0104 0.020833333333333332
0 0.294 0.3282828282828283 0.0104 0.020833333333333332
0 0.7428 0.1893939393939394 0.0104 0.020833333333333332
0 0.8748 0.4595959595959596 0.0232 0.02904040404040404
0 0.0624 0.6306818181818182 0.0132 0.025883838383838384
0 0.4772 0.43686868686868685 0.0232 0.02904040404040404
0 0.3776 0.030934343434343436 0.0104 0.020833333333333332
0 0.1728 0.17866161616161616 0.0104 0.020833333333333332
0 0.102 0.1900252525252525 0.0104 0.020833333333333332
0 0.9408 0.3838383838383838 0.0104 0.020833333333333332
0 0.2948 0.4166666666666667 0.0232 0.02904040404040404
0 0.3052 0.5195707070707071 0.0232 0.02904040404040404
0 0.298 0.5321969696969697 0.0232 0.02904040404040404
0 0.0472 0.04482323232323232 0.0104 0.020833333333333332
0 0.354 0.43497474747474746 0.0232 0.02904040404040404
0 0.1852 0.3061868686868687 0.0104 0.020833333333333332
0 0.3852 0.2708333333333333 0.0104 0.020833333333333332
0 0.018 0.49558080808080807 0.0232 0.02904040404040404
0 0.234 0.43876262626262624 0.0232 0.02904040404040404
0 0.278 0.5208333333333334 0.0232 0.02904040404040404
0 0.8984 0.38573232323232326 0.0104 0.020833333333333332
0 0.0024 0.4936868686868687 0.0232 0.02904040404040404
0 0.7844 0.3787878787878788 0.0104 0.020833333333333332
0 0.2512 0.08585858585858586 0.0104 0.020833333333333332
0 0.5092 0.2657828282828283 0.0104 0.020833333333333332
0 0.1792 0.49558080808080807 0.0232 0.02904040404040404
0 0.0896 0.5650252525252525 0.0232 0.02904040404040404
0 0.2884 0.06755050505050506 0.0104 0.020833333333333332
0 0.8384 0.16603535353535354 0.0104 0.020833333333333332
0 0.3036 0.4577020202020202 0.0232 0.02904040404040404
0 0.2788 0.48042929292929293 0.0232 0.02904040404040404
0 0.7924 0.4898989898989899 0.0376 0.06755050505050506
0 0.4388 0.021464646464646464 0.0104 0.020833333333333332
0 0.758 0.2720959595959596 0.0104 0.020833333333333332
0 0.2996 0.4880050505050505 0.0232 0.02904040404040404
0 0.4896 0.16540404040404041 0.0104 0.020833333333333332
0 0.2584 0.18434343434343434 0.0104 0.020833333333333332
0 0.6512 0.3851010101010101 0.0104 0.020833333333333332
0 0.4208 0.03409090909090909 0.0104 0.020833333333333332
0 0.324 0.24053030303030304 0.0104 0.020833333333333332
0 0.0292 0.21212121212121213 0.0104 0.020833333333333332
0 0.3128 0.041666666666666664 0.0104 0.020833333333333332
0 0.3876 0.06439393939393939 0.0104 0.020833333333333332
0 0.244 0.2765151515151515 0.0104 0.020833333333333332
0 0.1172 0.11237373737373738 0.0104 0.020833333333333332
0 0.4172 0.3301767676767677 0.0104 0.020833333333333332
0 0.6332 0.5157828282828283 0.0232 0.02904040404040404
0 0.9276 0.12121212121212122 0.0104 0.020833333333333332
0 0.3552 0.010732323232323232 0.0104 0.020833333333333332
0 0.3696 0.3806818181818182 0.0104 0.020833333333333332
0 0.86 0.26830808080808083 0.0104 0.020833333333333332
0 0.5344 0.07196969696969698 0.0104 0.020833333333333332
0 0.418 0.5220959595959596 0.0232 0.02904040404040404
0 0.3656 0.35542929292929293 0.0104 0.020833333333333332
0 0.2148 0.4715909090909091 0.0232 0.02904040404040404
0 0.4672 0.12373737373737374 0.0104 0.020833333333333332
0 0.1672 0.5284090909090909 0.0232 0.02904040404040404
0 0.086 0.14898989898989898 0.0104 0.020833333333333332
0 0.2588 0.4185606060606061 0.0232 0.02904040404040404
0 0.4764 0.5025252525252525 0.0232 0.02904040404040404
0 0.242 0.47853535353535354 0.0232 0.02904040404040404
0 0.3664 0.17045454545454544 0.0104 0.020833333333333332
0 0.1816 0.2032828282828283 0.0104 0.020833333333333332
0 0.3432 0.12184343434343434 0.0104 0.020833333333333332
0 0.1324 0.6035353535353535 0.0132 0.025883838383838384
0 0.1124 0.1893939393939394 0.0104 0.020833333333333332
0 0.4676 0.013257575757575758 0.0104 0.020833333333333332
0 0.69 0.17045454545454544 0.0104 0.020833333333333332
0 0.1068 0.030303030303030304 0.0104 0.020833333333333332
0 0.0564 0.5082070707070707 0.0232 0.02904040404040404
0 0.1232 0.3611111111111111 0.0104 0.020833333333333332
0 0.1952 0.32196969696969696 0.0104 0.020833333333333332
0 0.226 0.20202020202020202 0.0104 0.020833333333333332
0 0.4216 0.34785353535353536 0.0104 0.020833333333333332
0 0.512 0.476010101010101 0.0232 0.02904040404040404
0 0.6824 0.3207070707070707 0.0104 0.020833333333333332
0 0.1132 0.5271464646464646 0.0232 0.02904040404040404
0 0.2536 0.020833333333333332 0.0104 0.020833333333333332
0 0.0464 0.42108585858585856 0.0232 0.02904040404040404
0 0.4524 0.5202020202020202 0.0248 0.05303030303030303
0 0.34 0.2342171717171717 0.0104 0.020833333333333332
0 0.8648 0.061237373737373736 0.0104 0.020833333333333332
0 0.9396 0.15782828282828282 0.0104 0.020833333333333332
0 0.6584 0.26830808080808083 0.0104 0.020833333333333332
0 0.1704 0.4551767676767677 0.0232 0.02904040404040404
0 0.3376 0.2563131313131313 0.0104 0.020833333333333332
0 0.186 0.1590909090909091 0.0104 0.020833333333333332
0 0.1692 0.4236111111111111 0.0232 0.02904040404040404
0 0.122 0.44823232323232326 0.0232 0.02904040404040404
0 0.2356 0.5372474747474747 0.0296 0.05555555555555555
0 0.6388 0.5700757575757576 0.0232 0.02904040404040404
0 0.1 0.4236111111111111 0.0232 0.02904040404040404
0 0.2448 0.04734848484848485 0.0104 0.020833333333333332
0 0.6532 0.571969696969697 0.0448 0.08333333333333333
0 0.3324 0.019570707070707072 0.0104 0.020833333333333332
0 0.1524 0.6123737373737373 0.0132 0.025883838383838384
0 0.0492 0.4936868686868687 0.0232 0.02904040404040404
0 0.3892 0.2986111111111111 0.0104 0.020833333333333332
0 0.3784 0.13320707070707072 0.0104 0.020833333333333332
0 0.4548 0.25757575757575757 0.0104 0.020833333333333332
0 0.2744 0.041666666666666664 0.0104 0.020833333333333332
0 0.1352 0.1672979797979798 0.0104 0.020833333333333332
0 0.3024 0.547979797979798 0.0232 0.02904040404040404
0 0.6592 0.13131313131313133 0.0104 0.020833333333333332
0 0.1604 0.18434343434343434 0.0104 0.020833333333333332
0 0.2028 0.26073232323232326 0.0104 0.020833333333333332
0 0.536 0.3970959595959596 0.0208 0.03345959595959596
0 0.8348 0.3061868686868687 0.0104 0.020833333333333332
0 0.9464 0.3630050505050505 0.0104 0.020833333333333332
0 0.4872 0.028409090909090908 0.0104 0.020833333333333332
0 0.0692 0.03977272727272727 0.0104 0.020833333333333332
0 0.3364 0.4936868686868687 0.0232 0.02904040404040404
0 0.068 0.43813131313131315 0.0232 0.02904040404040404
0 0.0608 0.25441919191919193 0.0104 0.020833333333333332
0 0.2984 0.23926767676767677 0.0104 0.020833333333333332
0 0.0688 0.55239898989899 0.0232 0.02904040404040404
0 0.1084 0.1351010101010101 0.0104 0.020833333333333332
0 0.2752 0.26452020202020204 0.0104 0.020833333333333332
0 0.286 0.4059343434343434 0.0232 0.02904040404040404
0 0.7052 0.3768939393939394 0.0104 0.020833333333333332
0 0.9028 0.30113636363636365 0.0104 0.020833333333333332
0 0.4968 0.2398989898989899 0.0104 0.020833333333333332
0 0.372 0.43308080808080807 0.0232 0.02904040404040404
0 0.1764 0.538510101010101 0.0232 0.02904040404040404
0 0.6832 0.3939393939393939 0.0104 0.020833333333333332
0 0.0912 0.26325757575757575 0.0104 0.020833333333333332
0 0.414 0.10921717171717171 0.0104 0.020833333333333332
0 0.9344 0.5934343434343434 0.0232 0.02904040404040404
0 0.3192 0.5189393939393939 0.0232 0.02904040404040404
0 0.4904 0.3421717171717172 0.0104 0.020833333333333332
0 0.4956 0.31186868686868685 0.0104 0.020833333333333332
0 0.2108 0.5157828282828283 0.0232 0.02904040404040404
0 0.1516 0.4305555555555556 0.0232 0.02904040404040404
0 0.5916 0.39646464646464646 0.02 0.026515151515151516
0 0.4788 0.2380050505050505 0.0104 0.020833333333333332
0 0.8836 0.05555555555555555 0.0104 0.020833333333333332
0 0.5764 0.08270202020202021 0.0104 0.020833333333333332
0 0.938 0.07702020202020202 0.0104 0.020833333333333332
0 0.172 0.3731060606060606 0.0104 0.020833333333333332
0 0.97 0.19696969696969696 0.0104 0.020833333333333332
0 0.7944 0.08585858585858586 0.0104 0.020833333333333332
0 0.5256 0.3611111111111111 0.0104 0.020833333333333332
0 0.63 0.2215909090909091 0.0104 0.020833333333333332
0 0.2688 0.4463383838383838 0.0232 0.02904040404040404
0 0.5316 0.46085858585858586 0.0264 0.05618686868686869
0 0.2536 0.3421717171717172 0.0104 0.020833333333333332
0 0.272 0.11174242424242424 0.0104 0.020833333333333332
0 0.338 0.07702020202020202 0.0104 0.020833333333333332
0 0.4192 0.45202020202020204 0.0232 0.02904040404040404
0 0.5592 0.4116161616161616 0.0232 0.02904040404040404
0 0.3488 0.16351010101010102 0.0104 0.020833333333333332
0 0.2288 0.5176767676767676 0.0232 0.02904040404040404
0 0.3316 0.46275252525252525 0.0232 0.02904040404040404
0 0.3948 0.008207070707070708 0.0104 0.020833333333333332
0 0.1536 0.4671717171717172 0.0232 0.02904040404040404
0 0.228 0.22537878787878787 0.0104 0.020833333333333332
0 0.6632 0.3226010101010101 0.0104 0.020833333333333332
0 0.0828 0.32765151515151514 0.0104 0.020833333333333332
0 0.4596 0.09848484848484848 0.0104 0.020833333333333332
0 0.3336 0.5460858585858586 0.0232 0.02904040404040404
0 0.2228 0.35858585858585856 0.0104 0.020833333333333332
0 0.2284 0.2657828282828283 0.0104 0.020833333333333332
0 0.9284 0.5132575757575758 0.0232 0.02904040404040404
0 0.898 0.4337121212121212 0.0232 0.02904040404040404
0 0.3488 0.5631313131313131 0.0232 0.02904040404040404
0 0.3676 0.026515151515151516 0.0104 0.020833333333333332
0 0.3816 0.5214646464646465 0.0268 0.06060606060606061
0 0.8932 0.34154040404040403 0.0104 0.020833333333333332
0 0.442 0.32765151515151514 0.0104 0.020833333333333332
0 0.312 0.42424242424242425 0.0232 0.02904040404040404
0 0.45 0.2058080808080808 0.0104 0.020833333333333332
0 0.3096 0.3661616161616162 0.0104 0.020833333333333332
0 0.2736 0.36047979797979796 0.0104 0.020833333333333332
0 0.0568 0.013257575757575758 0.0104 0.020833333333333332
0 0.3552 0.5284090909090909 0.0232 0.02904040404040404
0 0.2476 0.398989898989899 0.0232 0.02904040404040404
