0 0.7876984126984127 0.08441558441558442 0.010582010582010581 0.02207792207792208
0 0.24867724867724866 0.5597402597402598 0.017857142857142856 0.04415584415584416
0 0.9014550264550265 0.36233766233766235 0.01455026455026455 0.03506493506493506
0 0.998015873015873 0.2506493506493506 0.0013227513227513227 0.007792207792207792
0 0.792989417989418 0.04155844155844156 0.010582010582010581 0.02207792207792208
0 0.21891534391534392 0.7909090909090909 0.01917989417989418 0.045454545454545456
0 0.31216931216931215 0.34285714285714286 0.01455026455026455 0.032467532467532464
0 0.23214285714285715 0.18311688311688312 0.011904761904761904 0.02857142857142857
0 0.26785714285714285 0.06233766233766234 0.00992063492063492 0.025974025974025976
0 0.24801587301587302 0.2038961038961039 0.011904761904761904 0.02857142857142857
0 0.24338624338624337 0.12987012987012986 0.011904761904761904 0.02857142857142857
0 0.0006613756613756613 0.6597402597402597 0.017857142857142856 0.04415584415584416
0 0.4576719576719577 0.19480519480519481 0.011904761904761904 0.02857142857142857
0 0.923941798941799 0.17142857142857143 0.012566137566137565 0.02987012987012987
0 0.15343915343915343 0.8012987012987013 0.01917989417989418 0.045454545454545456
0 0.06613756613756613 0.15584415584415584 0.011904761904761904 0.02857142857142857
0 0.30753968253968256 0.13506493506493505 0.011904761904761904 0.02857142857142857
0 0.43452380952380953 0.9467532467532468 0.01984126984126984 0.04935064935064935
0 0.47883597883597884 0.15974025974025974 0.011904761904761904 0.02857142857142857
0 0.48412698412698413 0.34025974025974026 0.01455026455026455 0.03506493506493506
0 0.3445767195767196 0.5623376623376624 0.017857142857142856 0.04415584415584416
0 0.10251322751322751 0.19350649350649352 0.011904761904761904 0.02857142857142857
0 0.9953703703703703 0.0012987012987012987 0.010582010582010581 0.007792207792207792
0 0.03505291005291005 0.37272727272727274 0.01455026455026455 0.032467532467532464
0 0.17328042328042328 0.18831168831168832 0.011904761904761904 0.02857142857142857
0 0.458994708994709 0.05584415584415584 0.00992063492063492 0.025974025974025976
0 0.2962962962962963 0.22597402597402597 0.011904761904761904 0.02857142857142857
0 0.2943121693121693 0.8142857142857143 0.01917989417989418 0.045454545454545456
0 0.027777777777777776 0.12857142857142856 0.011904761904761904 0.02857142857142857
0 0.1970899470899471 0.18181818181818182 0.011904761904761904 0.02857142857142857
0 0.3802910052910053 0.08441558441558442 0.00992063492063492 0.025974025974025976
0 0.41335978835978837 0.03896103896103896 0.00992063492063492 0.025974025974025976
0 0.1746031746031746 0.2545454545454545 0.01455026455026455 0.032467532467532464
0 0.39814814814814814 0.12597402597402596 0.011904761904761904 0.02857142857142857
0 0.3816137566137566 0.02207792207792208 0.00992063492063492 0.025974025974025976
0 0.1984126984126984 0.3116883116883117 0.01455026455026455 0.032467532467532464
0 0.1984126984126984 0.01818181818181818 0.00992063492063492 0.025974025974025976
0 0.1455026455026455 0.22467532467532467 0.011904761904761904 0.02857142857142857
0 0.13690476190476192 0.4025974025974026 0.01455026455026455 0.032467532467532464
0 0.13955026455026456 0.08441558441558442 0.00992063492063492 0.025974025974025976
0 0.04828042328042328 0.18051948051948052 0.011904761904761904 0.02857142857142857
0 0.6322751322751323 0.3922077922077922 0.01455026455026455 0.03506493506493506
0 0.30423280423280424 0.06883116883116883 0.00992063492063492 0.025974025974025976
0 0.9920634920634921 0.5597402597402598 0.01917989417989418 0.05194805194805195
0 0.31283068783068785 0.6090909090909091 0.017857142857142856 0.04415584415584416
0 0.5595238095238095 0.37012987012987014 0.01455026455026455 0.03506493506493506
0 0.6078042328042328 0.287012987012987 0.01455026455026455 0.03506493506493506
0 0.23544973544973544 0.2987012987012987 0.01455026455026455 0.032467532467532464
0 0.37103174603174605 0.10909090909090909 0.011904761904761904 0.02857142857142857
0 0.33134920634920634 0.24415584415584415 0.011904761904761904 0.02857142857142857
0 0.1865079365079365 0.4090909090909091 0.01455026455026455 0.032467532467532464
0 0.49603174603174605 0.5441558441558442 0.01917989417989418 0.05194805194805195
0 0.11375661375661375 0.551948051948052 0.017857142857142856 0.04415584415584416
0 0.4880952380952381 0.12467532467532468 0.011904761904761904 0.02857142857142857
0 0.16071428571428573 0.6727272727272727 0.017857142857142856 0.04415584415584416
0 0.32407407407407407 0.045454545454545456 0.00992063492063492 0.025974025974025976
0 0.8869047619047619 0.18831168831168832 0.012566137566137565 0.02987012987012987
0 0.718915343915344 0.23116883116883116 0.012566137566137565 0.02987012987012987
0 0.833994708994709 0.34805194805194806 0.01455026455026455 0.03506493506493506
0 0.9874338624338624 0.17662337662337663 0.012566137566137565 0.02987012987012987
0 0.4914021164021164 0.6012987012987013 0.01917989417989418 0.05194805194805195
0 0.3412698412698413 0.05194805194805195 0.00992063492063492 0.025974025974025976
0 0.13095238095238096 0.938961038961039 0.01917989417989418 0.045454545454545456
0 0.24338624338624337 0.6610389610389611 0.017857142857142856 0.04415584415584416
0 0.35185185185185186 0.5298701298701298 0.017857142857142856 0.04415584415584416
0 0.083994708994709 0.05714285714285714 0.00992063492063492 0.025974025974025976
0 0.919973544973545 0.21818181818181817 0.012566137566137565 0.02987012987012987
0 0.21031746031746032 0.16493506493506493 0.011904761904761904 0.02857142857142857
0 0.6884920634920635 0.9415584415584416 0.01984126984126984 0.04935064935064935
0 0.8796296296296297 0.05584415584415584 0.010582010582010581 0.02207792207792208
0 0.11507936507936507 0.23636363636363636 0.011904761904761904 0.02857142857142857
0 0.18386243386243387 0.1012987012987013 0.011904761904761904 0.02857142857142857
0 0.31547619047619047 0.7324675324675325 0.01917989417989418 0.045454545454545456
0 0.19246031746031747 0.9363636363636364 0.01917989417989418 0.045454545454545456
0 0.42724867724867727 0.43766233766233764 0.01455026455026455 0.032467532467532464
0 0.001984126984126984 0.7909090909090909 0.01917989417989418 0.045454545454545456
0 0.25925925925925924 0.2896103896103896 0.01455026455026455 0.032467532467532464
0 0.0013227513227513227 0.15324675324675324 0.011904761904761904 0.02857142857142857
0 0.0026455026455026454 0.3038961038961039 0.01455026455026455 0.032467532467532464
0 0.23346560846560846 0.14545454545454545 0.011904761904761904 0.02857142857142857
0 0.453042328042328 0.14155844155844155 0.011904761904761904 0.02857142857142857
0 0.04431216931216931 0.21428571428571427 0.011904761904761904 0.02857142857142857
0 0.6957671957671958 0.08831168831168831 0.012566137566137565 0.02987012987012987
0 0.7791005291005291 0.24025974025974026 0.012566137566137565 0.02987012987012987
0 0.6335978835978836 0.18961038961038962 0.012566137566137565 0.02987012987012987
0 0.5013227513227513 0.474025974025974 0.01455026455026455 0.03506493506493506
0 0.41534391534391535 0.16363636363636364 0.011904761904761904 0.02857142857142857
0 0.44642857142857145 0.09090909090909091 0.00992063492063492 0.025974025974025976
0 0.27116402116402116 0.4142857142857143 0.01455026455026455 0.032467532467532464
0 0.041666666666666664 0.11168831168831168 0.011904761904761904 0.02857142857142857
0 0.2857142857142857 0.8935064935064935 0.01917989417989418 0.045454545454545456
0 0.6111111111111112 0.32597402597402597 0.01455026455026455 0.03506493506493506
0 0.7526455026455027 0.01818181818181818 0.010582010582010581 0.02207792207792208
0 0.25595238095238093 0.007792207792207792 0.00992063492063492 0.025974025974025976
0 0.0787037037037037 0.6 0.017857142857142856 0.04415584415584416
0 0.37037037037037035 0.24155844155844156 0.011904761904761904 0.02857142857142857
0 0.9814814814814815 0.06623376623376623 0.010582010582010581 0.02207792207792208
0 0.542989417989418 0.6818181818181818 0.01917989417989418 0.05194805194805195
0 0.4675925925925926 0.04155844155844156 0.00992063492063492 0.025974025974025976
0 0.43716931216931215 0.17662337662337663 0.011904761904761904 0.02857142857142857
0 0.3062169312169312 0.01038961038961039 0.00992063492063492 0.025974025974025976
0 0.037037037037037035 0.5584415584415584 0.017857142857142856 0.04415584415584416
0 0.3630952380952381 0.15064935064935064 0.011904761904761904 0.02857142857142857
0 0.5297619047619048 0.006493506493506494 0.010582010582010581 0.02207792207792208
0 0.7103174603174603 0.24285714285714285 0.012566137566137565 0.02987012987012987
0 0.1541005291005291 0.36623376623376624 0.01455026455026455 0.032467532467532464
0 0.4107142857142857 0.261038961038961 0.01455026455026455 0.032467532467532464
0 0.9596560846560847 0.17402597402597403 0.012566137566137565 0.02987012987012987
0 0.8485449735449735 0.01948051948051948 0.010582010582010581 0.02207792207792208
0 0.2526455026455027 0.024675324675324677 0.00992063492063492 0.025974025974025976
0 0.794973544973545 0.6610389610389611 0.01917989417989418 0.05194805194805195
0 0.8888888888888888 0.7090909090909091 0.01917989417989418 0.05194805194805195
0 0.4470899470899471 0.016883116883116882 0.00992063492063492 0.025974025974025976
0 0.0013227513227513227 0.2064935064935065 0.011904761904761904 0.02857142857142857
0 0.15608465608465608 0.2922077922077922 0.01455026455026455 0.032467532467532464
0 0.2275132275132275 0.0025974025974025974 0.00992063492063492 0.025974025974025976
0 0.8664021164021164 0.007792207792207792 0.010582010582010581 0.02207792207792208
0 0.8908730158730159 0.023376623376623377 0.010582010582010581 0.02207792207792208
0 0.4074074074074074 0.1974025974025974 0.011904761904761904 0.02857142857142857
0 0.25 0.07142857142857142 0.00992063492063492 0.025974025974025976
0 0.2857142857142857 0.00909090909090909 0.00992063492063492 0.025974025974025976
0 0.8888888888888888 0.2584415584415584 0.012566137566137565 0.02987012987012987
0 0.02447089947089947 0.02207792207792208 0.00992063492063492 0.025974025974025976
0 0.8796296296296297 0.02207792207792208 0.010582010582010581 0.02207792207792208
0 0.09325396825396826 0.2909090909090909 0.01455026455026455 0.032467532467532464
0 0.0787037037037037 0.23116883116883116 0.011904761904761904 0.02857142857142857
0 0.5727513227513228 0.274025974025974 0.012566137566137565 0.02987012987012987
0 0.541005291005291 0.8597402597402597 0.01917989417989418 0.05194805194805195
0 0.31283068783068785 0.15844155844155844 0.011904761904761904 0.02857142857142857
0 0.2638888888888889 0.37532467532467534 0.01455026455026455 0.032467532467532464
0 0.32407407407407407 0.45454545454545453 0.01455026455026455 0.032467532467532464
0 0.22552910052910052 0.41948051948051945 0.01455026455026455 0.032467532467532464
0 0.7334656084656085 0.023376623376623377 0.010582010582010581 0.02207792207792208
0 0.6785714285714286 0.007792207792207792 0.010582010582010581 0.02207792207792208
0 0.5628306878306878 0.05844155844155844 0.010582010582010581 0.02207792207792208
0 0.3148148148148148 0.0987012987012987 0.011904761904761904 0.02857142857142857
0 0.5476190476190477 0.2896103896103896 0.01455026455026455 0.03506493506493506
0 0.4451058201058201 0.04415584415584416 0.00992063492063492 0.025974025974025976
0 0.33994708994708994 0.13116883116883116 0.011904761904761904 0.02857142857142857
0 0.31283068783068785 0.37532467532467534 0.01455026455026455 0.032467532467532464
0 0.001984126984126984 0.12337662337662338 0.011904761904761904 0.02857142857142857
0 0.3974867724867725 0.4662337662337662 0.017857142857142856 0.04415584415584416
0 0.3478835978835979 0.12077922077922078 0.011904761904761904 0.02857142857142857
0 0.3002645502645503 0.6545454545454545 0.017857142857142856 0.04415584415584416
0 0.3445767195767196 0.17142857142857143 0.011904761904761904 0.02857142857142857
0 0.04497354497354497 0.6103896103896104 0.017857142857142856 0.04415584415584416
0 0.39285714285714285 0.09220779220779221 0.00992063492063492 0.025974025974025976
0 0.3478835978835979 0.2909090909090909 0.01455026455026455 0.032467532467532464
0 0.20965608465608465 0.4727272727272727 0.017857142857142856 0.04415584415584416
0 0.6527777777777778 0.04285714285714286 0.010582010582010581 0.02207792207792208
0 0.28835978835978837 0.5168831168831168 0.017857142857142856 0.04415584415584416
0 0.7208994708994709 0.5688311688311688 0.01917989417989418 0.05194805194805195
0 0.2744708994708995 0.04935064935064935 0.00992063492063492 0.025974025974025976
0 0.13955026455026456 0.7532467532467533 0.01917989417989418 0.045454545454545456
0 0.1164021164021164 0.8987012987012987 0.01917989417989418 0.045454545454545456
0 0.31613756613756616 0.02857142857142857 0.00992063492063492 0.025974025974025976
0 0.6693121693121693 0.21168831168831168 0.012566137566137565 0.02987012987012987
0 0.8783068783068783 0.8363636363636363 0.01917989417989418 0.05194805194805195
0 0.9338624338624338 0.032467532467532464 0.010582010582010581 0.02207792207792208
0 0.004629629629629629 0.5168831168831168 0.017857142857142856 0.04415584415584416
0 0.1865079365079365 0.07922077922077922 0.00992063492063492 0.025974025974025976
0 0.5119047619047619 0.42077922077922075 0.01455026455026455 0.03506493506493506
0 0.11044973544973545 0.011688311688311689 0.00992063492063492 0.025974025974025976
0 0.11970899470899471 0.13246753246753246 0.011904761904761904 0.02857142857142857
0 0.6640211640211641 0.2636363636363636 0.012566137566137565 0.02987012987012987
0 0.031084656084656083 0.4636363636363636 0.017857142857142856 0.04415584415584416
0 0.4398148148148148 0.05064935064935065 0.00992063492063492 0.025974025974025976
0 0.8022486772486772 0.11818181818181818 0.012566137566137565 0.02987012987012987
0 0.8306878306878307 0.11038961038961038 0.012566137566137565 0.02987012987012987
0 0.9768518518518519 0.2714285714285714 0.012566137566137565 0.02987012987012987
0 0.328042328042328 0.8285714285714286 0.01917989417989418 0.045454545454545456
0 0.09788359788359788 0.7987012987012987 0.01917989417989418 0.045454545454545456
0 0.18584656084656084 0.03506493506493506 0.00992063492063492 0.025974025974025976
0 0.15608465608465608 0.5493506493506494 0.017857142857142856 0.04415584415584416
0 0.658068783068783 0.1987012987012987 0.012566137566137565 0.02987012987012987
0 0.08531746031746032 0.15974025974025974 0.011904761904761904 0.02857142857142857
0 0.4332010582010582 0.04935064935064935 0.00992063492063492 0.025974025974025976
0 0.4794973544973545 0.08051948051948052 0.00992063492063492 0.025974025974025976
0 0.2400793650793651 0.5 0.017857142857142856 0.04415584415584416
0 0.38822751322751325 0.14415584415584415 0.011904761904761904 0.02857142857142857
0 0.38822751322751325 0.04935064935064935 0.00992063492063492 0.025974025974025976
0 0.6388888888888888 0.7610389610389611 0.01917989417989418 0.05194805194805195
0 0.08134920634920635 0.35064935064935066 0.01455026455026455 0.032467532467532464
0 0.2671957671957672 0.09740259740259741 0.011904761904761904 0.02857142857142857
0 0.3392857142857143 0.014285714285714285 0.00992063492063492 0.025974025974025976
0 0.1574074074074074 0.4896103896103896 0.017857142857142856 0.04415584415584416
0 0.20502645502645503 0.2766233766233766 0.01455026455026455 0.032467532467532464
0 0.1832010582010582 0.23636363636363636 0.011904761904761904 0.02857142857142857
0 0.20436507936507936 0.35454545454545455 0.01455026455026455 0.032467532467532464
0 0.4537037037037037 0.22597402597402597 0.011904761904761904 0.02857142857142857
0 0.8121693121693122 0.2 0.012566137566137565 0.02987012987012987
0 0.1474867724867725 0.32987012987012987 0.01455026455026455 0.032467532467532464
0 0.32076719576719576 0.01948051948051948 0.00992063492063492 0.025974025974025976
0 0.4623015873015873 0.09350649350649351 0.00992063492063492 0.025974025974025976
0 0.26785714285714285 0.35194805194805195 0.01455026455026455 0.032467532467532464
0 0.6798941798941799 0.09090909090909091 0.012566137566137565 0.02987012987012987
0 0.031084656084656083 0.08961038961038961 0.00992063492063492 0.025974025974025976
0 0.4246031746031746 0.37922077922077924 0.01455026455026455 0.032467532467532464
0 0.4027777777777778 0.3116883116883117 0.01455026455026455 0.032467532467532464
0 0.4312169312169312 0.12207792207792208 0.011904761904761904 0.02857142857142857
0 0.8445767195767195 0.23766233766233766 0.012566137566137565 0.02987012987012987
0 0.2863756613756614 0.14805194805194805 0.011904761904761904 0.02857142857142857
0 0.20502645502645503 0.2012987012987013 0.011904761904761904 0.02857142857142857
0 0.21362433862433863 0.10779220779220779 0.011904761904761904 0.02857142857142857
0 0.11243386243386243 0.44285714285714284 0.01455026455026455 0.032467532467532464
0 0.33994708994708994 0.07272727272727272 0.00992063492063492 0.025974025974025976
0 0.23743386243386244 0.22987012987012986 0.011904761904761904 0.02857142857142857
0 0.15211640211640212 0.6987012987012987 0.01917989417989418 0.045454545454545456
0 0.1779100529100529 0.13896103896103895 0.011904761904761904 0.02857142857142857
0 0.7268518518518519 0.006493506493506494 0.010582010582010581 0.02207792207792208
0 0.1865079365079365 0.16233766233766234 0.011904761904761904 0.02857142857142857
0 0.582010582010582 0.23506493506493506 0.012566137566137565 0.02987012987012987
0 0.21296296296296297 0.06103896103896104 0.00992063492063492 0.025974025974025976
0 0.296957671957672 0.12857142857142856 0.011904761904761904 0.02857142857142857
0 0.6779100529100529 0.05194805194805195 0.010582010582010581 0.02207792207792208
0 0.8214285714285714 0.01818181818181818 0.010582010582010581 0.02207792207792208
0 0.22552910052910052 0.09220779220779221 0.00992063492063492 0.025974025974025976
0 0.08994708994708994 0.5103896103896104 0.017857142857142856 0.04415584415584416
0 0.25992063492063494 0.17142857142857143 0.011904761904761904 0.02857142857142857
0 0.06018518518518518 0.4155844155844156 0.01455026455026455 0.032467532467532464
0 0.06746031746031746 0.9532467532467532 0.01917989417989418 0.045454545454545456
0 0.2003968253968254 0.03896103896103896 0.00992063492063492 0.025974025974025976
0 0.13095238095238096 0.16103896103896104 0.011904761904761904 0.02857142857142857
0 0.03042328042328042 0.7285714285714285 0.01917989417989418 0.045454545454545456
0 0.7447089947089947 0.22337662337662337 0.012566137566137565 0.02987012987012987
0 0.29563492063492064 0.024675324675324677 0.00992063492063492 0.025974025974025976
0 0.53505291005291 0.07272727272727272 0.010582010582010581 0.02207792207792208
0 0.10317460317460317 0.08441558441558442 0.00992063492063492 0.025974025974025976
0 0.19775132275132276 0.09090909090909091 0.00992063492063492 0.025974025974025976
0 0.26256613756613756 0.7181818181818181 0.01917989417989418 0.045454545454545456
0 0.3835978835978836 0.6805194805194805 0.017857142857142856 0.04415584415584416
0 0.5363756613756614 0.4701298701298701 0.01455026455026455 0.03506493506493506
0 0.996031746031746 0.09740259740259741 0.012566137566137565 0.02987012987012987
0 0.289021164021164 0.2571428571428571 0.01455026455026455 0.032467532467532464
0 0.15145502645502645 0.005194805194805195 0.00992063492063492 0.025974025974025976
0 0.4384920634920635 0.0012987012987012987 0.00992063492063492 0.025974025974025976
0 0.47156084656084657 0.12987012987012986 0.011904761904761904 0.02857142857142857
0 0.4087301587301587 0.053246753246753244 0.00992063492063492 0.025974025974025976
0 0.3776455026455027 0.22077922077922077 0.011904761904761904 0.02857142857142857
0 0.23214285714285715 0.05064935064935065 0.00992063492063492 0.025974025974025976
0 0.419973544973545 0.08051948051948052 0.00992063492063492 0.025974025974025976
0 0.37566137566137564 0.18051948051948052 0.011904761904761904 0.02857142857142857
0 0.2757936507936508 0.13116883116883116 0.011904761904761904 0.02857142857142857
0 0.421957671957672 0.0012987012987012987 0.00992063492063492 0.025974025974025976
0 0.38425925925925924 0.7688311688311689 0.01917989417989418 0.045454545454545456
0 0.7652116402116402 0.2727272727272727 0.012566137566137565 0.02987012987012987
0 0.31216931216931215 0.2714285714285714 0.01455026455026455 0.032467532467532464
0 0.0291005291005291 0.1974025974025974 0.011904761904761904 0.02857142857142857
0 0.15079365079365079 0.20909090909090908 0.011904761904761904 0.02857142857142857
0 0.4708994708994709 0.2714285714285714 0.011904761904761904 0.02857142857142857
0 0.9358465608465608 0.003896103896103896 0.010582010582010581 0.007792207792207792
0 0.4054232804232804 0.22987012987012986 0.011904761904761904 0.02857142857142857
0 0.7585978835978836 0.033766233766233764 0.010582010582010581 0.02207792207792208
0 0.12037037037037036 0.02077922077922078 0.00992063492063492 0.025974025974025976
0 0.9761904761904762 0.015584415584415584 0.010582010582010581 0.02207792207792208
0 0.13822751322751323 0.06103896103896104 0.00992063492063492 0.025974025974025976
0 0.8029100529100529 0.2 0.012566137566137565 0.02987012987012987
0 0.3478835978835979 0.34805194805194806 0.01455026455026455 0.032467532467532464
0 0.6316137566137566 0.14155844155844155 0.012566137566137565 0.02987012987012987
0 0.2619047619047619 0.43246753246753245 0.01455026455026455 0.032467532467532464
0 0.4126984126984127 0.3207792207792208 0.01455026455026455 0.032467532467532464
0 0.3723544973544973 0.38701298701298703 0.01455026455026455 0.032467532467532464
0 0.03902116402116402 0.287012987012987 0.01455026455026455 0.032467532467532464
0 0.6693121693121693 0.14805194805194805 0.012566137566137565 0.02987012987012987
0 0.9503968253968254 0.07922077922077922 0.010582010582010581 0.02207792207792208
0 0.14682539682539683 0.045454545454545456 0.00992063492063492 0.025974025974025976
0 0.3194444444444444 0.4090909090909091 0.01455026455026455 0.032467532467532464
0 0.375 0.05584415584415584 0.00992063492063492 0.025974025974025976
0 0.0013227513227513227 0.006493506493506494 0.00992063492063492 0.025974025974025976
0 0.06944444444444445 0.00909090909090909 0.00992063492063492 0.025974025974025976
0 0.7870370370370371 0.12207792207792208 0.012566137566137565 0.02987012987012987
0 0.09193121693121693 0.7428571428571429 0.01917989417989418 0.045454545454545456
0 0.17724867724867724 0.42727272727272725 0.01455026455026455 0.032467532467532464
0 0.958994708994709 0.23896103896103896 0.012566137566137565 0.02987012987012987
0 0.12367724867724868 0.6909090909090909 0.017857142857142856 0.04415584415584416
0 0.1488095238095238 0.6506493506493507 0.017857142857142856 0.04415584415584416
0 0.8022486772486772 0.487012987012987 0.01455026455026455 0.03506493506493506
0 0.8253968253968254 0.053246753246753244 0.010582010582010581 0.02207792207792208
0 0.11441798941798942 0.16233766233766234 0.011904761904761904 0.02857142857142857
0 0.3458994708994709 0.22597402597402597 0.011904761904761904 0.02857142857142857
0 0.0496031746031746 0.24545454545454545 0.011904761904761904 0.02857142857142857
0 0.07936507936507936 0.08961038961038961 0.00992063492063492 0.025974025974025976
0 0.16997354497354497 0.02727272727272727 0.00992063492063492 0.025974025974025976
0 0.15608465608465608 0.15064935064935064 0.011904761904761904 0.02857142857142857
0 0.5621693121693122 0.7818181818181819 0.01917989417989418 0.05194805194805195
0 0.09788359788359788 0.638961038961039 0.017857142857142856 0.04415584415584416
0 0.4623015873015873 0.07402597402597402 0.00992063492063492 0.025974025974025976
0 0.5264550264550265 0.0987012987012987 0.012566137566137565 0.02987012987012987
0 0.06812169312169312 0.02857142857142857 0.00992063492063492 0.025974025974025976
0 0.3373015873015873 0.3207792207792208 0.01455026455026455 0.032467532467532464
0 0.9841269841269841 0.8480519480519481 0.01917989417989418 0.05194805194805195
