0 0.5609756097560976 0.47780678851174935 0.02264808362369338 0.028720626631853787
0 0.759581881533101 0.5195822454308094 0.02264808362369338 0.028720626631853787
0 0.34843205574912894 0.08093994778067885 0.02264808362369338 0.028720626631853787
0 0.6428571428571429 0.7545691906005222 0.01916376306620209 0.02610966057441253
0 0.3641114982578397 0.9503916449086162 0.01916376306620209 0.02610966057441253
0 0.2735191637630662 0.9190600522193212 0.01916376306620209 0.02610966057441253
0 0.8501742160278746 0.804177545691906 0.01916376306620209 0.02610966057441253
0 0.519163763066202 0.6449086161879896 0.01916376306620209 0.02610966057441253
0 0.4372822299651568 0.5065274151436031 0.02264808362369338 0.028720626631853787
0 0.6759581881533101 0.5926892950391645 0.01916376306620209 0.02610966057441253
0 0.6045296167247387 0.16449086161879894 0.02264808362369338 0.028720626631853787
0 0.03484320557491289 0.031331592689295036 0.02264808362369338 0.028720626631853787
0 0.40418118466898956 0.1462140992167102 0.02264808362369338 0.028720626631853787
0 0.28397212543554007 0.1566579634464752 0.02264808362369338 0.028720626631853787
0 0.4895470383275261 0.6553524804177546 0.01916376306620209 0.02610966057441253
0 0.259581881533101 0.0835509138381201 0.02264808362369338 0.028720626631853787
0 0.4355400696864111 0.7284595300261096 0.01916376306620209 0.02610966057441253
0 0.7700348432055749 0.8929503916449086 0.01916376306620209 0.02610966057441253
0 0.8449477351916377 0.3785900783289817 0.02264808362369338 0.028720626631853787
0 0.5940766550522648 0.1671018276762402 0.02264808362369338 0.028720626631853787
0 0.43031358885017423 0.04699738903394256 0.02264808362369338 0.028720626631853787
0 0.3989547038327526 0.6214099216710183 0.01916376306620209 0.02610966057441253
0 0.09581881533101046 0.195822454308094 0.02264808362369338 0.028720626631853787
0 0.6550522648083623 0.7310704960835509 0.01916376306620209 0.02610966057441253
0 0.5435540069686411 0.4255874673629243 0.02264808362369338 0.028720626631853787
0 0.7299651567944251 0.3002610966057441 0.02264808362369338 0.028720626631853787
0 0.44947735191637633 0.7702349869451697 0.01916376306620209 0.02610966057441253
0 0.1951219512195122 0.9138381201044387 0.01916376306620209 0.02610966057441253
0 0.27177700348432055 0.5430809399477807 0.02264808362369338 0.028720626631853787
0 0.7682926829268293 0.6161879895561357 0.01916376306620209 0.02610966057441253
0 0.40069686411149824 0.7519582245430809 0.01916376306620209 0.02610966057441253
0 0.4355400696864111 0.6449086161879896 0.01916376306620209 0.02610966057441253
0 0.11846689895470383 0.19321148825065274 0.02264808362369338 0.028720626631853787
0 0.6411149825783972 0.46475195822454307 0.02264808362369338 0.028720626631853787
0 0.3641114982578397 0.033942558746736295 0.02264808362369338 0.028720626631853787
0 0.7787456445993032 0.6945169712793734 0.01916376306620209 0.02610966057441253
0 0.18641114982578397 0.15926892950391644 0.02264808362369338 0.028720626631853787
0 0.7386759581881533 0.21671018276762402 0.02264808362369338 0.028720626631853787
0 0.7369337979094077 0.6579634464751958 0.01916376306620209 0.02610966057441253
0 0.6794425087108014 0.6344647519582245 0.01916376306620209 0.02610966057441253
0 0.5034843205574913 0.8015665796344648 0.01916376306620209 0.02610966057441253
0 0.3989547038327526 0.8381201044386423 0.01916376306620209 0.02610966057441253
0 0.4250871080139373 0.8067885117493473 0.01916376306620209 0.02610966057441253
0 0.3885017421602787 0.5195822454308094 0.02264808362369338 0.028720626631853787
0 0.3397212543554007 0.5587467362924282 0.02264808362369338 0.028720626631853787
0 0.25261324041811845 0.0783289817232376 0.02264808362369338 0.028720626631853787
0 0.9250871080139372 0.391644908616188 0.02264808362369338 0.028720626631853787
0 0.3989547038327526 0.8877284595300261 0.01916376306620209 0.02610966057441253
0 0.10975609756097561 0.010443864229765013 0.02264808362369338 0.028720626631853787
0 0.9041811846689896 0.206266318537859 0.02264808362369338 0.028720626631853787
0 0.4930313588850174 0.8407310704960835 0.01916376306620209 0.02610966057441253
0 0.7334494773519163 0.27676240208877284 0.02264808362369338 0.028720626631853787
0 0.7003484320557491 0.4804177545691906 0.02264808362369338 0.028720626631853787
0 0.740418118466899 0.5535248041775457 0.02264808362369338 0.028720626631853787
0 0.6463414634146342 0.5535248041775457 0.02264808362369338 0.028720626631853787
0 0.10278745644599303 0.028720626631853787 0.02264808362369338 0.028720626631853787
0 0.8310104529616724 0.19843342036553524 0.02264808362369338 0.028720626631853787
0 0.5052264808362369 0.13054830287206268 0.02264808362369338 0.028720626631853787
0 0.4146341463414634 0.1514360313315927 0.02264808362369338 0.028720626631853787
0 0.4738675958188153 0.17493472584856398 0.02264808362369338 0.028720626631853787
0 0.5958188153310104 0.04177545691906005 0.02264808362369338 0.028720626631853787
0 0.6428571428571429 0.24281984334203655 0.02264808362369338 0.028720626631853787
0 0.686411149825784 0.206266318537859 0.02264808362369338 0.028720626631853787
0 0.5905923344947736 0.7310704960835509 0.01916376306620209 0.02610966057441253
0 0.34494773519163763 0.1227154046997389 0.02264808362369338 0.028720626631853787
0 0.9738675958188153 0.7702349869451697 0.01916376306620209 0.02610966057441253
0 0.8484320557491289 0.7780678851174935 0.01916376306620209 0.02610966057441253
0 0.6010452961672473 0.5744125326370757 0.01916376306620209 0.02610966057441253
0 0.7926829268292683 0.5195822454308094 0.02264808362369338 0.028720626631853787
0 0.2961672473867596 0.8642297650130548 0.01916376306620209 0.02610966057441253
0 0.7909407665505227 0.028720626631853787 0.02264808362369338 0.028720626631853787
0 0.2804878048780488 0.597911227154047 0.01916376306620209 0.02610966057441253
0 0.6045296167247387 0.5039164490861618 0.02264808362369338 0.028720626631853787
0 0.21254355400696864 0.5195822454308094 0.02264808362369338 0.028720626631853787
0 0.03832752613240418 0.19843342036553524 0.02264808362369338 0.028720626631853787
0 0.33797909407665505 0.8746736292428199 0.01916376306620209 0.02610966057441253
0 0.740418118466899 0.5221932114882507 0.02264808362369338 0.028720626631853787
0 0.5662020905923345 0.06788511749347259 0.02264808362369338 0.028720626631853787
0 0.8344947735191638 0.14360313315926893 0.02264808362369338 0.028720626631853787
0 0.48257839721254353 0.06527415143603134 0.02264808362369338 0.028720626631853787
0 0.45818815331010454 0.9007832898172323 0.01916376306620209 0.02610966057441253
0 0.9442508710801394 0.4725848563968668 0.02264808362369338 0.028720626631853787
0 0.13414634146341464 0.0 0.02264808362369338 0.028720626631853787
0 0.926829268292683 0.45430809399477806 0.02264808362369338 0.028720626631853787
0 0.8815331010452961 0.9634464751958225 0.01916376306620209 0.02610966057441253
0 0.6916376306620209 0.8224543080939948 0.01916376306620209 0.02610966057441253
0 0.6794425087108014 0.4908616187989556 0.02264808362369338 0.028720626631853787
0 0.5749128919860628 0.5091383812010444 0.02264808362369338 0.028720626631853787
0 0.33797909407665505 0.8537859007832899 0.01916376306620209 0.02610966057441253
0 0.2961672473867596 0.45691906005221933 0.02264808362369338 0.028720626631853787
0 0.8588850174216028 0.8302872062663186 0.01916376306620209 0.02610966057441253
0 0.5139372822299652 0.6005221932114883 0.01916376306620209 0.02610966057441253
0 0.7508710801393729 0.9033942558746736 0.01916376306620209 0.02610966057441253
0 0.818815331010453 0.6684073107049608 0.01916376306620209 0.02610966057441253
0 0.5801393728222997 0.4830287206266319 0.02264808362369338 0.028720626631853787
0 0.3780487804878049 0.6501305483028721 0.01916376306620209 0.02610966057441253
0 0.31881533101045295 0.6031331592689295 0.01916376306620209 0.02610966057441253
0 0.6358885017421603 0.5326370757180157 0.02264808362369338 0.028720626631853787
0 0.24738675958188153 0.4595300261096606 0.02264808362369338 0.028720626631853787
0 0.5714285714285714 0.1122715404699739 0.02264808362369338 0.028720626631853787
0 0.926829268292683 0.7362924281984334 0.01916376306620209 0.02610966057441253
0 0.794425087108014 0.8616187989556136 0.01916376306620209 0.02610966057441253
0 0.4337979094076655 0.9112271540469974 0.01916376306620209 0.02610966057441253
0 0.5121951219512195 0.17232375979112272 0.02264808362369338 0.028720626631853787
0 0.23693379790940766 0.5822454308093995 0.01916376306620209 0.02610966057441253
0 0.19337979094076654 0.5639686684073107 0.01916376306620209 0.02610966057441253
0 0.44947735191637633 0.8485639686684073 0.01916376306620209 0.02610966057441253
0 0.9512195121951219 0.9895561357702349 0.01916376306620209 0.02610966057441253
0 0.45121951219512196 0.1514360313315927 0.02264808362369338 0.028720626631853787
0 0.6742160278745645 0.2402088772845953 0.02264808362369338 0.028720626631853787
0 0.7003484320557491 0.5326370757180157 0.02264808362369338 0.028720626631853787
0 0.2682926829268293 0.6814621409921671 0.01916376306620209 0.02610966057441253
0 0.5348432055749129 0.4621409921671018 0.02264808362369338 0.028720626631853787
0 0.6602787456445993 0.9634464751958225 0.01916376306620209 0.02610966057441253
0 0.8310104529616724 0.34203655352480417 0.02264808362369338 0.028720626631853787
0 0.7717770034843205 0.5744125326370757 0.01916376306620209 0.02610966057441253
0 0.32752613240418116 0.7258485639686684 0.01916376306620209 0.02610966057441253
0 0.4912891986062718 0.8929503916449086 0.01916376306620209 0.02610966057441253
0 0.4268292682926829 0.825065274151436 0.01916376306620209 0.02610966057441253
0 0.39198606271777003 0.010443864229765013 0.02264808362369338 0.028720626631853787
0 0.5331010452961672 0.06527415143603134 0.02264808362369338 0.028720626631853787
0 0.8414634146341463 0.27676240208877284 0.02264808362369338 0.028720626631853787
0 0.7038327526132404 0.9608355091383812 0.01916376306620209 0.02610966057441253
0 0.5069686411149826 0.42036553524804177 0.02264808362369338 0.028720626631853787
0 0.45993031358885017 0.7336814621409922 0.01916376306620209 0.02610966057441253
0 0.5278745644599303 0.42036553524804177 0.02264808362369338 0.028720626631853787
0 0.4425087108013937 0.1174934725848564 0.02264808362369338 0.028720626631853787
0 0.8432055749128919 0.0026109660574412533 0.02264808362369338 0.028720626631853787
0 0.5226480836236934 0.8093994778067886 0.01916376306620209 0.02610966057441253
0 0.15853658536585366 0.17754569190600522 0.02264808362369338 0.028720626631853787
0 0.6289198606271778 0.49869451697127937 0.02264808362369338 0.028720626631853787
0 0.5383275261324042 0.5378590078328982 0.02264808362369338 0.028720626631853787
0 0.4547038327526132 0.6840731070496083 0.01916376306620209 0.02610966057441253
0 0.3554006968641115 0.608355091383812 0.01916376306620209 0.02610966057441253
0 0.6567944250871081 0.8642297650130548 0.01916376306620209 0.02610966057441253
0 0.7003484320557491 0.1566579634464752 0.02264808362369338 0.028720626631853787
0 0.7770034843205574 0.793733681462141 0.01916376306620209 0.02610966057441253
0 0.7996515679442509 0.3368146214099217 0.02264808362369338 0.028720626631853787
0 0.7195121951219512 0.7859007832898173 0.01916376306620209 0.02610966057441253
0 0.4895470383275261 0.09921671018276762 0.02264808362369338 0.028720626631853787
0 0.8205574912891986 0.5509138381201044 0.02264808362369338 0.028720626631853787
0 0.5923344947735192 0.9765013054830287 0.01916376306620209 0.02610966057441253
0 0.8710801393728222 0.6736292428198434 0.01916376306620209 0.02610966057441253
0 0.5121951219512195 0.7310704960835509 0.01916376306620209 0.02610966057441253
0 0.6393728222996515 0.1514360313315927 0.02264808362369338 0.028720626631853787
0 0.6045296167247387 0.2010443864229765 0.02264808362369338 0.028720626631853787
0 0.8292682926829268 0.6005221932114883 0.01916376306620209 0.02610966057441253
0 0.5487804878048781 0.825065274151436 0.01916376306620209 0.02610966057441253
0 0.6933797909407665 0.7389033942558747 0.01916376306620209 0.02610966057441253
0 0.45993031358885017 0.5404699738903395 0.02264808362369338 0.028720626631853787
0 0.872822299651568 0.7232375979112271 0.01916376306620209 0.02610966057441253
0 0.24912891986062718 0.9164490861618799 0.01916376306620209 0.02610966057441253
0 0.5278745644599303 0.6710182767624021 0.01916376306620209 0.02610966057441253
0 0.5958188153310104 0.08616187989556136 0.02264808362369338 0.028720626631853787
0 0.4163763066202091 0.45430809399477806 0.02264808362369338 0.028720626631853787
0 0.2508710801393728 0.02610966057441253 0.02264808362369338 0.028720626631853787
0 0.8850174216027874 0.6266318537859008 0.01916376306620209 0.02610966057441253
0 0.6794425087108014 0.14360313315926893 0.02264808362369338 0.028720626631853787
0 0.8710801393728222 0.3968668407310705 0.02264808362369338 0.028720626631853787
0 0.5679442508710801 0.639686684073107 0.01916376306620209 0.02610966057441253
0 0.23170731707317074 0.8877284595300261 0.01916376306620209 0.02610966057441253
0 0.27526132404181186 0.10966057441253264 0.02264808362369338 0.028720626631853787
0 0.662020905923345 0.09399477806788512 0.02264808362369338 0.028720626631853787
0 0.5522648083623694 0.16971279373368145 0.02264808362369338 0.028720626631853787
0 0.7003484320557491 0.9843342036553525 0.01916376306620209 0.02610966057441253
0 0.8275261324041812 0.09399477806788512 0.02264808362369338 0.028720626631853787
0 0.3710801393728223 0.9425587467362925 0.01916376306620209 0.02610966057441253
0 0.7526132404181185 0.5926892950391645 0.01916376306620209 0.02610966057441253
0 0.6986062717770035 0.8616187989556136 0.01916376306620209 0.02610966057441253
0 0.32229965156794427 0.1566579634464752 0.02264808362369338 0.028720626631853787
0 0.29094076655052264 0.804177545691906 0.01916376306620209 0.02610966057441253
0 0.8310104529616724 0.6475195822454308 0.01916376306620209 0.02610966057441253
0 0.3867595818815331 0.7885117493472585 0.01916376306620209 0.02610966057441253
0 0.4442508710801394 0.97911227154047 0.01916376306620209 0.02610966057441253
0 0.24738675958188153 0.16449086161879894 0.02264808362369338 0.028720626631853787
0 0.4181184668989547 0.08093994778067885 0.02264808362369338 0.028720626631853787
0 0.3048780487804878 0.40992167101827676 0.02264808362369338 0.028720626631853787
0 0.43902439024390244 0.04960835509138381 0.02264808362369338 0.028720626631853787
0 0.4651567944250871 0.7571801566579635 0.01916376306620209 0.02610966057441253
0 0.367595818815331 0.1462140992167102 0.02264808362369338 0.028720626631853787
0 0.5923344947735192 0.8903394255874674 0.01916376306620209 0.02610966057441253
0 0.8989547038327527 0.8224543080939948 0.01916376306620209 0.02610966057441253
0 0.24041811846689895 0.8198433420365535 0.01916376306620209 0.02610966057441253
0 0.5557491289198606 0.9765013054830287 0.01916376306620209 0.02610966057441253
0 0.8606271777003485 0.814621409921671 0.01916376306620209 0.02610966057441253
0 0.9581881533101045 0.39947780678851175 0.02264808362369338 0.028720626631853787
0 0.313588850174216 0.13577023498694518 0.02264808362369338 0.028720626631853787
0 0.8362369337979094 0.12532637075718014 0.02264808362369338 0.028720626631853787
0 0.3989547038327526 0.38642297650130547 0.02264808362369338 0.028720626631853787
0 0.8222996515679443 0.7154046997389034 0.01916376306620209 0.02610966057441253
0 0.32229965156794427 0.8015665796344648 0.01916376306620209 0.02610966057441253
0 0.8083623693379791 0.3368146214099217 0.02264808362369338 0.028720626631853787
0 0.9041811846689896 0.5091383812010444 0.02264808362369338 0.028720626631853787
0 0.5679442508710801 0.19843342036553524 0.02264808362369338 0.028720626631853787
0 0.3344947735191638 0.06527415143603134 0.02264808362369338 0.028720626631853787
0 0.8588850174216028 0.10966057441253264 0.02264808362369338 0.028720626631853787
0 0.7787456445993032 0.7493472584856397 0.01916376306620209 0.02610966057441253
0 0.5923344947735192 0.21148825065274152 0.02264808362369338 0.028720626631853787
0 0.5993031358885017 0.6553524804177546 0.01916376306620209 0.02610966057441253
0 0.6149825783972126 0.21671018276762402 0.02264808362369338 0.028720626631853787
0 0.7543554006968641 0.29765013054830286 0.02264808362369338 0.028720626631853787
0 0.3902439024390244 0.45691906005221933 0.02264808362369338 0.028720626631853787
0 0.9303135888501742 0.2454308093994778 0.02264808362369338 0.028720626631853787
0 0.07142857142857142 0.06266318537859007 0.02264808362369338 0.028720626631853787
0 0.31010452961672474 0.6762402088772846 0.01916376306620209 0.02610966057441253
0 0.6411149825783972 0.6501305483028721 0.01916376306620209 0.02610966057441253
0 0.3588850174216028 0.8015665796344648 0.01916376306620209 0.02610966057441253
0 0.49477351916376305 0.4516971279373368 0.02264808362369338 0.028720626631853787
0 0.48606271777003485 0.9268929503916449 0.01916376306620209 0.02610966057441253
0 0.367595818815331 0.8459530026109661 0.01916376306620209 0.02610966057441253
0 0.9076655052264808 0.8929503916449086 0.01916376306620209 0.02610966057441253
0 0.9790940766550522 0.5248041775456919 0.02264808362369338 0.028720626631853787
0 0.3344947735191638 0.018276762402088774 0.02264808362369338 0.028720626631853787
0 0.3554006968641115 0.6762402088772846 0.01916376306620209 0.02610966057441253
0 0.7073170731707317 0.1174934725848564 0.02264808362369338 0.028720626631853787
0 0.735191637630662 0.6161879895561357 0.01916376306620209 0.02610966057441253
0 0.8623693379790941 0.2924281984334204 0.02264808362369338 0.028720626631853787
0 0.28222996515679444 0.7676240208877284 0.01916376306620209 0.02610966057441253
0 0.7770034843205574 0.13315926892950392 0.02264808362369338 0.028720626631853787
0 0.9128919860627178 0.36553524804177545 0.02264808362369338 0.028720626631853787
0 0.759581881533101 0.814621409921671 0.01916376306620209 0.02610966057441253
0 0.7334494773519163 0.8328981723237598 0.01916376306620209 0.02610966057441253
0 0.6916376306620209 0.6657963446475196 0.01916376306620209 0.02610966057441253
0 0.3623693379790941 0.04699738903394256 0.02264808362369338 0.028720626631853787
0 0.38501742160278746 0.7258485639686684 0.01916376306620209 0.02610966057441253
0 0.21777003484320556 0.18276762402088773 0.02264808362369338 0.028720626631853787
0 0.7508710801393729 0.8798955613577023 0.01916376306620209 0.02610966057441253
0 0.5940766550522648 0.42036553524804177 0.02264808362369338 0.028720626631853787
0 0.6306620209059234 0.7859007832898173 0.01916376306620209 0.02610966057441253
0 0.8257839721254355 0.015665796344647518 0.02264808362369338 0.028720626631853787
0 0.6393728222996515 0.577023498694517 0.01916376306620209 0.02610966057441253
0 0.5400696864111498 0.13577023498694518 0.02264808362369338 0.028720626631853787
0 0.6376306620209059 0.18798955613577023 0.02264808362369338 0.028720626631853787
0 0.6933797909407665 0.9216710182767625 0.01916376306620209 0.02610966057441253
0 0.7421602787456446 0.7493472584856397 0.01916376306620209 0.02610966057441253
0 0.43031358885017423 0.4151436031331593 0.02264808362369338 0.028720626631853787
0 0.5801393728222997 0.6971279373368147 0.01916376306620209 0.02610966057441253
0 0.9285714285714286 0.8381201044386423 0.01916376306620209 0.02610966057441253
0 0.5383275261324042 0.370757180156658 0.02264808362369338 0.028720626631853787
0 0.5627177700348432 0.7519582245430809 0.01916376306620209 0.02610966057441253
0 0.2264808362369338 0.5169712793733682 0.02264808362369338 0.028720626631853787
0 0.8937282229965157 0.7702349869451697 0.01916376306620209 0.02610966057441253
0 0.872822299651568 0.10182767624020887 0.02264808362369338 0.028720626631853787
0 0.22125435540069685 0.13054830287206268 0.02264808362369338 0.028720626631853787
0 0.259581881533101 0.45430809399477806 0.02264808362369338 0.028720626631853787
0 0.7508710801393729 0.33159268929503916 0.02264808362369338 0.028720626631853787
0 0.4634146341463415 0.5744125326370757 0.01916376306620209 0.02610966057441253
0 0.259581881533101 0.4386422976501306 0.02264808362369338 0.028720626631853787
0 0.8275261324041812 0.8694516971279374 0.01916376306620209 0.02610966057441253
0 0.31010452961672474 0.9190600522193212 0.01916376306620209 0.02610966057441253
0 0.25261324041811845 0.9530026109660574 0.01916376306620209 0.02610966057441253
0 0.5766550522648084 0.381201044386423 0.02264808362369338 0.028720626631853787
0 0.42857142857142855 0.556135770234987 0.02264808362369338 0.028720626631853787
0 0.26306620209059234 0.6214099216710183 0.01916376306620209 0.02610966057441253
0 0.3554006968641115 0.16971279373368145 0.02264808362369338 0.028720626631853787
0 0.3780487804878049 0.9033942558746736 0.01916376306620209 0.02610966057441253
0 0.47909407665505227 0.381201044386423 0.02264808362369338 0.028720626631853787
0 0.7090592334494773 0.22193211488250653 0.02264808362369338 0.028720626631853787
0 0.3832752613240418 0.5691906005221932 0.01916376306620209 0.02610966057441253
0 0.681184668989547 0.7728459530026109 0.01916376306620209 0.02610966057441253
0 0.8972125435540069 0.6919060052219321 0.01916376306620209 0.02610966057441253
0 0.7439024390243902 0.4960835509138381 0.02264808362369338 0.028720626631853787
0 0.3623693379790941 0.9712793733681462 0.01916376306620209 0.02610966057441253
0 0.7160278745644599 0.6422976501305483 0.01916376306620209 0.02610966057441253
0 0.34843205574912894 0.7284595300261096 0.01916376306620209 0.02610966057441253
0 0.7613240418118467 0.6422976501305483 0.01916376306620209 0.02610966057441253
0 0.16202090592334495 0.9373368146214099 0.01916376306620209 0.02610966057441253
0 0.3240418118466899 0.3472584856396867 0.02264808362369338 0.028720626631853787
0 0.32752613240418116 0.42297650130548303 0.02264808362369338 0.028720626631853787
0 0.3240418118466899 0.10966057441253264 0.02264808362369338 0.028720626631853787
0 0.7979094076655052 0.6292428198433421 0.01916376306620209 0.02610966057441253
0 0.32926829268292684 0.587467362924282 0.01916376306620209 0.02610966057441253
0 0.7787456445993032 0.639686684073107 0.01916376306620209 0.02610966057441253
0 0.45993031358885017 0.4151436031331593 0.02264808362369338 0.028720626631853787
0 0.9094076655052264 0.6370757180156658 0.01916376306620209 0.02610966057441253
0 0.3118466898954704 0.03655352480417755 0.02264808362369338 0.028720626631853787
0 0.4181184668989547 0.5900783289817232 0.01916376306620209 0.02610966057441253
0 0.9790940766550522 0.4151436031331593 0.02264808362369338 0.028720626631853787
0 0.7508710801393729 0.13315926892950392 0.02264808362369338 0.028720626631853787
0 0.7804878048780488 0.3263707571801567 0.02264808362369338 0.028720626631853787
