0 0.1703125 0.5375 0.009375 0.0125
0 0.4890625 0.5270833333333333 0.009375 0.0125
0 0.6265625 0.5395833333333333 0.009375 0.0125
0 0.553125 0.5291666666666667 0.009375 0.0125
0 0.4234375 0.5229166666666667 0.009375 0.0125
0 0.2234375 0.5479166666666667 0.009375 0.0125
0 0.215625 0.5291666666666667 0.009375 0.0125
0 0.3578125 0.5291666666666667 0.009375 0.0125
0 0.196875 0.5354166666666667 0.009375 0.0125
0 0.34375 0.53125 0.009375 0.0125
0 0.246875 0.53125 0.009375 0.0125
0 0.4109375 0.5270833333333333 0.009375 0.0125
0 0.321875 0.5354166666666667 0.009375 0.0125
0 0.4 0.5416666666666666 0.009375 0.0125
0 0.365625 0.5416666666666666 0.009375 0.0125
0 0.503125 0.5333333333333333 0.009375 0.0125
0 0.3796875 0.5354166666666667 0.009375 0.0125
0 0.2375 0.5458333333333333 0.009375 0.0125
0 0.665625 0.5333333333333333 0.009375 0.0125
0 0.2703125 0.5270833333333333 0.009375 0.0125
0 0.6671875 0.5416666666666666 0.009375 0.0125
0 0.4359375 0.5354166666666667 0.009375 0.0125
0 0.234375 0.5270833333333333 0.009375 0.0125
0 0.3015625 0.5375 0.009375 0.0125
0 0.3125 0.5291666666666667 0.009375 0.0125
0 0.465625 0.53125 0.009375 0.0125
0 0.278125 0.5479166666666667 0.009375 0.0125
0 0.5109375 0.5395833333333333 0.009375 0.0125
0 0.7 0.5395833333333333 0.009375 0.0125
0 0.5984375 0.5291666666666667 0.009375 0.0125
0 0.25625 0.5333333333333333 0.009375 0.0125
0 0.334375 0.5270833333333333 0.009375 0.0125
0 0.2890625 0.5291666666666667 0.009375 0.0125
0 0.2078125 0.5333333333333333 0.009375 0.0125
0 0.3125 0.5479166666666667 0.009375 0.0125
0 0.48125 0.5395833333333333 0.009375 0.0125
0 0.5328125 0.5354166666666667 0.009375 0.0125
0 0.1859375 0.53125 0.009375 0.0125
0 0.6125 0.5395833333333333 0.009375 0.0125
0 0.584375 0.5291666666666667 0.009375 0.0125
0 0.4515625 0.53125 0.009375 0.0125
0 0.6390625 0.53125 0.009375 0.0125
0 0.353125 0.5479166666666667 0.009375 0.0125
0 0.140625 0.5333333333333333 0.009375 0.0125
0 0.6828125 0.5354166666666667 0.009375 0.0125
0 0.54375 0.5270833333333333 0.009375 0.0125
0 0.5703125 0.5333333333333333 0.009375 0.0125
0 0.421875 0.5416666666666666 0.009375 0.0125
0 0.5109375 0.5270833333333333 0.009375 0.0125
0 0.39375 0.5229166666666667 0.009375 0.0125
0 0.5609375 0.5416666666666666 0.009375 0.0125
