0 0.2911111111111111 0.6934782608695652 0.01 0.01956521739130435
0 0.5233333333333333 0.6260869565217392 0.008888888888888889 0.017391304347826087
0 0.5766666666666667 0.8260869565217391 0.015555555555555555 0.030434782608695653
0 0.46444444444444444 0.6695652173913044 0.01 0.01956521739130435
0 0.3477777777777778 0.6869565217391305 0.01 0.01956521739130435
0 0.21 0.741304347826087 0.01 0.01956521739130435
0 0.6311111111111111 0.8173913043478261 0.015555555555555555 0.030434782608695653
0 0.27666666666666667 0.7217391304347827 0.01 0.01956521739130435
0 0.23666666666666666 0.6630434782608695 0.01 0.01956521739130435
0 0.41555555555555557 0.5478260869565217 0.005555555555555556 0.013043478260869565
0 0.78 0.8043478260869565 0.015555555555555555 0.030434782608695653
0 0.057777777777777775 0.5739130434782609 0.005555555555555556 0.013043478260869565
0 0.25222222222222224 0.5304347826086957 0.005555555555555556 0.013043478260869565
0 0.46555555555555556 0.8130434782608695 0.015555555555555555 0.030434782608695653
0 0.3466666666666667 0.8217391304347826 0.015555555555555555 0.030434782608695653
0 0.2833333333333333 0.6478260869565218 0.01 0.01956521739130435
0 0.7188888888888889 0.7478260869565218 0.01 0.01956521739130435
0 0.3811111111111111 0.7543478260869565 0.01 0.01956521739130435
0 0.08666666666666667 0.6978260869565217 0.01 0.01956521739130435
0 0.24 0.4369565217391304 0.006666666666666667 0.015217391304347827
0 0.20333333333333334 0.5673913043478261 0.005555555555555556 0.013043478260869565
0 0.2811111111111111 0.5565217391304348 0.005555555555555556 0.013043478260869565
0 0.27444444444444444 0.8282608695652174 0.015555555555555555 0.030434782608695653
0 0.8922222222222222 0.8521739130434782 0.015555555555555555 0.030434782608695653
0 0.6222222222222222 0.7608695652173914 0.01 0.01956521739130435
0 0.3188888888888889 0.5826086956521739 0.005555555555555556 0.013043478260869565
0 0.24222222222222223 0.7652173913043478 0.01 0.01956521739130435
0 0.59 0.7630434782608696 0.01 0.01956521739130435
0 0.6 0.8108695652173913 0.015555555555555555 0.030434782608695653
0 0.08222222222222222 0.6673913043478261 0.01 0.01956521739130435
0 0.5433333333333333 0.6565217391304348 0.01 0.01956521739130435
0 0.12111111111111111 0.8543478260869565 0.015555555555555555 0.030434782608695653
0 0.30777777777777776 0.6152173913043478 0.005555555555555556 0.013043478260869565
0 0.01888888888888889 0.7717391304347826 0.01 0.01956521739130435
0 0.4577777777777778 0.6347826086956522 0.01 0.01956521739130435
0 0.8933333333333333 0.8021739130434783 0.015555555555555555 0.030434782608695653
0 0.7877777777777778 0.8282608695652174 0.015555555555555555 0.030434782608695653
0 0.2911111111111111 0.8521739130434782 0.015555555555555555 0.030434782608695653
0 0.29777777777777775 0.5934782608695652 0.005555555555555556 0.013043478260869565
0 0.65 0.7217391304347827 0.01 0.01956521739130435
0 0.18888888888888888 0.5847826086956521 0.005555555555555556 0.013043478260869565
0 0.42333333333333334 0.5739130434782609 0.005555555555555556 0.013043478260869565
0 0.47888888888888886 0.6108695652173913 0.005555555555555556 0.013043478260869565
0 0.23666666666666666 0.7 0.01 0.01956521739130435
0 0.5688888888888889 0.7282608695652174 0.01 0.01956521739130435
0 0.33111111111111113 0.7673913043478261 0.01 0.01956521739130435
0 0.4855555555555556 0.5456521739130434 0.005555555555555556 0.013043478260869565
0 0.11777777777777777 0.7086956521739131 0.01 0.01956521739130435
0 0.4411111111111111 0.6760869565217391 0.01 0.01956521739130435
0 0.05444444444444444 0.6021739130434782 0.005555555555555556 0.013043478260869565
0 0.6233333333333333 0.8195652173913044 0.015555555555555555 0.030434782608695653
0 0.6222222222222222 0.6717391304347826 0.01 0.01956521739130435
0 0.023333333333333334 0.7478260869565218 0.01 0.01956521739130435
0 0.7522222222222222 0.6826086956521739 0.01 0.01956521739130435
0 0.08666666666666667 0.5478260869565217 0.005555555555555556 0.013043478260869565
0 0.45222222222222225 0.6282608695652174 0.01 0.01956521739130435
0 0.5222222222222223 0.55 0.005555555555555556 0.013043478260869565
0 0.13555555555555557 0.532608695652174 0.005555555555555556 0.013043478260869565
0 0.26666666666666666 0.6760869565217391 0.01 0.01956521739130435
0 0.5022222222222222 0.7717391304347826 0.012222222222222223 0.02391304347826087
0 0.15333333333333332 0.7369565217391304 0.01 0.01956521739130435
0 0.13666666666666666 0.6152173913043478 0.005555555555555556 0.013043478260869565
0 0.06 0.7739130434782608 0.01 0.01956521739130435
0 0.40555555555555556 0.717391304347826 0.01 0.01956521739130435
0 0.6077777777777778 0.8260869565217391 0.015555555555555555 0.030434782608695653
0 0.1288888888888889 0.6217391304347826 0.005555555555555556 0.013043478260869565
0 0.22777777777777777 0.6826086956521739 0.01 0.01956521739130435
0 0.19777777777777777 0.6282608695652174 0.01 0.01956521739130435
0 0.18333333333333332 0.5652173913043478 0.005555555555555556 0.013043478260869565
0 0.2911111111111111 0.5782608695652174 0.005555555555555556 0.013043478260869565
0 0.5155555555555555 0.8108695652173913 0.015555555555555555 0.030434782608695653
0 0.29555555555555557 0.6543478260869565 0.01 0.01956521739130435
0 0.45444444444444443 0.7521739130434782 0.01 0.01956521739130435
0 0.41888888888888887 0.6934782608695652 0.01 0.01956521739130435
0 0.8422222222222222 0.8456521739130435 0.015555555555555555 0.030434782608695653
0 0.6422222222222222 0.782608695652174 0.011111111111111112 0.021739130434782608
0 0.4766666666666667 0.8326086956521739 0.015555555555555555 0.030434782608695653
0 0.2922222222222222 0.7978260869565217 0.015555555555555555 0.030434782608695653
0 0.3011111111111111 0.7152173913043478 0.01 0.01956521739130435
0 0.6011111111111112 0.717391304347826 0.01 0.01956521739130435
0 0.14333333333333334 0.5760869565217391 0.005555555555555556 0.013043478260869565
0 0.7622222222222222 0.7934782608695652 0.015555555555555555 0.030434782608695653
0 0.31777777777777777 0.7739130434782608 0.01 0.01956521739130435
0 0.0811111111111111 0.8478260869565217 0.015555555555555555 0.030434782608695653
0 0.14222222222222222 0.5478260869565217 0.005555555555555556 0.013043478260869565
0 0.5588888888888889 0.7065217391304348 0.01 0.01956521739130435
0 0.13555555555555557 0.6717391304347826 0.01 0.01956521739130435
0 0.31555555555555553 0.7913043478260869 0.015555555555555555 0.030434782608695653
0 0.14666666666666667 0.8282608695652174 0.015555555555555555 0.030434782608695653
0 0.19333333333333333 0.6608695652173913 0.01 0.01956521739130435
0 0.14 0.7260869565217392 0.01 0.01956521739130435
0 0.06222222222222222 0.691304347826087 0.01 0.01956521739130435
0 0.36333333333333334 0.6565217391304348 0.01 0.01956521739130435
0 0.8988888888888888 0.7391304347826086 0.01 0.01956521739130435
0 0.8444444444444444 0.8108695652173913 0.015555555555555555 0.030434782608695653
0 0.39666666666666667 0.7108695652173913 0.01 0.01956521739130435
0 0.5755555555555556 0.6456521739130435 0.01 0.01956521739130435
0 0.3011111111111111 0.5456521739130434 0.005555555555555556 0.013043478260869565
0 0.021111111111111112 0.6239130434782608 0.008888888888888889 0.017391304347826087
0 0.48777777777777775 0.8 0.015555555555555555 0.030434782608695653
0 0.17333333333333334 0.6565217391304348 0.01 0.01956521739130435
0 0.26222222222222225 0.7652173913043478 0.01 0.01956521739130435
0 0.38222222222222224 0.5565217391304348 0.005555555555555556 0.013043478260869565
0 0.14333333333333334 0.532608695652174 0.005555555555555556 0.013043478260869565
0 0.2811111111111111 0.6217391304347826 0.005555555555555556 0.013043478260869565
0 0.41555555555555557 0.6 0.005555555555555556 0.013043478260869565
0 0.4166666666666667 0.6326086956521739 0.01 0.01956521739130435
0 0.2922222222222222 0.6130434782608696 0.005555555555555556 0.013043478260869565
0 0.1 0.5804347826086956 0.005555555555555556 0.013043478260869565
0 0.051111111111111114 0.6195652173913043 0.005555555555555556 0.013043478260869565
0 0.5422222222222223 0.7804347826086957 0.011111111111111112 0.021739130434782608
0 0.6488888888888888 0.6608695652173913 0.01 0.01956521739130435
0 0.43666666666666665 0.5478260869565217 0.005555555555555556 0.013043478260869565
0 0.17333333333333334 0.6978260869565217 0.01 0.01956521739130435
0 0.11555555555555555 0.5652173913043478 0.005555555555555556 0.013043478260869565
0 0.3522222222222222 0.6108695652173913 0.005555555555555556 0.013043478260869565
0 0.8677777777777778 0.85 0.015555555555555555 0.030434782608695653
0 0.5733333333333334 0.7108695652173913 0.01 0.01956521739130435
0 0.8788888888888889 0.7934782608695652 0.015555555555555555 0.030434782608695653
0 0.39555555555555555 0.5782608695652174 0.005555555555555556 0.013043478260869565
0 0.1111111111111111 0.6695652173913044 0.01 0.01956521739130435
0 0.5555555555555556 0.8456521739130435 0.015555555555555555 0.030434782608695653
0 0.06666666666666667 0.6478260869565218 0.01 0.01956521739130435
0 0.1988888888888889 0.6108695652173913 0.005555555555555556 0.013043478260869565
0 0.3 0.6130434782608696 0.005555555555555556 0.013043478260869565
0 0.6911111111111111 0.7760869565217391 0.012222222222222223 0.02391304347826087
0 0.31777777777777777 0.5652173913043478 0.005555555555555556 0.013043478260869565
0 0.8055555555555556 0.8478260869565217 0.015555555555555555 0.030434782608695653
0 0.7588888888888888 0.8326086956521739 0.015555555555555555 0.030434782608695653
0 0.11444444444444445 0.6152173913043478 0.005555555555555556 0.013043478260869565
0 0.3522222222222222 0.6782608695652174 0.01 0.01956521739130435
0 0.24555555555555555 0.8260869565217391 0.015555555555555555 0.030434782608695653
0 0.8233333333333334 0.8456521739130435 0.015555555555555555 0.030434782608695653
0 0.8366666666666667 0.8173913043478261 0.015555555555555555 0.030434782608695653
0 0.8022222222222222 0.8043478260869565 0.015555555555555555 0.030434782608695653
0 0.21444444444444444 0.5413043478260869 0.005555555555555556 0.013043478260869565
0 0.37555555555555553 0.5826086956521739 0.005555555555555556 0.013043478260869565
0 0.43222222222222223 0.6391304347826087 0.01 0.01956521739130435
0 0.7977777777777778 0.8304347826086956 0.015555555555555555 0.030434782608695653
0 0.4533333333333333 0.691304347826087 0.01 0.01956521739130435
0 0.52 0.7673913043478261 0.01 0.01956521739130435
0 0.9344444444444444 0.8260869565217391 0.015555555555555555 0.030434782608695653
0 0.9844444444444445 0.8282608695652174 0.015555555555555555 0.030434782608695653
0 0.5022222222222222 0.6369565217391304 0.01 0.01956521739130435
0 0.46 0.6934782608695652 0.01 0.01956521739130435
0 0.09555555555555556 0.6760869565217391 0.01 0.01956521739130435
0 0.04555555555555556 0.5282608695652173 0.005555555555555556 0.013043478260869565
0 0.29555555555555557 0.75 0.01 0.01956521739130435
0 0.10222222222222223 0.5239130434782608 0.005555555555555556 0.013043478260869565
0 0.5522222222222222 0.8195652173913044 0.015555555555555555 0.030434782608695653
0 0.4922222222222222 0.5891304347826087 0.005555555555555556 0.013043478260869565
0 0.5022222222222222 0.6152173913043478 0.005555555555555556 0.013043478260869565
0 0.4255555555555556 0.6086956521739131 0.005555555555555556 0.013043478260869565
0 0.43666666666666665 0.7913043478260869 0.015555555555555555 0.030434782608695653
0 0.13 0.6978260869565217 0.01 0.01956521739130435
0 0.17333333333333334 0.558695652173913 0.005555555555555556 0.013043478260869565
0 0.022222222222222223 0.7282608695652174 0.01 0.01956521739130435
0 0.4677777777777778 0.717391304347826 0.01 0.01956521739130435
0 0.3466666666666667 0.7086956521739131 0.01 0.01956521739130435
0 0.16555555555555557 0.7369565217391304 0.01 0.01956521739130435
0 0.17555555555555555 0.6108695652173913 0.005555555555555556 0.013043478260869565
0 0.11666666666666667 0.65 0.01 0.01956521739130435
0 0.2011111111111111 0.6543478260869565 0.01 0.01956521739130435
0 0.35333333333333333 0.6608695652173913 0.01 0.01956521739130435
0 0.017777777777777778 0.6717391304347826 0.01 0.01956521739130435
0 0.07333333333333333 0.6152173913043478 0.005555555555555556 0.013043478260869565
0 0.4766666666666667 0.6434782608695652 0.01 0.01956521739130435
0 0.11555555555555555 0.6326086956521739 0.01 0.01956521739130435
0 0.42777777777777776 0.7217391304347827 0.01 0.01956521739130435
0 0.15333333333333332 0.6673913043478261 0.01 0.01956521739130435
0 0.11222222222222222 0.6782608695652174 0.01 0.01956521739130435
0 0.2388888888888889 0.6065217391304348 0.005555555555555556 0.013043478260869565
0 0.41 0.6934782608695652 0.01 0.01956521739130435
0 0.30444444444444446 0.558695652173913 0.005555555555555556 0.013043478260869565
0 0.5255555555555556 0.6695652173913044 0.01 0.01956521739130435
0 0.23222222222222222 0.6413043478260869 0.01 0.01956521739130435
0 0.5944444444444444 0.7847826086956522 0.012222222222222223 0.02391304347826087
0 0.0033333333333333335 0.6891304347826087 0.01 0.01956521739130435
0 0.2288888888888889 0.6260869565217392 0.0077777777777777776 0.015217391304347827
0 0.014444444444444444 0.6217391304347826 0.01 0.01956521739130435
0 0.5322222222222223 0.5565217391304348 0.005555555555555556 0.013043478260869565
0 0.6833333333333333 0.8152173913043478 0.015555555555555555 0.030434782608695653
0 0.057777777777777775 0.7282608695652174 0.01 0.01956521739130435
0 0.47555555555555556 0.6173913043478261 0.005555555555555556 0.013043478260869565
0 0.8711111111111111 0.717391304347826 0.01 0.01956521739130435
0 0.4777777777777778 0.6782608695652174 0.01 0.01956521739130435
0 0.05444444444444444 0.5304347826086957 0.005555555555555556 0.013043478260869565
0 0.5055555555555555 0.7934782608695652 0.015555555555555555 0.030434782608695653
0 0.5433333333333333 0.6413043478260869 0.01 0.01956521739130435
0 0.43555555555555553 0.6739130434782609 0.01 0.01956521739130435
0 0.08555555555555555 0.532608695652174 0.005555555555555556 0.013043478260869565
0 0.15666666666666668 0.5978260869565217 0.005555555555555556 0.013043478260869565
0 0.15888888888888889 0.6521739130434783 0.01 0.01956521739130435
0 0.4822222222222222 0.6456521739130435 0.01 0.01956521739130435
0 0.0044444444444444444 0.6108695652173913 0.01 0.01956521739130435
0 0.14444444444444443 0.6282608695652174 0.01 0.01956521739130435
0 0.4711111111111111 0.6717391304347826 0.01 0.01956521739130435
0 0.52 0.5673913043478261 0.005555555555555556 0.013043478260869565
0 0.37 0.5630434782608695 0.005555555555555556 0.013043478260869565
0 0.5544444444444444 0.6652173913043479 0.01 0.01956521739130435
0 0.16 0.5891304347826087 0.005555555555555556 0.013043478260869565
0 0.3511111111111111 0.7478260869565218 0.01 0.01956521739130435
0 0.27 0.6695652173913044 0.01 0.01956521739130435
0 0.9388888888888889 0.8043478260869565 0.015555555555555555 0.030434782608695653
0 0.45 0.8347826086956521 0.015555555555555555 0.030434782608695653
0 0.10777777777777778 0.5347826086956522 0.005555555555555556 0.013043478260869565
0 0.37333333333333335 0.6304347826086957 0.01 0.01956521739130435
0 0.31 0.6086956521739131 0.005555555555555556 0.013043478260869565
0 0.7355555555555555 0.6630434782608695 0.01 0.01956521739130435
0 0.79 0.8543478260869565 0.015555555555555555 0.030434782608695653
0 0.6411111111111111 0.5978260869565217 0.005555555555555556 0.013043478260869565
0 0.12 0.7652173913043478 0.01 0.01956521739130435
0 0.54 0.7478260869565218 0.01 0.01956521739130435
0 0.21444444444444444 0.6043478260869565 0.005555555555555556 0.013043478260869565
0 0.5422222222222223 0.6260869565217392 0.01 0.01956521739130435
0 0.73 0.7847826086956522 0.012222222222222223 0.02391304347826087
0 0.2822222222222222 0.7434782608695653 0.01 0.01956521739130435
0 0.5822222222222222 0.7130434782608696 0.01 0.01956521739130435
0 0.34555555555555556 0.6478260869565218 0.01 0.01956521739130435
0 0.4266666666666667 0.658695652173913 0.01 0.01956521739130435
0 0.9155555555555556 0.8478260869565217 0.015555555555555555 0.030434782608695653
0 0.08888888888888889 0.7304347826086957 0.01 0.01956521739130435
0 0.29333333333333333 0.5608695652173913 0.005555555555555556 0.013043478260869565
0 0.9733333333333334 0.8434782608695652 0.015555555555555555 0.030434782608695653
0 0.5177777777777778 0.7217391304347827 0.01 0.01956521739130435
0 0.31222222222222223 0.6695652173913044 0.01 0.01956521739130435
0 0.6677777777777778 0.7521739130434782 0.01 0.01956521739130435
0 0.5255555555555556 0.6456521739130435 0.01 0.01956521739130435
0 0.06333333333333334 0.6195652173913043 0.005555555555555556 0.013043478260869565
0 0.6111111111111112 0.7108695652173913 0.01 0.01956521739130435
0 0.9544444444444444 0.8456521739130435 0.015555555555555555 0.030434782608695653
0 0.65 0.8043478260869565 0.015555555555555555 0.030434782608695653
0 0.2311111111111111 0.6 0.005555555555555556 0.013043478260869565
0 0.41 0.7021739130434783 0.01 0.01956521739130435
0 0.6022222222222222 0.7782608695652173 0.012222222222222223 0.02391304347826087
0 0.4222222222222222 0.6304347826086957 0.01 0.01956521739130435
0 0.7122222222222222 0.8456521739130435 0.015555555555555555 0.030434782608695653
0 0.13 0.5456521739130434 0.005555555555555556 0.013043478260869565
0 0.37222222222222223 0.7543478260869565 0.01 0.01956521739130435
0 0.9155555555555556 0.7956521739130434 0.015555555555555555 0.030434782608695653
0 0.24222222222222223 0.6521739130434783 0.01 0.01956521739130435
0 0.5722222222222222 0.7673913043478261 0.01 0.01956521739130435
0 0.9966666666666667 0.8130434782608695 0.015555555555555555 0.030434782608695653
0 0.5022222222222222 0.8260869565217391 0.015555555555555555 0.030434782608695653
0 0.4022222222222222 0.6173913043478261 0.005555555555555556 0.013043478260869565
0 0.6788888888888889 0.7565217391304347 0.01 0.01956521739130435
0 0.2688888888888889 0.5434782608695652 0.005555555555555556 0.013043478260869565
0 0.4477777777777778 0.6782608695652174 0.01 0.01956521739130435
0 0.21888888888888888 0.8195652173913044 0.015555555555555555 0.030434782608695653
0 0.4588888888888889 0.6608695652173913 0.01 0.01956521739130435
0 0.4588888888888889 0.6130434782608696 0.005555555555555556 0.013043478260869565
0 0.6933333333333334 0.8456521739130435 0.015555555555555555 0.030434782608695653
0 0.35555555555555557 0.5543478260869565 0.005555555555555556 0.013043478260869565
0 0.3277777777777778 0.7239130434782609 0.01 0.01956521739130435
0 0.3888888888888889 0.5717391304347826 0.005555555555555556 0.013043478260869565
0 0.18 0.8260869565217391 0.015555555555555555 0.030434782608695653
0 0.47555555555555556 0.7239130434782609 0.01 0.01956521739130435
0 0.13555555555555557 0.7782608695652173 0.01 0.01956521739130435
0 0.63 0.6934782608695652 0.01 0.01956521739130435
0 0.30444444444444446 0.6673913043478261 0.01 0.01956521739130435
0 0.2644444444444444 0.5456521739130434 0.005555555555555556 0.013043478260869565
0 0.3611111111111111 0.6065217391304348 0.005555555555555556 0.013043478260869565
0 0.013333333333333334 0.7108695652173913 0.01 0.01956521739130435
0 0.15222222222222223 0.6086956521739131 0.005555555555555556 0.013043478260869565
0 0.01 0.6434782608695652 0.01 0.01956521739130435
0 0.09 0.8369565217391305 0.015555555555555555 0.030434782608695653
0 0.36666666666666664 0.6760869565217391 0.01 0.01956521739130435
0 0.58 0.6608695652173913 0.01 0.01956521739130435
0 0.47 0.6326086956521739 0.01 0.01956521739130435
0 0.51 0.6826086956521739 0.01 0.01956521739130435
0 0.4088888888888889 0.6282608695652174 0.01 0.01956521739130435
0 0.5388888888888889 0.5695652173913044 0.005555555555555556 0.013043478260869565
0 0.7544444444444445 0.7739130434782608 0.013333333333333334 0.02608695652173913
0 0.4 0.6956521739130435 0.01 0.01956521739130435
0 0.05 0.7369565217391304 0.01 0.01956521739130435
0 0.4211111111111111 0.5869565217391305 0.005555555555555556 0.013043478260869565
0 0.28 0.6130434782608696 0.005555555555555556 0.013043478260869565
0 0.6144444444444445 0.758695652173913 0.01 0.01956521739130435
0 0.45444444444444443 0.6695652173913044 0.01 0.01956521739130435
0 0.46111111111111114 0.7391304347826086 0.01 0.01956521739130435
0 0.1411111111111111 0.6869565217391305 0.01 0.01956521739130435
0 0.11333333333333333 0.6021739130434782 0.005555555555555556 0.013043478260869565
0 0.39444444444444443 0.5673913043478261 0.005555555555555556 0.013043478260869565
0 0.36666666666666664 0.5717391304347826 0.005555555555555556 0.013043478260869565
0 0.51 0.5695652173913044 0.005555555555555556 0.013043478260869565
0 0.33555555555555555 0.6652173913043479 0.01 0.01956521739130435
0 0.16444444444444445 0.5739130434782609 0.005555555555555556 0.013043478260869565
0 0.0033333333333333335 0.6478260869565218 0.01 0.01956521739130435
0 0.06 0.6760869565217391 0.01 0.01956521739130435
0 0.11666666666666667 0.5347826086956522 0.005555555555555556 0.013043478260869565
0 0.54 0.8369565217391305 0.015555555555555555 0.030434782608695653
0 0.015555555555555555 0.5891304347826087 0.0077777777777777776 0.015217391304347827
0 0.20444444444444446 0.5565217391304348 0.005555555555555556 0.013043478260869565
0 0.2388888888888889 0.5760869565217391 0.005555555555555556 0.013043478260869565
0 0.07888888888888888 0.5891304347826087 0.005555555555555556 0.013043478260869565
0 0.5933333333333334 0.6978260869565217 0.01 0.01956521739130435
0 0.4855555555555556 0.7304347826086957 0.01 0.01956521739130435
0 0.9744444444444444 0.8173913043478261 0.015555555555555555 0.030434782608695653
0 0.3411111111111111 0.6717391304347826 0.01 0.01956521739130435
0 0.4022222222222222 0.6326086956521739 0.01 0.01956521739130435
0 0.44666666666666666 0.6326086956521739 0.01 0.01956521739130435
0 0.3611111111111111 0.5652173913043478 0.005555555555555556 0.013043478260869565
0 0.016666666666666666 0.7 0.01 0.01956521739130435
0 0.24888888888888888 0.7086956521739131 0.01 0.01956521739130435
0 0.5433333333333333 0.7195652173913043 0.01 0.01956521739130435
0 0.43777777777777777 0.5760869565217391 0.005555555555555556 0.013043478260869565
0 0.5311111111111111 0.8260869565217391 0.015555555555555555 0.030434782608695653
0 0.17888888888888888 0.8391304347826087 0.015555555555555555 0.030434782608695653
0 0.19555555555555557 0.7869565217391304 0.015555555555555555 0.030434782608695653
0 0.8466666666666667 0.7565217391304347 0.01 0.01956521739130435
0 0.5244444444444445 0.6978260869565217 0.01 0.01956521739130435
0 0.3433333333333333 0.7152173913043478 0.01 0.01956521739130435
0 0.24888888888888888 0.5717391304347826 0.005555555555555556 0.013043478260869565
0 0.7044444444444444 0.6 0.008888888888888889 0.017391304347826087
0 0.5655555555555556 0.782608695652174 0.011111111111111112 0.021739130434782608
0 0.14666666666666667 0.7434782608695653 0.01 0.01956521739130435
0 0.17333333333333334 0.7978260869565217 0.015555555555555555 0.030434782608695653
0 0.16 0.5347826086956522 0.005555555555555556 0.013043478260869565
0 0.37777777777777777 0.7260869565217392 0.01 0.01956521739130435
0 0.48 0.7543478260869565 0.01 0.01956521739130435
0 0.47444444444444445 0.5478260869565217 0.005555555555555556 0.013043478260869565
0 0.3844444444444444 0.65 0.01 0.01956521739130435
0 0.22555555555555556 0.5434782608695652 0.005555555555555556 0.013043478260869565
0 0.08666666666666667 0.6369565217391304 0.01 0.01956521739130435
0 0.32 0.7130434782608696 0.01 0.01956521739130435
0 0.1811111111111111 0.7 0.01 0.01956521739130435
0 0.5511111111111111 0.7695652173913043 0.01 0.01956521739130435
0 0.12444444444444444 0.7391304347826086 0.01 0.01956521739130435
0 0.3788888888888889 0.7869565217391304 0.015555555555555555 0.030434782608695653
0 0.2833333333333333 0.8304347826086956 0.015555555555555555 0.030434782608695653
0 0.24 0.6195652173913043 0.005555555555555556 0.013043478260869565
0 0.3277777777777778 0.5760869565217391 0.005555555555555556 0.013043478260869565
0 0.10333333333333333 0.5956521739130435 0.005555555555555556 0.013043478260869565
0 0.3988888888888889 0.5608695652173913 0.005555555555555556 0.013043478260869565
0 0.4177777777777778 0.7934782608695652 0.015555555555555555 0.030434782608695653
0 0.19666666666666666 0.65 0.01 0.01956521739130435
0 0.1988888888888889 0.5847826086956521 0.005555555555555556 0.013043478260869565
0 0.2644444444444444 0.6282608695652174 0.01 0.01956521739130435
0 0.16 0.6934782608695652 0.01 0.01956521739130435
0 0.18333333333333332 0.6434782608695652 0.01 0.01956521739130435
0 0.2511111111111111 0.6891304347826087 0.01 0.01956521739130435
0 0.4 0.7369565217391304 0.01 0.01956521739130435
0 0.1 0.6565217391304348 0.01 0.01956521739130435
0 0.37222222222222223 0.7043478260869566 0.01 0.01956521739130435
0 0.3233333333333333 0.5565217391304348 0.005555555555555556 0.013043478260869565
0 0.17777777777777778 0.6173913043478261 0.005555555555555556 0.013043478260869565
0 0.07666666666666666 0.6521739130434783 0.01 0.01956521739130435
0 0.3388888888888889 0.8260869565217391 0.015555555555555555 0.030434782608695653
0 0.4855555555555556 0.7130434782608696 0.01 0.01956521739130435
0 0.23555555555555555 0.6847826086956522 0.01 0.01956521739130435
0 0.32666666666666666 0.6869565217391305 0.01 0.01956521739130435
0 0.21 0.6543478260869565 0.01 0.01956521739130435
0 0.4866666666666667 0.6652173913043479 0.01 0.01956521739130435
0 0.46555555555555556 0.55 0.005555555555555556 0.013043478260869565
0 0.41 0.5826086956521739 0.005555555555555556 0.013043478260869565
0 0.1111111111111111 0.6434782608695652 0.01 0.01956521739130435
0 0.4488888888888889 0.7652173913043478 0.01 0.01956521739130435
0 0.89 0.8304347826086956 0.015555555555555555 0.030434782608695653
0 0.23444444444444446 0.558695652173913 0.005555555555555556 0.013043478260869565
0 0.36666666666666664 0.6217391304347826 0.005555555555555556 0.013043478260869565
0 0.41444444444444445 0.5608695652173913 0.005555555555555556 0.013043478260869565
0 0.07111111111111111 0.5695652173913044 0.005555555555555556 0.013043478260869565
0 0.6166666666666667 0.6 0.005555555555555556 0.013043478260869565
0 0.35 0.5456521739130434 0.005555555555555556 0.013043478260869565
0 0.19444444444444445 0.5652173913043478 0.005555555555555556 0.013043478260869565
0 0.38333333333333336 0.6260869565217392 0.008888888888888889 0.017391304347826087
0 0.5855555555555556 0.6043478260869565 0.005555555555555556 0.013043478260869565
0 0.32 0.6195652173913043 0.005555555555555556 0.013043478260869565
0 0.2288888888888889 0.5739130434782609 0.005555555555555556 0.013043478260869565
0 0.52 0.7434782608695653 0.01 0.01956521739130435
0 0.3244444444444444 0.6956521739130435 0.01 0.01956521739130435
0 0.4077777777777778 0.6413043478260869 0.01 0.01956521739130435
0 0.6133333333333333 0.8130434782608695 0.015555555555555555 0.030434782608695653
0 0.18666666666666668 0.6065217391304348 0.005555555555555556 0.013043478260869565
0 0.6366666666666667 0.6978260869565217 0.01 0.01956521739130435
0 0.3988888888888889 0.5891304347826087 0.005555555555555556 0.013043478260869565
0 0.43777777777777777 0.5630434782608695 0.005555555555555556 0.013043478260869565
0 0.1388888888888889 0.6478260869565218 0.01 0.01956521739130435
0 0.2733333333333333 0.6847826086956522 0.01 0.01956521739130435
0 0.25222222222222224 0.6456521739130435 0.01 0.01956521739130435
0 0.28888888888888886 0.5391304347826087 0.005555555555555556 0.013043478260869565
0 0.4066666666666667 0.6086956521739131 0.005555555555555556 0.013043478260869565
0 0.7766666666666666 0.8369565217391305 0.015555555555555555 0.030434782608695653
0 0.21666666666666667 0.691304347826087 0.01 0.01956521739130435
0 0.2688888888888889 0.7043478260869566 0.01 0.01956521739130435
0 0.3055555555555556 0.6021739130434782 0.005555555555555556 0.013043478260869565
0 0.41333333333333333 0.5739130434782609 0.005555555555555556 0.013043478260869565
0 0.44555555555555554 0.658695652173913 0.01 0.01956521739130435
0 0.17555555555555555 0.5760869565217391 0.005555555555555556 0.013043478260869565
0 0.45222222222222225 0.5956521739130435 0.005555555555555556 0.013043478260869565
0 0.47333333333333333 0.7021739130434783 0.01 0.01956521739130435
0 0.4911111111111111 0.6739130434782609 0.01 0.01956521739130435
0 0.10333333333333333 0.5478260869565217 0.005555555555555556 0.013043478260869565
0 0.37777777777777777 0.6173913043478261 0.005555555555555556 0.013043478260869565
0 0.2733333333333333 0.6478260869565218 0.01 0.01956521739130435
0 0.21888888888888888 0.6804347826086956 0.01 0.01956521739130435
0 0.4022222222222222 0.7652173913043478 0.01 0.01956521739130435
0 0.17777777777777778 0.6739130434782609 0.01 0.01956521739130435
0 0.3566666666666667 0.8021739130434783 0.015555555555555555 0.030434782608695653
0 0.13111111111111112 0.691304347826087 0.01 0.01956521739130435
0 0.5911111111111111 0.6630434782608695 0.01 0.01956521739130435
0 0.2733333333333333 0.5826086956521739 0.005555555555555556 0.013043478260869565
0 0.6033333333333334 0.5978260869565217 0.005555555555555556 0.013043478260869565
0 0.6311111111111111 0.6043478260869565 0.005555555555555556 0.013043478260869565
0 0.44333333333333336 0.6108695652173913 0.005555555555555556 0.013043478260869565
0 0.011111111111111112 0.5260869565217391 0.005555555555555556 0.013043478260869565
0 0.26222222222222225 0.7282608695652174 0.01 0.01956521739130435
0 0.42333333333333334 0.8434782608695652 0.015555555555555555 0.030434782608695653
0 0.37555555555555553 0.7760869565217391 0.012222222222222223 0.02391304347826087
0 0.19444444444444445 0.7304347826086957 0.01 0.01956521739130435
0 0.41444444444444445 0.7195652173913043 0.01 0.01956521739130435
0 0.4711111111111111 0.558695652173913 0.005555555555555556 0.013043478260869565
0 0.33444444444444443 0.5456521739130434 0.005555555555555556 0.013043478260869565
0 0.6555555555555556 0.7521739130434782 0.01 0.01956521739130435
0 0.3288888888888889 0.6282608695652174 0.01 0.01956521739130435
0 0.30333333333333334 0.5869565217391305 0.005555555555555556 0.013043478260869565
0 0.22 0.4652173913043478 0.006666666666666667 0.015217391304347827
0 0.5888888888888889 0.8152173913043478 0.015555555555555555 0.030434782608695653
0 0.2677777777777778 0.6130434782608696 0.005555555555555556 0.013043478260869565
0 0.4211111111111111 0.558695652173913 0.005555555555555556 0.013043478260869565
0 0.07555555555555556 0.7021739130434783 0.01 0.01956521739130435
0 0.043333333333333335 0.6478260869565218 0.01 0.01956521739130435
0 0.85 0.8043478260869565 0.015555555555555555 0.030434782608695653
0 0.4388888888888889 0.658695652173913 0.01 0.01956521739130435
0 0.45 0.5847826086956521 0.005555555555555556 0.013043478260869565
0 0.3844444444444444 0.5934782608695652 0.005555555555555556 0.013043478260869565
0 0.45555555555555555 0.5782608695652174 0.005555555555555556 0.013043478260869565
0 0.5344444444444445 0.6826086956521739 0.01 0.01956521739130435
0 0.8188888888888889 0.7978260869565217 0.015555555555555555 0.030434782608695653
0 0.31222222222222223 0.6413043478260869 0.01 0.01956521739130435
0 0.6033333333333334 0.7456521739130435 0.01 0.01956521739130435
0 0.38 0.8260869565217391 0.015555555555555555 0.030434782608695653
0 0.09777777777777778 0.6130434782608696 0.005555555555555556 0.013043478260869565
0 0.14555555555555555 0.7869565217391304 0.015555555555555555 0.030434782608695653
0 0.7022222222222222 0.8021739130434783 0.015555555555555555 0.030434782608695653
0 0.6233333333333333 0.6195652173913043 0.005555555555555556 0.013043478260869565
0 0.41333333333333333 0.6739130434782609 0.01 0.01956521739130435
0 0.40555555555555556 0.5978260869565217 0.005555555555555556 0.013043478260869565
0 0.35888888888888887 0.7195652173913043 0.01 0.01956521739130435
0 0.24333333333333335 0.6021739130434782 0.005555555555555556 0.013043478260869565
0 0.37333333333333335 0.6717391304347826 0.01 0.01956521739130435
0 0.2811111111111111 0.5717391304347826 0.005555555555555556 0.013043478260869565
0 0.09222222222222222 0.6543478260869565 0.01 0.01956521739130435
0 0.1511111111111111 0.5760869565217391 0.005555555555555556 0.013043478260869565
0 0.43555555555555553 0.7565217391304347 0.01 0.01956521739130435
0 0.29 0.7086956521739131 0.01 0.01956521739130435
0 0.32 0.5434782608695652 0.005555555555555556 0.013043478260869565
0 0.3422222222222222 0.7391304347826086 0.01 0.01956521739130435
0 0.20333333333333334 0.8195652173913044 0.015555555555555555 0.030434782608695653
0 0.7722222222222223 0.7913043478260869 0.015555555555555555 0.030434782608695653
0 0.18888888888888888 0.5304347826086957 0.005555555555555556 0.013043478260869565
0 0.32666666666666666 0.8304347826086956 0.015555555555555555 0.030434782608695653
0 0.4866666666666667 0.691304347826087 0.01 0.01956521739130435
0 0.3288888888888889 0.6739130434782609 0.01 0.01956521739130435
0 0.45222222222222225 0.5652173913043478 0.005555555555555556 0.013043478260869565
0 0.1111111111111111 0.5260869565217391 0.005555555555555556 0.013043478260869565
0 0.21333333333333335 0.5673913043478261 0.005555555555555556 0.013043478260869565
0 0.47555555555555556 0.8130434782608695 0.015555555555555555 0.030434782608695653
0 0.4911111111111111 0.5673913043478261 0.005555555555555556 0.013043478260869565
0 0.06 0.7021739130434783 0.01 0.01956521739130435
0 0.17777777777777778 0.6 0.005555555555555556 0.013043478260869565
0 0.5877777777777777 0.7304347826086957 0.01 0.01956521739130435
0 0.6311111111111111 0.7130434782608696 0.01 0.01956521739130435
0 0.36777777777777776 0.6347826086956522 0.01 0.01956521739130435
0 0.1622222222222222 0.75 0.01 0.01956521739130435
0 0.5644444444444444 0.6869565217391305 0.01 0.01956521739130435
0 0.33111111111111113 0.7065217391304348 0.01 0.01956521739130435
0 0.3 0.7021739130434783 0.01 0.01956521739130435
0 0.34 0.7021739130434783 0.01 0.01956521739130435
0 0.23222222222222222 0.7630434782608696 0.01 0.01956521739130435
0 0.26222222222222225 0.5891304347826087 0.005555555555555556 0.013043478260869565
0 0.56 0.7282608695652174 0.01 0.01956521739130435
0 0.09777777777777778 0.7282608695652174 0.01 0.01956521739130435
0 0.35777777777777775 0.6978260869565217 0.01 0.01956521739130435
0 0.31777777777777777 0.591304347826087 0.005555555555555556 0.013043478260869565
0 0.35555555555555557 0.6391304347826087 0.01 0.01956521739130435
0 0.48 0.6978260869565217 0.01 0.01956521739130435
0 0.5611111111111111 0.8152173913043478 0.015555555555555555 0.030434782608695653
0 0.10111111111111111 0.8152173913043478 0.015555555555555555 0.030434782608695653
0 0.35888888888888887 0.6804347826086956 0.01 0.01956521739130435
0 0.9422222222222222 0.841304347826087 0.015555555555555555 0.030434782608695653
0 0.8111111111111111 0.8260869565217391 0.015555555555555555 0.030434782608695653
0 0.7111111111111111 0.6826086956521739 0.01 0.01956521739130435
0 0.13111111111111112 0.5673913043478261 0.005555555555555556 0.013043478260869565
0 0.44555555555555554 0.5478260869565217 0.005555555555555556 0.013043478260869565
0 0.3 0.6326086956521739 0.01 0.01956521739130435
0 0.10666666666666667 0.6173913043478261 0.005555555555555556 0.013043478260869565
0 0.29 0.6673913043478261 0.01 0.01956521739130435
0 0.43333333333333335 0.6021739130434782 0.005555555555555556 0.013043478260869565
0 0.36444444444444446 0.7217391304347827 0.01 0.01956521739130435
0 0.42333333333333334 0.8021739130434783 0.015555555555555555 0.030434782608695653
0 0.5566666666666666 0.75 0.01 0.01956521739130435
0 0.03333333333333333 0.5369565217391304 0.005555555555555556 0.013043478260869565
0 0.8544444444444445 0.7869565217391304 0.015555555555555555 0.030434782608695653
0 0.3011111111111111 0.6891304347826087 0.01 0.01956521739130435
0 0.06888888888888889 0.5282608695652173 0.005555555555555556 0.013043478260869565
0 0.48333333333333334 0.7760869565217391 0.013333333333333334 0.02608695652173913
0 0.10666666666666667 0.7 0.01 0.01956521739130435
0 0.4533333333333333 0.658695652173913 0.01 0.01956521739130435
0 0.4266666666666667 0.591304347826087 0.005555555555555556 0.013043478260869565
0 0.24222222222222223 0.6782608695652174 0.01 0.01956521739130435
0 0.93 0.8108695652173913 0.015555555555555555 0.030434782608695653
0 0.21 0.6260869565217392 0.0077777777777777776 0.015217391304347827
0 0.6611111111111111 0.7347826086956522 0.01 0.01956521739130435
0 0.11222222222222222 0.7434782608695653 0.01 0.01956521739130435
0 0.6444444444444445 0.7434782608695653 0.01 0.01956521739130435
0 0.42 0.7434782608695653 0.01 0.01956521739130435
0 0.3322222222222222 0.5630434782608695 0.005555555555555556 0.013043478260869565
0 0.23777777777777778 0.6456521739130435 0.01 0.01956521739130435
0 0.14666666666666667 0.6391304347826087 0.01 0.01956521739130435
0 0.5133333333333333 0.85 0.015555555555555555 0.030434782608695653
0 0.6422222222222222 0.8260869565217391 0.015555555555555555 0.030434782608695653
0 0.88 0.8630434782608696 0.015555555555555555 0.030434782608695653
0 0.5888888888888889 0.7152173913043478 0.01 0.01956521739130435
0 0.3522222222222222 0.6 0.005555555555555556 0.013043478260869565
0 0.6622222222222223 0.7152173913043478 0.01 0.01956521739130435
0 0.27444444444444444 0.5978260869565217 0.005555555555555556 0.013043478260869565
0 0.3211111111111111 0.6021739130434782 0.005555555555555556 0.013043478260869565
0 0.39222222222222225 0.5478260869565217 0.005555555555555556 0.013043478260869565
0 0.7466666666666667 0.7847826086956522 0.013333333333333334 0.02608695652173913
0 0.5833333333333334 0.75 0.01 0.01956521739130435
0 0.25666666666666665 0.6282608695652174 0.01 0.01956521739130435
0 0.33555555555555555 0.5804347826086956 0.005555555555555556 0.013043478260869565
0 0.3288888888888889 0.7478260869565218 0.01 0.01956521739130435
0 0.9933333333333333 0.8478260869565217 0.015555555555555555 0.030434782608695653
0 0.33555555555555555 0.5956521739130435 0.005555555555555556 0.013043478260869565
0 0.38333333333333336 0.6369565217391304 0.01 0.01956521739130435
0 0.19777777777777777 0.558695652173913 0.005555555555555556 0.013043478260869565
0 0.19 0.6826086956521739 0.01 0.01956521739130435
0 0.36444444444444446 0.782608695652174 0.012222222222222223 0.02391304347826087
0 0.7311111111111112 0.7673913043478261 0.01 0.01956521739130435
0 0.6566666666666666 0.8391304347826087 0.015555555555555555 0.030434782608695653
0 0.39555555555555555 0.6086956521739131 0.005555555555555556 0.013043478260869565
0 0.37 0.6021739130434782 0.005555555555555556 0.013043478260869565
0 0.23333333333333334 0.5391304347826087 0.005555555555555556 0.013043478260869565
0 0.4577777777777778 0.7130434782608696 0.01 0.01956521739130435
0 0.6711111111111111 0.7695652173913043 0.01 0.01956521739130435
0 0.22777777777777777 0.8217391304347826 0.015555555555555555 0.030434782608695653
0 0.21888888888888888 0.6304347826086957 0.01 0.01956521739130435
0 0.3933333333333333 0.6804347826086956 0.01 0.01956521739130435
0 0.6433333333333333 0.7065217391304348 0.01 0.01956521739130435
0 0.31222222222222223 0.5760869565217391 0.005555555555555556 0.013043478260869565
0 0.20333333333333334 0.6717391304347826 0.01 0.01956521739130435
0 0.17333333333333334 0.5391304347826087 0.005555555555555556 0.013043478260869565
0 0.8977777777777778 0.8369565217391305 0.015555555555555555 0.030434782608695653
0 0.12444444444444444 0.6217391304347826 0.005555555555555556 0.013043478260869565
0 0.4477777777777778 0.6043478260869565 0.005555555555555556 0.013043478260869565
0 0.7111111111111111 0.7521739130434782 0.01 0.01956521739130435
0 0.35777777777777775 0.8108695652173913 0.015555555555555555 0.030434782608695653
0 0.5044444444444445 0.6934782608695652 0.01 0.01956521739130435
0 0.19111111111111112 0.4260869565217391 0.006666666666666667 0.015217391304347827
0 0.4033333333333333 0.5739130434782609 0.005555555555555556 0.013043478260869565
0 0.2288888888888889 0.6695652173913044 0.01 0.01956521739130435
0 0.4633333333333333 0.6260869565217392 0.0077777777777777776 0.015217391304347827
0 0.62 0.691304347826087 0.01 0.01956521739130435
0 0.2477777777777778 0.6260869565217392 0.0077777777777777776 0.015217391304347827
0 0.20777777777777778 0.8347826086956521 0.015555555555555555 0.030434782608695653
0 0.2477777777777778 0.591304347826087 0.005555555555555556 0.013043478260869565
0 0.3188888888888889 0.6760869565217391 0.01 0.01956521739130435
0 0.31222222222222223 0.5478260869565217 0.005555555555555556 0.013043478260869565
0 0.39555555555555555 0.6282608695652174 0.01 0.01956521739130435
0 0.9177777777777778 0.8152173913043478 0.015555555555555555 0.030434782608695653
0 0.03333333333333333 0.65 0.01 0.01956521739130435
0 0.13666666666666666 0.6847826086956522 0.01 0.01956521739130435
0 0.3333333333333333 0.6173913043478261 0.005555555555555556 0.013043478260869565
0 0.16777777777777778 0.6086956521739131 0.005555555555555556 0.013043478260869565
0 0.7866666666666666 0.7717391304347826 0.015555555555555555 0.030434782608695653
0 0.5011111111111111 0.75 0.01 0.01956521739130435
0 0.16777777777777778 0.8434782608695652 0.015555555555555555 0.030434782608695653
0 0.8055555555555556 0.7108695652173913 0.01 0.01956521739130435
0 0.2611111111111111 0.85 0.015555555555555555 0.030434782608695653
0 0.008888888888888889 0.6782608695652174 0.01 0.01956521739130435
0 0.40555555555555556 0.7804347826086957 0.012222222222222223 0.02391304347826087
0 0.73 0.8239130434782609 0.015555555555555555 0.030434782608695653
0 0.7033333333333334 0.8239130434782609 0.015555555555555555 0.030434782608695653
0 0.043333333333333335 0.6956521739130435 0.01 0.01956521739130435
0 0.7122222222222222 0.8239130434782609 0.015555555555555555 0.030434782608695653
0 0.16777777777777778 0.5521739130434783 0.005555555555555556 0.013043478260869565
0 0.19777777777777777 0.8260869565217391 0.015555555555555555 0.030434782608695653
0 0.2688888888888889 0.7913043478260869 0.015555555555555555 0.030434782608695653
0 0.12555555555555556 0.5739130434782609 0.005555555555555556 0.013043478260869565
0 0.24222222222222223 0.8347826086956521 0.015555555555555555 0.030434782608695653
0 0.21 0.6978260869565217 0.01 0.01956521739130435
0 0.09888888888888889 0.5673913043478261 0.005555555555555556 0.013043478260869565
0 0.4088888888888889 0.8326086956521739 0.015555555555555555 0.030434782608695653
0 0.14333333333333334 0.5630434782608695 0.005555555555555556 0.013043478260869565
0 0.34 0.6847826086956522 0.01 0.01956521739130435
0 0.11444444444444445 0.5847826086956521 0.005555555555555556 0.013043478260869565
0 0.15333333333333332 0.6326086956521739 0.01 0.01956521739130435
0 0.4677777777777778 0.7956521739130434 0.015555555555555555 0.030434782608695653
0 0.08666666666666667 0.7608695652173914 0.01 0.01956521739130435
0 0.37666666666666665 0.7152173913043478 0.01 0.01956521739130435
0 0.57 0.7434782608695653 0.01 0.01956521739130435
0 0.39222222222222225 0.6543478260869565 0.01 0.01956521739130435
0 0.4266666666666667 0.6934782608695652 0.01 0.01956521739130435
0 0.21 0.6652173913043479 0.01 0.01956521739130435
0 0.22777777777777777 0.6565217391304348 0.01 0.01956521739130435
0 0.2811111111111111 0.6739130434782609 0.01 0.01956521739130435
0 0.2811111111111111 0.591304347826087 0.005555555555555556 0.013043478260869565
0 0.4033333333333333 0.6608695652173913 0.01 0.01956521739130435
0 0.4766666666666667 0.6282608695652174 0.01 0.01956521739130435
0 0.7877777777777778 0.7891304347826087 0.015555555555555555 0.030434782608695653
0 0.04111111111111111 0.6130434782608696 0.005555555555555556 0.013043478260869565
0 0.8 0.7891304347826087 0.015555555555555555 0.030434782608695653
0 0.3844444444444444 0.8478260869565217 0.015555555555555555 0.030434782608695653
0 0.3277777777777778 0.6 0.005555555555555556 0.013043478260869565
0 0.8311111111111111 0.7978260869565217 0.015555555555555555 0.030434782608695653
0 0.42777777777777776 0.7434782608695653 0.01 0.01956521739130435
0 0.21 0.591304347826087 0.005555555555555556 0.013043478260869565
0 0.09777777777777778 0.7152173913043478 0.01 0.01956521739130435
0 0.30444444444444446 0.6239130434782608 0.006666666666666667 0.013043478260869565
0 0.31333333333333335 0.6521739130434783 0.01 0.01956521739130435
0 0.4855555555555556 0.6108695652173913 0.005555555555555556 0.013043478260869565
0 0.5111111111111111 0.6369565217391304 0.01 0.01956521739130435
0 0.30666666666666664 0.5782608695652174 0.005555555555555556 0.013043478260869565
0 0.28444444444444444 0.7021739130434783 0.01 0.01956521739130435
0 0.36777777777777776 0.8260869565217391 0.015555555555555555 0.030434782608695653
0 0.2966666666666667 0.8195652173913044 0.015555555555555555 0.030434782608695653
0 0.02666666666666667 0.5391304347826087 0.005555555555555556 0.013043478260869565
0 0.6211111111111111 0.7304347826086957 0.01 0.01956521739130435
0 0.5088888888888888 0.7369565217391304 0.01 0.01956521739130435
0 0.24444444444444444 0.5413043478260869 0.005555555555555556 0.013043478260869565
0 0.46555555555555556 0.6521739130434783 0.01 0.01956521739130435
0 0.39555555555555555 0.8282608695652174 0.015555555555555555 0.030434782608695653
0 0.013333333333333334 0.6543478260869565 0.01 0.01956521739130435
0 0.0811111111111111 0.6086956521739131 0.005555555555555556 0.013043478260869565
0 0.26 0.6152173913043478 0.005555555555555556 0.013043478260869565
0 0.16555555555555557 0.6195652173913043 0.005555555555555556 0.013043478260869565
0 0.38333333333333336 0.7130434782608696 0.01 0.01956521739130435
0 0.3522222222222222 0.591304347826087 0.005555555555555556 0.013043478260869565
0 0.51 0.717391304347826 0.01 0.01956521739130435
0 0.36444444444444446 0.5891304347826087 0.005555555555555556 0.013043478260869565
0 0.18444444444444444 0.6695652173913044 0.01 0.01956521739130435
0 0.03777777777777778 0.7065217391304348 0.01 0.01956521739130435
0 0.54 0.5543478260869565 0.005555555555555556 0.013043478260869565
0 0.36444444444444446 0.5521739130434783 0.005555555555555556 0.013043478260869565
0 0.24333333333333335 0.808695652173913 0.015555555555555555 0.030434782608695653
0 0.31333333333333335 0.6956521739130435 0.01 0.01956521739130435
0 0.35777777777777775 0.5760869565217391 0.005555555555555556 0.013043478260869565
0 0.3711111111111111 0.6521739130434783 0.01 0.01956521739130435
0 0.72 0.8217391304347826 0.015555555555555555 0.030434782608695653
0 0.5311111111111111 0.7282608695652174 0.01 0.01956521739130435
0 0.6711111111111111 0.8173913043478261 0.015555555555555555 0.030434782608695653
0 0.5355555555555556 0.7130434782608696 0.01 0.01956521739130435
0 0.3411111111111111 0.6239130434782608 0.008888888888888889 0.017391304347826087
0 0.3433333333333333 0.5934782608695652 0.005555555555555556 0.013043478260869565
0 0.38222222222222224 0.5739130434782609 0.005555555555555556 0.013043478260869565
0 0.42 0.6717391304347826 0.01 0.01956521739130435
0 0.51 0.5543478260869565 0.005555555555555556 0.013043478260869565
0 0.1322222222222222 0.5847826086956521 0.005555555555555556 0.013043478260869565
0 0.18222222222222223 0.41956521739130437 0.006666666666666667 0.015217391304347827
0 0.7522222222222222 0.8152173913043478 0.015555555555555555 0.030434782608695653
0 0.17555555555555555 0.7717391304347826 0.012222222222222223 0.02391304347826087
0 0.3511111111111111 0.6282608695652174 0.01 0.01956521739130435
0 0.3288888888888889 0.782608695652174 0.013333333333333334 0.02608695652173913
0 0.4122222222222222 0.782608695652174 0.012222222222222223 0.02391304347826087
0 0.5455555555555556 0.6717391304347826 0.01 0.01956521739130435
0 0.48333333333333334 0.5565217391304348 0.005555555555555556 0.013043478260869565
0 0.63 0.7630434782608696 0.01 0.01956521739130435
0 0.26222222222222225 0.658695652173913 0.01 0.01956521739130435
0 0.4388888888888889 0.7086956521739131 0.01 0.01956521739130435
0 0.17555555555555555 0.34782608695652173 0.006666666666666667 0.015217391304347827
0 0.8033333333333333 0.6891304347826087 0.01 0.01956521739130435
0 0.8333333333333334 0.8347826086956521 0.015555555555555555 0.030434782608695653
0 0.44555555555555554 0.7086956521739131 0.01 0.01956521739130435
0 0.25555555555555554 0.6782608695652174 0.01 0.01956521739130435
0 0.34444444444444444 0.5739130434782609 0.005555555555555556 0.013043478260869565
0 0.07555555555555556 0.7369565217391304 0.01 0.01956521739130435
0 0.6544444444444445 0.7760869565217391 0.011111111111111112 0.021739130434782608
0 0.26 0.8043478260869565 0.015555555555555555 0.030434782608695653
0 0.25666666666666665 0.7478260869565218 0.01 0.01956521739130435
0 0.028888888888888888 0.658695652173913 0.01 0.01956521739130435
0 0.6811111111111111 0.8260869565217391 0.015555555555555555 0.030434782608695653
0 0.5277777777777778 0.5673913043478261 0.005555555555555556 0.013043478260869565
0 0.31222222222222223 0.7260869565217392 0.01 0.01956521739130435
0 0.47 0.6130434782608696 0.005555555555555556 0.013043478260869565
0 0.43555555555555553 0.841304347826087 0.015555555555555555 0.030434782608695653
0 0.23666666666666666 0.7391304347826086 0.01 0.01956521739130435
0 0.07666666666666666 0.31956521739130433 0.006666666666666667 0.015217391304347827
0 0.32666666666666666 0.6456521739130435 0.01 0.01956521739130435
0 0.41555555555555557 0.6543478260869565 0.01 0.01956521739130435
0 0.20222222222222222 0.6239130434782608 0.0077777777777777776 0.015217391304347827
0 0.7133333333333334 0.7782608695652173 0.012222222222222223 0.02391304347826087
0 0.4822222222222222 0.6282608695652174 0.01 0.01956521739130435
0 0.45444444444444443 0.7956521739130434 0.015555555555555555 0.030434782608695653
0 0.13111111111111112 0.6434782608695652 0.01 0.01956521739130435
0 0.2477777777777778 0.6673913043478261 0.01 0.01956521739130435
0 0.26 0.5673913043478261 0.005555555555555556 0.013043478260869565
0 0.20222222222222222 0.7782608695652173 0.012222222222222223 0.02391304347826087
0 0.2311111111111111 0.8434782608695652 0.015555555555555555 0.030434782608695653
0 0.7677777777777778 0.7739130434782608 0.015555555555555555 0.030434782608695653
0 0.21888888888888888 0.6521739130434783 0.01 0.01956521739130435
0 0.2822222222222222 0.7565217391304347 0.01 0.01956521739130435
0 0.2688888888888889 0.5739130434782609 0.005555555555555556 0.013043478260869565
0 0.4022222222222222 0.5652173913043478 0.005555555555555556 0.013043478260869565
0 0.20666666666666667 0.5673913043478261 0.005555555555555556 0.013043478260869565
0 0.29888888888888887 0.6760869565217391 0.01 0.01956521739130435
