0 0.482 0.04766666666666667 0.01575 0.03133333333333333
0 0.06375 0.981 0.02975 0.048
0 0.65925 0.20233333333333334 0.01575 0.03133333333333333
0 0.43675 0.73 0.02975 0.048
0 0.08025 0.12533333333333332 0.01575 0.03133333333333333
0 0.6255 0.37833333333333335 0.01575 0.03133333333333333
0 0.29075 0.146 0.01575 0.03133333333333333
0 0.1695 0.9003333333333333 0.02975 0.048
0 0.407 0.17633333333333334 0.01575 0.03133333333333333
0 0.92875 0.4796666666666667 0.02975 0.048
0 0.45825 0.5723333333333334 0.02975 0.048
0 0.372 0.2683333333333333 0.01575 0.03133333333333333
0 0.92775 0.23533333333333334 0.01575 0.03133333333333333
0 0.596 0.005 0.00925 0.026333333333333334
0 0.43175 0.276 0.01575 0.03133333333333333
0 0.7905 0.5006666666666667 0.02975 0.048
0 0.27425 0.7483333333333333 0.02975 0.048
0 0.6485 0.02033333333333333 0.01575 0.03133333333333333
0 0.36625 0.03966666666666667 0.01575 0.03133333333333333
0 0.84425 0.201 0.01575 0.03133333333333333
0 0.5575 0.084 0.01575 0.03133333333333333
0 0.56225 0.6423333333333333 0.02975 0.048
0 0.6705 0.606 0.02975 0.048
0 0.96825 0.07266666666666667 0.01575 0.03133333333333333
0 0.0015 0.847 0.01725 0.04
0 0.01225 0.7476666666666667 0.02475 0.048
0 0.155 0.30633333333333335 0.01575 0.03133333333333333
0 0.95575 0.03333333333333333 0.01575 0.03133333333333333
0 0.02475 0.45066666666666666 0.02975 0.048
0 0.753 0.3363333333333333 0.01575 0.03133333333333333
0 0.08 0.426 0.02975 0.048
0 0.22275 0.32033333333333336 0.01575 0.03133333333333333
0 0.17 0.13833333333333334 0.01575 0.03133333333333333
0 0.48075 0.37966666666666665 0.01575 0.03133333333333333
0 0.82925 0.7463333333333333 0.02975 0.048
0 0.66725 0.473 0.02975 0.048
0 0.4095 0.318 0.01575 0.03133333333333333
0 0.2145 0.098 0.01575 0.03133333333333333
0 0.1555 0.25166666666666665 0.01575 0.03133333333333333
0 0.39275 0.018666666666666668 0.01575 0.03133333333333333
0 0.758 0.03866666666666667 0.01575 0.03133333333333333
0 0.604 0.13633333333333333 0.01575 0.03133333333333333
0 0.03625 0.24166666666666667 0.01575 0.03133333333333333
0 0.8985 0.33166666666666667 0.01575 0.03133333333333333
0 0.752 0.7296666666666667 0.02975 0.048
0 0.187 0.4663333333333333 0.02975 0.048
0 0.5845 0.862 0.02975 0.048
0 0.29725 0.8176666666666667 0.02975 0.048
0 0.1825 0.116 0.01575 0.03133333333333333
0 0.33025 0.006666666666666667 0.011 0.026333333333333334
0 0.27775 0.112 0.01575 0.03133333333333333
0 0.836 0.47 0.02975 0.048
0 0.43825 0.35233333333333333 0.01575 0.03133333333333333
0 0.08775 0.05566666666666667 0.01575 0.03133333333333333
0 0.98125 0.4776666666666667 0.02975 0.048
0 0.84425 0.018 0.01575 0.03133333333333333
0 0.148 0.18966666666666668 0.01575 0.03133333333333333
0 0.70725 0.14533333333333334 0.01575 0.03133333333333333
0 0.34225 0.5266666666666666 0.02975 0.048
0 0.081 0.36333333333333334 0.01575 0.03133333333333333
0 0.0625 0.09533333333333334 0.01575 0.03133333333333333
0 0.0035 0.136 0.00925 0.026333333333333334
0 0.5735 0.456 0.02975 0.048
0 0.8975 0.25566666666666665 0.01575 0.03133333333333333
0 0.278 0.019666666666666666 0.01575 0.03133333333333333
0 0.0505 0.076 0.01575 0.03133333333333333
0 0.2125 0.03166666666666667 0.01575 0.03133333333333333
0 0.00525 0.4876666666666667 0.01725 0.04
0 0.4415 0.038 0.01575 0.03133333333333333
0 0.62675 0.002 0.00925 0.026333333333333334
0 0.484 0.102 0.01575 0.03133333333333333
0 0.952 0.4563333333333333 0.02975 0.048
0 0.12025 0.222 0.01575 0.03133333333333333
0 0.00675 0.04033333333333333 0.011 0.026333333333333334
0 0.75925 0.19266666666666668 0.01575 0.03133333333333333
0 0.24525 0.09266666666666666 0.01575 0.03133333333333333
0 0.75475 0.5556666666666666 0.02975 0.048
0 0.24575 0.26366666666666666 0.01575 0.03133333333333333
0 0.08975 0.018666666666666668 0.01575 0.03133333333333333
0 0.32975 0.25733333333333336 0.01575 0.03133333333333333
0 0.9725 0.6983333333333334 0.02975 0.048
0 0.6675 0.074 0.01575 0.03133333333333333
0 0.958 0.14666666666666667 0.01575 0.03133333333333333
0 0.23825 0.129 0.01575 0.03133333333333333
0 0.54225 0.26366666666666666 0.01575 0.03133333333333333
0 0.28425 0.050333333333333334 0.01575 0.03133333333333333
0 0.475 0.067 0.01575 0.03133333333333333
0 0.98425 0.03333333333333333 0.01575 0.03133333333333333
0 0.688 0.09433333333333334 0.01575 0.03133333333333333
0 0.9735 0.6003333333333334 0.02975 0.048
0 0.864 0.9216666666666666 0.02975 0.048
0 0.92725 0.06066666666666667 0.01575 0.03133333333333333
0 0.34075 0.18766666666666668 0.01575 0.03133333333333333
0 0.464 0.49866666666666665 0.02975 0.048
0 0.975 0.15966666666666668 0.01575 0.03133333333333333
0 0.36075 0.018 0.01575 0.03133333333333333
0 0.028 0.013666666666666667 0.01575 0.03133333333333333
0 0.50375 0.30366666666666664 0.01575 0.03133333333333333
0 0.66825 0.22766666666666666 0.01575 0.03133333333333333
0 0.9755 0.215 0.01575 0.03133333333333333
0 0.93275 0.8886666666666667 0.02975 0.048
0 0.1635 0.035666666666666666 0.01575 0.03133333333333333
0 0.23775 0.629 0.02975 0.048
0 0.136 0.374 0.01575 0.03133333333333333
0 0.733 0.8673333333333333 0.02975 0.048
0 0.301 0.044333333333333336 0.01575 0.03133333333333333
0 0.018 0.18966666666666668 0.01575 0.03133333333333333
0 0.43925 0.867 0.02975 0.048
0 0.3185 0.027 0.01575 0.03133333333333333
0 0.90675 0.069 0.01575 0.03133333333333333
0 0.79375 0.341 0.01575 0.03133333333333333
0 0.38075 0.6223333333333333 0.02975 0.048
0 0.35 0.6983333333333334 0.02975 0.048
0 0.85625 0.659 0.02975 0.048
0 0.64 0.085 0.01575 0.03133333333333333
0 0.22425 0.171 0.01575 0.03133333333333333
0 0.04575 0.11733333333333333 0.01575 0.03133333333333333
0 0.8105 0.37233333333333335 0.01575 0.03133333333333333
0 0.38925 0.8283333333333334 0.02975 0.048
0 0.15325 0.15766666666666668 0.01575 0.03133333333333333
0 0.29975 0.23533333333333334 0.01575 0.03133333333333333
0 0.30475 0.179 0.01575 0.03133333333333333
0 0.5375 0.5733333333333334 0.02975 0.048
0 0.7125 0.104 0.01575 0.03133333333333333
0 0.8605 0.25566666666666665 0.01575 0.03133333333333333
0 0.40925 0.5173333333333333 0.02975 0.048
0 0.88225 0.7856666666666666 0.02975 0.048
0 0.297 0.395 0.01575 0.03133333333333333
0 0.535 0.8816666666666667 0.02975 0.048
0 0.249 0.30533333333333335 0.01575 0.03133333333333333
0 0.115 0.25166666666666665 0.01575 0.03133333333333333
0 0.46125 0.8043333333333333 0.02975 0.048
0 0.60825 0.07333333333333333 0.01575 0.03133333333333333
0 0.57175 0.17566666666666667 0.01575 0.03133333333333333
0 0.538 0.789 0.02975 0.048
0 0.74425 0.17533333333333334 0.01575 0.03133333333333333
0 0.029 0.403 0.01575 0.03133333333333333
0 0.143 0.08966666666666667 0.01575 0.03133333333333333
0 0.4275 0.438 0.02975 0.048
0 0.47575 0.13166666666666665 0.01575 0.03133333333333333
0 0.25325 0.36833333333333335 0.01575 0.03133333333333333
0 0.8255 0.10166666666666667 0.01575 0.03133333333333333
0 0.239 0.04933333333333333 0.01575 0.03133333333333333
0 0.9125 0.099 0.01575 0.03133333333333333
0 0.0725 0.8223333333333334 0.02975 0.048
0 0.20125 0.052333333333333336 0.01575 0.03133333333333333
0 0.12875 0.485 0.02975 0.048
0 0.79725 0.5993333333333334 0.02975 0.048
0 0.77825 0.23433333333333334 0.01575 0.03133333333333333
0 0.6165 0.109 0.01575 0.03133333333333333
0 0.09025 0.6523333333333333 0.02975 0.048
0 0.3485 0.22433333333333333 0.01575 0.03133333333333333
0 0.81 0.245 0.01575 0.03133333333333333
0 0.72775 0.04533333333333334 0.01575 0.03133333333333333
0 0.40725 0.12366666666666666 0.01575 0.03133333333333333
0 0.82 0.03166666666666667 0.01575 0.03133333333333333
0 0.22325 0.19766666666666666 0.01575 0.03133333333333333
0 0.13875 0.772 0.02975 0.048
0 0.4845 0.44666666666666666 0.02975 0.048
0 0.871 0.6023333333333334 0.02975 0.048
0 0.7125 0.629 0.02975 0.048
0 0.976 0.296 0.01575 0.03133333333333333
0 0.00825 0.07366666666666667 0.01325 0.03133333333333333
0 0.671 0.12733333333333333 0.01575 0.03133333333333333
0 0.65725 0.3423333333333333 0.01575 0.03133333333333333
0 0.085 0.08033333333333334 0.01575 0.03133333333333333
0 0.1045 0.20966666666666667 0.01575 0.03133333333333333
0 0.39175 0.14366666666666666 0.01575 0.03133333333333333
0 0.283 0.4673333333333333 0.02975 0.048
0 0.91575 0.011666666666666667 0.01325 0.03133333333333333
0 0.92025 0.13966666666666666 0.01575 0.03133333333333333
0 0.41825 0.018666666666666668 0.01575 0.03133333333333333
0 0.98275 0.8203333333333334 0.02975 0.048
0 0.1285 0.044333333333333336 0.01575 0.03133333333333333
0 0.36275 0.06066666666666667 0.01575 0.03133333333333333
0 0.709 0.19966666666666666 0.01575 0.03133333333333333
0 0.47875 0.219 0.01575 0.03133333333333333
0 0.86875 0.37866666666666665 0.01575 0.03133333333333333
0 0.42875 0.04533333333333334 0.01575 0.03133333333333333
0 0.76325 0.6996666666666667 0.02975 0.048
0 0.244 0.20333333333333334 0.01575 0.03133333333333333
0 0.831 0.12166666666666667 0.01575 0.03133333333333333
0 0.6945 0.5296666666666666 0.02975 0.048
0 0.39675 0.043666666666666666 0.01575 0.03133333333333333
0 0.73 0.49766666666666665 0.02975 0.048
0 0.6435 0.015 0.01575 0.03133333333333333
0 0.62625 0.17066666666666666 0.01575 0.03133333333333333
0 0.43875 0.07933333333333334 0.01575 0.03133333333333333
0 0.539 0.18633333333333332 0.01575 0.03133333333333333
0 0.6025 0.25766666666666665 0.01575 0.03133333333333333
0 0.045 0.3423333333333333 0.01575 0.03133333333333333
0 0.72425 0.355 0.01575 0.03133333333333333
0 0.1165 0.14766666666666667 0.01575 0.03133333333333333
0 0.518 0.4846666666666667 0.02975 0.048
0 0.0175 0.2936666666666667 0.01575 0.03133333333333333
0 0.43475 0.6446666666666667 0.02975 0.048
0 0.3815 0.222 0.01575 0.03133333333333333
0 0.836 0.06466666666666666 0.01575 0.03133333333333333
0 0.95 0.30766666666666664 0.01575 0.03133333333333333
0 0.51 0.24633333333333332 0.01575 0.03133333333333333
0 0.6955 0.014666666666666666 0.01575 0.03133333333333333
0 0.5995 0.5686666666666667 0.02975 0.048
0 0.959 0.19066666666666668 0.01575 0.03133333333333333
0 0.507 0.013666666666666667 0.01575 0.03133333333333333
0 0.174 0.5936666666666667 0.02975 0.048
0 0.1115 0.07366666666666667 0.01575 0.03133333333333333
0 0.1805 0.05533333333333333 0.01575 0.03133333333333333
0 0.78 0.14366666666666666 0.01575 0.03133333333333333
0 0.5075 0.121 0.01575 0.03133333333333333
0 0.9355 0.11033333333333334 0.01575 0.03133333333333333
0 0.969 0.5426666666666666 0.02975 0.048
0 0.091 0.032 0.01575 0.03133333333333333
0 0.954 0.37433333333333335 0.01575 0.03133333333333333
0 0.59275 0.043666666666666666 0.01575 0.03133333333333333
0 0.0145 0.12366666666666666 0.01575 0.03133333333333333
0 0.6365 0.054 0.01575 0.03133333333333333
0 0.535 0.010666666666666666 0.01325 0.03133333333333333
0 0.998 0.3923333333333333 0.01325 0.03133333333333333
0 0.98475 0.10533333333333333 0.01575 0.03133333333333333
0 0.37275 0.8936666666666667 0.02975 0.048
0 0.595 0.2816666666666667 0.01575 0.03133333333333333
0 0.75225 0.39066666666666666 0.01575 0.03133333333333333
0 0.01775 0.681 0.02975 0.048
0 0.23275 0.703 0.02975 0.048
0 0.06875 0.749 0.02975 0.048
0 0.86025 0.07 0.01575 0.03133333333333333
0 0.42675 0.119 0.01575 0.03133333333333333
0 0.51875 0.062 0.01575 0.03133333333333333
0 0.45525 0.10966666666666666 0.01575 0.03133333333333333
0 0.26675 0.5696666666666667 0.02975 0.048
0 0.89025 0.14966666666666667 0.01575 0.03133333333333333
0 0.26075 0.981 0.02975 0.048
0 0.7105 0.30233333333333334 0.01575 0.03133333333333333
0 0.06 0.024333333333333332 0.01575 0.03133333333333333
0 0.46775 0.31266666666666665 0.01575 0.03133333333333333
0 0.54275 0.14566666666666667 0.01575 0.03133333333333333
0 0.3245 0.323 0.01575 0.03133333333333333
0 0.787 0.2803333333333333 0.01575 0.03133333333333333
0 0.79525 0.033 0.01575 0.03133333333333333
0 0.8845 0.043 0.01575 0.03133333333333333
0 0.55175 0.10633333333333334 0.01575 0.03133333333333333
0 0.333 0.15633333333333332 0.01575 0.03133333333333333
0 0.2175 0.5106666666666667 0.02975 0.048
0 0.50575 0.5236666666666666 0.02975 0.048
0 0.80225 0.5466666666666666 0.02975 0.048
0 0.36975 0.18833333333333332 0.01575 0.03133333333333333
0 0.2975 0.49966666666666665 0.02975 0.048
0 0.97775 0.24633333333333332 0.01575 0.03133333333333333
0 0.74675 0.273 0.01575 0.03133333333333333
0 0.93075 0.14633333333333334 0.01575 0.03133333333333333
0 0.6825 0.3893333333333333 0.01575 0.03133333333333333
0 0.02125 0.029666666666666668 0.01575 0.03133333333333333
0 0.34175 0.038 0.01575 0.03133333333333333
0 0.45825 0.025666666666666667 0.01575 0.03133333333333333
0 0.18375 0.31766666666666665 0.01575 0.03133333333333333
0 0.575 0.21033333333333334 0.01575 0.03133333333333333
0 0.6385 0.143 0.01575 0.03133333333333333
0 0.54375 0.164 0.01575 0.03133333333333333
0 0.0165 0.23033333333333333 0.01575 0.03133333333333333
0 0.85 0.038 0.01575 0.03133333333333333
0 0.7745 0.019333333333333334 0.01575 0.03133333333333333
0 0.0535 0.168 0.01575 0.03133333333333333
0 0.9975 0.139 0.01325 0.03133333333333333
0 0.6335 0.315 0.01575 0.03133333333333333
0 0.096 0.39 0.01575 0.03133333333333333
0 0.869 0.08933333333333333 0.01575 0.03133333333333333
0 0.72225 0.081 0.01575 0.03133333333333333
0 0.11 0.183 0.01575 0.03133333333333333
0 0.3445 0.132 0.01575 0.03133333333333333
0 0.1195 0.028333333333333332 0.01575 0.03133333333333333
0 0.66825 0.285 0.01575 0.03133333333333333
0 0.0345 0.057 0.01575 0.03133333333333333
0 0.72825 0.018333333333333333 0.01575 0.03133333333333333
0 0.629 0.6403333333333333 0.02975 0.048
0 0.5365 0.4076666666666667 0.01575 0.03133333333333333
0 0.67725 0.17233333333333334 0.01575 0.03133333333333333
0 0.98525 0.10333333333333333 0.01575 0.03133333333333333
0 0.75425 0.095 0.01575 0.03133333333333333
0 0.655 0.9223333333333333 0.02975 0.048
0 0.36875 0.46366666666666667 0.02975 0.048
0 0.486 0.031 0.01575 0.03133333333333333
0 0.16525 0.21566666666666667 0.01575 0.03133333333333333
0 0.93575 0.08166666666666667 0.01575 0.03133333333333333
0 0.80575 0.059333333333333335 0.01575 0.03133333333333333
0 0.45625 0.011 0.01325 0.03133333333333333
0 0.79675 0.11466666666666667 0.01575 0.03133333333333333
0 0.372 0.092 0.01575 0.03133333333333333
0 0.88375 0.017 0.01575 0.03133333333333333
0 0.04875 0.149 0.01575 0.03133333333333333
0 0.398 0.06766666666666667 0.01575 0.03133333333333333
0 0.12475 0.12733333333333333 0.01575 0.03133333333333333
0 0.8545 0.5246666666666666 0.02975 0.048
0 0.927 0.392 0.01575 0.03133333333333333
0 0.7255 0.965 0.02975 0.048
0 0.767 0.10733333333333334 0.01575 0.03133333333333333
0 0.71425 0.162 0.01575 0.03133333333333333
0 0.095 0.591 0.02975 0.048
0 0.99625 0.3456666666666667 0.01325 0.03133333333333333
0 0.576 0.40066666666666667 0.01575 0.03133333333333333
0 0.16175 0.7173333333333334 0.02975 0.048
0 0.99775 0.057666666666666665 0.01325 0.03133333333333333
0 0.32 0.8863333333333333 0.02975 0.048
0 0.87975 0.18033333333333335 0.01575 0.03133333333333333
0 0.396 0.5776666666666667 0.02975 0.048
0 0.30275 0.677 0.02975 0.048
0 0.1945 0.014333333333333333 0.01575 0.03133333333333333
0 0.88425 0.217 0.01575 0.03133333333333333
0 0.20325 0.7863333333333333 0.02975 0.048
0 0.5025 0.6943333333333334 0.02975 0.048
0 0.83175 0.25633333333333336 0.01575 0.03133333333333333
0 0.0605 0.19833333333333333 0.01575 0.03133333333333333
0 0.28825 0.605 0.02975 0.048
0 0.6525 0.42133333333333334 0.01575 0.03133333333333333
0 0.5745 0.042333333333333334 0.01575 0.03133333333333333
0 0.494 0.18066666666666667 0.01575 0.03133333333333333
0 0.466 0.15133333333333332 0.01575 0.03133333333333333
0 0.005 0.158 0.00925 0.026333333333333334
0 0.71375 0.428 0.02975 0.048
0 0.06175 0.2826666666666667 0.01575 0.03133333333333333
0 0.81625 0.847 0.02975 0.048
0 0.581 0.06766666666666667 0.01575 0.03133333333333333
0 0.40325 0.3456666666666667 0.01575 0.03133333333333333
0 0.392 0.419 0.01575 0.03133333333333333
0 0.029 0.09033333333333333 0.01575 0.03133333333333333
0 0.25125 0.02033333333333333 0.01575 0.03133333333333333
0 0.05225 0.5913333333333334 0.02975 0.048
0 0.62 0.029666666666666668 0.01575 0.03133333333333333
0 0.099 0.10233333333333333 0.01575 0.03133333333333333
0 0.356 0.35933333333333334 0.01575 0.03133333333333333
0 0.91975 0.7073333333333334 0.02975 0.048
0 0.793 0.087 0.01575 0.03133333333333333
0 0.2045 0.13733333333333334 0.01575 0.03133333333333333
0 0.34325 0.765 0.02975 0.048
0 0.14675 0.8273333333333334 0.02975 0.048
0 0.7955 0.17633333333333334 0.01575 0.03133333333333333
0 0.28925 0.087 0.01575 0.03133333333333333
0 0.84575 0.34933333333333333 0.01575 0.03133333333333333
0 0.25725 0.44066666666666665 0.02975 0.048
0 0.2395 0.012 0.01325 0.03133333333333333
0 0.022 0.5476666666666666 0.02975 0.048
0 0.566 0.259 0.01575 0.03133333333333333
0 0.745 0.12366666666666666 0.01575 0.03133333333333333
0 0.1745 0.389 0.01575 0.03133333333333333
0 0.45325 0.20733333333333334 0.01575 0.03133333333333333
0 0.087 0.16166666666666665 0.01575 0.03133333333333333
0 0.0595 0.04766666666666667 0.01575 0.03133333333333333
0 0.87475 0.441 0.02975 0.048
0 0.6805 0.037 0.01575 0.03133333333333333
0 0.35725 0.18533333333333332 0.01575 0.03133333333333333
0 0.85 0.15533333333333332 0.01575 0.03133333333333333
0 0.96825 0.7353333333333333 0.02975 0.048
0 0.07725 0.47333333333333333 0.02975 0.048
0 0.863 0.11266666666666666 0.01575 0.03133333333333333
0 0.1745 0.095 0.01575 0.03133333333333333
0 0.171 0.019 0.01575 0.03133333333333333
0 0.90925 0.27666666666666667 0.01575 0.03133333333333333
0 0.81975 0.15233333333333332 0.01575 0.03133333333333333
0 0.7445 0.147 0.01575 0.03133333333333333
0 0.378 0.31466666666666665 0.01575 0.03133333333333333
0 0.30525 0.09333333333333334 0.01575 0.03133333333333333
0 0.071 0.5196666666666667 0.02975 0.048
0 0.32725 0.4003333333333333 0.01575 0.03133333333333333
0 0.3135 0.3443333333333333 0.01575 0.03133333333333333
0 0.136 0.42333333333333334 0.02975 0.048
0 0.547 0.060333333333333336 0.01575 0.03133333333333333
0 0.22275 0.553 0.02975 0.048
0 0.24825 0.8816666666666667 0.02975 0.048
0 0.061 0.008333333333333333 0.01325 0.03133333333333333
0 0.55 0.034333333333333334 0.01575 0.03133333333333333
0 0.25975 0.14466666666666667 0.01575 0.03133333333333333
0 0.6395 0.9936666666666667 0.02975 0.048
0 0.85325 0.31133333333333335 0.01575 0.03133333333333333
0 0.5755 0.13233333333333333 0.01575 0.03133333333333333
0 0.26575 0.25966666666666666 0.01575 0.03133333333333333
0 0.47625 0.613 0.02975 0.048
0 0.51225 0.337 0.01575 0.03133333333333333
0 0.706 0.061 0.01575 0.03133333333333333
0 0.8945 0.11233333333333333 0.01575 0.03133333333333333
0 0.56 0.5263333333333333 0.02975 0.048
0 0.622 0.5063333333333333 0.02975 0.048
0 0.64725 0.132 0.01575 0.03133333333333333
0 0.51075 0.19966666666666666 0.01575 0.03133333333333333
0 0.30325 0.113 0.01575 0.03133333333333333
0 0.62475 0.213 0.01575 0.03133333333333333
0 0.59 0.09566666666666666 0.01575 0.03133333333333333
0 0.5525 0.3263333333333333 0.01575 0.03133333333333333
0 0.15025 0.525 0.02975 0.048
0 0.469 0.24833333333333332 0.01575 0.03133333333333333
0 0.77475 0.073 0.01575 0.03133333333333333
0 0.896 0.5533333333333333 0.02975 0.048
0 0.349 0.09033333333333333 0.01575 0.03133333333333333
0 0.252 0.057 0.01575 0.03133333333333333
0 0.50675 0.15033333333333335 0.01575 0.03133333333333333
0 0.145 0.06766666666666667 0.01575 0.03133333333333333
0 0.64075 0.25733333333333336 0.01575 0.03133333333333333
0 0.21275 0.371 0.01575 0.03133333333333333
0 0.80225 0.217 0.01575 0.03133333333333333
0 0.98575 0.9306666666666666 0.02975 0.048
0 0.1045 0.315 0.01575 0.03133333333333333
0 0.2745 0.178 0.01575 0.03133333333333333
0 0.92025 0.6043333333333333 0.02975 0.048
0 0.52 0.084 0.01575 0.03133333333333333
0 0.143 0.11966666666666667 0.01575 0.03133333333333333
0 0.675 0.8096666666666666 0.02975 0.048
0 0.21725 0.12366666666666666 0.01575 0.03133333333333333
0 0.7825 0.44033333333333335 0.02975 0.048
0 0.32825 0.069 0.01575 0.03133333333333333
0 0.5075 0.04033333333333333 0.01575 0.03133333333333333
0 0.01425 0.26666666666666666 0.01575 0.03133333333333333
