0 0.9141666666666667 0.1375 0.009166666666666667 0.01625
0 0.7525 0.1175 0.0075 0.01375
0 0.6966666666666667 0.35625 0.013333333333333334 0.0225
0 0.185 0.04 0.006666666666666667 0.01125
0 0.3725 0.47375 0.013333333333333334 0.0225
0 0.20833333333333334 0.32375 0.009166666666666667 0.01625
0 0.8458333333333333 0.42125 0.013333333333333334 0.0225
0 0.10333333333333333 0.38375 0.013333333333333334 0.0225
0 0.8883333333333333 0.13375 0.009166666666666667 0.01625
0 0.5266666666666666 0.685 0.0175 0.04
0 0.07333333333333333 0.21375 0.009166666666666667 0.01625
0 0.7825 0.205 0.009166666666666667 0.01625
0 0.4866666666666667 0.15125 0.009166666666666667 0.01625
0 0.39166666666666666 0.04625 0.006666666666666667 0.01125
0 0.7658333333333334 0.295 0.009166666666666667 0.01625
0 0.6833333333333333 0.16875 0.009166666666666667 0.01625
0 0.23666666666666666 0.0275 0.006666666666666667 0.01125
0 0.9125 0.035 0.006666666666666667 0.01125
0 0.7591666666666667 0.205 0.009166666666666667 0.01625
0 0.9416666666666667 0.19875 0.009166666666666667 0.01625
0 0.9816666666666667 0.44875 0.013333333333333334 0.0225
0 0.685 0.63375 0.0175 0.04
0 0.9058333333333334 0.1575 0.009166666666666667 0.01625
0 0.7825 0.13125 0.009166666666666667 0.01625
0 0.7525 0.525 0.013333333333333334 0.0225
0 0.5858333333333333 0.1375 0.009166666666666667 0.01625
0 0.5916666666666667 0.05875 0.006666666666666667 0.01125
0 0.56 0.01375 0.006666666666666667 0.01125
0 0.5333333333333333 0.41125 0.013333333333333334 0.0225
0 0.6708333333333333 0.3025 0.009166666666666667 0.01625
0 0.9366666666666666 0.43125 0.013333333333333334 0.0225
0 0.48833333333333334 0.20625 0.009166666666666667 0.01625
0 0.365 0.0225 0.006666666666666667 0.01125
0 0.7275 0.34625 0.013333333333333334 0.0225
0 0.7016666666666667 0.06 0.006666666666666667 0.01125
0 0.41333333333333333 0.20875 0.009166666666666667 0.01625
0 0.895 0.87875 0.0175 0.04
0 0.4475 0.55 0.013333333333333334 0.0225
0 0.25 0.03875 0.006666666666666667 0.01125
0 0.5391666666666667 0.0625 0.006666666666666667 0.01125
0 0.8925 0.21125 0.009166666666666667 0.01625
0 0.7133333333333334 0.03625 0.006666666666666667 0.01125
0 0.6825 0.49375 0.013333333333333334 0.0225
0 0.8341666666666666 0.32625 0.010833333333333334 0.01875
0 0.21 0.17375 0.009166666666666667 0.01625
0 0.39166666666666666 0.005 0.006666666666666667 0.01125
0 0.215 0.00625 0.006666666666666667 0.01125
0 0.19 0.6175 0.0175 0.04
0 0.9391666666666667 0.13625 0.009166666666666667 0.01625
0 0.2683333333333333 0.015 0.006666666666666667 0.01125
0 0.99 0.93375 0.0175 0.04
0 0.09083333333333334 0.47375 0.013333333333333334 0.0225
0 0.19166666666666668 0.03 0.006666666666666667 0.01125
0 0.345 0.115 0.006666666666666667 0.01125
0 0.7325 0.19375 0.009166666666666667 0.01625
0 0.6191666666666666 0.03625 0.006666666666666667 0.01125
0 0.7616666666666667 0.0125 0.006666666666666667 0.01125
0 0.3408333333333333 0.04875 0.006666666666666667 0.01125
0 0.18916666666666668 0.1675 0.009166666666666667 0.01625
0 0.8116666666666666 0.7625 0.0175 0.04
0 0.44083333333333335 0.0375 0.006666666666666667 0.01125
0 0.47333333333333333 0.31125 0.009166666666666667 0.01625
0 0.8433333333333334 0.28 0.009166666666666667 0.01625
0 0.28 0.04375 0.006666666666666667 0.01125
0 0.9258333333333333 0.19375 0.009166666666666667 0.01625
0 0.4716666666666667 0.04125 0.006666666666666667 0.01125
0 0.7091666666666666 0.02625 0.006666666666666667 0.01125
0 0.5658333333333333 0.1975 0.009166666666666667 0.01625
0 0.2 0.135 0.009166666666666667 0.01625
0 0.8891666666666667 0.7675 0.0175 0.04
0 0.5925 0.165 0.009166666666666667 0.01625
0 0.4975 0.52 0.013333333333333334 0.0225
0 0.9775 0.48875 0.013333333333333334 0.0225
0 0.36833333333333335 0.00375 0.006666666666666667 0.01125
0 0.155 0.3375 0.013333333333333334 0.0225
0 0.35833333333333334 0.04625 0.006666666666666667 0.01125
0 0.5133333333333333 0.1525 0.009166666666666667 0.01625
0 0.2425 0.0325 0.006666666666666667 0.01125
0 0.42833333333333334 0.1275 0.006666666666666667 0.0125
0 0.8416666666666667 0.6125 0.0175 0.04
0 0.12416666666666666 0.1225 0.0075 0.01375
0 0.42333333333333334 0.00875 0.006666666666666667 0.01125
0 0.0825 0.16125 0.009166666666666667 0.01625
0 0.22666666666666666 0.22125 0.009166666666666667 0.01625
0 0.57 0.165 0.009166666666666667 0.01625
0 0.5275 0.31125 0.009166666666666667 0.01625
0 0.25166666666666665 0.06375 0.006666666666666667 0.01125
0 0.6591666666666667 0.43625 0.013333333333333334 0.0225
0 0.7666666666666667 0.345 0.013333333333333334 0.0225
0 0.9083333333333333 0.355 0.013333333333333334 0.0225
0 0.415 0.00625 0.006666666666666667 0.01125
0 0.49166666666666664 0.11875 0.006666666666666667 0.01125
0 0.9416666666666667 0.4875 0.013333333333333334 0.0225
0 0.0033333333333333335 0.6325 0.015 0.03125
0 0.9483333333333334 0.13875 0.009166666666666667 0.01625
0 0.29583333333333334 0.28625 0.009166666666666667 0.01625
0 0.395 0.15125 0.009166666666666667 0.01625
0 0.945 0.24 0.009166666666666667 0.01625
0 0.9433333333333334 0.11875 0.0075 0.01375
0 0.6391666666666667 0.55 0.013333333333333334 0.0225
0 0.9575 0.13875 0.009166666666666667 0.01625
0 0.36083333333333334 0.035 0.006666666666666667 0.01125
0 0.35 0.01625 0.006666666666666667 0.01125
0 0.6058333333333333 0.09625 0.006666666666666667 0.01125
0 0.21083333333333334 0.4 0.013333333333333334 0.0225
0 0.75 0.89875 0.0175 0.04
0 0.04583333333333333 0.4825 0.013333333333333334 0.0225
0 0.9391666666666667 0.8025 0.0175 0.04
0 0.265 0.01 0.006666666666666667 0.01125
0 0.5266666666666666 0.74125 0.0175 0.04
0 0.7841666666666667 0.33125 0.013333333333333334 0.0225
0 0.6816666666666666 0.04 0.006666666666666667 0.01125
0 0.44416666666666665 0.015 0.006666666666666667 0.01125
0 0.5675 0.14125 0.009166666666666667 0.01625
0 0.8708333333333333 0.15 0.009166666666666667 0.01625
0 0.235 0.25 0.009166666666666667 0.01625
0 0.5958333333333333 0.1425 0.009166666666666667 0.01625
0 0.21916666666666668 0.11375 0.006666666666666667 0.01125
0 0.7933333333333333 0.41625 0.013333333333333334 0.0225
0 0.145 0.32 0.009166666666666667 0.01625
0 0.7583333333333333 0.10625 0.006666666666666667 0.01125
0 0.665 0.16375 0.009166666666666667 0.01625
0 0.31 0.0725 0.006666666666666667 0.01125
0 0.9466666666666667 0.155 0.009166666666666667 0.01625
0 0.4 0.4325 0.013333333333333334 0.0225
0 0.835 0.25625 0.009166666666666667 0.01625
0 0.8583333333333333 0.98875 0.0175 0.04
0 0.9275 0.13375 0.009166666666666667 0.01625
0 0.5866666666666667 0.25125 0.009166666666666667 0.01625
0 0.275 0.22375 0.009166666666666667 0.01625
0 0.4241666666666667 0.2175 0.009166666666666667 0.01625
0 0.15333333333333332 0.16 0.009166666666666667 0.01625
0 0.9475 0.18125 0.009166666666666667 0.01625
0 0.19166666666666668 0.07 0.006666666666666667 0.01125
0 0.7541666666666667 0.04375 0.006666666666666667 0.01125
0 0.13 0.12875 0.008333333333333333 0.015
0 0.6575 0.22375 0.009166666666666667 0.01625
0 0.08 0.7725 0.0175 0.04
0 0.31833333333333336 0.0775 0.006666666666666667 0.01125
0 0.5616666666666666 0.95125 0.0175 0.04
0 0.32 0.0925 0.006666666666666667 0.01125
0 0.6866666666666666 0.76375 0.0175 0.04
0 0.935 0.34125 0.013333333333333334 0.0225
0 0.6066666666666667 0.0175 0.006666666666666667 0.01125
0 0.79 0.25 0.009166666666666667 0.01625
0 0.43083333333333335 0.26625 0.009166666666666667 0.01625
0 0.655 0.20125 0.009166666666666667 0.01625
0 0.915 0.06125 0.006666666666666667 0.01125
0 0.30083333333333334 0.1275 0.006666666666666667 0.01125
0 0.31083333333333335 0.12 0.006666666666666667 0.01125
0 0.6408333333333334 0.29625 0.009166666666666667 0.01625
0 0.9391666666666667 0.055 0.006666666666666667 0.01125
0 0.38333333333333336 0.01 0.006666666666666667 0.01125
0 0.26 0.10375 0.006666666666666667 0.01125
0 0.0008333333333333334 0.38375 0.01 0.0175
0 0.6541666666666667 0.7075 0.0175 0.04
0 0.6083333333333333 0.52625 0.013333333333333334 0.0225
0 0.885 0.05125 0.006666666666666667 0.01125
0 0.4708333333333333 0.09875 0.006666666666666667 0.01125
0 0.16666666666666666 0.05375 0.006666666666666667 0.01125
0 0.23416666666666666 0.8625 0.0175 0.04
0 0.38 0.345 0.013333333333333334 0.0225
0 0.8966666666666666 0.08125 0.006666666666666667 0.01125
0 0.395 0.275 0.009166666666666667 0.01625
0 0.9166666666666666 0.12375 0.0075 0.01375
0 0.3725 0.02375 0.006666666666666667 0.01125
0 0.7683333333333333 0.035 0.006666666666666667 0.01125
0 0.25583333333333336 0.515 0.013333333333333334 0.0225
0 0.8508333333333333 0.5275 0.013333333333333334 0.0225
0 0.7908333333333334 0.205 0.009166666666666667 0.01625
0 0.075 0.34375 0.013333333333333334 0.0225
0 0.0225 0.26125 0.009166666666666667 0.01625
0 0.3325 0.055 0.006666666666666667 0.01125
0 0.6958333333333333 0.16375 0.009166666666666667 0.01625
0 0.155 0.255 0.009166666666666667 0.01625
0 0.6241666666666666 0.16875 0.009166666666666667 0.01625
0 0.1825 0.11 0.006666666666666667 0.01125
0 0.8775 0.2025 0.009166666666666667 0.01625
0 0.1125 0.39 0.013333333333333334 0.0225
0 0.21166666666666667 0.04375 0.006666666666666667 0.01125
0 0.7691666666666667 0.05875 0.006666666666666667 0.01125
0 0.5066666666666667 0.0925 0.006666666666666667 0.01125
0 0.6066666666666667 0.17 0.009166666666666667 0.01625
0 0.9491666666666667 0.19625 0.009166666666666667 0.01625
0 0.22583333333333333 0.25875 0.009166666666666667 0.01625
0 0.4 0.695 0.0175 0.04
0 0.68 0.0275 0.006666666666666667 0.01125
0 0.0625 0.9325 0.0175 0.04
0 0.7708333333333334 0.26125 0.009166666666666667 0.01625
0 0.975 0.1725 0.009166666666666667 0.01625
0 0.4141666666666667 0.36875 0.013333333333333334 0.0225
0 0.2025 0.04125 0.006666666666666667 0.01125
0 0.30416666666666664 0.1625 0.009166666666666667 0.01625
0 0.375 0.1 0.006666666666666667 0.01125
0 0.0525 0.395 0.013333333333333334 0.0225
0 0.7916666666666666 0.1525 0.009166666666666667 0.01625
0 0.8858333333333334 0.58625 0.013333333333333334 0.0225
0 0.92 0.2625 0.009166666666666667 0.01625
0 0.02666666666666667 0.29375 0.009166666666666667 0.01625
0 0.965 0.12875 0.009166666666666667 0.01625
0 0.5716666666666667 0.13 0.009166666666666667 0.01625
0 0.7616666666666667 0.075 0.006666666666666667 0.01125
0 0.22166666666666668 0.32 0.009166666666666667 0.01625
0 0.31416666666666665 0.5225 0.013333333333333334 0.0225
0 0.7783333333333333 0.0925 0.006666666666666667 0.01125
0 0.6483333333333333 0.08875 0.006666666666666667 0.01125
0 0.2916666666666667 0.24625 0.009166666666666667 0.01625
0 0.685 0.555 0.013333333333333334 0.0225
0 0.2375 0.41375 0.013333333333333334 0.0225
0 0.4666666666666667 0.15625 0.009166666666666667 0.01625
0 0.3625 0.2575 0.009166666666666667 0.01625
0 0.5183333333333333 0.0975 0.006666666666666667 0.01125
0 0.8633333333333333 0.25 0.009166666666666667 0.01625
0 0.31 0.10125 0.006666666666666667 0.01125
0 0.09 0.21375 0.009166666666666667 0.01625
0 0.3908333333333333 0.58875 0.013333333333333334 0.0225
0 0.505 0.11625 0.006666666666666667 0.01125
0 0.9025 0.10125 0.006666666666666667 0.01125
0 0.42 0.01625 0.006666666666666667 0.01125
0 0.6658333333333334 0.14875 0.009166666666666667 0.01625
0 0.5416666666666666 0.12625 0.0075 0.01375
0 0.28 0.38875 0.013333333333333334 0.0225
0 0.255 0.2525 0.009166666666666667 0.01625
0 0.4625 0.06625 0.006666666666666667 0.01125
0 0.4625 0.00875 0.006666666666666667 0.01125
0 0.8908333333333334 0.12625 0.0075 0.01375
0 0.5291666666666667 0.12375 0.006666666666666667 0.01125
0 0.6166666666666667 0.09625 0.006666666666666667 0.01125
0 0.005833333333333334 0.7025 0.0175 0.04
0 0.8358333333333333 0.07 0.006666666666666667 0.01125
0 0.3475 0.0025 0.006666666666666667 0.01125
0 0.9616666666666667 0.07 0.006666666666666667 0.01125
0 0.46 0.05 0.006666666666666667 0.01125
0 0.77 0.16 0.009166666666666667 0.01625
0 0.8133333333333334 0.035 0.006666666666666667 0.01125
0 0.24166666666666667 0.045 0.006666666666666667 0.01125
0 0.5666666666666667 0.04 0.006666666666666667 0.01125
0 0.4166666666666667 0.28375 0.009166666666666667 0.01625
0 0.6983333333333334 0.305 0.009166666666666667 0.01625
0 0.9675 0.565 0.013333333333333334 0.0225
0 0.15583333333333332 0.1275 0.0075 0.01375
0 0.6391666666666667 0.035 0.006666666666666667 0.01125
0 0.10666666666666667 0.2175 0.009166666666666667 0.01625
0 0.09833333333333333 0.135 0.009166666666666667 0.01625
0 0.14 0.48875 0.013333333333333334 0.0225
0 0.55 0.06375 0.006666666666666667 0.01125
0 0.2225 0.06125 0.006666666666666667 0.01125
0 0.485 0.18875 0.009166666666666667 0.01625
0 0.13416666666666666 0.39375 0.013333333333333334 0.0225
0 0.6208333333333333 0.08875 0.006666666666666667 0.01125
0 0.7033333333333334 0.00875 0.006666666666666667 0.01125
0 0.37166666666666665 0.23875 0.009166666666666667 0.01625
0 0.435 0.1075 0.006666666666666667 0.01125
0 0.20083333333333334 0.0175 0.006666666666666667 0.01125
0 0.22666666666666666 0.63625 0.0175 0.04
0 0.5825 0.09625 0.006666666666666667 0.01125
0 0.7791666666666667 0.10625 0.006666666666666667 0.01125
0 0.6633333333333333 0.1 0.006666666666666667 0.01125
0 0.13583333333333333 0.1025 0.006666666666666667 0.01125
0 0.37166666666666665 0.04125 0.006666666666666667 0.01125
0 0.6941666666666667 0.0625 0.006666666666666667 0.01125
0 0.42083333333333334 0.3 0.009166666666666667 0.01625
0 0.755 0.45125 0.013333333333333334 0.0225
0 0.5208333333333334 0.04375 0.006666666666666667 0.01125
0 0.555 0.36875 0.013333333333333334 0.0225
0 0.4925 0.07 0.006666666666666667 0.01125
0 0.875 0.72875 0.0175 0.04
0 0.8208333333333333 0.24625 0.009166666666666667 0.01625
0 0.1375 0.73 0.0175 0.04
0 0.6316666666666667 0.10875 0.006666666666666667 0.01125
0 0.4725 0.07375 0.006666666666666667 0.01125
0 0.6608333333333334 0.0625 0.006666666666666667 0.01125
0 0.4791666666666667 0.1525 0.009166666666666667 0.01625
0 0.20833333333333334 0.0275 0.006666666666666667 0.01125
0 0.965 0.16375 0.009166666666666667 0.01625
0 0.515 0.06375 0.006666666666666667 0.01125
0 0.3983333333333333 0.49125 0.013333333333333334 0.0225
0 0.865 0.28375 0.009166666666666667 0.01625
0 0.024166666666666666 0.2225 0.009166666666666667 0.01625
0 0.7225 0.0725 0.006666666666666667 0.01125
0 0.8025 0.8025 0.0175 0.04
0 0.2608333333333333 0.035 0.006666666666666667 0.01125
0 0.16666666666666666 0.13125 0.009166666666666667 0.01625
0 0.21583333333333332 0.02125 0.006666666666666667 0.01125
0 0.8425 0.1975 0.009166666666666667 0.01625
0 0.2725 0.08 0.006666666666666667 0.01125
0 0.3516666666666667 0.3875 0.013333333333333334 0.0225
0 0.6108333333333333 0.36125 0.013333333333333334 0.0225
0 0.48 0.09875 0.006666666666666667 0.01125
0 0.8558333333333333 0.09625 0.006666666666666667 0.01125
0 0.55 0.01125 0.006666666666666667 0.01125
0 0.2733333333333333 0.2625 0.009166666666666667 0.01625
0 0.485 0.00875 0.006666666666666667 0.01125
0 0.10833333333333334 0.88375 0.0175 0.04
0 0.14333333333333334 0.16375 0.009166666666666667 0.01625
0 0.9525 0.04875 0.006666666666666667 0.01125
0 0.43583333333333335 0.3825 0.013333333333333334 0.0225
0 0.935 0.045 0.006666666666666667 0.01125
0 0.9225 0.07 0.006666666666666667 0.01125
0 0.8958333333333334 0.1475 0.009166666666666667 0.01625
0 0.38083333333333336 0.075 0.006666666666666667 0.01125
0 0.45416666666666666 0.01125 0.006666666666666667 0.01125
0 0.9308333333333333 0.11625 0.006666666666666667 0.01125
0 0.4791666666666667 0.025 0.006666666666666667 0.01125
0 0.7341666666666666 0.30875 0.009166666666666667 0.01625
0 0.84 0.07875 0.006666666666666667 0.01125
0 0.46 0.2575 0.009166666666666667 0.01625
0 0.0016666666666666668 0.2775 0.009166666666666667 0.01625
0 0.4483333333333333 0.125 0.0075 0.01375
0 0.74 0.04125 0.006666666666666667 0.01125
0 0.7091666666666666 0.8825 0.0175 0.04
0 0.365 0.045 0.006666666666666667 0.01125
0 0.23333333333333334 0.7575 0.0175 0.04
0 0.4058333333333333 0.5675 0.013333333333333334 0.0225
0 0.34833333333333333 0.25375 0.009166666666666667 0.01625
0 0.9866666666666667 0.17 0.009166666666666667 0.01625
0 0.08166666666666667 0.3875 0.013333333333333334 0.0225
0 0.405 0.1525 0.009166666666666667 0.01625
0 0.8275 0.19 0.009166666666666667 0.01625
0 0.45416666666666666 0.06125 0.006666666666666667 0.01125
0 0.6808333333333333 0.1225 0.006666666666666667 0.0125
0 0.8075 0.46625 0.013333333333333334 0.0225
0 0.44583333333333336 0.44625 0.013333333333333334 0.0225
0 0.41333333333333333 0.0325 0.006666666666666667 0.01125
0 0.8816666666666667 0.24625 0.009166666666666667 0.01625
0 0.32083333333333336 0.16875 0.009166666666666667 0.01625
0 0.37583333333333335 0.83 0.0175 0.04
0 0.9558333333333333 0.155 0.009166666666666667 0.01625
0 0.23166666666666666 0.075 0.006666666666666667 0.01125
0 0.12583333333333332 0.62 0.0175 0.04
0 0.8733333333333333 0.04 0.006666666666666667 0.01125
0 0.405 0.3175 0.009166666666666667 0.01625
0 0.37666666666666665 0.19875 0.009166666666666667 0.01625
0 0.8666666666666667 0.07375 0.006666666666666667 0.01125
0 0.009166666666666667 0.31625 0.009166666666666667 0.01625
0 0.305 0.05125 0.006666666666666667 0.01125
0 0.5375 0.09 0.006666666666666667 0.01125
0 0.8575 0.1575 0.009166666666666667 0.01625
0 0.3 0.2125 0.009166666666666667 0.01625
0 0.41833333333333333 0.085 0.006666666666666667 0.01125
0 0.3383333333333333 0.08125 0.006666666666666667 0.01125
0 0.30666666666666664 0.0075 0.006666666666666667 0.01125
0 0.5566666666666666 0.02625 0.006666666666666667 0.01125
0 0.6691666666666667 0.0625 0.006666666666666667 0.01125
0 0.03833333333333333 0.31375 0.009166666666666667 0.01625
0 0.37333333333333335 0.01375 0.006666666666666667 0.01125
0 0.24833333333333332 0.45375 0.013333333333333334 0.0225
0 0.8141666666666667 0.24625 0.009166666666666667 0.01625
0 0.7691666666666667 0.19375 0.009166666666666667 0.01625
0 0.02666666666666667 0.39625 0.013333333333333334 0.0225
0 0.23833333333333334 0.00875 0.006666666666666667 0.01125
0 0.6108333333333333 0.13 0.009166666666666667 0.01625
0 0.4775 0.0075 0.006666666666666667 0.01125
0 0.8441666666666666 0.96125 0.0175 0.04
0 0.23416666666666666 0.1625 0.009166666666666667 0.01625
0 0.28583333333333333 0.01875 0.006666666666666667 0.01125
0 0.6691666666666667 0.2 0.009166666666666667 0.01625
0 0.5358333333333334 0.1675 0.009166666666666667 0.01625
0 0.6975 0.23875 0.009166666666666667 0.01625
0 0.7825 0.28125 0.009166666666666667 0.01625
0 0.7483333333333333 0.00875 0.006666666666666667 0.01125
0 0.5008333333333334 0.0675 0.006666666666666667 0.01125
0 0.5725 0.46875 0.013333333333333334 0.0225
0 0.7491666666666666 0.02875 0.006666666666666667 0.01125
0 0.5466666666666666 0.52875 0.013333333333333334 0.0225
0 0.14916666666666667 0.375 0.013333333333333334 0.0225
0 0.09583333333333334 0.34125 0.013333333333333334 0.0225
0 0.67 0.0925 0.006666666666666667 0.01125
0 0.8516666666666667 0.05375 0.006666666666666667 0.01125
0 0.6808333333333333 0.1 0.006666666666666667 0.01125
0 0.22583333333333333 0.10625 0.006666666666666667 0.01125
0 0.2758333333333333 0.455 0.013333333333333334 0.0225
0 0.7866666666666666 0.17875 0.009166666666666667 0.01625
0 0.515 0.30625 0.009166666666666667 0.01625
0 0.825 0.15 0.009166666666666667 0.01625
0 0.3975 0.0475 0.006666666666666667 0.01125
0 0.6508333333333334 0.165 0.009166666666666667 0.01625
0 0.7916666666666666 0.0775 0.006666666666666667 0.01125
0 0.42333333333333334 0.04875 0.006666666666666667 0.01125
0 0.715 0.2375 0.009166666666666667 0.01625
0 0.37 0.775 0.0175 0.04
0 0.20833333333333334 0.0775 0.006666666666666667 0.01125
0 0.5558333333333333 0.215 0.009166666666666667 0.01625
0 0.47333333333333333 0.26 0.009166666666666667 0.01625
0 0.9891666666666666 0.08 0.0075 0.01375
0 0.8383333333333334 0.055 0.006666666666666667 0.01125
0 0.68 0.13625 0.009166666666666667 0.01625
0 0.9291666666666667 0.0475 0.006666666666666667 0.01125
0 0.2625 0.22875 0.009166666666666667 0.01625
0 0.9958333333333333 0.5675 0.013333333333333334 0.0225
0 0.9058333333333334 0.11625 0.006666666666666667 0.01125
0 0.03833333333333333 0.2575 0.009166666666666667 0.01625
0 0.2875 0.2075 0.009166666666666667 0.01625
0 0.6241666666666666 0.13375 0.009166666666666667 0.01625
0 0.9308333333333333 0.08 0.006666666666666667 0.01125
0 0.7283333333333334 0.10625 0.006666666666666667 0.01125
0 0.6775 0.16625 0.009166666666666667 0.01625
0 0.6116666666666667 0.1575 0.009166666666666667 0.01625
0 0.6633333333333333 0.54625 0.013333333333333334 0.0225
0 0.745 0.1325 0.009166666666666667 0.01625
0 0.5516666666666666 0.995 0.0175 0.04
0 0.7116666666666667 0.15875 0.009166666666666667 0.01625
0 0.5383333333333333 0.2075 0.009166666666666667 0.01625
0 0.8166666666666667 0.6275 0.0175 0.04
0 0.9333333333333333 0.565 0.013333333333333334 0.0225
0 0.7883333333333333 0.0425 0.006666666666666667 0.01125
0 0.89 0.165 0.009166666666666667 0.01625
0 0.33666666666666667 0.13625 0.009166666666666667 0.01625
0 0.21416666666666667 0.135 0.009166666666666667 0.01625
0 0.8241666666666667 0.425 0.013333333333333334 0.0225
0 0.9075 0.30625 0.009166666666666667 0.01625
0 0.9983333333333333 0.7175 0.015833333333333335 0.035
0 0.955 0.01625 0.006666666666666667 0.01125
0 0.29583333333333334 0.04375 0.006666666666666667 0.01125
0 0.22833333333333333 0.0325 0.006666666666666667 0.01125
0 0.5058333333333334 0.03625 0.006666666666666667 0.01125
0 0.25166666666666665 0.02 0.006666666666666667 0.01125
0 0.5241666666666667 0.1675 0.009166666666666667 0.01625
0 0.5166666666666667 0.0225 0.006666666666666667 0.01125
0 0.56 0.09 0.006666666666666667 0.01125
0 0.9408333333333333 0.88 0.0175 0.04
0 0.24666666666666667 0.125 0.006666666666666667 0.0125
0 0.24 0.1025 0.006666666666666667 0.01125
0 0.11583333333333333 0.4725 0.013333333333333334 0.0225
0 0.24916666666666668 0.1575 0.009166666666666667 0.01625
0 0.7425 0.16 0.009166666666666667 0.01625
0 0.2791666666666667 0.1 0.006666666666666667 0.01125
0 0.2841666666666667 0.07375 0.006666666666666667 0.01125
0 0.38333333333333336 0.04125 0.006666666666666667 0.01125
0 0.8 0.045 0.006666666666666667 0.01125
0 0.5916666666666667 0.03625 0.006666666666666667 0.01125
0 0.56 0.41625 0.013333333333333334 0.0225
0 0.8583333333333333 0.35625 0.013333333333333334 0.0225
0 0.975 0.19625 0.009166666666666667 0.01625
0 0.5833333333333334 0.53375 0.013333333333333334 0.0225
0 0.19583333333333333 0.27625 0.009166666666666667 0.01625
0 0.9308333333333333 0.0975 0.006666666666666667 0.01125
0 0.15666666666666668 0.7225 0.0175 0.04
0 0.8133333333333334 0.145 0.009166666666666667 0.01625
0 0.9566666666666667 0.24875 0.009166666666666667 0.01625
0 0.7566666666666667 0.1275 0.006666666666666667 0.0125
0 0.44583333333333336 0.32 0.009166666666666667 0.01625
0 0.22583333333333333 0.01875 0.006666666666666667 0.01125
0 0.2675 0.87 0.0175 0.04
0 0.9825 0.1 0.009166666666666667 0.01625
0 0.28583333333333333 0.16 0.009166666666666667 0.01625
0 0.9175 0.07125 0.006666666666666667 0.01125
0 0.19083333333333333 0.06 0.006666666666666667 0.01125
0 0.555 0.1575 0.009166666666666667 0.01625
0 0.30583333333333335 0.37375 0.013333333333333334 0.0225
0 0.4525 0.2075 0.009166666666666667 0.01625
0 0.07416666666666667 0.4825 0.013333333333333334 0.0225
0 0.3358333333333333 0.1975 0.009166666666666667 0.01625
0 0.18333333333333332 0.04875 0.006666666666666667 0.01125
0 0.375 0.65125 0.0175 0.04
0 0.16583333333333333 0.45875 0.013333333333333334 0.0225
0 0.5866666666666667 0.205 0.009166666666666667 0.01625
0 0.4041666666666667 0.0175 0.006666666666666667 0.01125
0 0.7333333333333333 0.42 0.013333333333333334 0.0225
0 0.21916666666666668 0.15625 0.009166666666666667 0.01625
0 0.7166666666666667 0.13625 0.009166666666666667 0.01625
0 0.2633333333333333 0.07 0.006666666666666667 0.01125
0 0.26666666666666666 0.13625 0.009166666666666667 0.01625
0 0.12416666666666666 0.105 0.0075 0.01375
0 0.4041666666666667 0.0425 0.006666666666666667 0.01125
0 0.5508333333333333 0.58 0.013333333333333334 0.0225
0 0.155 0.08 0.006666666666666667 0.01125
0 0.5691666666666667 0.01 0.006666666666666667 0.01125
0 0.73 0.0375 0.006666666666666667 0.01125
0 0.9083333333333333 0.13875 0.009166666666666667 0.01625
0 0.6275 0.0625 0.006666666666666667 0.01125
0 0.8891666666666667 0.0225 0.006666666666666667 0.01125
0 0.325 0.05 0.006666666666666667 0.01125
0 0.8016666666666666 0.3525 0.013333333333333334 0.0225
0 0.275 0.715 0.0175 0.04
0 0.6316666666666667 0.25375 0.009166666666666667 0.01625
0 0.3858333333333333 0.10625 0.006666666666666667 0.01125
0 0.8091666666666667 0.07 0.006666666666666667 0.01125
0 0.6675 0.3625 0.013333333333333334 0.0225
0 0.855 0.0825 0.006666666666666667 0.01125
0 0.26916666666666667 0.09375 0.006666666666666667 0.01125
0 0.9958333333333333 0.415 0.013333333333333334 0.0225
0 0.15 0.64375 0.0175 0.04
0 0.38 0.2625 0.009166666666666667 0.01625
0 0.5258333333333334 0.07375 0.006666666666666667 0.01125
0 0.845 0.1475 0.009166666666666667 0.01625
0 0.4066666666666667 0.1 0.006666666666666667 0.01125
0 0.5958333333333333 0.635 0.0175 0.04
0 0.515 0.55875 0.013333333333333334 0.0225
0 0.0375 0.6325 0.0175 0.04
0 0.32166666666666666 0.11625 0.006666666666666667 0.01125
0 0.7991666666666667 0.0625 0.006666666666666667 0.01125
0 0.6808333333333333 0.0625 0.006666666666666667 0.01125
0 0.31083333333333335 0.25625 0.009166666666666667 0.01625
0 0.985 0.35625 0.013333333333333334 0.0225
0 0.4375 0.20875 0.009166666666666667 0.01625
0 0.31166666666666665 0.02125 0.006666666666666667 0.01125
0 0.7733333333333333 0.1725 0.009166666666666667 0.01625
0 0.675 0.67 0.0175 0.04
0 0.8991666666666667 0.12625 0.009166666666666667 0.01625
0 0.17416666666666666 0.10625 0.006666666666666667 0.01125
0 0.99 0.2875 0.01 0.0175
0 0.7475 0.83875 0.0175 0.04
0 0.8533333333333334 0.24625 0.009166666666666667 0.01625
0 0.35833333333333334 0.13625 0.009166666666666667 0.01625
0 0.3175 0.0525 0.006666666666666667 0.01125
0 0.1475 0.2675 0.009166666666666667 0.01625
0 0.06333333333333334 0.30375 0.009166666666666667 0.01625
0 0.67 0.2725 0.009166666666666667 0.01625
0 0.31583333333333335 0.10625 0.006666666666666667 0.01125
0 0.6075 0.32125 0.009166666666666667 0.01625
0 0.7141666666666666 0.09625 0.006666666666666667 0.01125
0 0.9725 0.30625 0.009166666666666667 0.01625
0 0.6266666666666667 0.70875 0.0175 0.04
0 0.9983333333333333 0.865 0.0175 0.04
0 0.18416666666666667 0.695 0.0175 0.04
0 0.7266666666666667 0.16375 0.009166666666666667 0.01625
0 0.21416666666666667 0.6275 0.0175 0.04
0 0.2891666666666667 0.12875 0.0075 0.01375
0 0.4666666666666667 0.67 0.0175 0.04
0 0.6083333333333333 0.24125 0.009166666666666667 0.01625
0 0.35 0.07125 0.006666666666666667 0.01125
0 0.4483333333333333 0.265 0.009166666666666667 0.01625
0 0.9225 0.0425 0.006666666666666667 0.01125
0 0.5291666666666667 0.375 0.013333333333333334 0.0225
0 0.4891666666666667 0.5425 0.013333333333333334 0.0225
0 0.7316666666666667 0.07625 0.006666666666666667 0.01125
0 0.565 0.26125 0.009166666666666667 0.01625
0 0.7116666666666667 0.2275 0.009166666666666667 0.01625
0 0.18166666666666667 0.8575 0.0175 0.04
0 0.125 0.21625 0.009166666666666667 0.01625
0 0.5441666666666667 0.01625 0.006666666666666667 0.01125
0 0.7566666666666667 0.295 0.009166666666666667 0.01625
0 0.6425 0.0625 0.006666666666666667 0.01125
0 0.5625 0.06 0.006666666666666667 0.01125
0 0.6075 0.195 0.009166666666666667 0.01625
0 0.19333333333333333 0.10875 0.006666666666666667 0.01125
0 0.8275 0.0475 0.006666666666666667 0.01125
0 0.795 0.505 0.013333333333333334 0.0225
0 0.45416666666666666 0.8025 0.0175 0.04
0 0.5858333333333333 0.7075 0.0175 0.04
0 0.5108333333333334 0.2475 0.009166666666666667 0.01625
0 0.6933333333333334 0.07875 0.006666666666666667 0.01125
0 0.7383333333333333 0.005 0.006666666666666667 0.01125
0 0.7 0.4225 0.013333333333333334 0.0225
0 0.86 0.5975 0.013333333333333334 0.0225
0 0.10416666666666667 0.16 0.009166666666666667 0.01625
0 0.6441666666666667 0.36375 0.013333333333333334 0.0225
0 0.36083333333333334 0.11875 0.006666666666666667 0.0125
0 0.23333333333333334 0.05375 0.006666666666666667 0.01125
0 0.16333333333333333 0.1025 0.006666666666666667 0.01125
0 0.3308333333333333 0.25 0.009166666666666667 0.01625
0 0.4508333333333333 0.08 0.006666666666666667 0.01125
0 0.9008333333333334 0.58875 0.013333333333333334 0.0225
0 0.555 0.1225 0.0075 0.01375
0 0.1625 0.2125 0.009166666666666667 0.01625
0 0.505 0.1825 0.009166666666666667 0.01625
0 0.9866666666666667 0.19625 0.009166666666666667 0.01625
0 0.37083333333333335 0.07875 0.006666666666666667 0.01125
0 0.25333333333333335 0.13125 0.009166666666666667 0.01625
0 0.31416666666666665 0.31 0.009166666666666667 0.01625
0 0.9141666666666667 0.9225 0.0175 0.04
0 0.315 0.4525 0.013333333333333334 0.0225
0 0.019166666666666665 0.5075 0.013333333333333334 0.0225
0 0.6591666666666667 0.9 0.0175 0.04
0 0.33166666666666667 0.1525 0.009166666666666667 0.01625
0 0.8441666666666666 0.10125 0.006666666666666667 0.01125
0 0.4525 0.04375 0.006666666666666667 0.01125
0 0.9616666666666667 0.42125 0.013333333333333334 0.0225
0 0.52 0.45125 0.013333333333333334 0.0225
0 0.0675 0.16625 0.009166666666666667 0.01625
0 0.4683333333333333 0.02 0.006666666666666667 0.01125
0 0.6075 0.06625 0.006666666666666667 0.01125
0 0.3358333333333333 0.6625 0.0175 0.04
0 0.9716666666666667 0.0425 0.006666666666666667 0.01125
0 0.6758333333333333 0.42125 0.013333333333333334 0.0225
0 0.2275 0.13125 0.009166666666666667 0.01625
0 0.5541666666666667 0.27 0.009166666666666667 0.01625
0 0.16333333333333333 0.35625 0.013333333333333334 0.0225
0 0.18416666666666667 0.075 0.006666666666666667 0.01125
0 0.7491666666666666 0.065 0.006666666666666667 0.01125
0 0.6541666666666667 0.0325 0.006666666666666667 0.01125
0 0.04833333333333333 0.2175 0.009166666666666667 0.01625
0 0.8866666666666667 0.30125 0.009166666666666667 0.01625
0 0.365 0.31 0.009166666666666667 0.01625
0 0.9325 0.15875 0.009166666666666667 0.01625
0 0.15333333333333332 0.415 0.013333333333333334 0.0225
0 0.6583333333333333 0.08 0.006666666666666667 0.01125
0 0.4608333333333333 0.1325 0.009166666666666667 0.01625
0 0.11083333333333334 0.1325 0.009166666666666667 0.01625
0 0.9258333333333333 0.07875 0.006666666666666667 0.01125
0 0.12 0.2325 0.009166666666666667 0.01625
0 0.4275 0.0225 0.006666666666666667 0.01125
0 0.6508333333333334 0.145 0.009166666666666667 0.01625
0 0.5808333333333333 0.375 0.013333333333333334 0.0225
0 0.24666666666666667 0.43375 0.013333333333333334 0.0225
0 0.4375 0.12875 0.006666666666666667 0.0125
0 0.42916666666666664 0.13875 0.009166666666666667 0.01625
0 0.6341666666666667 0.205 0.009166666666666667 0.01625
0 0.4058333333333333 0.2 0.009166666666666667 0.01625
0 0.64 0.16875 0.009166666666666667 0.01625
0 0.6233333333333333 0.21125 0.009166666666666667 0.01625
0 0.5475 0.0925 0.006666666666666667 0.01125
0 0.66 0.235 0.009166666666666667 0.01625
0 0.9641666666666666 0.49375 0.013333333333333334 0.0225
0 0.3325 0.08 0.006666666666666667 0.01125
0 0.2475 0.01125 0.006666666666666667 0.01125
0 0.06333333333333334 0.65125 0.0175 0.04
0 0.35333333333333333 0.09875 0.006666666666666667 0.01125
0 0.17666666666666667 0.3775 0.013333333333333334 0.0225
0 0.43166666666666664 0.0075 0.006666666666666667 0.01125
0 0.6941666666666667 0.1975 0.009166666666666667 0.01625
0 0.9325 0.20875 0.009166666666666667 0.01625
0 0.4225 0.1075 0.006666666666666667 0.01125
0 0.0875 0.185 0.009166666666666667 0.01625
0 0.965 0.1975 0.009166666666666667 0.01625
0 0.5166666666666667 0.80375 0.0175 0.04
0 0.8783333333333333 0.08125 0.006666666666666667 0.01125
0 0.43166666666666664 0.0625 0.006666666666666667 0.01125
0 0.015 0.92 0.0175 0.04
0 0.29583333333333334 0.83 0.0175 0.04
0 0.18166666666666667 0.225 0.009166666666666667 0.01625
0 0.40166666666666667 0.13125 0.009166666666666667 0.01625
0 0.7858333333333334 0.05875 0.006666666666666667 0.01125
0 0.78 0.03875 0.006666666666666667 0.01125
0 0.2475 0.30875 0.009166666666666667 0.01625
0 0.2991666666666667 0.1025 0.006666666666666667 0.01125
0 0.41 0.12875 0.0075 0.01375
0 0.7366666666666667 0.0875 0.006666666666666667 0.01125
0 0.7275 0.50875 0.013333333333333334 0.0225
0 0.8216666666666667 0.07 0.006666666666666667 0.01125
0 0.8708333333333333 0.15875 0.009166666666666667 0.01625
0 0.9141666666666667 0.19125 0.009166666666666667 0.01625
0 0.9191666666666667 0.16125 0.009166666666666667 0.01625
0 0.8416666666666667 0.7625 0.0175 0.04
0 0.4325 0.0775 0.006666666666666667 0.01125
0 0.9033333333333333 0.0075 0.006666666666666667 0.01125
0 0.4533333333333333 0.2425 0.009166666666666667 0.01625
0 0.44333333333333336 0.07625 0.006666666666666667 0.01125
0 0.06166666666666667 0.2625 0.009166666666666667 0.01625
0 0.4825 0.5725 0.013333333333333334 0.0225
0 0.45666666666666667 0.02375 0.006666666666666667 0.01125
0 0.18666666666666668 0.12375 0.006666666666666667 0.0125
0 0.7191666666666666 0.365 0.013333333333333334 0.0225
0 0.7941666666666667 0.16 0.009166666666666667 0.01625
0 0.7941666666666667 0.10375 0.006666666666666667 0.01125
0 0.7308333333333333 0.9425 0.0175 0.04
0 0.8366666666666667 0.11875 0.0075 0.01375
0 0.24666666666666667 0.38125 0.013333333333333334 0.0225
0 0.1275 0.16125 0.009166666666666667 0.01625
0 0.3325 0.11125 0.006666666666666667 0.01125
0 0.41583333333333333 0.26625 0.009166666666666667 0.01625
0 0.2175 0.22375 0.009166666666666667 0.01625
0 0.5058333333333334 0.96375 0.0175 0.04
0 0.4875 0.79625 0.0175 0.04
0 0.7266666666666667 0.1325 0.009166666666666667 0.01625
0 0.5266666666666666 0.08875 0.006666666666666667 0.01125
0 0.4 0.005 0.006666666666666667 0.01125
0 0.8033333333333333 0.1075 0.006666666666666667 0.01125
0 0.3475 0.04375 0.006666666666666667 0.01125
0 0.2683333333333333 0.1175 0.0075 0.01375
0 0.6366666666666667 0.09375 0.006666666666666667 0.01125
0 0.4058333333333333 0.08 0.006666666666666667 0.01125
0 0.32 0.0 0.006666666666666667 0.01125
0 0.5266666666666666 0.1375 0.009166666666666667 0.01625
0 0.21166666666666667 0.09375 0.006666666666666667 0.01125
0 0.83 0.09875 0.006666666666666667 0.01125
0 0.9091666666666667 0.4875 0.013333333333333334 0.0225
0 0.43583333333333335 0.17 0.009166666666666667 0.01625
0 0.7675 0.09625 0.006666666666666667 0.01125
0 0.6591666666666667 0.0175 0.006666666666666667 0.01125
0 0.175 0.275 0.009166666666666667 0.01625
0 0.54 0.31625 0.009166666666666667 0.01625
0 0.7558333333333334 0.655 0.0175 0.04
0 0.16333333333333333 0.07875 0.006666666666666667 0.01125
0 0.4266666666666667 0.44875 0.013333333333333334 0.0225
0 0.755 0.25125 0.009166666666666667 0.01625
0 0.6875 0.23625 0.009166666666666667 0.01625
0 0.33 0.7925 0.0175 0.04
0 0.3375 0.33125 0.013333333333333334 0.0225
0 0.9116666666666666 0.70125 0.0175 0.04
0 0.8891666666666667 0.04375 0.006666666666666667 0.01125
0 0.6175 0.065 0.006666666666666667 0.01125
0 0.19916666666666666 0.08 0.006666666666666667 0.01125
0 0.6083333333333333 0.0375 0.006666666666666667 0.01125
0 0.5283333333333333 0.25625 0.009166666666666667 0.01625
0 0.6233333333333333 0.42125 0.013333333333333334 0.0225
0 0.4666666666666667 0.21375 0.009166666666666667 0.01625
0 0.7208333333333333 0.01375 0.006666666666666667 0.01125
0 0.6316666666666667 0.13 0.009166666666666667 0.01625
0 0.18166666666666667 0.2725 0.009166666666666667 0.01625
0 0.8491666666666666 0.19375 0.009166666666666667 0.01625
0 0.6983333333333334 0.1325 0.009166666666666667 0.01625
0 0.45666666666666667 0.095 0.006666666666666667 0.01125
0 0.2791666666666667 0.12125 0.006666666666666667 0.0125
0 0.7591666666666667 0.0625 0.006666666666666667 0.01125
0 0.5133333333333333 0.4225 0.013333333333333334 0.0225
0 0.9008333333333334 0.255 0.009166666666666667 0.01625
0 0.9816666666666667 0.12 0.009166666666666667 0.01625
0 0.7141666666666666 0.05875 0.006666666666666667 0.01125
0 0.9925 0.10375 0.009166666666666667 0.01625
0 0.8741666666666666 0.34 0.013333333333333334 0.0225
0 0.17833333333333334 0.13125 0.009166666666666667 0.01625
0 0.8116666666666666 0.205 0.009166666666666667 0.01625
0 0.2916666666666667 0.1025 0.006666666666666667 0.01125
0 0.89 0.415 0.013333333333333334 0.0225
0 0.5616666666666666 0.6375 0.0175 0.04
0 0.8816666666666667 0.02125 0.006666666666666667 0.01125
0 0.010833333333333334 0.23 0.009166666666666667 0.01625
0 0.2775 0.3175 0.009166666666666667 0.01625
0 0.39416666666666667 0.09125 0.006666666666666667 0.01125
0 0.08416666666666667 0.2725 0.009166666666666667 0.01625
0 0.9358333333333333 0.3175 0.009166666666666667 0.01625
0 0.9508333333333333 0.3025 0.009166666666666667 0.01625
0 0.29333333333333333 0.0025 0.006666666666666667 0.01125
0 0.14916666666666667 0.10625 0.006666666666666667 0.01125
0 0.5483333333333333 0.0475 0.006666666666666667 0.01125
0 0.75 0.48375 0.013333333333333334 0.0225
0 0.2875 0.0275 0.006666666666666667 0.01125
0 0.1125 0.75625 0.0175 0.04
0 0.155 0.93 0.0175 0.04
0 0.645 0.20625 0.009166666666666667 0.01625
0 0.25083333333333335 0.1025 0.006666666666666667 0.01125
0 0.9758333333333333 0.8075 0.0175 0.04
0 0.43166666666666664 0.56875 0.013333333333333334 0.0225
0 0.7675 0.07375 0.006666666666666667 0.01125
0 0.4716666666666667 0.12875 0.009166666666666667 0.01625
0 0.3933333333333333 0.07625 0.006666666666666667 0.01125
0 0.83 0.2975 0.009166666666666667 0.01625
0 0.015833333333333335 0.485 0.013333333333333334 0.0225
0 0.5591666666666667 0.315 0.009166666666666667 0.01625
0 0.095 0.40875 0.013333333333333334 0.0225
0 0.41583333333333333 0.635 0.0175 0.04
0 0.49166666666666664 0.2575 0.009166666666666667 0.01625
0 0.3591666666666667 0.00875 0.006666666666666667 0.01125
0 0.8875 0.1025 0.006666666666666667 0.01125
0 0.41333333333333333 0.04375 0.006666666666666667 0.01125
0 0.6908333333333333 0.0475 0.006666666666666667 0.01125
0 0.17333333333333334 0.15125 0.009166666666666667 0.01625
0 0.2025 0.10625 0.006666666666666667 0.01125
0 0.9033333333333333 0.96875 0.0175 0.04
0 0.14416666666666667 0.1275 0.008333333333333333 0.015
0 0.515 0.12125 0.0075 0.01375
0 0.38916666666666666 0.12875 0.008333333333333333 0.015
0 0.8991666666666667 0.0475 0.006666666666666667 0.01125
0 0.125 0.275 0.009166666666666667 0.01625
0 0.21333333333333335 0.2875 0.009166666666666667 0.01625
0 0.7025 0.095 0.006666666666666667 0.01125
0 0.5225 0.21 0.009166666666666667 0.01625
0 0.3325 0.2625 0.009166666666666667 0.01625
0 0.4658333333333333 0.1425 0.009166666666666667 0.01625
0 0.5708333333333333 0.08875 0.006666666666666667 0.01125
0 0.8641666666666666 0.4975 0.013333333333333334 0.0225
0 0.495 0.42625 0.013333333333333334 0.0225
0 0.3025 0.30875 0.009166666666666667 0.01625
0 0.5783333333333334 0.01875 0.006666666666666667 0.01125
0 0.865 0.12625 0.0075 0.01375
0 0.8841666666666667 0.0875 0.006666666666666667 0.01125
0 0.29583333333333334 0.07625 0.006666666666666667 0.01125
0 0.7625 0.21625 0.009166666666666667 0.01625
0 0.32166666666666666 0.0275 0.006666666666666667 0.01125
0 0.029166666666666667 0.75625 0.0175 0.04
0 0.49666666666666665 0.09875 0.006666666666666667 0.01125
0 0.905 0.05875 0.006666666666666667 0.01125
0 0.5983333333333334 0.415 0.013333333333333334 0.0225
0 0.6358333333333334 0.96125 0.0175 0.04
0 0.49583333333333335 0.38125 0.013333333333333334 0.0225
0 0.5958333333333333 0.10625 0.006666666666666667 0.01125
0 0.2225 0.47125 0.013333333333333334 0.0225
0 0.14333333333333334 0.2125 0.009166666666666667 0.01625
0 0.36583333333333334 0.20875 0.009166666666666667 0.01625
0 0.48833333333333334 0.1 0.006666666666666667 0.01125
0 0.9 0.05875 0.006666666666666667 0.01125
0 0.4791666666666667 0.38 0.013333333333333334 0.0225
0 0.4375 0.60375 0.013333333333333334 0.0225
0 0.3525 0.205 0.009166666666666667 0.01625
0 0.44583333333333336 0.10625 0.006666666666666667 0.01125
0 0.8691666666666666 0.43375 0.013333333333333334 0.0225
0 0.5633333333333334 0.61875 0.0175 0.04
0 0.7825 0.485 0.013333333333333334 0.0225
0 0.8908333333333334 0.43125 0.013333333333333334 0.0225
0 0.2675 0.68375 0.0175 0.04
0 0.4325 0.04375 0.006666666666666667 0.01125
0 0.5791666666666667 0.1675 0.009166666666666667 0.01625
0 0.6 0.20875 0.009166666666666667 0.01625
0 0.6975 0.04 0.006666666666666667 0.01125
0 0.7966666666666666 0.12625 0.008333333333333333 0.015
0 0.35583333333333333 0.14625 0.009166666666666667 0.01625
0 0.8591666666666666 0.2025 0.009166666666666667 0.01625
0 0.6866666666666666 0.08625 0.006666666666666667 0.01125
0 0.22416666666666665 0.08625 0.006666666666666667 0.01125
0 0.1975 0.2175 0.009166666666666667 0.01625
0 0.2683333333333333 0.57875 0.013333333333333334 0.0225
0 0.18083333333333335 0.4175 0.013333333333333334 0.0225
0 0.11166666666666666 0.325 0.010833333333333334 0.01875
0 0.3308333333333333 0.0375 0.006666666666666667 0.01125
0 0.39 0.02625 0.006666666666666667 0.01125
0 0.7833333333333333 0.845 0.0175 0.04
0 0.5333333333333333 0.02125 0.006666666666666667 0.01125
0 0.44583333333333336 0.045 0.006666666666666667 0.01125
0 0.815 0.16375 0.009166666666666667 0.01625
0 0.57 0.31 0.009166666666666667 0.01625
0 0.31416666666666665 0.62375 0.0175 0.04
0 0.20583333333333334 0.23 0.009166666666666667 0.01625
0 0.4841666666666667 0.13125 0.009166666666666667 0.01625
0 0.3625 0.09 0.006666666666666667 0.01125
0 0.5041666666666667 0.66625 0.0175 0.04
0 0.7308333333333333 0.2325 0.009166666666666667 0.01625
0 0.1325 0.33 0.013333333333333334 0.0225
0 0.9316666666666666 0.00875 0.006666666666666667 0.01125
0 0.6891666666666667 0.9275 0.0175 0.04
0 0.5975 0.2525 0.009166666666666667 0.01625
0 0.5925 0.77 0.0175 0.04
0 0.9391666666666667 0.6925 0.0175 0.04
0 0.39 0.20125 0.009166666666666667 0.01625
0 0.2658333333333333 0.16125 0.009166666666666667 0.01625
0 0.5883333333333334 0.3025 0.009166666666666667 0.01625
0 0.38416666666666666 0.1475 0.009166666666666667 0.01625
0 0.35333333333333333 0.4675 0.013333333333333334 0.0225
0 0.115 0.1825 0.009166666666666667 0.01625
0 0.4625 0.42375 0.013333333333333334 0.0225
0 0.45 0.14375 0.009166666666666667 0.01625
0 0.7758333333333334 0.01 0.006666666666666667 0.01125
0 0.8266666666666667 0.08125 0.006666666666666667 0.01125
0 0.7941666666666667 0.6425 0.0175 0.04
0 0.5825 0.895 0.0175 0.04
0 0.7575 0.1525 0.009166666666666667 0.01625
0 0.67 0.045 0.006666666666666667 0.01125
0 0.19583333333333333 0.32625 0.01 0.0175
0 0.975 0.06375 0.006666666666666667 0.01125
0 0.7125 0.20375 0.009166666666666667 0.01625
0 0.5825 0.03625 0.006666666666666667 0.01125
0 0.6908333333333333 0.1 0.006666666666666667 0.01125
0 0.6258333333333334 0.3025 0.009166666666666667 0.01625
0 0.8083333333333333 0.2875 0.009166666666666667 0.01625
0 0.4166666666666667 0.1725 0.009166666666666667 0.01625
0 0.2841666666666667 0.6275 0.0175 0.04
0 0.31 0.69375 0.0175 0.04
0 0.5775 0.055 0.006666666666666667 0.01125
0 0.8266666666666667 0.13 0.009166666666666667 0.01625
0 0.76 0.36375 0.013333333333333334 0.0225
0 0.7325 0.6925 0.0175 0.04
0 0.48583333333333334 0.04125 0.006666666666666667 0.01125
0 0.3825 0.31125 0.009166666666666667 0.01625
0 0.7491666666666666 0.09125 0.006666666666666667 0.01125
0 0.09916666666666667 0.2525 0.009166666666666667 0.01625
0 0.19916666666666666 0.16375 0.009166666666666667 0.01625
0 0.4891666666666667 0.3225 0.009166666666666667 0.01625
0 0.17416666666666666 0.07625 0.006666666666666667 0.01125
0 0.37333333333333335 0.125 0.008333333333333333 0.015
0 0.2025 0.05375 0.006666666666666667 0.01125
0 0.7858333333333334 0.22 0.009166666666666667 0.01625
0 0.04583333333333333 0.31625 0.009166666666666667 0.01625
0 0.8633333333333333 0.09625 0.006666666666666667 0.01125
0 0.4116666666666667 0.80375 0.0175 0.04
0 0.4825 0.06875 0.006666666666666667 0.01125
0 0.3383333333333333 0.005 0.006666666666666667 0.01125
0 0.8725 0.10375 0.006666666666666667 0.01125
0 0.9175 0.105 0.006666666666666667 0.01125
0 0.3283333333333333 0.015 0.006666666666666667 0.01125
0 0.34 0.6225 0.0175 0.04
