0 0.8046875 0.328125 0.01171875 0.020833333333333332
0 0.4052734375 0.578125 0.01953125 0.041666666666666664
0 0.6572265625 0.4479166666666667 0.0166015625 0.026041666666666668
0 0.8544921875 0.4357638888888889 0.0234375 0.046875
0 0.5126953125 0.3802083333333333 0.0107421875 0.022569444444444444
0 0.484375 0.3489583333333333 0.0107421875 0.022569444444444444
0 0.5703125 0.375 0.0107421875 0.022569444444444444
0 0.7314453125 0.4201388888888889 0.0234375 0.046875
0 0.619140625 0.3576388888888889 0.0166015625 0.026041666666666668
0 0.763671875 0.3159722222222222 0.01171875 0.020833333333333332
0 0.8779296875 0.4270833333333333 0.0234375 0.046875
0 0.7421875 0.4184027777777778 0.0234375 0.046875
0 0.64453125 0.5642361111111112 0.0283203125 0.05381944444444445
0 0.873046875 0.3628472222222222 0.013671875 0.027777777777777776
0 0.9140625 0.3107638888888889 0.013671875 0.027777777777777776
0 0.095703125 0.6284722222222222 0.03125 0.04513888888888889
0 0.8564453125 0.6579861111111112 0.0517578125 0.09895833333333333
0 0.3056640625 0.6180555555555556 0.0859375 0.13541666666666666
0 0.4453125 0.3524305555555556 0.0107421875 0.022569444444444444
0 0.7626953125 0.3368055555555556 0.01171875 0.020833333333333332
0 0.7119140625 0.3072916666666667 0.01171875 0.020833333333333332
0 0.47265625 0.6180555555555556 0.0341796875 0.0625
0 0.5458984375 0.3576388888888889 0.0107421875 0.022569444444444444
0 0.611328125 0.2934027777777778 0.01171875 0.020833333333333332
0 0.5458984375 0.3142361111111111 0.01171875 0.020833333333333332
0 0.4306640625 0.8090277777777778 0.060546875 0.1371527777777778
0 0.7685546875 0.359375 0.013671875 0.027777777777777776
0 0.533203125 0.3923611111111111 0.0107421875 0.022569444444444444
0 0.998046875 0.3489583333333333 0.0185546875 0.036458333333333336
0 0.4267578125 0.7204861111111112 0.060546875 0.1371527777777778
0 0.8642578125 0.2951388888888889 0.01171875 0.020833333333333332
0 0.2041015625 0.5954861111111112 0.0283203125 0.046875
0 0.466796875 0.3697916666666667 0.0107421875 0.022569444444444444
0 0.416015625 0.5243055555555556 0.01953125 0.041666666666666664
0 0.849609375 0.3559027777777778 0.013671875 0.027777777777777776
0 0.66015625 0.3003472222222222 0.01171875 0.020833333333333332
0 0.6611328125 0.3211805555555556 0.01171875 0.020833333333333332
0 0.693359375 0.7447916666666666 0.0625 0.13541666666666666
0 0.83203125 0.4010416666666667 0.013671875 0.027777777777777776
0 0.841796875 0.4288194444444444 0.0234375 0.046875
0 0.8232421875 0.3385416666666667 0.01171875 0.020833333333333332
0 0.720703125 0.3854166666666667 0.013671875 0.027777777777777776
0 0.7841796875 0.53125 0.02734375 0.057291666666666664
0 0.66796875 0.4704861111111111 0.0283203125 0.05381944444444445
0 0.6689453125 0.3402777777777778 0.01171875 0.020833333333333332
0 0.099609375 0.5798611111111112 0.03125 0.04513888888888889
0 0.5078125 0.5642361111111112 0.01953125 0.041666666666666664
0 0.791015625 0.3784722222222222 0.013671875 0.027777777777777776
0 0.7080078125 0.3628472222222222 0.01171875 0.022569444444444444
0 0.5185546875 0.3229166666666667 0.0107421875 0.022569444444444444
0 0.955078125 0.3298611111111111 0.013671875 0.027777777777777776
0 0.884765625 0.5225694444444444 0.0234375 0.046875
0 0.6552734375 0.4149305555555556 0.0166015625 0.026041666666666668
0 0.744140625 0.3177083333333333 0.01171875 0.020833333333333332
0 0.591796875 0.265625 0.01171875 0.020833333333333332
0 0.826171875 0.5399305555555556 0.02734375 0.057291666666666664
0 0.7470703125 0.4444444444444444 0.0234375 0.046875
0 0.720703125 0.3333333333333333 0.01171875 0.020833333333333332
0 0.1640625 0.6388888888888888 0.0283203125 0.04861111111111111
0 0.966796875 0.3194444444444444 0.013671875 0.027777777777777776
0 0.412109375 0.3489583333333333 0.0107421875 0.022569444444444444
0 0.9736328125 0.3506944444444444 0.013671875 0.027777777777777776
0 0.6953125 0.3055555555555556 0.01171875 0.020833333333333332
0 0.5361328125 0.515625 0.017578125 0.036458333333333336
0 0.90625 0.3802083333333333 0.013671875 0.027777777777777776
0 0.810546875 0.3958333333333333 0.013671875 0.027777777777777776
0 0.4501953125 0.5434027777777778 0.01953125 0.041666666666666664
0 0.3125 0.6753472222222222 0.0859375 0.13541666666666666
0 0.6484375 0.3350694444444444 0.01171875 0.020833333333333332
0 0.7470703125 0.2847222222222222 0.01171875 0.020833333333333332
0 0.38671875 0.5434027777777778 0.01953125 0.041666666666666664
0 0.927734375 0.6440972222222222 0.0517578125 0.09895833333333333
0 0.6474609375 0.3958333333333333 0.0166015625 0.026041666666666668
0 0.5615234375 0.3211805555555556 0.01171875 0.020833333333333332
0 0.505859375 0.3541666666666667 0.0107421875 0.022569444444444444
0 0.630859375 0.3385416666666667 0.01171875 0.020833333333333332
0 0.279296875 0.5572916666666666 0.0283203125 0.046875
0 0.935546875 0.4079861111111111 0.0234375 0.046875
0 0.779296875 0.2916666666666667 0.01171875 0.020833333333333332
0 0.73046875 0.3993055555555556 0.013671875 0.027777777777777776
0 0.6826171875 0.3246527777777778 0.01171875 0.020833333333333332
0 0.8232421875 0.3923611111111111 0.013671875 0.027777777777777776
0 0.7998046875 0.2881944444444444 0.01171875 0.020833333333333332
0 0.59765625 0.5364583333333334 0.0341796875 0.0625
0 0.6962890625 0.5364583333333334 0.0283203125 0.05381944444444445
0 0.58203125 0.4444444444444444 0.017578125 0.036458333333333336
0 0.6572265625 0.4270833333333333 0.0166015625 0.026041666666666668
0 0.77734375 0.3663194444444444 0.013671875 0.027777777777777776
0 0.4560546875 0.5069444444444444 0.01953125 0.041666666666666664
0 0.615234375 0.3246527777777778 0.01171875 0.020833333333333332
0 0.2607421875 0.6927083333333334 0.0537109375 0.09027777777777778
0 0.548828125 0.5572916666666666 0.0341796875 0.0625
0 0.5478515625 0.6163194444444444 0.0341796875 0.0625
0 0.9189453125 0.3819444444444444 0.013671875 0.027777777777777776
0 0.177734375 0.7065972222222222 0.056640625 0.09027777777777778
0 0.6376953125 0.3541666666666667 0.0166015625 0.026041666666666668
0 0.990234375 0.5954861111111112 0.0302734375 0.059027777777777776
0 0.822265625 0.2934027777777778 0.01171875 0.020833333333333332
0 0.978515625 0.4253472222222222 0.0234375 0.046875
0 0.654296875 0.3802083333333333 0.0166015625 0.026041666666666668
0 0.6220703125 0.2916666666666667 0.01171875 0.020833333333333332
0 0.57421875 0.3211805555555556 0.01171875 0.020833333333333332
0 0.888671875 0.3732638888888889 0.013671875 0.027777777777777776
0 0.5888671875 0.4253472222222222 0.017578125 0.036458333333333336
0 0.4931640625 0.3767361111111111 0.0107421875 0.022569444444444444
0 0.3369140625 0.5729166666666666 0.0283203125 0.046875
0 0.5869140625 0.3802083333333333 0.0107421875 0.022569444444444444
0 0.6357421875 0.3819444444444444 0.0166015625 0.026041666666666668
0 0.634765625 0.2899305555555556 0.01171875 0.020833333333333332
0 0.7861328125 0.3194444444444444 0.01171875 0.020833333333333332
0 0.6328125 0.3194444444444444 0.01171875 0.020833333333333332
0 0.9404296875 0.3090277777777778 0.013671875 0.027777777777777776
0 0.759765625 0.4288194444444444 0.0234375 0.046875
0 0.5888671875 0.3194444444444444 0.01171875 0.020833333333333332
0 0.51171875 0.4583333333333333 0.017578125 0.036458333333333336
0 0.955078125 0.5798611111111112 0.0517578125 0.09895833333333333
0 0.888671875 0.4652777777777778 0.0234375 0.046875
0 0.6953125 0.3298611111111111 0.01171875 0.020833333333333332
0 0.95703125 0.4166666666666667 0.0234375 0.046875
0 0.3876953125 0.6458333333333334 0.0341796875 0.0625
0 0.8369140625 0.3472222222222222 0.013671875 0.027777777777777776
0 0.7841796875 0.59375 0.037109375 0.07465277777777778
0 0.5712890625 0.4826388888888889 0.017578125 0.036458333333333336
0 0.6787109375 0.3003472222222222 0.01171875 0.020833333333333332
0 0.5224609375 0.3611111111111111 0.0107421875 0.022569444444444444
0 0.5771484375 0.2934027777777778 0.01171875 0.020833333333333332
0 0.7294921875 0.3055555555555556 0.01171875 0.020833333333333332
0 0.8818359375 0.2760416666666667 0.013671875 0.027777777777777776
0 0.767578125 0.4513888888888889 0.0234375 0.046875
0 0.994140625 0.4461805555555556 0.0234375 0.046875
