0 0.4619140625 0.6055718475073314 0.015625 0.02346041055718475
0 0.3603515625 0.8607038123167156 0.015625 0.02346041055718475
0 0.158203125 0.5806451612903226 0.015625 0.02346041055718475
0 0.880859375 0.6598240469208211 0.015625 0.02346041055718475
0 0.931640625 0.8841642228739003 0.015625 0.02346041055718475
0 0.0361328125 0.005865102639296188 0.009765625 0.01466275659824047
0 0.44921875 0.6436950146627566 0.015625 0.02346041055718475
0 0.392578125 0.5043988269794721 0.01171875 0.017595307917888565
0 0.7294921875 0.6011730205278593 0.015625 0.02346041055718475
0 0.4404296875 0.3416422287390029 0.01171875 0.017595307917888565
0 0.26953125 0.32404692082111436 0.01171875 0.017595307917888565
0 0.4345703125 0.10263929618768329 0.0087890625 0.011730205278592375
0 0.2314453125 0.42668621700879766 0.01171875 0.017595307917888565
0 0.1162109375 0.4633431085043988 0.01171875 0.017595307917888565
0 0.0869140625 0.15395894428152493 0.0087890625 0.011730205278592375
0 0.8984375 0.6876832844574781 0.015625 0.02346041055718475
0 0.876953125 0.1436950146627566 0.0087890625 0.011730205278592375
0 0.783203125 0.013196480938416423 0.0087890625 0.011730205278592375
0 0.3349609375 0.5674486803519062 0.015625 0.02346041055718475
0 0.720703125 0.3592375366568915 0.01171875 0.017595307917888565
0 0.841796875 0.6979472140762464 0.015625 0.02346041055718475
0 0.173828125 0.218475073313783 0.01171875 0.017595307917888565
0 0.091796875 0.3020527859237537 0.01171875 0.017595307917888565
0 0.3837890625 0.30791788856304986 0.01171875 0.017595307917888565
0 0.662109375 0.2375366568914956 0.01171875 0.017595307917888565
0 0.3056640625 0.2287390029325513 0.01171875 0.017595307917888565
0 0.115234375 0.21994134897360704 0.01171875 0.017595307917888565
0 0.4130859375 0.9721407624633431 0.015625 0.02346041055718475
0 0.833984375 0.4868035190615836 0.01171875 0.017595307917888565
0 0.7568359375 0.14076246334310852 0.0087890625 0.011730205278592375
0 0.33984375 0.29472140762463345 0.01171875 0.017595307917888565
0 0.271484375 0.5718475073313783 0.015625 0.02346041055718475
0 0.4345703125 0.8357771260997068 0.015625 0.02346041055718475
0 0.9033203125 0.39589442815249265 0.01171875 0.017595307917888565
0 0.529296875 0.08651026392961877 0.0087890625 0.011730205278592375
0 0.1923828125 0.656891495601173 0.015625 0.02346041055718475
0 0.158203125 0.20234604105571846 0.01171875 0.017595307917888565
0 0.77734375 0.5689149560117303 0.015625 0.02346041055718475
0 0.96484375 0.4442815249266862 0.01171875 0.017595307917888565
0 0.912109375 0.7756598240469208 0.015625 0.02346041055718475
0 0.7412109375 0.093841642228739 0.0087890625 0.011730205278592375
0 0.943359375 0.2595307917888563 0.01171875 0.017595307917888565
0 0.4921875 0.7653958944281525 0.015625 0.02346041055718475
0 0.75390625 0.36656891495601174 0.01171875 0.017595307917888565
0 0.033203125 0.32991202346041054 0.01171875 0.017595307917888565
0 0.578125 0.6935483870967742 0.015625 0.02346041055718475
0 0.212890625 0.9501466275659824 0.015625 0.02346041055718475
0 0.689453125 0.7785923753665689 0.015625 0.02346041055718475
0 0.6787109375 0.6026392961876833 0.015625 0.02346041055718475
0 0.0244140625 0.8914956011730205 0.015625 0.02346041055718475
0 0.5341796875 0.2434017595307918 0.01171875 0.017595307917888565
0 0.357421875 0.08651026392961877 0.0087890625 0.011730205278592375
0 0.478515625 0.08211143695014662 0.0087890625 0.011730205278592375
0 0.6083984375 0.4413489736070381 0.01171875 0.017595307917888565
0 0.6318359375 0.16715542521994134 0.01171875 0.017595307917888565
0 0.72265625 0.9222873900293255 0.015625 0.02346041055718475
0 0.6015625 0.30791788856304986 0.01171875 0.017595307917888565
0 0.7333984375 0.13636363636363635 0.0087890625 0.011730205278592375
0 0.0283203125 0.10703812316715543 0.009765625 0.01466275659824047
0 0.53125 0.4809384164222874 0.01171875 0.017595307917888565
0 0.7861328125 0.4897360703812317 0.01171875 0.017595307917888565
0 0.3154296875 0.8137829912023461 0.015625 0.02346041055718475
0 0.1875 0.15395894428152493 0.0087890625 0.011730205278592375
0 0.400390625 0.8651026392961877 0.015625 0.02346041055718475
0 0.302734375 0.026392961876832845 0.0087890625 0.011730205278592375
0 0.3955078125 0.10850439882697947 0.0087890625 0.011730205278592375
0 0.2529296875 0.9868035190615836 0.015625 0.02346041055718475
0 0.5556640625 0.4809384164222874 0.01171875 0.017595307917888565
0 0.9453125 0.6143695014662757 0.015625 0.02346041055718475
0 0.34375 0.24926686217008798 0.01171875 0.017595307917888565
0 0.78125 0.9134897360703812 0.015625 0.02346041055718475
0 0.74609375 0.47653958944281527 0.01171875 0.017595307917888565
0 0.1171875 0.655425219941349 0.015625 0.02346041055718475
0 0.0576171875 0.002932551319648094 0.0087890625 0.013196480938416423
0 0.0458984375 0.3680351906158358 0.01171875 0.017595307917888565
0 0.1533203125 0.9208211143695014 0.015625 0.02346041055718475
0 0.2021484375 0.4574780058651026 0.01171875 0.017595307917888565
0 0.1572265625 0.36070381231671556 0.01171875 0.017595307917888565
0 0.1572265625 0.6891495601173021 0.015625 0.02346041055718475
0 0.6044921875 0.10557184750733138 0.0087890625 0.011730205278592375
0 0.3095703125 0.7771260997067448 0.015625 0.02346041055718475
0 0.9111328125 0.11730205278592376 0.0087890625 0.011730205278592375
0 0.8740234375 0.6876832844574781 0.015625 0.02346041055718475
0 0.4228515625 0.2873900293255132 0.01171875 0.017595307917888565
0 0.1064453125 0.717008797653959 0.015625 0.02346041055718475
0 0.6298828125 0.7067448680351907 0.015625 0.02346041055718475
0 0.8798828125 0.02785923753665689 0.0087890625 0.011730205278592375
0 0.9560546875 0.03812316715542522 0.0087890625 0.011730205278592375
0 0.3505859375 0.8900293255131965 0.015625 0.02346041055718475
0 0.328125 0.4222873900293255 0.01171875 0.017595307917888565
0 0.0869140625 0.5850439882697948 0.015625 0.02346041055718475
0 0.4580078125 0.6627565982404692 0.015625 0.02346041055718475
0 0.755859375 0.9120234604105572 0.015625 0.02346041055718475
0 0.44921875 0.41642228739002934 0.01171875 0.017595307917888565
0 0.134765625 0.46920821114369504 0.01171875 0.017595307917888565
0 0.162109375 0.3152492668621701 0.01171875 0.017595307917888565
0 0.470703125 0.8519061583577713 0.015625 0.02346041055718475
0 0.1982421875 0.436950146627566 0.01171875 0.017595307917888565
0 0.2861328125 0.43255131964809385 0.01171875 0.017595307917888565
0 0.0673828125 0.3621700879765396 0.01171875 0.017595307917888565
0 0.138671875 0.2903225806451613 0.01171875 0.017595307917888565
0 0.025390625 0.6994134897360704 0.015625 0.02346041055718475
0 0.77734375 0.2697947214076246 0.01171875 0.017595307917888565
0 0.7587890625 0.27419354838709675 0.01171875 0.017595307917888565
0 0.958984375 0.08651026392961877 0.0087890625 0.011730205278592375
0 0.0166015625 0.9868035190615836 0.015625 0.02346041055718475
0 0.17578125 0.4560117302052786 0.01171875 0.017595307917888565
0 0.140625 0.6334310850439883 0.015625 0.02346041055718475
0 0.6708984375 0.32404692082111436 0.01171875 0.017595307917888565
0 0.2568359375 0.4281524926686217 0.01171875 0.017595307917888565
0 0.3837890625 0.4149560117302053 0.01171875 0.017595307917888565
0 0.9375 0.7316715542521994 0.015625 0.02346041055718475
0 0.103515625 0.2287390029325513 0.01171875 0.017595307917888565
0 0.6904296875 0.054252199413489736 0.0087890625 0.011730205278592375
0 0.875 0.3870967741935484 0.01171875 0.017595307917888565
0 0.5283203125 0.4398826979472141 0.01171875 0.017595307917888565
0 0.5556640625 0.9413489736070382 0.015625 0.02346041055718475
0 0.177734375 0.3973607038123167 0.01171875 0.017595307917888565
0 0.5859375 0.9252199413489736 0.015625 0.02346041055718475
0 0.4453125 0.4970674486803519 0.01171875 0.017595307917888565
0 0.0947265625 0.6671554252199413 0.015625 0.02346041055718475
0 0.2216796875 0.6085043988269795 0.015625 0.02346041055718475
0 0.9423828125 0.8064516129032258 0.015625 0.02346041055718475
0 0.6923828125 0.4633431085043988 0.01171875 0.017595307917888565
0 0.736328125 0.054252199413489736 0.0087890625 0.011730205278592375
0 0.1591796875 0.5469208211143695 0.01171875 0.017595307917888565
0 0.3349609375 0.46187683284457476 0.01171875 0.017595307917888565
0 0.1552734375 0.5219941348973607 0.01171875 0.017595307917888565
0 0.91015625 0.2991202346041056 0.01171875 0.017595307917888565
0 0.630859375 0.34017595307917886 0.01171875 0.017595307917888565
0 0.88671875 0.6231671554252199 0.015625 0.02346041055718475
0 0.0625 0.6129032258064516 0.015625 0.02346041055718475
0 0.763671875 0.030791788856304986 0.0087890625 0.011730205278592375
0 0.0712890625 0.016129032258064516 0.0087890625 0.013196480938416423
0 0.0283203125 0.16715542521994134 0.0107421875 0.016129032258064516
0 0.1015625 0.010263929618768328 0.0087890625 0.011730205278592375
0 0.083984375 0.42668621700879766 0.01171875 0.017595307917888565
0 0.748046875 0.2565982404692082 0.01171875 0.017595307917888565
0 0.080078125 0.750733137829912 0.015625 0.02346041055718475
0 0.9423828125 0.5674486803519062 0.015625 0.02346041055718475
0 0.81640625 0.26392961876832843 0.01171875 0.017595307917888565
0 0.58984375 0.017595307917888565 0.0087890625 0.011730205278592375
0 0.9052734375 0.2624633431085044 0.01171875 0.017595307917888565
0 0.0947265625 0.28005865102639294 0.01171875 0.017595307917888565
0 0.177734375 0.11730205278592376 0.0087890625 0.011730205278592375
0 0.2646484375 0.4281524926686217 0.01171875 0.017595307917888565
0 0.7587890625 0.6671554252199413 0.015625 0.02346041055718475
0 0.056640625 0.09824046920821114 0.009765625 0.01466275659824047
0 0.2451171875 0.39002932551319647 0.01171875 0.017595307917888565
0 0.2431640625 0.2375366568914956 0.01171875 0.017595307917888565
0 0.3916015625 0.8035190615835777 0.015625 0.02346041055718475
0 0.47265625 0.16862170087976538 0.01171875 0.017595307917888565
0 0.7373046875 0.7800586510263929 0.015625 0.02346041055718475
0 0.298828125 0.3782991202346041 0.01171875 0.017595307917888565
0 0.0419921875 0.5718475073313783 0.015625 0.02346041055718475
0 0.841796875 0.45161290322580644 0.01171875 0.017595307917888565
0 0.134765625 0.312316715542522 0.01171875 0.017595307917888565
0 0.458984375 0.0718475073313783 0.0087890625 0.011730205278592375
0 0.6474609375 0.04838709677419355 0.0087890625 0.011730205278592375
0 0.1083984375 0.844574780058651 0.015625 0.02346041055718475
0 0.349609375 0.13196480938416422 0.0087890625 0.011730205278592375
0 0.2158203125 0.26099706744868034 0.01171875 0.017595307917888565
0 0.0400390625 0.1436950146627566 0.0107421875 0.016129032258064516
0 0.001953125 0.4310850439882698 0.01171875 0.017595307917888565
0 0.9765625 0.10263929618768329 0.0087890625 0.011730205278592375
0 0.4853515625 0.47947214076246336 0.01171875 0.017595307917888565
0 0.037109375 0.45454545454545453 0.0126953125 0.01906158357771261
0 0.8671875 0.875366568914956 0.015625 0.02346041055718475
0 0.9033203125 0.054252199413489736 0.0087890625 0.011730205278592375
0 0.369140625 0.2404692082111437 0.01171875 0.017595307917888565
0 0.173828125 0.26832844574780057 0.01171875 0.017595307917888565
0 0.33203125 0.6290322580645161 0.015625 0.02346041055718475
0 0.6513671875 0.9222873900293255 0.015625 0.02346041055718475
0 0.5732421875 0.5293255131964809 0.01171875 0.017595307917888565
0 0.7177734375 0.5190615835777126 0.01171875 0.017595307917888565
0 0.5615234375 0.07624633431085044 0.0087890625 0.011730205278592375
0 0.9716796875 0.250733137829912 0.01171875 0.017595307917888565
0 0.0361328125 0.07624633431085044 0.0087890625 0.013196480938416423
0 0.275390625 0.011730205278592375 0.0087890625 0.011730205278592375
0 0.8544921875 0.15395894428152493 0.0087890625 0.011730205278592375
0 0.78125 0.5425219941348973 0.01171875 0.017595307917888565
0 0.625 0.2961876832844575 0.01171875 0.017595307917888565
0 0.2353515625 0.005865102639296188 0.0087890625 0.011730205278592375
0 0.2587890625 0.10850439882697947 0.0087890625 0.011730205278592375
0 0.544921875 0.530791788856305 0.01171875 0.017595307917888565
0 0.9501953125 0.39882697947214074 0.01171875 0.017595307917888565
0 0.3154296875 0.093841642228739 0.0087890625 0.011730205278592375
0 0.9111328125 0.5557184750733137 0.015625 0.02346041055718475
0 0.3115234375 0.31671554252199413 0.01171875 0.017595307917888565
0 0.611328125 0.5953079178885631 0.015625 0.02346041055718475
0 0.8037109375 0.16422287390029325 0.01171875 0.017595307917888565
0 0.65234375 0.3782991202346041 0.01171875 0.017595307917888565
0 0.2236328125 0.5395894428152492 0.01171875 0.017595307917888565
0 0.6240234375 0.6173020527859238 0.015625 0.02346041055718475
0 0.068359375 0.6627565982404692 0.015625 0.02346041055718475
0 0.3505859375 0.8328445747800587 0.015625 0.02346041055718475
0 0.2314453125 0.7580645161290323 0.015625 0.02346041055718475
0 0.333984375 0.34750733137829914 0.01171875 0.017595307917888565
0 0.21484375 0.33284457478005863 0.01171875 0.017595307917888565
0 0.951171875 0.8401759530791789 0.015625 0.02346041055718475
0 0.9208984375 0.6422287390029325 0.015625 0.02346041055718475
0 0.3994140625 0.30058651026392963 0.01171875 0.017595307917888565
0 0.1083984375 0.7521994134897361 0.015625 0.02346041055718475
0 0.697265625 0.15249266862170088 0.0087890625 0.011730205278592375
0 0.2841796875 0.7243401759530792 0.015625 0.02346041055718475
0 0.28125 0.8695014662756598 0.015625 0.02346041055718475
0 0.2919921875 0.010263929618768328 0.0087890625 0.011730205278592375
0 0.080078125 0.6202346041055719 0.015625 0.02346041055718475
0 0.9638671875 0.312316715542522 0.01171875 0.017595307917888565
0 0.873046875 0.11290322580645161 0.0087890625 0.011730205278592375
0 0.5166015625 0.3093841642228739 0.01171875 0.017595307917888565
0 0.3203125 0.6847507331378299 0.015625 0.02346041055718475
0 0.8095703125 0.5410557184750733 0.01171875 0.017595307917888565
0 0.92578125 0.6026392961876833 0.015625 0.02346041055718475
0 0.2197265625 0.6700879765395894 0.015625 0.02346041055718475
0 0.5400390625 0.3035190615835777 0.01171875 0.017595307917888565
0 0.068359375 0.3357771260997067 0.01171875 0.017595307917888565
0 0.7392578125 0.3093841642228739 0.01171875 0.017595307917888565
0 0.494140625 0.5131964809384164 0.01171875 0.017595307917888565
0 0.5263671875 0.23020527859237536 0.01171875 0.017595307917888565
0 0.0126953125 0.43255131964809385 0.01171875 0.017595307917888565
0 0.380859375 0.28152492668621704 0.01171875 0.017595307917888565
0 0.2861328125 0.22727272727272727 0.01171875 0.017595307917888565
0 0.4921875 0.24633431085043989 0.01171875 0.017595307917888565
0 0.208984375 0.6627565982404692 0.015625 0.02346041055718475
0 0.201171875 0.5205278592375366 0.01171875 0.017595307917888565
0 0.8359375 0.6686217008797654 0.015625 0.02346041055718475
0 0.3310546875 0.13929618768328444 0.0087890625 0.011730205278592375
0 0.5693359375 0.8123167155425219 0.015625 0.02346041055718475
0 0.955078125 0.6539589442815249 0.015625 0.02346041055718475
0 0.552734375 0.06158357771260997 0.0087890625 0.011730205278592375
0 0.9853515625 0.6627565982404692 0.015625 0.02346041055718475
0 0.6357421875 0.054252199413489736 0.0087890625 0.011730205278592375
0 0.2802734375 0.14516129032258066 0.0087890625 0.011730205278592375
0 0.591796875 0.11436950146627566 0.0087890625 0.011730205278592375
0 0.9736328125 0.0689149560117302 0.0087890625 0.011730205278592375
0 0.6064453125 0.18328445747800587 0.01171875 0.017595307917888565
0 0.513671875 0.8372434017595308 0.015625 0.02346041055718475
0 0.6591796875 0.8225806451612904 0.015625 0.02346041055718475
0 0.1318359375 0.966275659824047 0.015625 0.02346041055718475
0 0.8583984375 0.06451612903225806 0.0087890625 0.011730205278592375
0 0.1416015625 0.10263929618768329 0.0087890625 0.011730205278592375
0 0.0791015625 0.23460410557184752 0.01171875 0.017595307917888565
0 0.064453125 0.9706744868035191 0.015625 0.02346041055718475
0 0.3896484375 0.7639296187683284 0.015625 0.02346041055718475
0 0.359375 0.4208211143695015 0.01171875 0.017595307917888565
0 0.2314453125 0.7844574780058651 0.015625 0.02346041055718475
0 0.0966796875 0.4398826979472141 0.01171875 0.017595307917888565
0 0.5380859375 0.6348973607038123 0.015625 0.02346041055718475
0 0.474609375 0.13929618768328444 0.0087890625 0.011730205278592375
0 0.677734375 0.3812316715542522 0.01171875 0.017595307917888565
0 0.41796875 0.5777126099706745 0.015625 0.02346041055718475
0 0.9677734375 0.4736070381231672 0.01171875 0.017595307917888565
0 0.814453125 0.1378299120234604 0.0087890625 0.011730205278592375
0 0.751953125 0.060117302052785926 0.0087890625 0.011730205278592375
0 0.859375 0.7756598240469208 0.015625 0.02346041055718475
0 0.5380859375 0.8343108504398827 0.015625 0.02346041055718475
0 0.22265625 0.6319648093841642 0.015625 0.02346041055718475
0 0.9677734375 0.3093841642228739 0.01171875 0.017595307917888565
0 0.0146484375 0.5733137829912024 0.015625 0.02346041055718475
0 0.80078125 0.5161290322580645 0.01171875 0.017595307917888565
0 0.1455078125 0.4252199413489736 0.01171875 0.017595307917888565
0 0.1484375 0.7595307917888563 0.015625 0.02346041055718475
0 0.8720703125 0.19941348973607037 0.01171875 0.017595307917888565
0 0.3046875 0.7390029325513197 0.015625 0.02346041055718475
0 0.28125 0.8064516129032258 0.015625 0.02346041055718475
0 0.2314453125 0.20821114369501467 0.01171875 0.017595307917888565
0 0.0244140625 0.007331378299120235 0.009765625 0.01466275659824047
0 0.1552734375 0.2565982404692082 0.01171875 0.017595307917888565
0 0.015625 0.6495601173020528 0.015625 0.02346041055718475
0 0.1806640625 0.8035190615835777 0.015625 0.02346041055718475
0 0.2431640625 0.14222873900293256 0.0087890625 0.011730205278592375
0 0.134765625 0.21407624633431085 0.01171875 0.017595307917888565
0 0.6328125 0.7243401759530792 0.015625 0.02346041055718475
0 0.576171875 0.24193548387096775 0.01171875 0.017595307917888565
0 0.1875 0.9442815249266863 0.015625 0.02346041055718475
0 0.5517578125 0.6480938416422287 0.015625 0.02346041055718475
0 0.697265625 0.10703812316715543 0.0087890625 0.011730205278592375
0 0.9873046875 0.40615835777126097 0.01171875 0.017595307917888565
0 0.7734375 0.16129032258064516 0.01171875 0.017595307917888565
0 0.7802734375 0.6231671554252199 0.015625 0.02346041055718475
0 0.09375 0.33724340175953077 0.01171875 0.017595307917888565
0 0.3984375 0.016129032258064516 0.0087890625 0.011730205278592375
0 0.041015625 0.2873900293255132 0.01171875 0.017595307917888565
0 0.6650390625 0.3592375366568915 0.01171875 0.017595307917888565
0 0.173828125 0.3093841642228739 0.01171875 0.017595307917888565
0 0.87109375 0.060117302052785926 0.0087890625 0.011730205278592375
0 0.251953125 0.013196480938416423 0.0087890625 0.011730205278592375
0 0.638671875 0.23020527859237536 0.01171875 0.017595307917888565
0 0.9658203125 0.5703812316715543 0.015625 0.02346041055718475
0 0.384765625 0.9868035190615836 0.015625 0.02346041055718475
0 0.486328125 0.5703812316715543 0.015625 0.02346041055718475
0 0.9443359375 0.35043988269794724 0.01171875 0.017595307917888565
0 0.314453125 0.46774193548387094 0.01171875 0.017595307917888565
0 0.6845703125 0.10263929618768329 0.0087890625 0.011730205278592375
0 0.1376953125 0.27126099706744866 0.01171875 0.017595307917888565
0 0.232421875 0.8225806451612904 0.015625 0.02346041055718475
0 0.7822265625 0.08797653958944282 0.0087890625 0.011730205278592375
0 0.8017578125 0.22140762463343108 0.01171875 0.017595307917888565
0 0.044921875 0.6275659824046921 0.015625 0.02346041055718475
0 0.021484375 0.530791788856305 0.015625 0.02346041055718475
0 0.978515625 0.14516129032258066 0.0087890625 0.011730205278592375
0 0.1083984375 0.5703812316715543 0.015625 0.02346041055718475
0 0.8076171875 0.2434017595307918 0.01171875 0.017595307917888565
0 0.330078125 0.017595307917888565 0.0087890625 0.011730205278592375
0 0.4248046875 0.9501466275659824 0.015625 0.02346041055718475
0 0.1123046875 0.7756598240469208 0.015625 0.02346041055718475
0 0.0361328125 0.8826979472140762 0.015625 0.02346041055718475
0 0.28515625 0.2903225806451613 0.01171875 0.017595307917888565
0 0.88671875 0.8680351906158358 0.015625 0.02346041055718475
0 0.5576171875 0.8826979472140762 0.015625 0.02346041055718475
0 0.982421875 0.01906158357771261 0.0087890625 0.011730205278592375
0 0.041015625 0.43548387096774194 0.01171875 0.017595307917888565
0 0.9775390625 0.8167155425219942 0.015625 0.02346041055718475
0 0.2822265625 0.34017595307917886 0.01171875 0.017595307917888565
0 0.4794921875 0.7404692082111437 0.015625 0.02346041055718475
0 0.0107421875 0.7668621700879765 0.015625 0.02346041055718475
0 0.44140625 0.004398826979472141 0.0087890625 0.011730205278592375
0 0.4375 0.07331378299120235 0.0087890625 0.011730205278592375
0 0.7939453125 0.3093841642228739 0.01171875 0.017595307917888565
0 0.298828125 0.10117302052785923 0.0087890625 0.011730205278592375
0 0.466796875 0.051319648093841645 0.0087890625 0.011730205278592375
0 0.349609375 0.3914956011730205 0.01171875 0.017595307917888565
0 0.05859375 0.7609970674486803 0.015625 0.02346041055718475
0 0.984375 0.7243401759530792 0.015625 0.02346041055718475
0 0.86328125 0.6114369501466276 0.015625 0.02346041055718475
0 0.603515625 0.9046920821114369 0.015625 0.02346041055718475
0 0.6728515625 0.051319648093841645 0.0087890625 0.011730205278592375
0 0.982421875 0.8988269794721407 0.015625 0.02346041055718475
0 0.0556640625 0.18035190615835778 0.01171875 0.017595307917888565
0 0.70703125 0.40175953079178883 0.01171875 0.017595307917888565
0 0.34375 0.7375366568914956 0.015625 0.02346041055718475
