0 0.044375 0.8583333333333333 0.00625 0.014166666666666666
0 0.678125 0.775 0.006875 0.01
0 0.745 0.885 0.030625 0.043333333333333335
0 0.388125 0.7841666666666667 0.005625 0.009166666666666667
0 0.685625 0.7716666666666666 0.006875 0.01
0 0.661875 0.7725 0.006875 0.01
0 0.5975 0.7775 0.005625 0.009166666666666667
0 0.728125 0.78 0.006875 0.01
0 0.77125 0.7683333333333333 0.006875 0.01
0 0.6725 0.765 0.006875 0.01
0 0.683125 0.8266666666666667 0.016875 0.02
0 0.825 0.77 0.006875 0.01
0 0.5675 0.78 0.005625 0.009166666666666667
0 0.56375 0.7925 0.005625 0.009166666666666667
0 0.5625 0.775 0.005625 0.009166666666666667
0 0.526875 0.7733333333333333 0.005625 0.009166666666666667
0 0.63375 0.7666666666666667 0.006875 0.01
0 0.850625 0.78 0.006875 0.01
0 0.586875 0.7841666666666667 0.005625 0.009166666666666667
0 0.839375 0.8416666666666667 0.030625 0.043333333333333335
0 0.358125 0.7758333333333334 0.005625 0.009166666666666667
0 0.141875 0.8141666666666667 0.0075 0.013333333333333334
0 0.451875 0.7916666666666666 0.005625 0.009166666666666667
0 0.755625 0.7825 0.006875 0.01
0 0.985 0.7783333333333333 0.006875 0.01
0 0.925625 0.76 0.006875 0.01
0 0.011875 0.81 0.02375 0.07166666666666667
0 0.87625 0.7741666666666667 0.006875 0.01
0 0.470625 0.7691666666666667 0.005625 0.009166666666666667
0 0.43375 0.7725 0.005625 0.009166666666666667
0 0.6025 0.7766666666666666 0.005625 0.009166666666666667
0 0.09125 0.825 0.01625 0.028333333333333332
0 0.9425 0.75 0.006875 0.01
0 0.590625 0.7675 0.005625 0.009166666666666667
0 0.776875 0.91 0.030625 0.043333333333333335
0 0.651875 0.7841666666666667 0.006875 0.01
0 0.903125 0.7575 0.006875 0.01
0 0.851875 0.7675 0.006875 0.01
0 0.70125 0.7658333333333334 0.006875 0.01
0 0.5175 0.7708333333333334 0.005625 0.009166666666666667
0 0.43375 0.8975 0.030625 0.043333333333333335
0 0.505 0.775 0.005625 0.009166666666666667
0 0.805625 0.7483333333333333 0.006875 0.01
0 0.77125 0.79 0.016875 0.02
0 0.15 0.7991666666666667 0.0075 0.013333333333333334
0 0.36875 0.7883333333333333 0.005625 0.009166666666666667
0 0.8425 0.7733333333333333 0.006875 0.01
0 0.89625 0.7575 0.006875 0.01
0 0.5725 0.9066666666666666 0.030625 0.043333333333333335
0 0.611875 0.7683333333333333 0.005625 0.009166666666666667
0 0.5475 0.7933333333333333 0.005625 0.009166666666666667
0 0.590625 0.7941666666666667 0.005625 0.009166666666666667
0 0.994375 0.7625 0.006875 0.01
0 0.774375 0.82 0.016875 0.02
0 0.668125 0.77 0.006875 0.01
0 0.866875 0.7758333333333334 0.006875 0.01
0 0.53875 0.7866666666666666 0.005625 0.009166666666666667
0 0.55125 0.7891666666666667 0.005625 0.009166666666666667
0 0.97625 0.7616666666666667 0.006875 0.01
0 0.235 0.7941666666666667 0.00875 0.018333333333333333
0 0.92625 0.7958333333333333 0.016875 0.02
0 0.395625 0.7766666666666666 0.005625 0.009166666666666667
0 0.88625 0.7841666666666667 0.006875 0.01
0 0.724375 0.7708333333333334 0.006875 0.01
0 0.704375 0.7741666666666667 0.006875 0.01
0 0.885 0.7633333333333333 0.006875 0.01
0 0.5675 0.765 0.005625 0.009166666666666667
0 0.5175 0.7766666666666666 0.005625 0.009166666666666667
0 0.4575 0.8625 0.030625 0.043333333333333335
0 0.42375 0.7741666666666667 0.005625 0.009166666666666667
0 0.94625 0.7408333333333333 0.006875 0.01
0 0.715625 0.7675 0.006875 0.01
0 0.9075 0.7783333333333333 0.006875 0.01
0 0.745 0.7825 0.006875 0.01
0 0.829375 0.76 0.006875 0.01
0 0.54875 0.7741666666666667 0.005625 0.009166666666666667
0 0.403125 0.7758333333333334 0.005625 0.009166666666666667
0 0.7 0.7758333333333334 0.006875 0.01
0 0.845 0.7633333333333333 0.006875 0.01
0 0.740625 0.775 0.006875 0.01
0 0.925625 0.7675 0.006875 0.01
0 0.89 0.74 0.006875 0.01
0 0.62125 0.7816666666666666 0.006875 0.01
0 0.176875 0.7983333333333333 0.0075 0.013333333333333334
0 0.690625 0.7791666666666667 0.006875 0.01
0 0.594375 0.77 0.005625 0.009166666666666667
0 0.88 0.7575 0.006875 0.01
0 0.586875 0.77 0.005625 0.009166666666666667
0 0.81125 0.7725 0.006875 0.01
0 0.4825 0.76 0.005625 0.009166666666666667
0 0.51125 0.7516666666666667 0.005625 0.009166666666666667
0 0.504375 0.7816666666666666 0.005625 0.009166666666666667
0 0.936875 0.7658333333333334 0.006875 0.01
0 0.934375 0.7483333333333333 0.006875 0.01
0 0.5425 0.7741666666666667 0.005625 0.009166666666666667
0 0.978125 0.765 0.006875 0.01
0 0.225625 0.8066666666666666 0.00875 0.018333333333333333
0 0.78875 0.7766666666666666 0.006875 0.01
0 0.489375 0.7741666666666667 0.005625 0.009166666666666667
0 0.81875 0.7691666666666667 0.006875 0.01
0 0.798125 0.7633333333333333 0.006875 0.01
0 0.965625 0.7633333333333333 0.006875 0.01
0 0.64875 0.7691666666666667 0.006875 0.01
0 0.83875 0.755 0.006875 0.01
0 0.741875 0.7625 0.006875 0.01
0 0.91625 0.77 0.006875 0.01
0 0.63 0.7808333333333334 0.006875 0.01
0 0.730625 0.7725 0.006875 0.01
0 0.413125 0.7741666666666667 0.005625 0.009166666666666667
0 0.6725 0.7783333333333333 0.006875 0.01
0 0.86375 0.7666666666666667 0.006875 0.01
0 0.4575 0.7725 0.005625 0.009166666666666667
0 0.939375 0.7416666666666667 0.006875 0.01
0 0.498125 0.75 0.005625 0.009166666666666667
0 0.764375 0.78 0.006875 0.01
