0 0.21833333333333332 0.4225 0.015 0.0325
0 0.22833333333333333 0.3825 0.015 0.0325
0 0.565 0.1975 0.011666666666666667 0.02
0 0.12833333333333333 0.3375 0.015 0.03
0 0.23166666666666666 0.17 0.015 0.0275
0 0.8266666666666667 0.345 0.015 0.03
0 0.93 0.77 0.03333333333333333 0.06
0 0.16333333333333333 0.59 0.02666666666666667 0.0425
0 0.36333333333333334 0.5475 0.02666666666666667 0.0425
0 0.045 0.5875 0.02666666666666667 0.0425
0 0.2916666666666667 0.2825 0.015 0.03
0 0.6466666666666666 0.2725 0.08 0.1375
0 0.9033333333333333 0.5875 0.023333333333333334 0.045
0 0.3933333333333333 0.205 0.015 0.0275
0 0.02666666666666667 0.24 0.015 0.03
0 0.54 0.7575 0.028333333333333332 0.0525
0 0.3516666666666667 0.8525 0.041666666666666664 0.07
0 0.17833333333333334 0.3775 0.015 0.0325
0 0.30666666666666664 0.6125 0.028333333333333332 0.0525
0 0.18666666666666668 0.4075 0.015 0.0325
0 0.22 0.99 0.041666666666666664 0.07
0 0.29333333333333333 0.4925 0.015 0.0325
0 0.95 0.29 0.015 0.03
0 0.11833333333333333 0.7675 0.03 0.0725
0 0.13666666666666666 0.265 0.015 0.03
0 0.15666666666666668 0.285 0.015 0.03
0 0.13833333333333334 0.3725 0.015 0.03
0 0.31333333333333335 0.6975 0.028333333333333332 0.0525
0 0.18 0.6825 0.028333333333333332 0.0525
0 0.7766666666666666 0.2025 0.011666666666666667 0.02
0 0.38333333333333336 0.655 0.028333333333333332 0.0525
0 0.9833333333333333 0.3875 0.016666666666666666 0.0325
0 0.9433333333333334 0.4175 0.015 0.03
0 0.445 0.6325 0.028333333333333332 0.0525
0 0.43 0.1825 0.015 0.0275
0 0.475 0.51 0.02666666666666667 0.0425
0 0.12666666666666668 0.405 0.015 0.0325
0 0.4866666666666667 0.81 0.041666666666666664 0.07
0 0.04833333333333333 0.875 0.041666666666666664 0.07
0 0.06166666666666667 0.3 0.015 0.03
0 0.25166666666666665 0.17 0.015 0.0275
0 0.7833333333333333 0.3775 0.015 0.03
0 0.47 0.705 0.028333333333333332 0.0525
0 0.365 0.975 0.041666666666666664 0.07
0 0.5516666666666666 0.465 0.021666666666666667 0.0425
0 0.4066666666666667 0.19 0.015 0.0275
0 0.31833333333333336 0.5825 0.02666666666666667 0.0425
0 0.2683333333333333 0.5825 0.02666666666666667 0.0425
0 0.9033333333333333 0.7425 0.03333333333333333 0.06
0 0.38333333333333336 0.55 0.02666666666666667 0.0425
0 0.02 0.2975 0.015 0.03
0 0.2966666666666667 0.8375 0.041666666666666664 0.07
0 0.215 0.935 0.041666666666666664 0.07
0 0.10333333333333333 0.2575 0.015 0.03
0 0.2 0.5875 0.02666666666666667 0.0425
0 0.34 0.3775 0.015 0.03
0 0.7183333333333334 0.8875 0.041666666666666664 0.07
0 0.08833333333333333 0.6375 0.028333333333333332 0.0525
0 0.7883333333333333 0.865 0.041666666666666664 0.07
0 0.02666666666666667 0.15 0.015 0.0275
0 0.06166666666666667 0.27 0.015 0.03
0 0.41 0.6525 0.028333333333333332 0.0525
0 0.89 0.325 0.015 0.03
0 0.3933333333333333 0.39 0.015 0.03
0 0.235 0.66 0.028333333333333332 0.0525
0 0.08333333333333333 0.56 0.02666666666666667 0.0425
0 0.4166666666666667 0.91 0.041666666666666664 0.07
0 0.8016666666666666 0.6625 0.03333333333333333 0.06
0 0.23 0.2975 0.015 0.03
0 0.7033333333333334 0.185 0.011666666666666667 0.02
0 0.435 0.58 0.02666666666666667 0.0425
0 0.21166666666666667 0.285 0.015 0.03
0 0.25666666666666665 0.63 0.028333333333333332 0.0525
0 0.41333333333333333 0.725 0.028333333333333332 0.0525
0 0.25833333333333336 0.31 0.015 0.03
0 0.38 0.1825 0.015 0.0275
0 0.058333333333333334 0.5225 0.02666666666666667 0.0425
0 0.5166666666666667 0.615 0.028333333333333332 0.0525
0 0.7766666666666666 0.57 0.023333333333333334 0.045
0 0.015 0.635 0.02666666666666667 0.0525
0 0.018333333333333333 0.54 0.023333333333333334 0.0425
0 0.8316666666666667 0.6475 0.03333333333333333 0.06
0 0.19 0.4775 0.015 0.0325
0 0.5916666666666667 0.6175 0.021666666666666667 0.0425
0 0.04666666666666667 0.255 0.015 0.03
0 0.145 0.835 0.041666666666666664 0.07
0 0.745 0.3175 0.015 0.03
