0 0.42625 0.71 0.0225 0.03833333333333333
0 0.31125 0.34833333333333333 0.01125 0.021666666666666667
0 0.45 0.36333333333333334 0.01125 0.021666666666666667
0 0.235 0.3416666666666667 0.01125 0.021666666666666667
0 0.14875 0.8383333333333334 0.04 0.06
0 0.8475 0.7066666666666667 0.0325 0.04666666666666667
0 0.7175 0.565 0.02125 0.04
0 0.99 0.7 0.0325 0.04666666666666667
0 0.775 0.33 0.01125 0.021666666666666667
0 0.37 0.7266666666666667 0.03125 0.056666666666666664
0 0.6575 0.835 0.04625 0.06666666666666667
0 0.40625 0.6783333333333333 0.0225 0.03833333333333333
0 0.3875 0.3466666666666667 0.01125 0.021666666666666667
0 0.105 0.765 0.03125 0.05
0 0.19625 0.56 0.02125 0.04
0 0.5075 0.73 0.03125 0.056666666666666664
0 0.36625 0.7816666666666666 0.03125 0.056666666666666664
0 0.895 0.6366666666666667 0.0325 0.04666666666666667
0 0.00625 0.7416666666666667 0.04 0.06
0 0.585 0.7316666666666667 0.03125 0.056666666666666664
0 0.93125 0.3466666666666667 0.01125 0.021666666666666667
0 0.75875 0.805 0.04625 0.06666666666666667
0 0.56625 0.33 0.01125 0.021666666666666667
0 0.8275 0.6666666666666666 0.0325 0.04666666666666667
0 0.9375 0.7633333333333333 0.04625 0.06666666666666667
0 0.62875 0.6433333333333333 0.0325 0.04666666666666667
0 0.225 0.5333333333333333 0.02125 0.04
0 0.58125 0.69 0.0325 0.04666666666666667
0 0.15375 0.7183333333333334 0.03125 0.05
0 0.52125 0.6833333333333333 0.0225 0.03833333333333333
0 0.65625 0.5716666666666667 0.02125 0.04
0 0.68125 0.3466666666666667 0.01125 0.021666666666666667
0 0.81 0.38666666666666666 0.01125 0.021666666666666667
0 0.13 0.33 0.01125 0.021666666666666667
0 0.9275 0.695 0.0325 0.04666666666666667
0 0.265 0.7183333333333334 0.03125 0.05
0 0.7675 0.68 0.0325 0.04666666666666667
0 0.61375 0.745 0.03125 0.056666666666666664
0 0.61125 0.36333333333333334 0.01125 0.021666666666666667
