0 0.09569597069597069 0.5298763736263736 0.03365384615384615 0.06078296703296703
0 0.5341117216117216 0.41277472527472525 0.01282051282051282 0.020604395604395604
0 0.4068223443223443 0.4100274725274725 0.01282051282051282 0.020604395604395604
0 0.714514652014652 0.6473214285714286 0.023809523809523808 0.06524725274725275
0 0.6902472527472527 0.4532967032967033 0.01282051282051282 0.020604395604395604
0 0.260989010989011 0.49347527472527475 0.025183150183150184 0.029876373626373628
0 0.6634615384615384 0.5041208791208791 0.012591575091575092 0.029876373626373628
0 0.6602564102564102 0.5731456043956044 0.02197802197802198 0.050824175824175824
0 0.8683608058608059 0.4488324175824176 0.01282051282051282 0.020604395604395604
0 0.6994047619047619 0.46222527472527475 0.01282051282051282 0.020604395604395604
0 0.4782509157509158 0.5714285714285714 0.03365384615384615 0.06078296703296703
0 0.8392857142857143 0.5683379120879121 0.03365384615384615 0.06078296703296703
0 0.6050824175824175 0.5010302197802198 0.03365384615384615 0.06078296703296703
0 0.9443681318681318 0.46668956043956045 0.03365384615384615 0.06078296703296703
0 0.532051282051282 0.48695054945054944 0.03365384615384615 0.06078296703296703
0 0.9235347985347986 0.5803571428571429 0.025869963369963368 0.04429945054945055
0 0.4288003663003663 0.4103708791208791 0.01282051282051282 0.020604395604395604
0 0.33722527472527475 0.4725274725274725 0.03365384615384615 0.06078296703296703
0 0.18452380952380953 0.43543956043956045 0.01282051282051282 0.020604395604395604
0 0.5597527472527473 0.43921703296703296 0.01282051282051282 0.020604395604395604
0 0.2802197802197802 0.4409340659340659 0.01282051282051282 0.020604395604395604
0 0.440018315018315 0.45467032967032966 0.01282051282051282 0.020604395604395604
0 0.8459249084249084 0.4481456043956044 0.01282051282051282 0.020604395604395604
0 0.5469322344322345 0.44024725274725274 0.01282051282051282 0.020604395604395604
0 0.16437728937728938 0.4694368131868132 0.03365384615384615 0.06078296703296703
0 0.6252289377289377 0.4581043956043956 0.01282051282051282 0.020604395604395604
0 0.6687271062271062 0.47115384615384615 0.011217948717948718 0.026442307692307692
0 0.9175824175824175 0.46222527472527475 0.01282051282051282 0.020604395604395604
0 0.29052197802197804 0.44024725274725274 0.01282051282051282 0.020604395604395604
0 0.5572344322344323 0.4608516483516483 0.01282051282051282 0.020604395604395604
0 0.23122710622710624 0.44436813186813184 0.01282051282051282 0.020604395604395604
0 0.6348443223443223 0.9433379120879121 0.08081501831501832 0.14182692307692307
0 0.6701007326007326 0.45157967032967034 0.01282051282051282 0.020604395604395604
0 0.8605769230769231 0.45123626373626374 0.01282051282051282 0.020604395604395604
0 0.15178571428571427 0.532967032967033 0.025869963369963368 0.034340659340659344
0 0.8205128205128205 0.7451923076923077 0.04395604395604396 0.11092032967032966
0 0.44528388278388276 0.41483516483516486 0.01282051282051282 0.020604395604395604
0 0.6991758241758241 0.5302197802197802 0.013278388278388278 0.03331043956043956
0 0.8056318681318682 0.5903159340659341 0.03365384615384615 0.06078296703296703
0 0.30975274725274726 0.4323489010989011 0.01282051282051282 0.020604395604395604
0 0.33791208791208793 0.43166208791208793 0.01282051282051282 0.020604395604395604
0 0.42536630036630035 0.5020604395604396 0.03365384615384615 0.06078296703296703
0 0.3216575091575092 0.4371565934065934 0.01282051282051282 0.020604395604395604
0 0.5402930402930403 0.5762362637362637 0.03365384615384615 0.06078296703296703
0 0.46886446886446886 0.4271978021978022 0.01282051282051282 0.020604395604395604
0 0.5899725274725275 0.457760989010989 0.01282051282051282 0.020604395604395604
0 0.7660256410256411 0.5453296703296703 0.019230769230769232 0.04189560439560439
0 0.7161172161172161 0.47527472527472525 0.007783882783882784 0.016483516483516484
0 0.17994505494505494 0.5010302197802198 0.025869963369963368 0.034340659340659344
0 0.5201465201465202 0.42376373626373626 0.01282051282051282 0.020604395604395604
0 0.9031593406593407 0.46119505494505497 0.01282051282051282 0.020604395604395604
0 0.5400641025641025 0.7184065934065934 0.03983516483516483 0.11092032967032966
0 0.8894230769230769 0.4536401098901099 0.01282051282051282 0.020604395604395604
0 0.36286630036630035 0.457760989010989 0.01282051282051282 0.020604395604395604
0 0.10966117216117216 0.4735576923076923 0.03365384615384615 0.06078296703296703
0 0.5064102564102564 0.4103708791208791 0.01282051282051282 0.020604395604395604
0 0.8802655677655677 0.457760989010989 0.01282051282051282 0.020604395604395604
0 0.6062271062271062 0.4581043956043956 0.01282051282051282 0.020604395604395604
0 0.6838369963369964 0.5604395604395604 0.02197802197802198 0.050824175824175824
0 0.6048534798534798 0.44333791208791207 0.01282051282051282 0.020604395604395604
0 0.8839285714285714 0.4543269230769231 0.01282051282051282 0.020604395604395604
0 0.25686813186813184 0.7348901098901099 0.03983516483516483 0.05425824175824176
0 0.8972069597069597 0.46600274725274726 0.01282051282051282 0.020604395604395604
0 0.594551282051282 0.43887362637362637 0.01282051282051282 0.020604395604395604
0 0.9290293040293041 0.4721840659340659 0.03365384615384615 0.06078296703296703
0 0.9114010989010989 0.5501373626373627 0.025869963369963368 0.04429945054945055
0 0.6879578754578755 0.501717032967033 0.013278388278388278 0.03331043956043956
0 0.9162087912087912 0.47115384615384615 0.03365384615384615 0.06078296703296703
0 0.34615384615384615 0.4453983516483517 0.01282051282051282 0.020604395604395604
0 0.22573260073260074 0.3949175824175824 0.01282051282051282 0.020604395604395604
