0 0.7535211267605634 0.4187582562747688 0.008802816901408451 0.013210039630118891
0 0.08450704225352113 0.5482166446499339 0.007042253521126761 0.010568031704095112
0 0.15757042253521128 0.4676354029062087 0.007042253521126761 0.010568031704095112
0 0.40757042253521125 0.7252311756935271 0.016725352112676055 0.031704095112285335
0 0.1742957746478873 0.5904887714663144 0.007042253521126761 0.010568031704095112
0 0.9867957746478874 0.7965653896961691 0.01056338028169014 0.013210039630118891
0 0.40757042253521125 0.4570673712021136 0.007042253521126761 0.010568031704095112
0 0.6804577464788732 0.45442536327608984 0.008802816901408451 0.013210039630118891
0 0.23943661971830985 0.7556142668428005 0.01056338028169014 0.01453104359313078
0 0.31954225352112675 0.750330250990753 0.01056338028169014 0.01453104359313078
0 0.6302816901408451 0.7886393659180978 0.007042253521126761 0.013210039630118891
0 0.3987676056338028 0.6486129458388376 0.007042253521126761 0.010568031704095112
0 0.39348591549295775 0.45442536327608984 0.007042253521126761 0.010568031704095112
0 0.7808098591549296 0.4187582562747688 0.008802816901408451 0.013210039630118891
0 0.6945422535211268 0.42536327608982827 0.008802816901408451 0.013210039630118891
0 0.36883802816901406 0.7569352708058125 0.016725352112676055 0.031704095112285335
0 0.0801056338028169 0.6169088507265522 0.007042253521126761 0.010568031704095112
0 0.16725352112676056 0.46895640686922063 0.007042253521126761 0.010568031704095112
0 0.15316901408450703 0.5376486129458389 0.007042253521126761 0.010568031704095112
0 0.3846830985915493 0.6235138705416117 0.007042253521126761 0.010568031704095112
0 0.891725352112676 0.7820343461030383 0.01056338028169014 0.013210039630118891
0 0.3336267605633803 0.47556142668428003 0.007042253521126761 0.010568031704095112
0 0.20598591549295775 0.6155878467635403 0.007042253521126761 0.010568031704095112
0 0.21742957746478872 0.6050198150594451 0.007042253521126761 0.010568031704095112
0 0.6619718309859155 0.42800528401585203 0.008802816901408451 0.013210039630118891
0 0.12852112676056338 0.631439894319683 0.007042253521126761 0.010568031704095112
0 0.21742957746478872 0.4702774108322325 0.007042253521126761 0.010568031704095112
0 0.05985915492957746 0.6261558784676354 0.007042253521126761 0.010568031704095112
0 0.07306338028169014 0.4848084544253633 0.007042253521126761 0.010568031704095112
0 0.8362676056338029 0.44121532364597094 0.008802816901408451 0.013210039630118891
0 0.11795774647887323 0.5495376486129459 0.007042253521126761 0.010568031704095112
0 0.3160211267605634 0.47556142668428003 0.007042253521126761 0.010568031704095112
0 0.21654929577464788 0.7357992073976222 0.016725352112676055 0.031704095112285335
0 0.9788732394366197 0.3751651254953765 0.008802816901408451 0.013210039630118891
0 0.3485915492957746 0.4623513870541612 0.007042253521126761 0.010568031704095112
0 0.44454225352112675 0.5746367239101717 0.007042253521126761 0.010568031704095112
0 0.0625 0.5468956406869221 0.007042253521126761 0.010568031704095112
0 0.47007042253521125 0.5548216644649934 0.007042253521126761 0.010568031704095112
0 0.1267605633802817 0.46367239101717306 0.007042253521126761 0.010568031704095112
0 0.35827464788732394 0.4583883751651255 0.007042253521126761 0.010568031704095112
0 0.4471830985915493 0.76221928665786 0.016725352112676055 0.031704095112285335
0 0.36971830985915494 0.4557463672391017 0.007042253521126761 0.010568031704095112
0 0.3380281690140845 0.45970937912813736 0.007042253521126761 0.010568031704095112
0 0.1487676056338028 0.6142668428005285 0.007042253521126761 0.010568031704095112
0 0.029049295774647887 0.5667107001321003 0.007042253521126761 0.010568031704095112
0 0.49911971830985913 0.750330250990753 0.016725352112676055 0.031704095112285335
0 0.914612676056338 0.3817701453104359 0.008802816901408451 0.013210039630118891
0 0.8670774647887324 0.44121532364597094 0.008802816901408451 0.013210039630118891
0 0.7940140845070423 0.44914134742404227 0.008802816901408451 0.013210039630118891
0 0.04225352112676056 0.6261558784676354 0.007042253521126761 0.010568031704095112
0 0.14172535211267606 0.6591809775429326 0.007042253521126761 0.010568031704095112
0 0.10827464788732394 0.47688243064729197 0.007042253521126761 0.010568031704095112
0 0.3257042253521127 0.4663143989431968 0.007042253521126761 0.010568031704095112
0 0.6091549295774648 0.7793923381770145 0.007042253521126761 0.013210039630118891
0 0.20334507042253522 0.5865257595772787 0.007042253521126761 0.010568031704095112
0 0.22799295774647887 0.6605019815059445 0.007042253521126761 0.010568031704095112
0 0.09242957746478873 0.4808454425363276 0.007042253521126761 0.010568031704095112
0 0.18661971830985916 0.4676354029062087 0.007042253521126761 0.010568031704095112
0 0.8380281690140845 0.7965653896961691 0.01056338028169014 0.013210039630118891
0 0.2517605633802817 0.4676354029062087 0.007042253521126761 0.010568031704095112
0 0.7922535211267606 0.7846763540290621 0.01056338028169014 0.013210039630118891
0 0.1857394366197183 0.6393659180977543 0.007042253521126761 0.010568031704095112
0 0.9198943661971831 0.7820343461030383 0.01056338028169014 0.013210039630118891
0 0.11003521126760564 0.5812417437252312 0.007042253521126761 0.010568031704095112
0 0.7579225352112676 0.4583883751651255 0.008802816901408451 0.013210039630118891
0 0.6804577464788732 0.7661822985468957 0.008802816901408451 0.01453104359313078
0 0.043133802816901406 0.5468956406869221 0.007042253521126761 0.010568031704095112
0 0.0801056338028169 0.4795244385733157 0.007042253521126761 0.010568031704095112
0 0.0625 0.5151915455746368 0.007042253521126761 0.010568031704095112
0 0.9058098591549296 0.4438573315719947 0.008802816901408451 0.013210039630118891
0 0.04225352112676056 0.4795244385733157 0.007042253521126761 0.010568031704095112
0 0.17869718309859156 0.7305151915455746 0.016725352112676055 0.031704095112285335
0 0.16109154929577466 0.6499339498018494 0.007042253521126761 0.010568031704095112
0 0.38116197183098594 0.4478203434610304 0.007042253521126761 0.010568031704095112
0 0.5404929577464789 0.7688243064729194 0.016725352112676055 0.031704095112285335
0 0.028169014084507043 0.6221928665785997 0.007042253521126761 0.010568031704095112
