0 0.682258064516129 0.20256410256410257 0.00967741935483871 0.017948717948717947
0 0.49193548387096775 0.18974358974358974 0.00967741935483871 0.017948717948717947
0 0.6693548387096774 0.4948717948717949 0.01935483870967742 0.038461538461538464
0 0.13225806451612904 0.24358974358974358 0.00967741935483871 0.017948717948717947
0 0.8016129032258065 0.33589743589743587 0.01935483870967742 0.038461538461538464
0 0.5693548387096774 0.25384615384615383 0.00967741935483871 0.017948717948717947
0 0.6870967741935484 0.12051282051282051 0.00967741935483871 0.017948717948717947
0 0.7032258064516129 0.28205128205128205 0.00967741935483871 0.017948717948717947
0 0.9693548387096774 0.5128205128205128 0.01935483870967742 0.038461538461538464
0 0.5661290322580645 0.33076923076923076 0.01935483870967742 0.038461538461538464
0 0.5467741935483871 0.7435897435897436 0.05161290322580645 0.10256410256410256
0 0.31290322580645163 0.23333333333333334 0.00967741935483871 0.017948717948717947
0 0.3241935483870968 0.5102564102564102 0.01935483870967742 0.038461538461538464
0 0.617741935483871 0.5256410256410257 0.01935483870967742 0.038461538461538464
0 0.42258064516129035 0.5641025641025641 0.027419354838709678 0.05128205128205128
0 0.8919354838709678 0.31794871794871793 0.01935483870967742 0.038461538461538464
0 0.8080645161290323 0.49743589743589745 0.01935483870967742 0.038461538461538464
0 0.5548387096774193 0.11794871794871795 0.00967741935483871 0.017948717948717947
0 0.3967741935483871 0.1641025641025641 0.00967741935483871 0.017948717948717947
0 0.9822580645161291 0.2230769230769231 0.00967741935483871 0.017948717948717947
0 0.1435483870967742 0.16923076923076924 0.00967741935483871 0.017948717948717947
0 0.6790322580645162 0.25384615384615383 0.00967741935483871 0.017948717948717947
0 0.5241935483870968 0.7 0.05161290322580645 0.10256410256410256
0 0.09032258064516129 0.7512820512820513 0.027419354838709678 0.05128205128205128
0 0.4483870967741935 0.7076923076923077 0.027419354838709678 0.05128205128205128
0 0.6870967741935484 0.6435897435897436 0.027419354838709678 0.05128205128205128
0 0.9870967741935484 0.12307692307692308 0.00967741935483871 0.017948717948717947
0 0.6596774193548387 0.06666666666666667 0.00967741935483871 0.017948717948717947
0 0.8209677419354838 0.8743589743589744 0.027419354838709678 0.05128205128205128
0 0.20967741935483872 0.5743589743589743 0.027419354838709678 0.05128205128205128
0 0.4290322580645161 0.3 0.01935483870967742 0.038461538461538464
0 0.535483870967742 0.34615384615384615 0.01935483870967742 0.038461538461538464
0 0.8161290322580645 0.5641025641025641 0.027419354838709678 0.05128205128205128
0 0.0032258064516129032 0.3128205128205128 0.016129032258064516 0.03333333333333333
0 0.38548387096774195 0.12051282051282051 0.00967741935483871 0.017948717948717947
0 0.035483870967741936 0.5538461538461539 0.027419354838709678 0.05128205128205128
0 0.5967741935483871 0.7538461538461538 0.027419354838709678 0.05128205128205128
0 0.14677419354838708 0.2564102564102564 0.00967741935483871 0.017948717948717947
0 0.5596774193548387 0.6871794871794872 0.027419354838709678 0.05128205128205128
0 0.5419354838709678 0.258974358974359 0.00967741935483871 0.017948717948717947
0 0.714516129032258 0.5487179487179488 0.027419354838709678 0.05128205128205128
0 0.6080645161290322 0.12564102564102564 0.00967741935483871 0.017948717948717947
0 0.07580645161290323 0.32051282051282054 0.01935483870967742 0.038461538461538464
0 0.6129032258064516 0.08205128205128205 0.00967741935483871 0.017948717948717947
0 0.44193548387096776 0.6743589743589744 0.027419354838709678 0.05128205128205128
0 0.6758064516129032 0.3282051282051282 0.01935483870967742 0.038461538461538464
0 0.7774193548387097 0.34615384615384615 0.01935483870967742 0.038461538461538464
0 0.5370967741935484 0.49230769230769234 0.01935483870967742 0.038461538461538464
0 0.6870967741935484 0.0641025641025641 0.00967741935483871 0.017948717948717947
0 0.09193548387096774 0.16153846153846155 0.00967741935483871 0.017948717948717947
0 0.9145161290322581 0.2948717948717949 0.01935483870967742 0.038461538461538464
0 0.22258064516129034 0.30256410256410254 0.01935483870967742 0.038461538461538464
0 0.4096774193548387 0.15128205128205127 0.00967741935483871 0.017948717948717947
0 0.7161290322580646 0.5 0.01935483870967742 0.038461538461538464
0 0.8290322580645161 0.3076923076923077 0.01935483870967742 0.038461538461538464
0 0.6 0.33589743589743587 0.01935483870967742 0.038461538461538464
0 0.6903225806451613 0.5820512820512821 0.027419354838709678 0.05128205128205128
0 0.9725806451612903 0.34102564102564104 0.01935483870967742 0.038461538461538464
0 0.9112903225806451 0.7230769230769231 0.027419354838709678 0.05128205128205128
0 0.48870967741935484 0.3435897435897436 0.01935483870967742 0.038461538461538464
0 0.07580645161290323 0.6666666666666666 0.027419354838709678 0.05128205128205128
0 0.5290322580645161 0.6025641025641025 0.027419354838709678 0.05128205128205128
0 0.896774193548387 0.2923076923076923 0.01935483870967742 0.038461538461538464
0 0.6935483870967742 0.29743589743589743 0.01935483870967742 0.038461538461538464
0 0.9709677419354839 0.12564102564102564 0.00967741935483871 0.017948717948717947
0 0.15806451612903225 0.6410256410256411 0.027419354838709678 0.05128205128205128
0 0.9290322580645162 0.5897435897435898 0.027419354838709678 0.05128205128205128
0 0.9451612903225807 0.5051282051282051 0.01935483870967742 0.038461538461538464
0 0.6338709677419355 0.36923076923076925 0.01935483870967742 0.038461538461538464
0 0.9306451612903226 0.22564102564102564 0.00967741935483871 0.017948717948717947
0 0.6564516129032258 0.6897435897435897 0.027419354838709678 0.05128205128205128
0 0.1032258064516129 0.8487179487179487 0.027419354838709678 0.05128205128205128
0 0.47096774193548385 0.18461538461538463 0.00967741935483871 0.017948717948717947
0 0.267741935483871 0.26666666666666666 0.00967741935483871 0.017948717948717947
0 0.42096774193548386 0.2923076923076923 0.01935483870967742 0.038461538461538464
0 0.06774193548387097 0.8897435897435897 0.027419354838709678 0.05128205128205128
0 0.24193548387096775 0.5461538461538461 0.027419354838709678 0.05128205128205128
0 0.7596774193548387 0.12307692307692308 0.00967741935483871 0.017948717948717947
0 0.1 0.8256410256410256 0.027419354838709678 0.05128205128205128
0 0.432258064516129 0.4794871794871795 0.01935483870967742 0.038461538461538464
0 0.7387096774193549 0.7974358974358975 0.027419354838709678 0.05128205128205128
0 0.9387096774193548 0.33589743589743587 0.01935483870967742 0.038461538461538464
0 0.7306451612903225 0.14871794871794872 0.00967741935483871 0.017948717948717947
0 0.6 0.07179487179487179 0.00967741935483871 0.017948717948717947
0 0.3467741935483871 0.6 0.027419354838709678 0.05128205128205128
0 0.95 0.9205128205128205 0.027419354838709678 0.05128205128205128
0 0.4435483870967742 0.5128205128205128 0.01935483870967742 0.038461538461538464
0 0.44193548387096776 0.26153846153846155 0.00967741935483871 0.017948717948717947
0 0.6306451612903226 0.6512820512820513 0.027419354838709678 0.05128205128205128
0 0.5887096774193549 0.28205128205128205 0.00967741935483871 0.017948717948717947
0 0.47580645161290325 0.6153846153846154 0.027419354838709678 0.05128205128205128
0 0.2467741935483871 0.11025641025641025 0.00967741935483871 0.017948717948717947
0 0.4096774193548387 0.6076923076923076 0.027419354838709678 0.05128205128205128
0 0.11935483870967742 0.358974358974359 0.01935483870967742 0.038461538461538464
0 0.28225806451612906 0.5230769230769231 0.01935483870967742 0.038461538461538464
0 0.19032258064516128 0.5948717948717949 0.027419354838709678 0.05128205128205128
0 0.5564516129032258 0.3564102564102564 0.01935483870967742 0.038461538461538464
0 0.27741935483870966 0.5769230769230769 0.027419354838709678 0.05128205128205128
0 0.646774193548387 0.8564102564102564 0.027419354838709678 0.05128205128205128
0 0.5532258064516129 0.28717948717948716 0.01935483870967742 0.038461538461538464
0 0.6645161290322581 0.18974358974358974 0.00967741935483871 0.017948717948717947
0 0.7274193548387097 0.3487179487179487 0.01935483870967742 0.038461538461538464
0 0.5790322580645161 0.5641025641025641 0.027419354838709678 0.05128205128205128
0 0.65 0.382051282051282 0.01935483870967742 0.038461538461538464
0 0.9419354838709677 0.2 0.00967741935483871 0.017948717948717947
0 0.6370967741935484 0.28205128205128205 0.00967741935483871 0.017948717948717947
0 0.06451612903225806 0.7051282051282052 0.027419354838709678 0.05128205128205128
0 0.16774193548387098 0.5666666666666667 0.027419354838709678 0.05128205128205128
0 0.24193548387096775 0.4076923076923077 0.01935483870967742 0.038461538461538464
0 0.17096774193548386 0.3230769230769231 0.01935483870967742 0.038461538461538464
0 0.26129032258064516 0.11282051282051282 0.00967741935483871 0.017948717948717947
0 0.6935483870967742 0.8179487179487179 0.027419354838709678 0.05128205128205128
0 0.3790322580645161 0.5897435897435898 0.027419354838709678 0.05128205128205128
0 0.7967741935483871 0.5743589743589743 0.027419354838709678 0.05128205128205128
0 0.7016129032258065 0.13076923076923078 0.00967741935483871 0.017948717948717947
0 0.31451612903225806 0.31794871794871793 0.01935483870967742 0.038461538461538464
0 0.6451612903225806 0.4897435897435897 0.01935483870967742 0.038461538461538464
0 0.5935483870967742 0.11282051282051282 0.00967741935483871 0.017948717948717947
0 0.9822580645161291 0.24871794871794872 0.00967741935483871 0.017948717948717947
0 0.13870967741935483 0.3230769230769231 0.01935483870967742 0.038461538461538464
0 0.3338709677419355 0.2 0.00967741935483871 0.017948717948717947
0 0.8112903225806452 0.25384615384615383 0.00967741935483871 0.017948717948717947
0 0.25161290322580643 0.19743589743589743 0.00967741935483871 0.017948717948717947
0 0.03387096774193549 0.5256410256410257 0.01935483870967742 0.038461538461538464
0 0.614516129032258 0.7282051282051282 0.027419354838709678 0.05128205128205128
0 0.17258064516129032 0.9076923076923077 0.027419354838709678 0.05128205128205128
0 0.20806451612903226 0.6794871794871795 0.027419354838709678 0.05128205128205128
0 0.25483870967741934 0.23846153846153847 0.00967741935483871 0.017948717948717947
0 0.3709677419354839 0.19230769230769232 0.00967741935483871 0.017948717948717947
0 0.24838709677419354 0.2641025641025641 0.00967741935483871 0.017948717948717947
0 0.5661290322580645 0.11282051282051282 0.00967741935483871 0.017948717948717947
0 0.3032258064516129 0.3128205128205128 0.01935483870967742 0.038461538461538464
0 0.7080645161290322 0.16153846153846155 0.00967741935483871 0.017948717948717947
0 0.29838709677419356 0.5820512820512821 0.027419354838709678 0.05128205128205128
0 0.22903225806451613 0.18461538461538463 0.00967741935483871 0.017948717948717947
0 0.2806451612903226 0.21025641025641026 0.00967741935483871 0.017948717948717947
0 0.4693548387096774 0.34615384615384615 0.01935483870967742 0.038461538461538464
0 0.5145161290322581 0.5102564102564102 0.01935483870967742 0.038461538461538464
0 0.43870967741935485 0.7051282051282052 0.027419354838709678 0.05128205128205128
0 0.7548387096774194 0.2794871794871795 0.00967741935483871 0.017948717948717947
0 0.6564516129032258 0.7282051282051282 0.027419354838709678 0.05128205128205128
0 0.13709677419354838 0.28974358974358977 0.01935483870967742 0.038461538461538464
0 0.34516129032258064 0.48205128205128206 0.01935483870967742 0.038461538461538464
0 0.8790322580645161 0.36153846153846153 0.01935483870967742 0.038461538461538464
0 0.7241935483870968 0.517948717948718 0.01935483870967742 0.038461538461538464
0 0.3967741935483871 0.25384615384615383 0.00967741935483871 0.017948717948717947
0 0.15806451612903225 0.3128205128205128 0.01935483870967742 0.038461538461538464
0 0.932258064516129 0.12307692307692308 0.00967741935483871 0.017948717948717947
0 0.5951612903225807 0.20256410256410257 0.00967741935483871 0.017948717948717947
0 0.3967741935483871 0.6128205128205129 0.027419354838709678 0.05128205128205128
0 0.44516129032258067 0.6435897435897436 0.027419354838709678 0.05128205128205128
0 0.16451612903225807 0.5230769230769231 0.01935483870967742 0.038461538461538464
0 0.6451612903225806 0.1282051282051282 0.00967741935483871 0.017948717948717947
0 0.5774193548387097 0.26666666666666666 0.00967741935483871 0.017948717948717947
0 0.9306451612903226 0.1717948717948718 0.00967741935483871 0.017948717948717947
0 0.7435483870967742 0.2846153846153846 0.01935483870967742 0.038461538461538464
0 0.2709677419354839 0.2948717948717949 0.01935483870967742 0.038461538461538464
0 0.3064516129032258 0.6358974358974359 0.027419354838709678 0.05128205128205128
0 0.5709677419354838 0.23846153846153847 0.00967741935483871 0.017948717948717947
0 0.35 0.7717948717948718 0.027419354838709678 0.05128205128205128
0 0.8661290322580645 0.5769230769230769 0.027419354838709678 0.05128205128205128
0 0.09193548387096774 0.3230769230769231 0.01935483870967742 0.038461538461538464
0 0.11129032258064517 0.16923076923076924 0.00967741935483871 0.017948717948717947
0 0.5467741935483871 0.5615384615384615 0.027419354838709678 0.05128205128205128
0 0.07419354838709677 0.5435897435897435 0.027419354838709678 0.05128205128205128
0 0.2693548387096774 0.18205128205128204 0.00967741935483871 0.017948717948717947
0 0.27741935483870966 0.6205128205128205 0.027419354838709678 0.05128205128205128
0 0.20967741935483872 0.3230769230769231 0.01935483870967742 0.038461538461538464
0 0.3370967741935484 0.5128205128205128 0.01935483870967742 0.038461538461538464
0 0.8 0.5230769230769231 0.01935483870967742 0.038461538461538464
0 0.95 0.4230769230769231 0.01935483870967742 0.038461538461538464
0 0.3790322580645161 0.7923076923076923 0.027419354838709678 0.05128205128205128
0 0.06451612903225806 0.2717948717948718 0.00967741935483871 0.017948717948717947
0 0.19032258064516128 0.16666666666666666 0.00967741935483871 0.017948717948717947
0 0.8870967741935484 0.6 0.027419354838709678 0.05128205128205128
0 0.3193548387096774 0.2153846153846154 0.00967741935483871 0.017948717948717947
0 0.6709677419354839 0.15384615384615385 0.00967741935483871 0.017948717948717947
0 0.7725806451612903 0.6692307692307692 0.027419354838709678 0.05128205128205128
0 0.632258064516129 0.1641025641025641 0.00967741935483871 0.017948717948717947
0 0.5274193548387097 0.258974358974359 0.00967741935483871 0.017948717948717947
0 0.7338709677419355 0.13076923076923078 0.00967741935483871 0.017948717948717947
0 0.017741935483870968 0.8487179487179487 0.027419354838709678 0.05128205128205128
0 0.7032258064516129 0.6743589743589744 0.027419354838709678 0.05128205128205128
0 0.19032258064516128 0.5230769230769231 0.01935483870967742 0.038461538461538464
0 0.5870967741935483 0.6512820512820513 0.027419354838709678 0.05128205128205128
0 0.3725806451612903 0.8307692307692308 0.027419354838709678 0.05128205128205128
0 0.15 0.35384615384615387 0.01935483870967742 0.038461538461538464
0 0.7596774193548387 0.32051282051282054 0.01935483870967742 0.038461538461538464
0 0.7016129032258065 0.9205128205128205 0.027419354838709678 0.05128205128205128
0 0.5435483870967742 0.6256410256410256 0.027419354838709678 0.05128205128205128
0 0.00967741935483871 0.33589743589743587 0.016129032258064516 0.03333333333333333
0 0.617741935483871 0.2794871794871795 0.00967741935483871 0.017948717948717947
0 0.9129032258064517 0.12564102564102564 0.00967741935483871 0.017948717948717947
0 0.6435483870967742 0.23333333333333334 0.00967741935483871 0.017948717948717947
0 0.782258064516129 0.30512820512820515 0.01935483870967742 0.038461538461538464
0 0.5854838709677419 0.2128205128205128 0.00967741935483871 0.017948717948717947
0 0.7161290322580646 0.13076923076923078 0.00967741935483871 0.017948717948717947
0 0.7564516129032258 0.2358974358974359 0.00967741935483871 0.017948717948717947
0 0.8983870967741936 0.5 0.01935483870967742 0.038461538461538464
0 0.6661290322580645 0.1282051282051282 0.00967741935483871 0.017948717948717947
0 0.5790322580645161 0.5307692307692308 0.01935483870967742 0.038461538461538464
0 0.5983870967741935 0.6 0.027419354838709678 0.05128205128205128
0 0.9548387096774194 0.3333333333333333 0.01935483870967742 0.038461538461538464
0 0.8709677419354839 0.5 0.01935483870967742 0.038461538461538464
0 0.9774193548387097 0.2794871794871795 0.00967741935483871 0.017948717948717947
0 0.7693548387096775 0.8435897435897436 0.027419354838709678 0.05128205128205128
0 0.041935483870967745 0.30256410256410254 0.01935483870967742 0.038461538461538464
0 0.2032258064516129 0.6333333333333333 0.027419354838709678 0.05128205128205128
0 0.6274193548387097 0.07435897435897436 0.00967741935483871 0.017948717948717947
0 0.7548387096774194 0.1717948717948718 0.00967741935483871 0.017948717948717947
0 0.36129032258064514 0.8923076923076924 0.027419354838709678 0.05128205128205128
0 0.8161290322580645 0.7538461538461538 0.027419354838709678 0.05128205128205128
0 0.8870967741935484 0.5358974358974359 0.027419354838709678 0.05128205128205128
0 0.8741935483870967 0.8717948717948718 0.027419354838709678 0.05128205128205128
0 0.1532258064516129 0.2128205128205128 0.00967741935483871 0.017948717948717947
0 0.23225806451612904 0.7794871794871795 0.027419354838709678 0.05128205128205128
0 0.9629032258064516 0.5461538461538461 0.027419354838709678 0.05128205128205128
0 0.9596774193548387 0.8564102564102564 0.027419354838709678 0.05128205128205128
0 0.016129032258064516 0.26153846153846155 0.016129032258064516 0.03333333333333333
0 0.7758064516129032 0.2743589743589744 0.00967741935483871 0.017948717948717947
0 0.7241935483870968 0.18205128205128204 0.00967741935483871 0.017948717948717947
0 0.043548387096774194 0.3564102564102564 0.01935483870967742 0.038461538461538464
0 0.2903225806451613 0.14615384615384616 0.00967741935483871 0.017948717948717947
0 0.7435483870967742 0.7256410256410256 0.027419354838709678 0.05128205128205128
0 0.012903225806451613 0.517948717948718 0.024193548387096774 0.046153846153846156
0 0.9548387096774194 0.24871794871794872 0.00967741935483871 0.017948717948717947
0 0.5032258064516129 0.3282051282051282 0.01935483870967742 0.038461538461538464
0 0.5451612903225806 0.5 0.01935483870967742 0.038461538461538464
0 0.7758064516129032 0.735897435897436 0.027419354838709678 0.05128205128205128
0 0.6709677419354839 0.5948717948717949 0.027419354838709678 0.05128205128205128
0 0.6790322580645162 0.11282051282051282 0.00967741935483871 0.017948717948717947
0 0.1 0.3384615384615385 0.01935483870967742 0.038461538461538464
0 0.1403225806451613 0.18974358974358974 0.00967741935483871 0.017948717948717947
0 0.23709677419354838 0.6358974358974359 0.027419354838709678 0.05128205128205128
0 0.7306451612903225 0.11025641025641025 0.00967741935483871 0.017948717948717947
0 0.24838709677419354 0.1641025641025641 0.00967741935483871 0.017948717948717947
0 0.12903225806451613 0.21794871794871795 0.00967741935483871 0.017948717948717947
0 0.06290322580645161 0.5769230769230769 0.027419354838709678 0.05128205128205128
0 0.2306451612903226 0.5102564102564102 0.01935483870967742 0.038461538461538464
0 0.9903225806451613 0.19487179487179487 0.00967741935483871 0.017948717948717947
0 0.6193548387096774 0.07692307692307693 0.00967741935483871 0.017948717948717947
0 0.42258064516129035 0.37948717948717947 0.01935483870967742 0.038461538461538464
0 0.04838709677419355 0.5025641025641026 0.01935483870967742 0.038461538461538464
0 0.6225806451612903 0.3282051282051282 0.01935483870967742 0.038461538461538464
0 0.4032258064516129 0.4846153846153846 0.01935483870967742 0.038461538461538464
0 0.4693548387096774 0.26666666666666666 0.00967741935483871 0.017948717948717947
0 0.025806451612903226 0.8307692307692308 0.027419354838709678 0.05128205128205128
0 0.7580645161290323 0.9102564102564102 0.027419354838709678 0.05128205128205128
0 0.025806451612903226 0.29743589743589743 0.016129032258064516 0.03333333333333333
0 0.11774193548387096 0.2743589743589744 0.00967741935483871 0.017948717948717947
0 0.41451612903225804 0.2153846153846154 0.00967741935483871 0.017948717948717947
0 0.8596774193548387 0.6666666666666666 0.027419354838709678 0.05128205128205128
0 0.6612903225806451 0.5384615384615384 0.027419354838709678 0.05128205128205128
0 0.7532258064516129 0.14615384615384616 0.00967741935483871 0.017948717948717947
0 0.5806451612903226 0.1076923076923077 0.00967741935483871 0.017948717948717947
0 0.6387096774193548 0.5487179487179488 0.027419354838709678 0.05128205128205128
0 0.7241935483870968 0.45384615384615384 0.01935483870967742 0.038461538461538464
0 0.5790322580645161 0.12564102564102564 0.00967741935483871 0.017948717948717947
0 0.6838709677419355 0.1358974358974359 0.00967741935483871 0.017948717948717947
0 0.29193548387096774 0.4307692307692308 0.01935483870967742 0.038461538461538464
0 0.6580645161290323 0.33589743589743587 0.01935483870967742 0.038461538461538464
0 0.7935483870967742 0.2692307692307692 0.00967741935483871 0.017948717948717947
0 0.11129032258064517 0.6282051282051282 0.027419354838709678 0.05128205128205128
0 0.5387096774193548 0.2923076923076923 0.01935483870967742 0.038461538461538464
0 0.012903225806451613 0.8794871794871795 0.027419354838709678 0.05128205128205128
0 0.932258064516129 0.19230769230769232 0.00967741935483871 0.017948717948717947
0 0.9725806451612903 0.16666666666666666 0.00967741935483871 0.017948717948717947
0 0.267741935483871 0.35128205128205126 0.01935483870967742 0.038461538461538464
0 0.3774193548387097 0.9538461538461539 0.027419354838709678 0.05128205128205128
0 0.34516129032258064 0.24615384615384617 0.00967741935483871 0.017948717948717947
0 0.26129032258064516 0.5230769230769231 0.01935483870967742 0.038461538461538464
0 0.3741935483870968 0.3076923076923077 0.01935483870967742 0.038461538461538464
0 0.2806451612903226 0.8948717948717949 0.027419354838709678 0.05128205128205128
0 0.917741935483871 0.9666666666666667 0.027419354838709678 0.05128205128205128
0 0.3532258064516129 0.3333333333333333 0.01935483870967742 0.038461538461538464
0 0.7354838709677419 0.5743589743589743 0.027419354838709678 0.05128205128205128
0 0.2806451612903226 0.8205128205128205 0.027419354838709678 0.05128205128205128
0 0.5596774193548387 0.23076923076923078 0.00967741935483871 0.017948717948717947
0 0.1032258064516129 0.2923076923076923 0.01935483870967742 0.038461538461538464
0 0.5774193548387097 0.31794871794871793 0.01935483870967742 0.038461538461538464
0 0.7048387096774194 0.18205128205128204 0.00967741935483871 0.017948717948717947
0 0.43709677419354837 0.34615384615384615 0.01935483870967742 0.038461538461538464
0 0.8306451612903226 0.34615384615384615 0.01935483870967742 0.038461538461538464
0 0.7935483870967742 0.2948717948717949 0.01935483870967742 0.038461538461538464
0 0.025806451612903226 0.18205128205128204 0.014516129032258065 0.028205128205128206
0 0.1935483870967742 0.37435897435897436 0.01935483870967742 0.038461538461538464
0 0.6258064516129033 0.13076923076923078 0.00967741935483871 0.017948717948717947
0 0.75 0.4897435897435897 0.01935483870967742 0.038461538461538464
0 0.25 0.31794871794871793 0.01935483870967742 0.038461538461538464
0 0.03387096774193549 0.6461538461538462 0.027419354838709678 0.05128205128205128
0 0.5290322580645161 0.3153846153846154 0.01935483870967742 0.038461538461538464
0 0.7112903225806452 0.258974358974359 0.00967741935483871 0.017948717948717947
0 0.6112903225806452 0.6282051282051282 0.027419354838709678 0.05128205128205128
0 0.6516129032258065 0.558974358974359 0.027419354838709678 0.05128205128205128
0 0.03870967741935484 0.9794871794871794 0.027419354838709678 0.05128205128205128
0 0.6564516129032258 0.21794871794871795 0.00967741935483871 0.017948717948717947
0 0.5225806451612903 0.2 0.00967741935483871 0.017948717948717947
0 0.7516129032258064 0.12051282051282051 0.00967741935483871 0.017948717948717947
0 0.2403225806451613 0.9179487179487179 0.027419354838709678 0.05128205128205128
0 0.7564516129032258 0.6461538461538462 0.027419354838709678 0.05128205128205128
0 0.0016129032258064516 0.20512820512820512 0.014516129032258065 0.028205128205128206
0 0.4112903225806452 0.3230769230769231 0.01935483870967742 0.038461538461538464
0 0.8693548387096774 0.7051282051282052 0.027419354838709678 0.05128205128205128
0 0.9338709677419355 0.2948717948717949 0.01935483870967742 0.038461538461538464
0 0.8516129032258064 0.3384615384615385 0.01935483870967742 0.038461538461538464
0 0.7677419354838709 0.24358974358974358 0.00967741935483871 0.017948717948717947
0 0.7016129032258065 0.3333333333333333 0.01935483870967742 0.038461538461538464
0 0.8403225806451613 0.5 0.01935483870967742 0.038461538461538464
0 0.532258064516129 0.19487179487179487 0.00967741935483871 0.017948717948717947
0 0.7725806451612903 0.9538461538461539 0.027419354838709678 0.05128205128205128
0 0.14193548387096774 0.5871794871794872 0.027419354838709678 0.05128205128205128
0 0.6596774193548387 0.17435897435897435 0.00967741935483871 0.017948717948717947
0 0.5903225806451613 0.13333333333333333 0.00967741935483871 0.017948717948717947
0 0.38225806451612904 0.2846153846153846 0.01935483870967742 0.038461538461538464
0 0.3870967741935484 0.21794871794871795 0.00967741935483871 0.017948717948717947
0 0.35161290322580646 0.08461538461538462 0.00967741935483871 0.017948717948717947
0 0.3935483870967742 0.5 0.01935483870967742 0.038461538461538464
0 0.17258064516129032 0.08717948717948718 0.00967741935483871 0.017948717948717947
0 0.12258064516129032 0.3282051282051282 0.01935483870967742 0.038461538461538464
0 0.5709677419354838 0.07948717948717948 0.00967741935483871 0.017948717948717947
0 0.7370967741935484 0.2230769230769231 0.00967741935483871 0.017948717948717947
