0 0.2029320987654321 0.18132716049382716 0.013117283950617283 0.023148148148148147
0 0.05092592592592592 0.35146604938271603 0.01954732510288066 0.03819444444444445
0 0.08281893004115226 0.5794753086419753 0.02109053497942387 0.036265432098765434
0 0.49151234567901236 0.8900462962962963 0.0257201646090535 0.04128086419753087
0 0.35262345679012347 0.5582561728395061 0.02109053497942387 0.036265432098765434
0 0.8721707818930041 0.7731481481481481 0.0257201646090535 0.04128086419753087
0 0.4632201646090535 0.1427469135802469 0.013117283950617283 0.023148148148148147
0 0.17978395061728394 0.4371141975308642 0.01954732510288066 0.03819444444444445
0 0.41795267489711935 0.08487654320987655 0.012345679012345678 0.020061728395061727
0 0.17335390946502058 0.2631172839506173 0.013117283950617283 0.023148148148148147
0 0.18106995884773663 0.6130401234567902 0.02109053497942387 0.036265432098765434
0 0.002829218106995885 0.36612654320987653 0.01954732510288066 0.03819444444444445
0 0.35262345679012347 0.8885030864197531 0.0257201646090535 0.04128086419753087
0 0.7227366255144033 0.11226851851851852 0.013117283950617283 0.023148148148148147
0 0.7448559670781894 0.0023148148148148147 0.012345679012345678 0.020061728395061727
0 0.8950617283950617 0.5875771604938271 0.02109053497942387 0.036265432098765434
0 0.4714506172839506 0.7268518518518519 0.0257201646090535 0.04128086419753087
0 0.3045267489711934 0.006558641975308642 0.012345679012345678 0.020061728395061727
0 0.9863683127572016 0.22878086419753085 0.013117283950617283 0.023148148148148147
0 0.08539094650205761 0.3923611111111111 0.01954732510288066 0.03819444444444445
0 0.07561728395061729 0.3001543209876543 0.01954732510288066 0.03819444444444445
0 0.2960390946502058 0.35262345679012347 0.01954732510288066 0.03819444444444445
0 0.8181584362139918 0.8244598765432098 0.0257201646090535 0.04128086419753087
0 0.36728395061728397 0.7530864197530864 0.0257201646090535 0.04128086419753087
0 0.01594650205761317 0.3402777777777778 0.01954732510288066 0.03819444444444445
0 0.5684156378600823 0.13464506172839505 0.013117283950617283 0.023148148148148147
0 0.7860082304526749 0.5540123456790124 0.02109053497942387 0.036265432098765434
0 0.4156378600823045 0.2503858024691358 0.013117283950617283 0.023148148148148147
0 0.10159465020576132 0.6971450617283951 0.02109053497942387 0.036265432098765434
0 0.2811213991769547 0.1863425925925926 0.013117283950617283 0.023148148148148147
0 0.24511316872427982 0.34066358024691357 0.01954732510288066 0.03819444444444445
0 0.13400205761316872 0.3603395061728395 0.01954732510288066 0.03819444444444445
0 0.7641460905349794 0.5543981481481481 0.02109053497942387 0.036265432098765434
0 0.9151234567901234 0.5536265432098766 0.02109053497942387 0.036265432098765434
0 0.7409979423868313 0.6898148148148148 0.02109053497942387 0.036265432098765434
0 0.06610082304526749 0.2631172839506173 0.013117283950617283 0.023148148148148147
0 0.19753086419753085 0.5733024691358025 0.02109053497942387 0.036265432098765434
0 0.10030864197530864 0.38348765432098764 0.01954732510288066 0.03819444444444445
0 0.4611625514403292 0.4691358024691358 0.01954732510288066 0.03819444444444445
0 0.6293724279835391 0.7183641975308642 0.0257201646090535 0.04128086419753087
0 0.03960905349794239 0.5131172839506173 0.02109053497942387 0.036265432098765434
0 0.2080761316872428 0.2017746913580247 0.013117283950617283 0.023148148148148147
0 0.49434156378600824 0.1427469135802469 0.013117283950617283 0.023148148148148147
0 0.7407407407407407 0.8314043209876543 0.0257201646090535 0.04128086419753087
0 0.7250514403292181 0.7241512345679012 0.0257201646090535 0.04128086419753087
0 0.17644032921810698 0.7280092592592593 0.0257201646090535 0.04128086419753087
0 0.18852880658436214 0.12885802469135801 0.013117283950617283 0.023148148148148147
0 0.4045781893004115 0.5324074074074074 0.02109053497942387 0.036265432098765434
0 0.06275720164609054 0.20023148148148148 0.013117283950617283 0.023148148148148147
0 0.7060185185185185 0.8672839506172839 0.0257201646090535 0.04128086419753087
0 0.886059670781893 0.6531635802469136 0.02109053497942387 0.036265432098765434
0 0.23482510288065844 0.29205246913580246 0.01954732510288066 0.03819444444444445
0 0.2191358024691358 0.2527006172839506 0.013117283950617283 0.023148148148148147
0 0.8515946502057613 0.8491512345679012 0.0257201646090535 0.04128086419753087
0 0.8546810699588477 0.6755401234567902 0.02109053497942387 0.036265432098765434
0 0.4071502057613169 0.6431327160493827 0.02109053497942387 0.036265432098765434
0 0.926954732510288 0.02854938271604938 0.012345679012345678 0.020061728395061727
0 0.6213991769547325 0.6558641975308642 0.02109053497942387 0.036265432098765434
0 0.6422325102880658 0.5625 0.02109053497942387 0.036265432098765434
0 0.002829218106995885 0.5034722222222222 0.0205761316872428 0.03665123456790124
0 0.717335390946502 0.16319444444444445 0.013117283950617283 0.023148148148148147
0 0.786522633744856 0.7029320987654321 0.02109053497942387 0.036265432098765434
0 0.2718621399176955 0.27353395061728397 0.01954732510288066 0.03819444444444445
0 0.32536008230452673 0.12924382716049382 0.013117283950617283 0.023148148148148147
0 0.602880658436214 0.48032407407407407 0.01954732510288066 0.03819444444444445
0 0.49022633744855965 0.024691358024691357 0.012345679012345678 0.020061728395061727
0 0.5056584362139918 0.8225308641975309 0.0257201646090535 0.04128086419753087
0 0.7872942386831275 0.16473765432098766 0.013117283950617283 0.023148148148148147
0 0.63940329218107 0.14891975308641975 0.013117283950617283 0.023148148148148147
0 0.2646604938271605 0.10069444444444445 0.012345679012345678 0.020061728395061727
0 0.9735082304526749 0.71875 0.0257201646090535 0.04128086419753087
0 0.3281893004115226 0.18287037037037038 0.013117283950617283 0.023148148148148147
0 0.297582304526749 0.33526234567901236 0.01954732510288066 0.03819444444444445
0 0.885545267489712 0.07677469135802469 0.012345679012345678 0.020061728395061727
0 0.8433641975308642 0.19791666666666666 0.013117283950617283 0.023148148148148147
0 0.24948559670781892 0.6620370370370371 0.02109053497942387 0.036265432098765434
0 0.0727880658436214 0.15817901234567902 0.013117283950617283 0.023148148148148147
0 0.48996913580246915 0.18055555555555555 0.013117283950617283 0.023148148148148147
0 0.34850823045267487 0.4417438271604938 0.01954732510288066 0.03819444444444445
0 0.38271604938271603 0.3576388888888889 0.01954732510288066 0.03819444444444445
0 0.11239711934156378 0.6365740740740741 0.02109053497942387 0.036265432098765434
0 0.6180555555555556 0.8765432098765432 0.0257201646090535 0.04128086419753087
0 0.060699588477366256 0.13580246913580246 0.013117283950617283 0.023148148148148147
0 0.7430555555555556 0.044753086419753084 0.012345679012345678 0.020061728395061727
0 0.143261316872428 0.3773148148148148 0.01954732510288066 0.03819444444444445
0 0.01594650205761317 0.2638888888888889 0.013117283950617283 0.023148148148148147
0 0.2361111111111111 0.22723765432098766 0.013117283950617283 0.023148148148148147
0 0.6944444444444444 0.1111111111111111 0.013117283950617283 0.023148148148148147
0 0.21707818930041153 0.6577932098765432 0.02109053497942387 0.036265432098765434
0 0.3631687242798354 0.376929012345679 0.01954732510288066 0.03819444444444445
0 0.6736111111111112 0.6091820987654321 0.02109053497942387 0.036265432098765434
0 0.2970679012345679 0.47608024691358025 0.01954732510288066 0.03819444444444445
0 0.2716049382716049 0.5196759259259259 0.02109053497942387 0.036265432098765434
0 0.02700617283950617 0.18479938271604937 0.013117283950617283 0.023148148148148147
0 0.1697530864197531 0.02816358024691358 0.012345679012345678 0.020061728395061727
0 0.481738683127572 0.30092592592592593 0.01954732510288066 0.03819444444444445
0 0.5370370370370371 0.06365740740740741 0.012345679012345678 0.020061728395061727
0 0.38503086419753085 0.17476851851851852 0.013117283950617283 0.023148148148148147
0 0.3194444444444444 0.19830246913580246 0.013117283950617283 0.023148148148148147
0 0.8837448559670782 0.7195216049382716 0.0257201646090535 0.04128086419753087
0 0.5100308641975309 0.1091820987654321 0.013117283950617283 0.023148148148148147
0 0.569701646090535 0.11033950617283951 0.013117283950617283 0.023148148148148147
0 0.6628086419753086 0.6936728395061729 0.02109053497942387 0.036265432098765434
0 0.3392489711934156 0.11882716049382716 0.013117283950617283 0.023148148148148147
0 0.7520576131687243 0.12770061728395063 0.013117283950617283 0.023148148148148147
0 0.11522633744855967 0.7704475308641975 0.0257201646090535 0.04128086419753087
0 0.2726337448559671 0.17939814814814814 0.013117283950617283 0.023148148148148147
0 0.856224279835391 0.7766203703703703 0.0257201646090535 0.04128086419753087
0 0.6152263374485597 0.9938271604938271 0.0257201646090535 0.04128086419753087
0 0.2523148148148148 0.36651234567901236 0.01954732510288066 0.03819444444444445
0 0.06044238683127572 0.32098765432098764 0.01954732510288066 0.03819444444444445
0 0.31790123456790126 0.17939814814814814 0.013117283950617283 0.023148148148148147
0 0.4022633744855967 0.9398148148148148 0.0257201646090535 0.04128086419753087
0 0.933641975308642 0.8240740740740741 0.0257201646090535 0.04128086419753087
0 0.8500514403292181 0.5995370370370371 0.02109053497942387 0.036265432098765434
0 0.020833333333333332 0.2322530864197531 0.013117283950617283 0.023148148148148147
0 0.408179012345679 0.8449074074074074 0.0257201646090535 0.04128086419753087
0 0.07407407407407407 0.3279320987654321 0.01954732510288066 0.03819444444444445
0 0.9452160493827161 0.6817129629629629 0.02109053497942387 0.036265432098765434
0 0.5102880658436214 0.685570987654321 0.02109053497942387 0.036265432098765434
0 0.7127057613168725 0.5625 0.02109053497942387 0.036265432098765434
0 0.8251028806584362 0.05632716049382716 0.012345679012345678 0.020061728395061727
0 0.41538065843621397 0.12924382716049382 0.013117283950617283 0.023148148148148147
0 0.11291152263374486 0.07060185185185185 0.012345679012345678 0.020061728395061727
0 0.8968621399176955 0.6967592592592593 0.02109053497942387 0.036265432098765434
0 0.9501028806584362 0.6408179012345679 0.02109053497942387 0.036265432098765434
0 0.23045267489711935 0.8186728395061729 0.0257201646090535 0.04128086419753087
0 0.21502057613168724 0.6087962962962963 0.02109053497942387 0.036265432098765434
0 0.2713477366255144 0.4131944444444444 0.01954732510288066 0.03819444444444445
0 0.3029835390946502 0.30864197530864196 0.01954732510288066 0.03819444444444445
0 0.1095679012345679 0.22685185185185186 0.013117283950617283 0.023148148148148147
0 0.9845679012345679 0.15895061728395063 0.013117283950617283 0.023148148148148147
0 0.05889917695473251 0.5030864197530864 0.01954732510288066 0.03819444444444445
0 0.5372942386831275 0.11342592592592593 0.013117283950617283 0.023148148148148147
0 0.4074074074074074 0.14351851851851852 0.013117283950617283 0.023148148148148147
0 0.49459876543209874 0.4479166666666667 0.01954732510288066 0.03819444444444445
0 0.25771604938271603 0.2646604938271605 0.013117283950617283 0.023148148148148147
0 0.5318930041152263 0.015817901234567902 0.012345679012345678 0.020061728395061727
0 0.2667181069958848 0.6153549382716049 0.02109053497942387 0.036265432098765434
0 0.7049897119341564 0.03433641975308642 0.012345679012345678 0.020061728395061727
0 0.852366255144033 0.8159722222222222 0.0257201646090535 0.04128086419753087
0 0.22582304526748972 0.08410493827160494 0.012345679012345678 0.020061728395061727
0 0.8369341563786008 0.006172839506172839 0.012345679012345678 0.020061728395061727
0 0.7685185185185185 0.9293981481481481 0.0257201646090535 0.04128086419753087
0 0.664866255144033 0.15046296296296297 0.013117283950617283 0.023148148148148147
0 0.8330761316872428 0.03125 0.012345679012345678 0.020061728395061727
0 0.3088991769547325 0.5582561728395061 0.02109053497942387 0.036265432098765434
0 0.470679012345679 0.1400462962962963 0.013117283950617283 0.023148148148148147
0 0.09362139917695474 0.005015432098765432 0.012345679012345678 0.020061728395061727
0 0.1610082304526749 0.0798611111111111 0.012345679012345678 0.020061728395061727
0 0.049639917695473254 0.8908179012345679 0.0257201646090535 0.04128086419753087
0 0.9295267489711934 0.1743827160493827 0.013117283950617283 0.023148148148148147
0 0.0102880658436214 0.5547839506172839 0.02109053497942387 0.036265432098765434
0 0.15895061728395063 0.1743827160493827 0.013117283950617283 0.023148148148148147
0 0.3402777777777778 0.9513888888888888 0.0257201646090535 0.04128086419753087
0 0.5594135802469136 0.16087962962962962 0.013117283950617283 0.023148148148148147
0 0.5655864197530864 0.7411265432098766 0.0257201646090535 0.04128086419753087
0 0.5478395061728395 0.1705246913580247 0.013117283950617283 0.023148148148148147
0 0.5938786008230452 0.2511574074074074 0.013117283950617283 0.023148148148148147
0 0.5061728395061729 0.527391975308642 0.02109053497942387 0.036265432098765434
0 0.5460390946502057 0.6304012345679012 0.02109053497942387 0.036265432098765434
0 0.3917181069958848 0.8715277777777778 0.0257201646090535 0.04128086419753087
0 0.2708333333333333 0.4047067901234568 0.01954732510288066 0.03819444444444445
0 0.422582304526749 0.689429012345679 0.02109053497942387 0.036265432098765434
0 0.23482510288065844 0.49614197530864196 0.01954732510288066 0.03819444444444445
0 0.7934670781893004 0.2037037037037037 0.013117283950617283 0.023148148148148147
0 0.4825102880658436 0.8630401234567902 0.0257201646090535 0.04128086419753087
0 0.8114711934156379 0.17631172839506173 0.013117283950617283 0.023148148148148147
0 0.5025720164609053 0.47685185185185186 0.01954732510288066 0.03819444444444445
0 0.10159465020576132 0.25462962962962965 0.013117283950617283 0.023148148148148147
0 0.16358024691358025 0.6998456790123457 0.02109053497942387 0.036265432098765434
0 0.09670781893004116 0.21643518518518517 0.013117283950617283 0.023148148148148147
0 0.1558641975308642 0.39737654320987653 0.01954732510288066 0.03819444444444445
0 0.37551440329218105 0.5655864197530864 0.02109053497942387 0.036265432098765434
0 0.09722222222222222 0.15123456790123457 0.013117283950617283 0.023148148148148147
0 0.551440329218107 0.9058641975308642 0.0257201646090535 0.04128086419753087
0 0.6808127572016461 0.061342592592592594 0.012345679012345678 0.020061728395061727
0 0.8611111111111112 0.4220679012345679 0.01954732510288066 0.03819444444444445
0 0.5282921810699589 0.1385030864197531 0.013117283950617283 0.023148148148148147
0 0.7615740740740741 0.7191358024691358 0.0257201646090535 0.04128086419753087
0 0.3809156378600823 0.2183641975308642 0.013117283950617283 0.023148148148148147
0 0.21630658436213993 0.39891975308641975 0.01954732510288066 0.03819444444444445
0 0.165380658436214 0.24498456790123457 0.013117283950617283 0.023148148148148147
0 0.20730452674897118 0.29050925925925924 0.01954732510288066 0.03819444444444445
0 0.35802469135802467 0.03780864197530864 0.012345679012345678 0.020061728395061727
0 0.31790123456790126 0.25308641975308643 0.013117283950617283 0.023148148148148147
0 0.1419753086419753 0.13117283950617284 0.013117283950617283 0.023148148148148147
0 0.9920267489711934 0.18981481481481483 0.013117283950617283 0.023148148148148147
0 0.015689300411522635 0.1550925925925926 0.013117283950617283 0.023148148148148147
0 0.1381172839506173 0.279320987654321 0.01954732510288066 0.03819444444444445
0 0.29372427983539096 0.22800925925925927 0.013117283950617283 0.023148148148148147
0 0.7844650205761317 0.8032407407407407 0.0257201646090535 0.04128086419753087
0 0.22685185185185186 0.5162037037037037 0.02109053497942387 0.036265432098765434
0 0.6671810699588477 0.03587962962962963 0.012345679012345678 0.020061728395061727
0 0.6900720164609053 0.7438271604938271 0.0257201646090535 0.04128086419753087
0 0.5192901234567902 0.9471450617283951 0.0257201646090535 0.04128086419753087
0 0.9284979423868313 0.5516975308641975 0.02109053497942387 0.036265432098765434
0 0.657664609053498 0.5466820987654321 0.02109053497942387 0.036265432098765434
0 0.6280864197530864 0.7924382716049383 0.0257201646090535 0.04128086419753087
0 0.12242798353909465 0.003472222222222222 0.012345679012345678 0.020061728395061727
0 0.27752057613168724 0.29475308641975306 0.01954732510288066 0.03819444444444445
0 0.35108024691358025 0.17708333333333334 0.013117283950617283 0.023148148148148147
0 0.8927469135802469 0.15895061728395063 0.013117283950617283 0.023148148148148147
0 0.3680555555555556 0.1701388888888889 0.013117283950617283 0.023148148148148147
0 0.05915637860082305 0.2932098765432099 0.01954732510288066 0.03819444444444445
0 0.023919753086419752 0.20640432098765432 0.013117283950617283 0.023148148148148147
0 0.1743827160493827 0.06905864197530864 0.012345679012345678 0.020061728395061727
0 0.3289609053497942 0.7160493827160493 0.0257201646090535 0.04128086419753087
0 0.5820473251028807 0.006558641975308642 0.012345679012345678 0.020061728395061727
0 0.6273148148148148 0.06983024691358025 0.012345679012345678 0.020061728395061727
0 0.4920267489711934 0.5794753086419753 0.02109053497942387 0.036265432098765434
0 0.5344650205761317 0.12885802469135801 0.013117283950617283 0.023148148148148147
0 0.772119341563786 0.030478395061728395 0.012345679012345678 0.020061728395061727
0 0.5843621399176955 0.5883487654320988 0.02109053497942387 0.036265432098765434
0 0.32844650205761317 0.8159722222222222 0.0257201646090535 0.04128086419753087
0 0.22376543209876543 0.7137345679012346 0.0257201646090535 0.04128086419753087
0 0.005401234567901234 0.6431327160493827 0.02109053497942387 0.036265432098765434
0 0.9830246913580247 0.010030864197530864 0.012602880658436214 0.021604938271604937
0 0.12988683127572018 0.2820216049382716 0.01954732510288066 0.03819444444444445
0 0.2962962962962963 0.2496141975308642 0.013117283950617283 0.023148148148148147
0 0.10313786008230452 0.7449845679012346 0.0257201646090535 0.04128086419753087
0 0.1044238683127572 0.19984567901234568 0.013117283950617283 0.023148148148148147
0 0.09773662551440329 0.09529320987654322 0.012345679012345678 0.020061728395061727
0 0.12885802469135801 0.09143518518518519 0.012345679012345678 0.020061728395061727
0 0.2080761316872428 0.22376543209876543 0.013117283950617283 0.023148148148148147
0 0.43724279835390945 0.5941358024691358 0.02109053497942387 0.036265432098765434
0 0.05838477366255144 0.21296296296296297 0.013117283950617283 0.023148148148148147
0 0.20756172839506173 0.2496141975308642 0.013117283950617283 0.023148148148148147
0 0.6597222222222222 0.6670524691358025 0.02109053497942387 0.036265432098765434
0 0.34002057613168724 0.005015432098765432 0.012345679012345678 0.020061728395061727
0 0.9665637860082305 0.21296296296296297 0.013117283950617283 0.023148148148148147
0 0.2006172839506173 0.32523148148148145 0.01954732510288066 0.03819444444444445
0 0.7754629629629629 0.013888888888888888 0.012345679012345678 0.020061728395061727
0 0.7219650205761317 0.9220679012345679 0.0257201646090535 0.04128086419753087
0 0.6170267489711934 0.7445987654320988 0.0257201646090535 0.04128086419753087
0 0.13786008230452676 0.36574074074074076 0.01954732510288066 0.03819444444444445
0 0.17695473251028807 0.6624228395061729 0.02109053497942387 0.036265432098765434
0 0.04038065843621399 0.8591820987654321 0.0257201646090535 0.04128086419753087
0 0.6013374485596708 0.7260802469135802 0.0257201646090535 0.04128086419753087
0 0.24511316872427982 0.5108024691358025 0.02109053497942387 0.036265432098765434
0 0.1558641975308642 0.24768518518518517 0.013117283950617283 0.023148148148148147
0 0.268261316872428 0.11882716049382716 0.013117283950617283 0.023148148148148147
0 0.5236625514403292 0.5096450617283951 0.01954732510288066 0.03819444444444445
0 0.022890946502057613 0.4347993827160494 0.01954732510288066 0.03819444444444445
0 0.9475308641975309 0.18595679012345678 0.013117283950617283 0.023148148148148147
0 0.4212962962962963 0.22685185185185186 0.013117283950617283 0.023148148148148147
0 0.06095679012345679 0.8244598765432098 0.0257201646090535 0.04128086419753087
0 0.3433641975308642 0.7492283950617284 0.0257201646090535 0.04128086419753087
0 0.7080761316872428 0.11381172839506173 0.013117283950617283 0.023148148148148147
0 0.9969135802469136 0.16589506172839505 0.013117283950617283 0.023148148148148147
0 0.39609053497942387 0.3993055555555556 0.01954732510288066 0.03819444444444445
0 0.14737654320987653 0.13773148148148148 0.013117283950617283 0.023148148148148147
0 0.9930555555555556 0.7268518518518519 0.023405349794238684 0.038580246913580245
0 0.13708847736625515 0.847608024691358 0.0257201646090535 0.04128086419753087
0 0.7289094650205762 0.9506172839506173 0.0257201646090535 0.04128086419753087
0 0.8768004115226338 0.0933641975308642 0.012345679012345678 0.020061728395061727
0 0.4781378600823045 0.17746913580246915 0.013117283950617283 0.023148148148148147
0 0.13297325102880658 0.4278549382716049 0.01954732510288066 0.03819444444444445
0 0.7934670781893004 0.5775462962962963 0.02109053497942387 0.036265432098765434
0 0.09207818930041152 0.23881172839506173 0.013117283950617283 0.023148148148148147
0 0.3536522633744856 0.5324074074074074 0.02109053497942387 0.036265432098765434
0 0.28420781893004116 0.3128858024691358 0.01954732510288066 0.03819444444444445
0 0.22839506172839505 0.10339506172839506 0.012345679012345678 0.020061728395061727
0 0.4184670781893004 0.5015432098765432 0.01954732510288066 0.03819444444444445
0 0.4619341563786008 0.16165123456790123 0.013117283950617283 0.023148148148148147
0 0.6273148148148148 0.03742283950617284 0.012345679012345678 0.020061728395061727
0 0.3984053497942387 0.6188271604938271 0.02109053497942387 0.036265432098765434
0 0.7013888888888888 0.654320987654321 0.02109053497942387 0.036265432098765434
0 0.710133744855967 0.7746913580246914 0.0257201646090535 0.04128086419753087
0 0.2970679012345679 0.37962962962962965 0.01954732510288066 0.03819444444444445
0 0.6406893004115226 0.5987654320987654 0.02109053497942387 0.036265432098765434
0 0.5905349794238683 0.6091820987654321 0.02109053497942387 0.036265432098765434
0 0.7142489711934157 0.9934413580246914 0.0257201646090535 0.04128086419753087
0 0.6463477366255144 0.057484567901234566 0.012345679012345678 0.020061728395061727
0 0.9382716049382716 0.10609567901234568 0.013117283950617283 0.023148148148148147
0 0.8258744855967078 0.503858024691358 0.01954732510288066 0.03819444444444445
0 0.6517489711934157 0.810570987654321 0.0257201646090535 0.04128086419753087
0 0.32073045267489714 0.49421296296296297 0.01954732510288066 0.03819444444444445
0 0.006687242798353909 0.3603395061728395 0.01954732510288066 0.03819444444444445
0 0.06018518518518518 0.4861111111111111 0.01954732510288066 0.03819444444444445
0 0.8948045267489712 0.6261574074074074 0.02109053497942387 0.036265432098765434
0 0.026491769547325104 0.3271604938271605 0.01954732510288066 0.03819444444444445
0 0.05709876543209876 0.42669753086419754 0.01954732510288066 0.03819444444444445
0 0.38143004115226337 0.5922067901234568 0.02109053497942387 0.036265432098765434
0 0.7430555555555556 0.9922839506172839 0.0257201646090535 0.04128086419753087
0 0.39017489711934156 0.26157407407407407 0.013117283950617283 0.023148148148148147
0 0.6059670781893004 0.04552469135802469 0.012345679012345678 0.020061728395061727
0 0.2854938271604938 0.8020833333333334 0.0257201646090535 0.04128086419753087
0 0.9598765432098766 0.5910493827160493 0.02109053497942387 0.036265432098765434
0 0.08590534979423868 0.09182098765432099 0.012345679012345678 0.020061728395061727
0 0.709619341563786 0.5181327160493827 0.02109053497942387 0.036265432098765434
0 0.06507201646090535 0.6361882716049383 0.02109053497942387 0.036265432098765434
0 0.7191358024691358 0.052083333333333336 0.012345679012345678 0.020061728395061727
0 0.664866255144033 0.056712962962962965 0.012345679012345678 0.020061728395061727
0 0.4488168724279835 0.20949074074074073 0.013117283950617283 0.023148148148148147
0 0.7602880658436214 0.7453703703703703 0.0257201646090535 0.04128086419753087
0 0.6949588477366255 0.5821759259259259 0.02109053497942387 0.036265432098765434
0 0.43930041152263377 0.9467592592592593 0.0257201646090535 0.04128086419753087
0 0.0257201646090535 0.4097222222222222 0.01954732510288066 0.03819444444444445
0 0.3505658436213992 0.21219135802469136 0.013117283950617283 0.023148148148148147
0 0.051440329218107 0.7110339506172839 0.0257201646090535 0.04128086419753087
0 0.05375514403292181 0.40084876543209874 0.01954732510288066 0.03819444444444445
0 0.01903292181069959 0.28780864197530864 0.01954732510288066 0.03819444444444445
0 0.9326131687242798 0.6458333333333334 0.02109053497942387 0.036265432098765434
0 0.43106995884773663 0.5628858024691358 0.02109053497942387 0.036265432098765434
0 0.4984567901234568 0.08680555555555555 0.012345679012345678 0.020061728395061727
0 0.6563786008230452 0.11381172839506173 0.013117283950617283 0.023148148148148147
0 0.13271604938271606 0.2318672839506173 0.013117283950617283 0.023148148148148147
0 0.8297325102880658 0.7040895061728395 0.023405349794238684 0.038580246913580245
0 0.37191358024691357 0.007716049382716049 0.012345679012345678 0.020061728395061727
0 0.7592592592592593 0.03279320987654321 0.012345679012345678 0.020061728395061727
0 0.3446502057613169 0.18325617283950618 0.013117283950617283 0.023148148148148147
0 0.8942901234567902 0.6041666666666666 0.02109053497942387 0.036265432098765434
0 0.9107510288065843 0.09143518518518519 0.012345679012345678 0.020061728395061727
0 0.01131687242798354 0.5227623456790124 0.02109053497942387 0.036265432098765434
0 0.26157407407407407 0.006558641975308642 0.012345679012345678 0.020061728395061727
0 0.08384773662551441 0.25848765432098764 0.013117283950617283 0.023148148148148147
0 0.30246913580246915 0.40007716049382713 0.01954732510288066 0.03819444444444445
0 0.00977366255144033 0.22955246913580246 0.013117283950617283 0.023148148148148147
0 0.7253086419753086 0.6446759259259259 0.02109053497942387 0.036265432098765434
0 0.3212448559670782 0.5428240740740741 0.02109053497942387 0.036265432098765434
0 0.09104938271604938 0.41165123456790126 0.01954732510288066 0.03819444444444445
0 0.15354938271604937 0.9907407407407407 0.0257201646090535 0.04128086419753087
0 0.9981995884773662 0.5324074074074074 0.02109053497942387 0.036265432098765434
0 0.04038065843621399 0.015817901234567902 0.012345679012345678 0.020833333333333332
0 0.698045267489712 0.09490740740740741 0.012345679012345678 0.020061728395061727
0 0.614454732510288 0.004243827160493827 0.012345679012345678 0.020061728395061727
0 0.9886831275720165 0.6604938271604939 0.022119341563786008 0.03742283950617284
0 0.23405349794238683 0.16820987654320987 0.013117283950617283 0.023148148148148147
0 0.043467078189300415 0.1558641975308642 0.013117283950617283 0.023148148148148147
0 0.9135802469135802 0.10841049382716049 0.013117283950617283 0.023148148148148147
0 0.41949588477366256 0.11496913580246913 0.013117283950617283 0.023148148148148147
0 0.45987654320987653 0.07600308641975309 0.012345679012345678 0.020061728395061727
0 0.18261316872427982 0.5555555555555556 0.02109053497942387 0.036265432098765434
0 0.9976851851851852 0.8557098765432098 0.0257201646090535 0.04128086419753087
0 0.15354938271604937 0.4714506172839506 0.01954732510288066 0.03819444444444445
0 0.9717078189300411 0.5223765432098766 0.02109053497942387 0.036265432098765434
0 0.5007716049382716 0.5459104938271605 0.02109053497942387 0.036265432098765434
0 0.2345679012345679 0.9945987654320988 0.0257201646090535 0.04128086419753087
0 0.09747942386831275 0.36419753086419754 0.01954732510288066 0.03819444444444445
0 0.27906378600823045 0.7241512345679012 0.0257201646090535 0.04128086419753087
0 0.3065843621399177 0.8838734567901234 0.0257201646090535 0.04128086419753087
0 0.3001543209876543 0.09529320987654322 0.012345679012345678 0.020061728395061727
0 0.11856995884773662 0.2040895061728395 0.013117283950617283 0.023148148148148147
0 0.23019547325102882 0.41705246913580246 0.01954732510288066 0.03819444444444445
0 0.757201646090535 0.6415895061728395 0.02109053497942387 0.036265432098765434
0 0.4837962962962963 0.7341820987654321 0.0257201646090535 0.04128086419753087
0 0.551954732510288 0.14467592592592593 0.013117283950617283 0.023148148148148147
0 0.20318930041152264 0.02816358024691358 0.012345679012345678 0.020061728395061727
0 0.9305555555555556 0.6948302469135802 0.02109053497942387 0.036265432098765434
0 0.48842592592592593 0.5486111111111112 0.02109053497942387 0.036265432098765434
0 0.7489711934156379 0.7785493827160493 0.0257201646090535 0.04128086419753087
0 0.6051954732510288 0.8287037037037037 0.0257201646090535 0.04128086419753087
0 0.9727366255144033 0.7754629629629629 0.0257201646090535 0.04128086419753087
0 0.4809670781893004 0.47183641975308643 0.01954732510288066 0.03819444444444445
0 0.4403292181069959 0.2040895061728395 0.013117283950617283 0.023148148148148147
0 0.6751543209876543 0.15393518518518517 0.013117283950617283 0.023148148148148147
0 0.36059670781893005 0.33912037037037035 0.01954732510288066 0.03819444444444445
0 0.5506687242798354 0.660108024691358 0.02109053497942387 0.036265432098765434
0 0.09953703703703703 0.18904320987654322 0.013117283950617283 0.023148148148148147
0 0.7160493827160493 0.07523148148148148 0.012345679012345678 0.020061728395061727
0 0.19418724279835392 0.3464506172839506 0.01954732510288066 0.03819444444444445
0 0.15560699588477367 0.2021604938271605 0.013117283950617283 0.023148148148148147
0 0.4714506172839506 0.08796296296296297 0.012345679012345678 0.020061728395061727
0 0.5177469135802469 0.17631172839506173 0.013117283950617283 0.023148148148148147
0 0.5866769547325102 0.5246913580246914 0.02109053497942387 0.036265432098765434
0 0.13580246913580246 0.6670524691358025 0.02109053497942387 0.036265432098765434
0 0.14609053497942387 0.5779320987654321 0.02109053497942387 0.036265432098765434
0 0.588477366255144 0.09452160493827161 0.012345679012345678 0.020061728395061727
0 0.341820987654321 0.47492283950617287 0.01954732510288066 0.03819444444444445
0 0.38760288065843623 0.7685185185185185 0.0257201646090535 0.04128086419753087
0 0.7986111111111112 0.6222993827160493 0.02109053497942387 0.036265432098765434
0 0.08796296296296297 0.5424382716049383 0.02109053497942387 0.036265432098765434
0 0.37525720164609055 0.5073302469135802 0.01954732510288066 0.03819444444444445
0 0.746656378600823 0.5393518518518519 0.02109053497942387 0.036265432098765434
0 0.24794238683127573 0.2052469135802469 0.013117283950617283 0.023148148148148147
0 0.41872427983539096 0.025848765432098766 0.012345679012345678 0.020061728395061727
0 0.7376543209876543 0.5524691358024691 0.02109053497942387 0.036265432098765434
0 0.3963477366255144 0.04398148148148148 0.012345679012345678 0.020061728395061727
0 0.09079218106995884 0.32060185185185186 0.01954732510288066 0.03819444444444445
0 0.2662037037037037 0.5617283950617284 0.02109053497942387 0.036265432098765434
0 0.926440329218107 0.14467592592592593 0.013117283950617283 0.023148148148148147
0 0.30092592592592593 0.8537808641975309 0.0257201646090535 0.04128086419753087
0 0.9760802469135802 0.12654320987654322 0.013117283950617283 0.023148148148148147
0 0.5830761316872428 0.5108024691358025 0.02109053497942387 0.036265432098765434
0 0.7944958847736625 0.9826388888888888 0.0257201646090535 0.04128086419753087
0 0.5473251028806584 0.6006944444444444 0.02109053497942387 0.036265432098765434
0 0.5030864197530864 0.7507716049382716 0.0257201646090535 0.04128086419753087
0 0.2862654320987654 0.16010802469135801 0.013117283950617283 0.023148148148148147
0 0.9004629629629629 0.11496913580246913 0.013117283950617283 0.023148148148148147
0 0.36651234567901236 0.13233024691358025 0.013117283950617283 0.023148148148148147
0 0.49511316872427985 0.6998456790123457 0.02109053497942387 0.036265432098765434
0 0.4236111111111111 0.4660493827160494 0.01954732510288066 0.03819444444444445
0 0.6219135802469136 0.4880401234567901 0.01954732510288066 0.03819444444444445
0 0.22839506172839505 0.14969135802469136 0.013117283950617283 0.023148148148148147
0 0.4912551440329218 0.16165123456790123 0.013117283950617283 0.023148148148148147
0 0.9588477366255144 0.5416666666666666 0.02109053497942387 0.036265432098765434
0 0.6484053497942387 0.03587962962962963 0.012345679012345678 0.020061728395061727
0 0.011831275720164609 0.5987654320987654 0.02109053497942387 0.036265432098765434
0 0.9405864197530864 0.19753086419753085 0.013117283950617283 0.023148148148148147
0 0.11522633744855967 0.28587962962962965 0.01954732510288066 0.03819444444444445
0 0.09259259259259259 0.3074845679012346 0.01954732510288066 0.03819444444444445
0 0.5496399176954733 0.006558641975308642 0.012345679012345678 0.020061728395061727
0 0.5712448559670782 0.16049382716049382 0.013117283950617283 0.023148148148148147
0 0.1720679012345679 0.1701388888888889 0.013117283950617283 0.023148148148148147
0 0.15997942386831276 0.5162037037037037 0.02109053497942387 0.036265432098765434
0 0.7070473251028807 0.02044753086419753 0.012345679012345678 0.020061728395061727
0 0.2726337448559671 0.25 0.013117283950617283 0.023148148148148147
0 0.26414609053497945 0.16165123456790123 0.013117283950617283 0.023148148148148147
0 0.3392489711934156 0.31983024691358025 0.01954732510288066 0.03819444444444445
0 0.12371399176954732 0.5246913580246914 0.02109053497942387 0.036265432098765434
0 0.1756687242798354 0.2932098765432099 0.01954732510288066 0.03819444444444445
0 0.22530864197530864 0.06558641975308642 0.012345679012345678 0.020061728395061727
0 0.30324074074074076 0.5169753086419753 0.02109053497942387 0.036265432098765434
0 0.1337448559670782 0.5532407407407407 0.02109053497942387 0.036265432098765434
0 0.24099794238683128 0.6161265432098766 0.02109053497942387 0.036265432098765434
0 0.17849794238683128 0.22646604938271606 0.013117283950617283 0.023148148148148147
0 0.2829218106995885 0.6030092592592593 0.02109053497942387 0.036265432098765434
0 0.2726337448559671 0.49459876543209874 0.01954732510288066 0.03819444444444445
0 0.4256687242798354 0.06597222222222222 0.012345679012345678 0.020061728395061727
0 0.45961934156378603 0.6319444444444444 0.02109053497942387 0.036265432098765434
0 0.020318930041152265 0.6014660493827161 0.02109053497942387 0.036265432098765434
0 0.9344135802469136 0.07561728395061729 0.012345679012345678 0.020061728395061727
0 0.02880658436213992 0.7445987654320988 0.0257201646090535 0.04128086419753087
0 0.4220679012345679 0.41898148148148145 0.01954732510288066 0.03819444444444445
0 0.5090020576131687 0.14621913580246915 0.013117283950617283 0.023148148148148147
0 0.9933127572016461 0.04089506172839506 0.012602880658436214 0.021604938271604937
0 0.2101337448559671 0.9116512345679012 0.0257201646090535 0.04128086419753087
0 0.7816358024691358 0.5424382716049383 0.02109053497942387 0.036265432098765434
0 0.07458847736625514 0.4158950617283951 0.01954732510288066 0.03819444444444445
0 0.058127572016460904 0.5922067901234568 0.02109053497942387 0.036265432098765434
0 0.09002057613168725 0.4679783950617284 0.01954732510288066 0.03819444444444445
0 0.9279835390946503 0.7422839506172839 0.0257201646090535 0.04128086419753087
0 0.17644032921810698 0.7924382716049383 0.0257201646090535 0.04128086419753087
0 0.32175925925925924 0.6820987654320988 0.02109053497942387 0.036265432098765434
0 0.1345164609053498 0.46064814814814814 0.01954732510288066 0.03819444444444445
0 0.31815843621399176 0.21026234567901234 0.013117283950617283 0.023148148148148147
0 0.23996913580246915 0.5385802469135802 0.02109053497942387 0.036265432098765434
0 0.13580246913580246 0.8159722222222222 0.0257201646090535 0.04128086419753087
0 0.9403292181069959 0.11805555555555555 0.013117283950617283 0.023148148148148147
0 0.3757716049382716 0.10300925925925926 0.012345679012345678 0.020061728395061727
0 0.977880658436214 0.19328703703703703 0.013117283950617283 0.023148148148148147
0 0.33050411522633744 0.5740740740740741 0.02109053497942387 0.036265432098765434
0 0.00565843621399177 0.38271604938271603 0.01954732510288066 0.03819444444444445
0 0.050411522633744855 0.2542438271604938 0.013117283950617283 0.023148148148148147
0 0.1293724279835391 0.3244598765432099 0.01954732510288066 0.03819444444444445
0 0.297582304526749 0.21373456790123457 0.013117283950617283 0.023148148148148147
0 0.6646090534979424 0.06442901234567901 0.012345679012345678 0.020061728395061727
0 0.9030349794238683 0.19714506172839505 0.013117283950617283 0.023148148148148147
0 0.9704218106995884 0.9841820987654321 0.0257201646090535 0.04128086419753087
0 0.34516460905349794 0.5821759259259259 0.02109053497942387 0.036265432098765434
0 0.5866769547325102 0.13580246913580246 0.013117283950617283 0.023148148148148147
0 0.5182613168724279 0.4675925925925926 0.01954732510288066 0.03819444444444445
0 0.18904320987654322 0.25540123456790126 0.013117283950617283 0.023148148148148147
0 0.3161008230452675 0.06905864197530864 0.012345679012345678 0.020061728395061727
0 0.3245884773662551 0.22530864197530864 0.013117283950617283 0.023148148148148147
0 0.010802469135802469 0.5814043209876543 0.02109053497942387 0.036265432098765434
0 0.2836934156378601 0.6763117283950617 0.02109053497942387 0.036265432098765434
0 0.7260802469135802 0.5667438271604939 0.02109053497942387 0.036265432098765434
0 0.04861111111111111 0.527391975308642 0.02109053497942387 0.036265432098765434
0 0.9804526748971193 0.05131172839506173 0.012602880658436214 0.021604938271604937
0 0.6854423868312757 0.5837191358024691 0.02109053497942387 0.036265432098765434
0 0.25334362139917693 0.17939814814814814 0.013117283950617283 0.023148148148148147
0 0.5303497942386831 0.4363425925925926 0.01954732510288066 0.03819444444444445
0 0.03832304526748971 0.34683641975308643 0.01954732510288066 0.03819444444444445
0 0.31147119341563784 0.6157407407407407 0.02109053497942387 0.036265432098765434
0 0.27289094650205764 0.22183641975308643 0.013117283950617283 0.023148148148148147
0 0.3065843621399177 0.1574074074074074 0.013117283950617283 0.023148148148148147
0 0.11599794238683128 0.2611882716049383 0.013117283950617283 0.023148148148148147
0 0.25848765432098764 0.05709876543209876 0.012345679012345678 0.020061728395061727
0 0.8582818930041153 0.558641975308642 0.02109053497942387 0.036265432098765434
0 0.3011831275720165 0.41473765432098764 0.01954732510288066 0.03819444444444445
0 0.5982510288065843 0.7924382716049383 0.0257201646090535 0.04128086419753087
0 0.10725308641975309 0.4020061728395062 0.01954732510288066 0.03819444444444445
0 0.056584362139917695 0.6118827160493827 0.02109053497942387 0.036265432098765434
0 0.033950617283950615 0.44521604938271603 0.01954732510288066 0.03819444444444445
0 0.8744855967078189 0.5381944444444444 0.02109053497942387 0.036265432098765434
0 0.1183127572016461 0.5540123456790124 0.02109053497942387 0.036265432098765434
0 0.3315329218106996 0.4525462962962963 0.01954732510288066 0.03819444444444445
0 0.8978909465020576 0.6705246913580247 0.02109053497942387 0.036265432098765434
0 0.030864197530864196 0.9502314814814815 0.0257201646090535 0.04128086419753087
0 0.1831275720164609 0.36149691358024694 0.01954732510288066 0.03819444444444445
0 0.2741769547325103 0.13271604938271606 0.013117283950617283 0.023148148148148147
0 0.35288065843621397 0.621141975308642 0.02109053497942387 0.036265432098765434
0 0.9503600823045267 0.1716820987654321 0.013117283950617283 0.023148148148148147
0 0.08436213991769548 0.4826388888888889 0.01954732510288066 0.03819444444444445
0 0.4462448559670782 0.5493827160493827 0.02109053497942387 0.036265432098765434
0 0.004372427983539095 0.21141975308641975 0.013117283950617283 0.023148148148148147
0 0.23791152263374485 0.777391975308642 0.0257201646090535 0.04128086419753087
0 0.08436213991769548 0.5196759259259259 0.02109053497942387 0.036265432098765434
0 0.45961934156378603 0.6778549382716049 0.02109053497942387 0.036265432098765434
0 0.2286522633744856 0.31983024691358025 0.01954732510288066 0.03819444444444445
0 0.48225308641975306 0.7858796296296297 0.0257201646090535 0.04128086419753087
0 0.6697530864197531 0.9483024691358025 0.0257201646090535 0.04128086419753087
0 0.8387345679012346 0.6057098765432098 0.02109053497942387 0.036265432098765434
0 0.06944444444444445 0.45601851851851855 0.01954732510288066 0.03819444444444445
0 0.5686728395061729 0.44830246913580246 0.01954732510288066 0.03819444444444445
0 0.4359567901234568 0.7762345679012346 0.0257201646090535 0.04128086419753087
0 0.09259259259259259 0.7145061728395061 0.0257201646090535 0.04128086419753087
0 0.1882716049382716 0.27584876543209874 0.01954732510288066 0.03819444444444445
0 0.7736625514403292 0.6373456790123457 0.02109053497942387 0.036265432098765434
0 0.10853909465020577 0.33526234567901236 0.01954732510288066 0.03819444444444445
0 0.8464506172839507 0.7021604938271605 0.02109053497942387 0.036265432098765434
0 0.327417695473251 0.41087962962962965 0.01954732510288066 0.03819444444444445
0 0.5887345679012346 0.96875 0.0257201646090535 0.04128086419753087
0 0.30709876543209874 0.7608024691358025 0.0257201646090535 0.04128086419753087
0 0.4642489711934156 0.1095679012345679 0.013117283950617283 0.023148148148148147
0 0.04835390946502058 0.06944444444444445 0.012345679012345678 0.020061728395061727
0 0.5133744855967078 0.6539351851851852 0.02109053497942387 0.036265432098765434
0 0.8755144032921811 0.7415123456790124 0.0257201646090535 0.04128086419753087
0 0.19855967078189302 0.49074074074074076 0.01954732510288066 0.03819444444444445
0 0.6818415637860082 0.1246141975308642 0.013117283950617283 0.023148148148148147
0 0.6319444444444444 0.5054012345679012 0.01954732510288066 0.03819444444444445
0 0.6954732510288066 0.6932870370370371 0.02109053497942387 0.036265432098765434
0 0.209619341563786 0.3541666666666667 0.01954732510288066 0.03819444444444445
0 0.13914609053497942 0.9174382716049383 0.0257201646090535 0.04128086419753087
0 0.5969650205761317 0.16126543209876543 0.013117283950617283 0.023148148148148147
0 0.1558641975308642 0.16126543209876543 0.013117283950617283 0.023148148148148147
0 0.3058127572016461 0.6732253086419753 0.02109053497942387 0.036265432098765434
0 0.24871399176954734 0.466820987654321 0.01954732510288066 0.03819444444444445
0 0.3888888888888889 0.7330246913580247 0.0257201646090535 0.04128086419753087
0 0.26414609053497945 0.7337962962962963 0.0257201646090535 0.04128086419753087
0 0.2816358024691358 0.6392746913580247 0.02109053497942387 0.036265432098765434
0 0.03137860082304527 0.6948302469135802 0.02109053497942387 0.036265432098765434
0 0.36496913580246915 0.6635802469135802 0.02109053497942387 0.036265432098765434
0 0.03266460905349794 0.3005401234567901 0.01954732510288066 0.03819444444444445
0 0.8693415637860082 0.9251543209876543 0.0257201646090535 0.04128086419753087
0 0.9495884773662552 0.621141975308642 0.02109053497942387 0.036265432098765434
0 0.19290123456790123 0.15354938271604937 0.013117283950617283 0.023148148148148147
0 0.2456275720164609 0.4174382716049383 0.01954732510288066 0.03819444444444445
0 0.23328189300411523 0.4398148148148148 0.01954732510288066 0.03819444444444445
0 0.2366255144032922 0.3611111111111111 0.01954732510288066 0.03819444444444445
0 0.9158950617283951 0.17708333333333334 0.013117283950617283 0.023148148148148147
0 0.21965020576131689 0.16859567901234568 0.013117283950617283 0.023148148148148147
0 0.3713991769547325 0.2743055555555556 0.01954732510288066 0.03819444444444445
0 0.6808127572016461 0.5497685185185185 0.02109053497942387 0.036265432098765434
0 0.6183127572016461 0.4637345679012346 0.01954732510288066 0.03819444444444445
0 0.2844650205761317 0.21064814814814814 0.013117283950617283 0.023148148148148147
0 0.5041152263374485 0.6045524691358025 0.02109053497942387 0.036265432098765434
0 0.15792181069958847 0.30709876543209874 0.01954732510288066 0.03819444444444445
0 0.3976337448559671 0.37885802469135804 0.01954732510288066 0.03819444444444445
0 0.6134259259259259 0.16049382716049382 0.013117283950617283 0.023148148148148147
0 0.5406378600823045 0.14930555555555555 0.013117283950617283 0.023148148148148147
0 0.19830246913580246 0.375 0.01954732510288066 0.03819444444444445
0 0.6643518518518519 0.09606481481481481 0.012345679012345678 0.020061728395061727
0 0.6270576131687243 0.5806327160493827 0.02109053497942387 0.036265432098765434
0 0.8842592592592593 0.1716820987654321 0.013117283950617283 0.023148148148148147
0 0.4166666666666667 0.1566358024691358 0.013117283950617283 0.023148148148148147
0 0.12088477366255145 0.59375 0.02109053497942387 0.036265432098765434
0 0.1286008230452675 0.49344135802469136 0.01954732510288066 0.03819444444444445
0 0.25128600823045266 0.3117283950617284 0.01954732510288066 0.03819444444444445
0 0.7381687242798354 0.6222993827160493 0.02109053497942387 0.036265432098765434
0 0.24382716049382716 0.12384259259259259 0.013117283950617283 0.023148148148148147
0 0.03420781893004115 0.49266975308641975 0.01954732510288066 0.03819444444444445
0 0.4002057613168724 0.43364197530864196 0.01954732510288066 0.03819444444444445
0 0.5483539094650206 0.7557870370370371 0.0257201646090535 0.04128086419753087
0 0.2836934156378601 0.22839506172839505 0.013117283950617283 0.023148148148148147
0 0.03960905349794239 0.5991512345679012 0.02109053497942387 0.036265432098765434
0 0.13631687242798354 0.2175925925925926 0.013117283950617283 0.023148148148148147
0 0.45550411522633744 0.4332561728395062 0.01954732510288066 0.03819444444444445
0 0.5354938271604939 0.7384259259259259 0.0257201646090535 0.04128086419753087
0 0.033179012345679014 0.3966049382716049 0.01954732510288066 0.03819444444444445
0 0.40046296296296297 0.25540123456790126 0.013117283950617283 0.023148148148148147
0 0.02109053497942387 0.06095679012345679 0.01286008230452675 0.022376543209876542
0 0.38245884773662553 0.685570987654321 0.02109053497942387 0.036265432098765434
0 0.2361111111111111 0.8761574074074074 0.0257201646090535 0.04128086419753087
0 0.9457304526748971 0.009645061728395061 0.012345679012345678 0.020061728395061727
0 0.43930041152263377 0.6685956790123457 0.02109053497942387 0.036265432098765434
0 0.6756687242798354 0.10030864197530864 0.012345679012345678 0.020061728395061727
0 0.6368312757201646 0.6817129629629629 0.02109053497942387 0.036265432098765434
0 0.0030864197530864196 0.28587962962962965 0.017746913580246913 0.03433641975308642
0 0.9169238683127572 0.1396604938271605 0.013117283950617283 0.023148148148148147
0 0.9760802469135802 0.6346450617283951 0.02109053497942387 0.036265432098765434
0 0.16640946502057613 0.2191358024691358 0.013117283950617283 0.023148148148148147
0 0.5977366255144033 0.6458333333333334 0.02109053497942387 0.036265432098765434
0 0.8927469135802469 0.7777777777777778 0.0257201646090535 0.04128086419753087
0 0.007716049382716049 0.07716049382716049 0.013117283950617283 0.023148148148148147
0 0.8773148148148148 0.11844135802469136 0.013117283950617283 0.023148148148148147
0 0.18338477366255143 0.8217592592592593 0.0257201646090535 0.04128086419753087
0 0.4876543209876543 0.5115740740740741 0.02109053497942387 0.036265432098765434
0 0.43930041152263377 0.15123456790123457 0.013117283950617283 0.023148148148148147
0 0.44290123456790126 0.7561728395061729 0.0257201646090535 0.04128086419753087
0 0.2507716049382716 0.010030864197530864 0.012345679012345678 0.020061728395061727
0 0.032407407407407406 0.810570987654321 0.0257201646090535 0.04128086419753087
0 0.46039094650205764 0.4089506172839506 0.01954732510288066 0.03819444444444445
0 0.3148148148148148 0.13155864197530864 0.013117283950617283 0.023148148148148147
0 0.1514917695473251 0.00038580246913580245 0.012345679012345678 0.020061728395061727
0 0.6049382716049383 0.07175925925925926 0.012345679012345678 0.020061728395061727
0 0.455761316872428 0.19753086419753085 0.013117283950617283 0.023148148148148147
0 0.39377572016460904 0.46219135802469136 0.01954732510288066 0.03819444444444445
0 0.7875514403292181 0.7561728395061729 0.0257201646090535 0.04128086419753087
0 0.4495884773662551 0.1712962962962963 0.013117283950617283 0.023148148148148147
0 0.20704732510288065 0.0625 0.012345679012345678 0.020061728395061727
0 0.7327674897119342 0.046296296296296294 0.012345679012345678 0.020061728395061727
0 0.1697530864197531 0.9297839506172839 0.0257201646090535 0.04128086419753087
0 0.4477880658436214 0.5154320987654321 0.02109053497942387 0.036265432098765434
0 0.7950102880658436 0.03125 0.012345679012345678 0.020061728395061727
0 0.19984567901234568 0.527391975308642 0.02109053497942387 0.036265432098765434
0 0.2322530864197531 0.9529320987654321 0.0257201646090535 0.04128086419753087
0 0.27314814814814814 0.3873456790123457 0.01954732510288066 0.03819444444444445
0 0.15534979423868311 0.4347993827160494 0.01954732510288066 0.03819444444444445
0 0.904835390946502 0.5563271604938271 0.02109053497942387 0.036265432098765434
0 0.7289094650205762 0.09066358024691358 0.012345679012345678 0.020061728395061727
0 0.5120884773662552 0.42399691358024694 0.01954732510288066 0.03819444444444445
0 0.7939814814814815 0.13271604938271606 0.013117283950617283 0.023148148148148147
0 0.5491255144032922 0.30092592592592593 0.01954732510288066 0.03819444444444445
0 0.5167181069958847 0.6319444444444444 0.02109053497942387 0.036265432098765434
0 0.5740740740740741 0.6820987654320988 0.02109053497942387 0.036265432098765434
0 0.6342592592592593 0.057484567901234566 0.012345679012345678 0.020061728395061727
0 0.3593106995884774 0.41280864197530864 0.01954732510288066 0.03819444444444445
0 0.030349794238683128 0.27469135802469136 0.01954732510288066 0.03819444444444445
0 0.4773662551440329 0.6350308641975309 0.02109053497942387 0.036265432098765434
0 0.801954732510288 0.783179012345679 0.0257201646090535 0.04128086419753087
