0 0.1455223880597015 0.45294117647058824 0.01990049751243781 0.0392156862745098
0 0.6281094527363185 0.4823529411764706 0.0236318407960199 0.054901960784313725
0 0.8432835820895522 0.3352941176470588 0.022388059701492536 0.045098039215686274
0 0.21890547263681592 0.49411764705882355 0.024875621890547265 0.045098039215686274
0 0.7898009950248757 0.3607843137254902 0.022388059701492536 0.045098039215686274
0 0.8109452736318408 0.5137254901960784 0.029850746268656716 0.056862745098039215
0 0.4975124378109453 0.4411764705882353 0.021144278606965175 0.03529411764705882
0 0.9266169154228856 0.6705882352941176 0.07711442786069651 0.13333333333333333
0 0.927860696517413 0.29411764705882354 0.029850746268656716 0.06666666666666667
0 0.043532338308457715 0.4411764705882353 0.018656716417910446 0.045098039215686274
0 0.15920398009950248 0.3431372549019608 0.01990049751243781 0.0392156862745098
0 0.17537313432835822 0.46862745098039216 0.01990049751243781 0.0392156862745098
0 0.22014925373134328 0.43137254901960786 0.01990049751243781 0.0392156862745098
0 0.5422885572139303 0.5784313725490197 0.055970149253731345 0.09215686274509804
0 0.38930348258706465 0.503921568627451 0.033582089552238806 0.06470588235294118
0 0.7027363184079602 0.4803921568627451 0.017412935323383085 0.043137254901960784
0 0.6082089552238806 0.37058823529411766 0.018656716417910446 0.03725490196078431
0 0.5808457711442786 0.3784313725490196 0.022388059701492536 0.041176470588235294
0 0.09950248756218906 0.4588235294117647 0.018656716417910446 0.045098039215686274
0 0.2860696517412935 0.47843137254901963 0.024875621890547265 0.045098039215686274
0 0.22388059701492538 0.4627450980392157 0.024875621890547265 0.045098039215686274
0 0.43283582089552236 0.5568627450980392 0.055970149253731345 0.09215686274509804
0 0.3781094527363184 0.34509803921568627 0.014925373134328358 0.025490196078431372
0 0.7524875621890548 0.5 0.029850746268656716 0.056862745098039215
0 0.31094527363184077 0.40588235294117647 0.01990049751243781 0.0392156862745098
0 0.9763681592039801 0.5333333333333333 0.029850746268656716 0.056862745098039215
0 0.2325870646766169 0.3411764705882353 0.01990049751243781 0.0392156862745098
0 0.6965174129353234 0.3607843137254902 0.018656716417910446 0.03725490196078431
0 0.48383084577114427 0.3352941176470588 0.013681592039800995 0.025490196078431372
0 0.5870646766169154 0.42745098039215684 0.0236318407960199 0.054901960784313725
0 0.8793532338308457 0.6039215686274509 0.07711442786069651 0.13333333333333333
0 0.06592039800995025 0.45098039215686275 0.018656716417910446 0.045098039215686274
0 0.8905472636815921 0.49411764705882355 0.029850746268656716 0.056862745098039215
0 0.5870646766169154 0.32941176470588235 0.018656716417910446 0.03725490196078431
0 0.3370646766169154 0.5 0.033582089552238806 0.06470588235294118
0 0.7077114427860697 0.5352941176470588 0.036069651741293535 0.07450980392156863
0 0.26865671641791045 0.43333333333333335 0.01990049751243781 0.0392156862745098
