0 0.1528735632183908 0.6580310880829016 0.020689655172413793 0.03626943005181347
0 0.3632183908045977 0.5630397236614854 0.010344827586206896 0.02072538860103627
0 0.8218390804597702 0.4421416234887737 0.0034482758620689655 0.0051813471502590676
0 0.5367816091954023 0.538860103626943 0.008045977011494253 0.012089810017271158
0 0.967816091954023 0.5595854922279793 0.009195402298850575 0.015544041450777202
0 0.8758620689655172 0.5975820379965457 0.014942528735632184 0.024179620034542316
0 0.3160919540229885 0.7547495682210709 0.0367816091954023 0.06735751295336788
0 0.22873563218390805 0.5302245250431779 0.010344827586206896 0.02072538860103627
0 0.9528735632183908 0.5561312607944733 0.009195402298850575 0.015544041450777202
0 0.8390804597701149 0.5354058721934369 0.008045977011494253 0.010362694300518135
0 0.8183908045977012 0.44041450777202074 0.0034482758620689655 0.0051813471502590676
0 0.23103448275862068 0.5112262521588946 0.010344827586206896 0.02072538860103627
0 0.9540229885057471 0.5699481865284974 0.009195402298850575 0.015544041450777202
0 0.08275862068965517 0.6511226252158895 0.020689655172413793 0.03626943005181347
0 0.6310344827586207 0.5233160621761658 0.008045977011494253 0.010362694300518135
0 0.09770114942528736 0.7271157167530224 0.0367816091954023 0.06735751295336788
0 0.1103448275862069 0.6234887737478411 0.020689655172413793 0.03626943005181347
0 0.7494252873563219 0.616580310880829 0.034482758620689655 0.055267702936096716
0 0.5850574712643678 0.6027633851468048 0.01954022988505747 0.027633851468048358
0 0.40804597701149425 0.6614853195164075 0.020689655172413793 0.03626943005181347
0 0.9080459770114943 0.538860103626943 0.008045977011494253 0.010362694300518135
0 0.7942528735632184 0.542314335060449 0.008045977011494253 0.010362694300518135
0 0.2482758620689655 0.6252158894645942 0.020689655172413793 0.03626943005181347
0 0.6666666666666666 0.5613126079447323 0.009195402298850575 0.015544041450777202
0 0.603448275862069 0.5768566493955095 0.01954022988505747 0.027633851468048358
0 0.3310344827586207 0.6321243523316062 0.020689655172413793 0.03626943005181347
0 0.2689655172413793 0.5233160621761658 0.010344827586206896 0.02072538860103627
0 0.20919540229885059 0.5595854922279793 0.010344827586206896 0.02072538860103627
0 0.14367816091954022 0.5699481865284974 0.017241379310344827 0.031088082901554404
0 0.22298850574712645 0.4749568221070812 0.010344827586206896 0.02072538860103627
0 0.8586206896551725 0.5474956822107081 0.008045977011494253 0.010362694300518135
0 0.9827586206896551 0.5820379965457686 0.009195402298850575 0.015544041450777202
0 0.32068965517241377 0.5993091537132987 0.020689655172413793 0.03626943005181347
0 0.803448275862069 0.6079447322970639 0.014942528735632184 0.024179620034542316
0 0.13793103448275862 0.5958549222797928 0.020689655172413793 0.03626943005181347
0 0.10229885057471265 0.5820379965457686 0.020689655172413793 0.03626943005181347
0 0.12298850574712644 0.5993091537132987 0.020689655172413793 0.03626943005181347
0 0.967816091954023 0.5354058721934369 0.008045977011494253 0.010362694300518135
0 0.5747126436781609 0.5354058721934369 0.008045977011494253 0.012089810017271158
0 0.5310344827586206 0.542314335060449 0.008045977011494253 0.012089810017271158
0 0.49770114942528737 0.533678756476684 0.008045977011494253 0.012089810017271158
0 0.6988505747126437 0.5492227979274611 0.009195402298850575 0.015544041450777202
0 0.3022988505747126 0.5889464594127807 0.020689655172413793 0.03626943005181347
0 0.19310344827586207 0.5803108808290155 0.020689655172413793 0.03626943005181347
0 0.8505747126436781 0.5906735751295337 0.009195402298850575 0.015544041450777202
0 0.764367816091954 0.9119170984455959 0.06666666666666667 0.10535405872193437
0 0.1735632183908046 0.540587219343696 0.010344827586206896 0.02072538860103627
0 0.4908045977011494 0.5371329879101899 0.008045977011494253 0.012089810017271158
0 0.5436781609195402 0.5595854922279793 0.008045977011494253 0.012089810017271158
0 0.040229885057471264 0.5302245250431779 0.010344827586206896 0.02072538860103627
0 0.6195402298850575 0.5578583765112263 0.008045977011494253 0.012089810017271158
0 0.6459770114942529 0.5526770293609672 0.009195402298850575 0.015544041450777202
0 0.6413793103448275 0.5198618307426598 0.008045977011494253 0.010362694300518135
0 0.8701149425287357 0.5474956822107081 0.008045977011494253 0.010362694300518135
0 0.32413793103448274 0.6753022452504318 0.0367816091954023 0.06735751295336788
0 0.3413793103448276 0.5544041450777202 0.010344827586206896 0.02072538860103627
0 0.9873563218390805 0.5941278065630398 0.014942528735632184 0.024179620034542316
0 0.8873563218390804 0.4369602763385147 0.0034482758620689655 0.0051813471502590676
0 0.5942528735632184 0.5872193436960277 0.01954022988505747 0.027633851468048358
0 0.728735632183908 0.5544041450777202 0.009195402298850575 0.015544041450777202
0 0.7057471264367816 0.5492227979274611 0.009195402298850575 0.015544041450777202
0 0.7701149425287356 0.5544041450777202 0.009195402298850575 0.015544041450777202
0 0.5149425287356322 0.5561312607944733 0.008045977011494253 0.012089810017271158
0 0.864367816091954 0.689119170984456 0.034482758620689655 0.055267702936096716
0 0.6103448275862069 0.5837651122625216 0.01954022988505747 0.027633851468048358
0 0.960919540229885 0.5371329879101899 0.008045977011494253 0.010362694300518135
0 0.5563218390804597 0.613126079447323 0.01954022988505747 0.027633851468048358
0 0.2149425287356322 0.5872193436960277 0.020689655172413793 0.03626943005181347
0 0.5436781609195402 0.542314335060449 0.008045977011494253 0.012089810017271158
0 0.6413793103448275 0.6113989637305699 0.034482758620689655 0.055267702936096716
0 0.6793103448275862 0.5457685664939551 0.008045977011494253 0.010362694300518135
0 0.3816091954022989 0.5768566493955095 0.020689655172413793 0.03626943005181347
0 0.9885057471264368 0.5509499136442142 0.009195402298850575 0.015544041450777202
0 0.8045977011494253 0.5682210708117443 0.009195402298850575 0.015544041450777202
0 0.9206896551724137 0.7910189982728842 0.06666666666666667 0.10535405872193437
0 0.10114942528735632 0.49568221070811747 0.010344827586206896 0.02072538860103627
0 0.4126436781609195 0.5371329879101899 0.013793103448275862 0.02072538860103627
0 0.2850574712643678 0.5785837651122625 0.020689655172413793 0.03626943005181347
0 0.18275862068965518 0.4542314335060449 0.010344827586206896 0.02072538860103627
0 0.3850574712643678 0.614853195164076 0.020689655172413793 0.03626943005181347
0 0.11379310344827587 0.531951640759931 0.010344827586206896 0.02072538860103627
0 0.028735632183908046 0.614853195164076 0.014942528735632184 0.027633851468048358
0 0.8275862068965517 0.538860103626943 0.008045977011494253 0.010362694300518135
0 0.9919540229885058 0.5250431778929189 0.008045977011494253 0.010362694300518135
0 0.7816091954022989 0.5440414507772021 0.008045977011494253 0.010362694300518135
0 0.8229885057471265 0.5509499136442142 0.009195402298850575 0.015544041450777202
0 0.8896551724137931 0.5975820379965457 0.014942528735632184 0.024179620034542316
0 0.2942528735632184 0.5716753022452504 0.020689655172413793 0.03626943005181347
0 0.5885057471264368 0.542314335060449 0.008045977011494253 0.012089810017271158
0 0.1839080459770115 0.5803108808290155 0.020689655172413793 0.03626943005181347
0 0.5551724137931034 0.542314335060449 0.008045977011494253 0.012089810017271158
0 0.8068965517241379 0.5820379965457686 0.009195402298850575 0.015544041450777202
0 0.8666666666666667 0.5354058721934369 0.008045977011494253 0.010362694300518135
0 0.8942528735632184 0.43350604490500866 0.0034482758620689655 0.0051813471502590676
0 0.5172413793103449 0.5371329879101899 0.008045977011494253 0.012089810017271158
0 0.8528735632183908 0.5526770293609672 0.009195402298850575 0.015544041450777202
0 0.8758620689655172 0.5699481865284974 0.009195402298850575 0.015544041450777202
0 0.19310344827586207 0.5284974093264249 0.010344827586206896 0.02072538860103627
0 0.8160919540229885 0.7737478411053541 0.06666666666666667 0.10535405872193437
0 0.2482758620689655 0.5284974093264249 0.010344827586206896 0.02072538860103627
0 0.5954022988505747 0.5630397236614854 0.008045977011494253 0.012089810017271158
0 0.8896551724137931 0.542314335060449 0.008045977011494253 0.010362694300518135
0 0.7942528735632184 0.5561312607944733 0.009195402298850575 0.015544041450777202
0 0.7436781609195402 0.538860103626943 0.008045977011494253 0.010362694300518135
0 0.29540229885057473 0.6632124352331606 0.028735632183908046 0.05181347150259067
0 0.9241379310344827 0.689119170984456 0.034482758620689655 0.055267702936096716
0 0.7931034482758621 0.6701208981001727 0.034482758620689655 0.055267702936096716
0 0.8137931034482758 0.5613126079447323 0.009195402298850575 0.015544041450777202
0 0.8689655172413793 0.5734024179620034 0.009195402298850575 0.015544041450777202
0 0.6620689655172414 0.616580310880829 0.034482758620689655 0.055267702936096716
0 0.7517241379310344 0.5906735751295337 0.021839080459770115 0.03454231433506045
0 0.5701149425287356 0.542314335060449 0.008045977011494253 0.012089810017271158
0 0.13333333333333333 0.7512953367875648 0.0367816091954023 0.06735751295336788
0 0.906896551724138 0.5595854922279793 0.009195402298850575 0.015544041450777202
0 0.9333333333333333 0.5440414507772021 0.008045977011494253 0.010362694300518135
0 0.596551724137931 0.5457685664939551 0.008045977011494253 0.012089810017271158
0 0.6241379310344828 0.540587219343696 0.008045977011494253 0.010362694300518135
0 0.17586206896551723 0.7098445595854922 0.0367816091954023 0.06735751295336788
0 0.20229885057471264 0.6476683937823834 0.020689655172413793 0.03626943005181347
0 0.47586206896551725 0.542314335060449 0.008045977011494253 0.012089810017271158
0 0.9816091954022989 0.5233160621761658 0.008045977011494253 0.010362694300518135
0 0.7505747126436781 0.542314335060449 0.008045977011494253 0.010362694300518135
0 0.009195402298850575 0.6217616580310881 0.014942528735632184 0.027633851468048358
0 0.8528735632183908 0.5630397236614854 0.009195402298850575 0.015544041450777202
0 0.22873563218390805 0.5993091537132987 0.020689655172413793 0.03626943005181347
0 0.8103448275862069 0.4473229706390328 0.0034482758620689655 0.0051813471502590676
0 0.2942528735632184 0.6286701208981001 0.020689655172413793 0.03626943005181347
0 0.5114942528735632 0.542314335060449 0.008045977011494253 0.012089810017271158
0 0.30689655172413793 0.5647668393782384 0.014942528735632184 0.027633851468048358
0 0.6091954022988506 0.5371329879101899 0.008045977011494253 0.012089810017271158
0 0.6540229885057471 0.531951640759931 0.008045977011494253 0.010362694300518135
0 0.0367816091954023 0.9499136442141624 0.0367816091954023 0.06735751295336788
0 0.09080459770114943 0.6096718480138169 0.020689655172413793 0.03626943005181347
0 0.017241379310344827 0.5785837651122625 0.014942528735632184 0.027633851468048358
0 0.8413793103448276 0.5492227979274611 0.009195402298850575 0.015544041450777202
0 0.2942528735632184 0.7409326424870466 0.0367816091954023 0.06735751295336788
0 0.7344827586206897 0.5578583765112263 0.009195402298850575 0.015544041450777202
0 0.7425287356321839 0.5734024179620034 0.009195402298850575 0.015544041450777202
0 0.034482758620689655 0.5768566493955095 0.020689655172413793 0.03626943005181347
0 0.8977011494252873 0.538860103626943 0.008045977011494253 0.010362694300518135
0 0.6183908045977011 0.6355785837651122 0.034482758620689655 0.055267702936096716
0 0.5781609195402299 0.5440414507772021 0.008045977011494253 0.012089810017271158
0 0.005747126436781609 0.5250431778929189 0.014942528735632184 0.027633851468048358
0 0.764367816091954 0.542314335060449 0.008045977011494253 0.010362694300518135
0 0.06551724137931035 0.542314335060449 0.010344827586206896 0.02072538860103627
0 0.6942528735632184 0.6303972366148531 0.034482758620689655 0.055267702936096716
0 0.27011494252873564 0.6044905008635578 0.020689655172413793 0.03626943005181347
0 0.15632183908045977 0.5267702936096719 0.010344827586206896 0.02072538860103627
0 0.8436781609195402 0.7806563039723662 0.06666666666666667 0.10535405872193437
0 0.539080459770115 0.8739205526770294 0.04827586206896552 0.08981001727115717
0 0.5620689655172414 0.5837651122625216 0.01954022988505747 0.027633851468048358
0 0.35517241379310344 0.5595854922279793 0.010344827586206896 0.02072538860103627
0 0.8528735632183908 0.6321243523316062 0.034482758620689655 0.055267702936096716
0 0.9195402298850575 0.5630397236614854 0.009195402298850575 0.015544041450777202
0 0.45632183908045976 0.5993091537132987 0.01954022988505747 0.027633851468048358
0 0.7091954022988506 0.5768566493955095 0.009195402298850575 0.015544041450777202
0 0.5678160919540229 0.6511226252158895 0.01954022988505747 0.027633851468048358
0 0.6655172413793103 0.533678756476684 0.008045977011494253 0.010362694300518135
0 0.5310344827586206 0.538860103626943 0.008045977011494253 0.012089810017271158
0 0.5609195402298851 0.5371329879101899 0.008045977011494253 0.012089810017271158
0 0.632183908045977 0.5371329879101899 0.008045977011494253 0.010362694300518135
0 0.6563218390804598 0.5457685664939551 0.008045977011494253 0.010362694300518135
0 0.6908045977011494 0.540587219343696 0.008045977011494253 0.010362694300518135
0 0.835632183908046 0.5561312607944733 0.009195402298850575 0.015544041450777202
0 0.9735632183908046 0.5215889464594128 0.008045977011494253 0.010362694300518135
0 0.7873563218390804 0.540587219343696 0.008045977011494253 0.010362694300518135
0 0.635632183908046 0.6424870466321243 0.034482758620689655 0.055267702936096716
0 0.903448275862069 0.538860103626943 0.008045977011494253 0.010362694300518135
0 0.6862068965517242 0.5630397236614854 0.009195402298850575 0.015544041450777202
0 0.49310344827586206 0.6096718480138169 0.01954022988505747 0.027633851468048358
0 0.02413793103448276 0.5457685664939551 0.017241379310344827 0.031088082901554404
0 0.9436781609195403 0.5354058721934369 0.008045977011494253 0.010362694300518135
0 0.9620689655172414 0.5561312607944733 0.009195402298850575 0.015544041450777202
0 0.26091954022988506 0.531951640759931 0.010344827586206896 0.02072538860103627
0 0.7160919540229885 0.5509499136442142 0.009195402298850575 0.015544041450777202
0 0.7839080459770115 0.6321243523316062 0.034482758620689655 0.055267702936096716
0 0.7770114942528735 0.6027633851468048 0.021839080459770115 0.03454231433506045
0 0.6586206896551724 0.690846286701209 0.034482758620689655 0.055267702936096716
0 0.9551724137931035 0.5354058721934369 0.008045977011494253 0.010362694300518135
0 0.7080459770114943 0.531951640759931 0.008045977011494253 0.010362694300518135
0 0.9321839080459771 0.6183074265975821 0.034482758620689655 0.055267702936096716
0 0.2103448275862069 0.616580310880829 0.020689655172413793 0.03626943005181347
0 0.7172413793103448 0.5993091537132987 0.014942528735632184 0.024179620034542316
0 0.2574712643678161 0.5664939550949913 0.014942528735632184 0.027633851468048358
0 0.4160919540229885 0.8186528497409327 0.04827586206896552 0.08981001727115717
0 0.11954022988505747 0.5716753022452504 0.017241379310344827 0.031088082901554404
0 0.017241379310344827 0.531951640759931 0.014942528735632184 0.027633851468048358
0 0.6942528735632184 0.5803108808290155 0.009195402298850575 0.015544041450777202
0 0.3471264367816092 0.5630397236614854 0.010344827586206896 0.02072538860103627
0 0.2413793103448276 0.5181347150259067 0.010344827586206896 0.02072538860103627
0 0.8195402298850575 0.6096718480138169 0.014942528735632184 0.024179620034542316
0 0.5367816091954023 0.616580310880829 0.01954022988505747 0.027633851468048358
0 0.2517241379310345 0.6822107081174439 0.0367816091954023 0.06735751295336788
0 0.7045977011494253 0.5371329879101899 0.008045977011494253 0.010362694300518135
0 0.9770114942528736 0.6390328151986183 0.034482758620689655 0.055267702936096716
0 0.9218390804597701 0.5820379965457686 0.009195402298850575 0.015544041450777202
0 0.35402298850574715 0.6390328151986183 0.020689655172413793 0.03626943005181347
0 0.9425287356321839 0.5457685664939551 0.008045977011494253 0.010362694300518135
0 0.6080459770114942 0.5595854922279793 0.008045977011494253 0.012089810017271158
0 0.5839080459770115 0.6338514680483592 0.01954022988505747 0.027633851468048358
0 0.6022988505747127 0.5457685664939551 0.008045977011494253 0.012089810017271158
0 0.8942528735632184 0.5716753022452504 0.009195402298850575 0.015544041450777202
0 0.8206896551724138 0.5526770293609672 0.009195402298850575 0.015544041450777202
0 0.635632183908046 0.5613126079447323 0.009195402298850575 0.015544041450777202
0 0.6206896551724138 0.540587219343696 0.008045977011494253 0.012089810017271158
0 0.46091954022988507 0.538860103626943 0.008045977011494253 0.012089810017271158
0 0.04252873563218391 0.5803108808290155 0.020689655172413793 0.03626943005181347
0 0.8896551724137931 0.6787564766839378 0.034482758620689655 0.055267702936096716
0 0.7793103448275862 0.5544041450777202 0.009195402298850575 0.015544041450777202
0 0.41954022988505746 0.6234887737478411 0.01954022988505747 0.027633851468048358
0 0.7103448275862069 0.5630397236614854 0.009195402298850575 0.015544041450777202
0 0.6954022988505747 0.6804835924006909 0.034482758620689655 0.055267702936096716
0 0.7701149425287356 0.542314335060449 0.008045977011494253 0.010362694300518135
0 0.6448275862068965 0.538860103626943 0.008045977011494253 0.010362694300518135
0 0.7586206896551724 0.538860103626943 0.008045977011494253 0.010362694300518135
0 0.47701149425287354 0.5820379965457686 0.01954022988505747 0.027633851468048358
0 0.15977011494252874 0.5768566493955095 0.020689655172413793 0.03626943005181347
0 0.7620689655172413 0.6234887737478411 0.034482758620689655 0.055267702936096716
0 0.7724137931034483 0.5682210708117443 0.009195402298850575 0.015544041450777202
0 0.14942528735632185 0.5993091537132987 0.020689655172413793 0.03626943005181347
0 0.8298850574712644 0.5457685664939551 0.008045977011494253 0.010362694300518135
0 0.6471264367816092 0.5785837651122625 0.009195402298850575 0.015544041450777202
0 0.674712643678161 0.7582037996545768 0.06666666666666667 0.10535405872193437
0 0.21724137931034482 0.5267702936096719 0.010344827586206896 0.02072538860103627
0 0.8068965517241379 0.542314335060449 0.008045977011494253 0.010362694300518135
0 0.19310344827586207 0.6010362694300518 0.020689655172413793 0.03626943005181347
0 0.7494252873563219 0.6666666666666666 0.034482758620689655 0.055267702936096716
0 0.5919540229885057 0.6666666666666666 0.034482758620689655 0.055267702936096716
0 0.3839080459770115 0.7012089810017271 0.0367816091954023 0.06735751295336788
0 0.40344827586206894 0.542314335060449 0.014942528735632184 0.025906735751295335
0 0.8206896551724138 0.542314335060449 0.008045977011494253 0.010362694300518135
0 0.7620689655172413 0.5613126079447323 0.009195402298850575 0.015544041450777202
0 0.44482758620689655 0.5958549222797928 0.01954022988505747 0.027633851468048358
0 0.2597701149425287 0.7443868739205527 0.0367816091954023 0.06735751295336788
0 0.832183908045977 0.5820379965457686 0.009195402298850575 0.015544041450777202
0 0.7275862068965517 0.540587219343696 0.008045977011494253 0.010362694300518135
0 0.3482758620689655 0.5889464594127807 0.020689655172413793 0.03626943005181347
0 0.6931034482758621 0.5302245250431779 0.008045977011494253 0.010362694300518135
0 0.5206896551724138 0.5924006908462867 0.01954022988505747 0.027633851468048358
0 0.5563218390804597 0.5647668393782384 0.008045977011494253 0.012089810017271158
0 0.9080459770114943 0.6217616580310881 0.034482758620689655 0.055267702936096716
0 0.860919540229885 0.5371329879101899 0.008045977011494253 0.010362694300518135
0 0.8839080459770114 0.44041450777202074 0.0034482758620689655 0.0051813471502590676
0 0.8264367816091954 0.6493955094991365 0.034482758620689655 0.055267702936096716
0 0.7206896551724138 0.540587219343696 0.008045977011494253 0.010362694300518135
0 0.6724137931034483 0.5440414507772021 0.008045977011494253 0.010362694300518135
0 0.5022988505747127 0.538860103626943 0.008045977011494253 0.012089810017271158
