0 0.138671875 0.6866764275256223 0.0126953125 0.021961932650073207
0 0.2060546875 0.6822840409956076 0.0126953125 0.021961932650073207
0 0.4892578125 0.6354319180087847 0.056640625 0.10834553440702782
0 0.185546875 0.6822840409956076 0.0126953125 0.021961932650073207
0 0.716796875 0.8755490483162518 0.107421875 0.17715959004392387
0 0.6572265625 0.6500732064421669 0.056640625 0.10834553440702782
0 0.6240234375 0.6705710102489019 0.056640625 0.10834553440702782
0 0.0732421875 0.7994143484626647 0.052734375 0.1054172767203514
0 0.5478515625 0.6530014641288433 0.0078125 0.014641288433382138
0 0.1591796875 0.7525622254758418 0.052734375 0.1054172767203514
0 0.017578125 0.7569546120058566 0.052734375 0.1054172767203514
0 0.7978515625 0.6456808199121523 0.0859375 0.13177159590043924
0 0.533203125 0.6295754026354319 0.0078125 0.014641288433382138
0 0.923828125 0.6925329428989752 0.041015625 0.07613469985358712
0 0.109375 0.7730600292825769 0.052734375 0.1054172767203514
0 0.970703125 0.6998535871156661 0.041015625 0.07613469985358712
0 0.1025390625 0.6896046852122987 0.0126953125 0.021961932650073207
0 0.7138671875 0.6149341142020498 0.056640625 0.10834553440702782
0 0.578125 0.6442166910688141 0.0078125 0.014641288433382138
0 0.2001953125 0.9531478770131772 0.193359375 0.3235724743777452
0 0.318359375 0.8008784773060029 0.193359375 0.3235724743777452
0 0.8505859375 0.7159590043923866 0.0859375 0.13177159590043924
