0 0.9543478260869566 0.397212543554007 0.041304347826086954 0.10452961672473868
0 0.6652173913043479 0.3205574912891986 0.08695652173913043 0.17073170731707318
0 0.1565217391304348 0.2508710801393728 0.13260869565217392 0.28222996515679444
0 0.9304347826086956 0.42160278745644597 0.041304347826086954 0.10452961672473868
0 0.48043478260869565 0.23344947735191637 0.07173913043478261 0.14634146341463414
0 0.5521739130434783 0.6167247386759582 0.08478260869565217 0.23693379790940766
0 0.8152173913043478 0.31010452961672474 0.10652173913043478 0.20557491289198607
0 0.691304347826087 0.4146341463414634 0.08695652173913043 0.17073170731707318
0 0.2891304347826087 0.43205574912891986 0.1282608695652174 0.2682926829268293
0 0.9826086956521739 0.4355400696864111 0.041304347826086954 0.10452961672473868
0 0.6282608695652174 0.397212543554007 0.08695652173913043 0.17073170731707318
0 0.3782608695652174 0.49825783972125437 0.1282608695652174 0.2682926829268293
0 0.05 0.27526132404181186 0.13260869565217392 0.28222996515679444
0 0.7434782608695653 0.3554006968641115 0.08695652173913043 0.17073170731707318
0 0.3782608695652174 0.2229965156794425 0.07173913043478261 0.14634146341463414
0 0.18043478260869567 0.5749128919860628 0.17173913043478262 0.3867595818815331
0 0.09782608695652174 0.735191637630662 0.17173913043478262 0.3867595818815331
0 0.40869565217391307 0.41114982578397213 0.1282608695652174 0.2682926829268293
0 0.4652173913043478 0.6411149825783972 0.08478260869565217 0.23693379790940766
0 0.5717391304347826 0.27526132404181186 0.07173913043478261 0.14634146341463414
