0 0.6503937007874016 0.5994962216624685 0.014173228346456693 0.027707808564231738
0 0.552755905511811 0.6523929471032746 0.014173228346456693 0.027707808564231738
0 0.968503937007874 0.5617128463476071 0.006299212598425197 0.015113350125944584
0 0.4330708661417323 0.690176322418136 0.014173228346456693 0.027707808564231738
0 0.7338582677165354 0.5944584382871536 0.014173228346456693 0.027707808564231738
0 0.8866141732283465 0.5717884130982368 0.006299212598425197 0.015113350125944584
0 0.905511811023622 0.6775818639798489 0.006299212598425197 0.015113350125944584
0 0.8110236220472441 0.5692695214105793 0.006299212598425197 0.015113350125944584
0 0.3732283464566929 0.6246851385390428 0.014173228346456693 0.027707808564231738
0 0.9905511811023622 0.5768261964735516 0.006299212598425197 0.015113350125944584
0 0.7133858267716535 0.6523929471032746 0.014173228346456693 0.027707808564231738
0 0.5858267716535434 0.5994962216624685 0.014173228346456693 0.027707808564231738
0 0.4566929133858268 0.7304785894206549 0.01889763779527559 0.03526448362720403
0 0.5795275590551181 0.672544080604534 0.014173228346456693 0.027707808564231738
0 0.12283464566929134 0.7279596977329975 0.01889763779527559 0.03526448362720403
0 0.4062992125984252 0.6649874055415617 0.014173228346456693 0.027707808564231738
0 0.9606299212598425 0.5768261964735516 0.006299212598425197 0.015113350125944584
0 0.34330708661417325 0.707808564231738 0.01889763779527559 0.03526448362720403
0 0.8031496062992126 0.6095717884130982 0.006299212598425197 0.015113350125944584
0 0.5385826771653544 0.6297229219143576 0.014173228346456693 0.027707808564231738
0 0.6456692913385826 0.6851385390428212 0.014173228346456693 0.027707808564231738
0 0.36850393700787404 0.6120906801007556 0.014173228346456693 0.027707808564231738
0 0.9417322834645669 0.6095717884130982 0.006299212598425197 0.015113350125944584
0 0.7543307086614173 0.5969773299748111 0.014173228346456693 0.027707808564231738
0 0.7133858267716535 0.6876574307304786 0.014173228346456693 0.027707808564231738
0 0.36220472440944884 0.6473551637279596 0.014173228346456693 0.027707808564231738
0 0.43622047244094486 0.6448362720403022 0.014173228346456693 0.027707808564231738
0 0.9228346456692913 0.5667506297229219 0.006299212598425197 0.015113350125944584
0 0.5826771653543307 0.6272040302267002 0.014173228346456693 0.027707808564231738
0 0.27086614173228346 0.7052896725440806 0.01889763779527559 0.03526448362720403
0 0.7007874015748031 0.5994962216624685 0.014173228346456693 0.027707808564231738
0 0.8141732283464567 0.7657430730478589 0.007874015748031496 0.017632241813602016
0 0.4881889763779528 0.7204030226700252 0.01889763779527559 0.03526448362720403
0 0.5055118110236221 0.6649874055415617 0.014173228346456693 0.027707808564231738
0 0.2173228346456693 0.7002518891687658 0.015748031496062992 0.030226700251889168
0 0.8535433070866142 0.5743073047858942 0.006299212598425197 0.015113350125944584
0 0.9086614173228347 0.5617128463476071 0.006299212598425197 0.015113350125944584
0 0.5653543307086614 0.707808564231738 0.01889763779527559 0.03526448362720403
0 0.8834645669291339 0.5994962216624685 0.006299212598425197 0.015113350125944584
0 0.7795275590551181 0.6574307304785895 0.014173228346456693 0.027707808564231738
0 0.38740157480314963 0.6977329974811083 0.014173228346456693 0.027707808564231738
0 0.47401574803149604 0.6297229219143576 0.014173228346456693 0.027707808564231738
0 0.6771653543307087 0.6952141057934509 0.014173228346456693 0.027707808564231738
0 0.3606299212598425 0.6120906801007556 0.014173228346456693 0.027707808564231738
0 0.27716535433070866 0.6775818639798489 0.014173228346456693 0.027707808564231738
0 0.26614173228346455 0.6523929471032746 0.014173228346456693 0.027707808564231738
0 0.7622047244094489 0.5667506297229219 0.006299212598425197 0.015113350125944584
0 0.38740157480314963 0.6599496221662469 0.014173228346456693 0.027707808564231738
0 0.15118110236220472 0.7178841309823678 0.01889763779527559 0.03526448362720403
0 0.6047244094488189 0.7128463476070529 0.01889763779527559 0.03526448362720403
0 0.9858267716535433 0.5944584382871536 0.006299212598425197 0.015113350125944584
0 0.6173228346456693 0.5919395465994962 0.014173228346456693 0.027707808564231738
0 0.49133858267716535 0.6297229219143576 0.014173228346456693 0.027707808564231738
0 0.8125984251968504 0.6095717884130982 0.006299212598425197 0.015113350125944584
0 0.6125984251968504 0.6272040302267002 0.014173228346456693 0.027707808564231738
0 0.8992125984251969 0.5617128463476071 0.006299212598425197 0.015113350125944584
0 0.9196850393700787 0.5591939546599496 0.006299212598425197 0.015113350125944584
0 0.7748031496062993 0.5617128463476071 0.006299212598425197 0.015113350125944584
0 0.6173228346456693 0.6498740554156172 0.014173228346456693 0.027707808564231738
0 0.3543307086614173 0.6952141057934509 0.014173228346456693 0.027707808564231738
0 0.3905511811023622 0.743073047858942 0.01889763779527559 0.03526448362720403
0 0.05196850393700787 0.7581863979848866 0.01889763779527559 0.03526448362720403
