0 0.29867788461538464 0.1686746987951807 0.04927884615384615 0.10240963855421686
0 0.01622596153846154 0.06291834002677377 0.047475961538461536 0.06358768406961178
0 0.7025240384615384 0.0535475234270415 0.05588942307692308 0.07697456492637215
0 0.6754807692307693 0.32663989290495316 0.16526442307692307 0.2838018741633199
0 0.2127403846153846 0.08299866131191433 0.06430288461538461 0.09839357429718876
0 0.042067307692307696 0.09303882195448461 0.047475961538461536 0.06358768406961178
0 0.9200721153846154 0.16265060240963855 0.05348557692307692 0.10575635876840696
0 0.9915865384615384 0.4738955823293173 0.027043269230769232 0.09236947791164658
0 0.04266826923076923 0.13052208835341367 0.047475961538461536 0.06358768406961178
0 0.6941105769230769 0.1465863453815261 0.03485576923076923 0.04685408299866131
0 0.5438701923076923 0.8326639892904953 0.11298076923076923 0.1746987951807229
0 0.27584134615384615 0.09236947791164658 0.030048076923076924 0.050200803212851405
0 0.7451923076923077 0.12182061579651941 0.1123798076923077 0.16265060240963855
0 0.49278846153846156 0.12650602409638553 0.0655048076923077 0.08299866131191433
0 0.20612980769230768 0.4357429718875502 0.16526442307692307 0.2838018741633199
0 0.25721153846153844 0.2563587684069612 0.12319711538461539 0.17269076305220885
0 0.26502403846153844 0.1318607764390897 0.030048076923076924 0.050200803212851405
0 0.6219951923076923 0.1813922356091031 0.03485576923076923 0.04685408299866131
0 0.006610576923076923 0.10776439089692101 0.047475961538461536 0.06358768406961178
0 0.3984375 0.14524765729585007 0.04927884615384615 0.10240963855421686
0 0.3876201923076923 0.07295850066934405 0.07211538461538461 0.0749665327978581
0 0.6087740384615384 0.10575635876840696 0.05588942307692308 0.07697456492637215
0 0.024639423076923076 0.18741633199464525 0.08713942307692307 0.18473895582329317
0 0.46935096153846156 0.9759036144578314 0.11298076923076923 0.1746987951807229
0 0.5787259615384616 0.36813922356091033 0.19831730769230768 0.2838018741633199
0 0.1484375 0.1459170013386881 0.0985576923076923 0.14390896921017404
0 0.9927884615384616 0.13253012048192772 0.05348557692307692 0.10575635876840696
