0 0.8132328308207705 0.6194895591647331 0.01340033500837521 0.04176334106728538
0 0.09380234505862646 0.14153132250580047 0.007537688442211055 0.02320185614849188
0 0.7395309882747069 0.4617169373549884 0.01340033500837521 0.04176334106728538
0 0.1934673366834171 0.060324825986078884 0.007537688442211055 0.02320185614849188
0 0.5268006700167505 0.42923433874709976 0.01340033500837521 0.04176334106728538
0 0.23450586264656617 0.1902552204176334 0.007537688442211055 0.02320185614849188
0 0.5536013400335008 0.09976798143851508 0.007537688442211055 0.02320185614849188
0 0.47571189279731996 0.05568445475638051 0.007537688442211055 0.02320185614849188
0 0.5887772194304858 0.4408352668213457 0.01340033500837521 0.04176334106728538
0 0.7797319932998324 0.505800464037123 0.01340033500837521 0.04176334106728538
0 0.11725293132328309 0.5661252900232019 0.01340033500837521 0.04176334106728538
0 0.7437185929648241 0.9605568445475638 0.01340033500837521 0.04176334106728538
0 0.576214405360134 0.9048723897911833 0.01340033500837521 0.04176334106728538
0 0.7646566164154104 0.18793503480278423 0.007537688442211055 0.02320185614849188
0 0.5720268006700168 0.6682134570765661 0.01340033500837521 0.04176334106728538
0 0.2319932998324958 0.22273781902552203 0.007537688442211055 0.02320185614849188
0 0.5527638190954773 0.3642691415313225 0.007537688442211055 0.02320185614849188
0 0.5552763819095478 0.23433874709976799 0.007537688442211055 0.02320185614849188
0 0.7018425460636516 0.06264501160092807 0.007537688442211055 0.02320185614849188
0 0.14656616415410384 0.12296983758700696 0.007537688442211055 0.02320185614849188
0 0.5226130653266332 0.05336426914153132 0.007537688442211055 0.02320185614849188
0 0.7604690117252931 0.8213457076566125 0.01340033500837521 0.04176334106728538
0 0.6725293132328308 0.39211136890951276 0.008375209380234505 0.027842227378190254
0 0.24790619765494137 0.03248259860788863 0.007537688442211055 0.02320185614849188
0 0.20351758793969849 0.16241299303944315 0.007537688442211055 0.02320185614849188
0 0.4648241206030151 0.31786542923433875 0.007537688442211055 0.02320185614849188
0 0.19095477386934673 0.0765661252900232 0.007537688442211055 0.02320185614849188
0 0.16415410385259632 0.3503480278422274 0.007537688442211055 0.02320185614849188
0 0.525963149078727 0.14849187935034802 0.007537688442211055 0.02320185614849188
0 0.5100502512562815 0.32018561484918795 0.007537688442211055 0.02320185614849188
0 0.5251256281407035 0.2923433874709977 0.007537688442211055 0.02320185614849188
0 0.5619765494137353 0.7842227378190255 0.01340033500837521 0.04176334106728538
0 0.9380234505862647 0.14617169373549885 0.007537688442211055 0.02320185614849188
0 0.5778894472361809 0.3851508120649652 0.010050251256281407 0.03248259860788863
0 0.6867671691792295 0.2668213457076566 0.007537688442211055 0.02320185614849188
0 0.07956448911222781 0.6589327146171694 0.01340033500837521 0.04176334106728538
0 0.12562814070351758 0.16241299303944315 0.007537688442211055 0.02320185614849188
0 0.7110552763819096 0.691415313225058 0.01340033500837521 0.04176334106728538
0 0.4547738693467337 0.07424593967517401 0.007537688442211055 0.02320185614849188
0 0.6046901172529313 0.7424593967517401 0.01340033500837521 0.04176334106728538
0 0.09966499162479062 0.33410672853828305 0.007537688442211055 0.02320185614849188
0 0.10804020100502512 0.6682134570765661 0.01340033500837521 0.04176334106728538
0 0.9262981574539364 0.10440835266821345 0.007537688442211055 0.02320185614849188
0 0.5402010050251256 0.0765661252900232 0.007537688442211055 0.02320185614849188
0 0.9690117252931323 0.1902552204176334 0.007537688442211055 0.02320185614849188
0 0.9154103852596315 0.2273781902552204 0.007537688442211055 0.02320185614849188
0 0.6959798994974874 0.308584686774942 0.007537688442211055 0.02320185614849188
0 0.7487437185929648 0.1740139211136891 0.007537688442211055 0.02320185614849188
0 0.7922948073701842 0.037122969837587005 0.007537688442211055 0.02320185614849188
0 0.4212730318257956 0.058004640371229696 0.007537688442211055 0.02320185614849188
0 0.4798994974874372 0.0765661252900232 0.007537688442211055 0.02320185614849188
0 0.7035175879396985 0.09744779582366589 0.007537688442211055 0.02320185614849188
0 0.7755443886097152 0.16241299303944315 0.007537688442211055 0.02320185614849188
0 0.19179229480737017 0.48259860788863107 0.01340033500837521 0.04176334106728538
0 0.12311557788944724 0.6218097447795824 0.01340033500837521 0.04176334106728538
0 0.5067001675041876 0.345707656612529 0.007537688442211055 0.02320185614849188
0 0.1490787269681742 0.35266821345707655 0.007537688442211055 0.02320185614849188
0 0.45896147403685095 0.21345707656612528 0.007537688442211055 0.02320185614849188
0 0.3576214405360134 0.27610208816705334 0.007537688442211055 0.02320185614849188
0 0.9020100502512562 0.5150812064965197 0.01340033500837521 0.04176334106728538
0 0.6398659966499163 0.46403712296983757 0.01340033500837521 0.04176334106728538
0 0.9681742043551089 0.8723897911832946 0.01340033500837521 0.04176334106728538
0 0.4807370184254606 0.12529002320185614 0.007537688442211055 0.02320185614849188
0 0.4221105527638191 0.2529002320185615 0.007537688442211055 0.02320185614849188
0 0.7286432160804021 0.48491879350348027 0.01340033500837521 0.04176334106728538
0 0.14991624790619765 0.6473317865429234 0.01340033500837521 0.04176334106728538
0 0.5703517587939698 0.4756380510440835 0.01340033500837521 0.04176334106728538
0 0.931323283082077 0.10440835266821345 0.007537688442211055 0.02320185614849188
0 0.8442211055276382 0.5846867749419954 0.01340033500837521 0.04176334106728538
0 0.7303182579564489 0.04408352668213457 0.007537688442211055 0.02320185614849188
0 0.4966499162479062 0.19721577726218098 0.007537688442211055 0.02320185614849188
0 0.6273031825795645 0.6334106728538283 0.01340033500837521 0.04176334106728538
0 0.8408710217755444 0.06496519721577726 0.007537688442211055 0.02320185614849188
0 0.7889447236180904 0.2111368909512761 0.007537688442211055 0.02320185614849188
0 0.1440536013400335 0.27842227378190254 0.007537688442211055 0.02320185614849188
0 0.7328308207705193 0.07192575406032482 0.007537688442211055 0.02320185614849188
0 0.9899497487437185 0.018561484918793503 0.007537688442211055 0.02320185614849188
0 0.6088777219430486 0.33410672853828305 0.007537688442211055 0.02320185614849188
0 0.09212730318257957 0.7494199535962877 0.01340033500837521 0.04176334106728538
0 0.18425460636515914 0.15081206496519722 0.007537688442211055 0.02320185614849188
0 0.7680067001675042 0.3805104408352668 0.008375209380234505 0.027842227378190254
0 0.21273031825795644 0.7076566125290024 0.01340033500837521 0.04176334106728538
0 0.6909547738693468 0.11600928074245939 0.007537688442211055 0.02320185614849188
0 0.8433835845896147 0.19721577726218098 0.007537688442211055 0.02320185614849188
0 0.11390284757118928 0.22041763341067286 0.007537688442211055 0.02320185614849188
0 0.6323283082077052 0.5197215777262181 0.01340033500837521 0.04176334106728538
0 0.1423785594639866 0.3642691415313225 0.007537688442211055 0.02320185614849188
0 0.9355108877721943 0.31322505800464034 0.007537688442211055 0.02320185614849188
0 0.6072026800670016 0.41299303944315546 0.010050251256281407 0.03248259860788863
0 0.09045226130653267 0.4779582366589327 0.01340033500837521 0.04176334106728538
0 0.8023450586264657 0.10440835266821345 0.007537688442211055 0.02320185614849188
0 0.18425460636515914 0.5266821345707656 0.01340033500837521 0.04176334106728538
0 0.9028475711892797 0.0765661252900232 0.007537688442211055 0.02320185614849188
0 0.7202680067001676 0.21345707656612528 0.007537688442211055 0.02320185614849188
0 0.8802345058626466 0.0765661252900232 0.007537688442211055 0.02320185614849188
0 0.2185929648241206 0.12761020881670534 0.007537688442211055 0.02320185614849188
0 0.6038525963149078 0.03248259860788863 0.007537688442211055 0.02320185614849188
0 0.6398659966499163 0.25754060324825984 0.007537688442211055 0.02320185614849188
0 0.1984924623115578 0.12761020881670534 0.007537688442211055 0.02320185614849188
0 0.41959798994974873 0.11832946635730858 0.007537688442211055 0.02320185614849188
0 0.7135678391959799 0.7610208816705336 0.01340033500837521 0.04176334106728538
0 0.7822445561139029 0.23201856148491878 0.007537688442211055 0.02320185614849188
0 0.5117252931323283 0.654292343387471 0.01340033500837521 0.04176334106728538
0 0.2152428810720268 0.22505800464037123 0.007537688442211055 0.02320185614849188
0 0.04271356783919598 0.5011600928074246 0.01340033500837521 0.04176334106728538
0 0.40954773869346733 0.027842227378190254 0.007537688442211055 0.02320185614849188
0 0.542713567839196 0.2296983758700696 0.007537688442211055 0.02320185614849188
0 0.6825795644891123 0.5034802784222738 0.01340033500837521 0.04176334106728538
0 0.21943048576214405 0.013921113689095127 0.007537688442211055 0.02320185614849188
0 0.7244556113902848 0.18097447795823665 0.007537688442211055 0.02320185614849188
0 0.6423785594639866 0.44547563805104406 0.01340033500837521 0.04176334106728538
0 0.6072026800670016 0.5870069605568445 0.01340033500837521 0.04176334106728538
0 0.08040201005025126 0.10208816705336426 0.007537688442211055 0.02320185614849188
0 0.9899497487437185 0.3271461716937355 0.007537688442211055 0.02320185614849188
0 0.6591289782244556 0.62877030162413 0.01340033500837521 0.04176334106728538
0 0.602177554438861 0.777262180974478 0.01340033500837521 0.04176334106728538
0 0.4731993299832496 0.10208816705336426 0.007537688442211055 0.02320185614849188
0 0.45979899497487436 0.04176334106728538 0.007537688442211055 0.02320185614849188
0 0.8341708542713567 0.15081206496519722 0.007537688442211055 0.02320185614849188
0 0.8316582914572864 0.45707656612529 0.01340033500837521 0.04176334106728538
0 0.7144053601340034 0.9582366589327146 0.01340033500837521 0.04176334106728538
0 0.6834170854271356 0.06264501160092807 0.007537688442211055 0.02320185614849188
0 0.5360134003350083 0.7192575406032483 0.01340033500837521 0.04176334106728538
0 0.7989949748743719 0.14617169373549885 0.007537688442211055 0.02320185614849188
0 0.23534338358458962 0.27842227378190254 0.007537688442211055 0.02320185614849188
0 0.6943048576214406 0.3665893271461717 0.007537688442211055 0.02320185614849188
0 0.6348408710217756 0.2853828306264501 0.007537688442211055 0.02320185614849188
0 0.4798994974874372 0.03944315545243619 0.007537688442211055 0.02320185614849188
0 0.8768844221105527 0.6357308584686775 0.01340033500837521 0.04176334106728538
0 0.005025125628140704 0.1902552204176334 0.007537688442211055 0.02320185614849188
0 0.457286432160804 0.1740139211136891 0.007537688442211055 0.02320185614849188
0 0.940536013400335 0.21345707656612528 0.007537688442211055 0.02320185614849188
0 0.5653266331658291 0.08584686774941995 0.007537688442211055 0.02320185614849188
0 0.005862646566164154 0.15081206496519722 0.007537688442211055 0.02320185614849188
0 0.8827470686767169 0.3619489559164733 0.007537688442211055 0.02320185614849188
0 0.22110552763819097 0.31786542923433875 0.007537688442211055 0.02320185614849188
0 0.2135678391959799 0.20417633410672853 0.007537688442211055 0.02320185614849188
0 0.13651591289782244 0.5568445475638051 0.01340033500837521 0.04176334106728538
0 0.6113902847571189 0.3805104408352668 0.008375209380234505 0.027842227378190254
0 0.5904522613065326 0.1368909512761021 0.007537688442211055 0.02320185614849188
0 0.5201005025125628 0.5823665893271461 0.01340033500837521 0.04176334106728538
0 0.7051926298157454 0.19489559164733178 0.007537688442211055 0.02320185614849188
0 0.4296482412060301 0.5777262180974478 0.01340033500837521 0.04176334106728538
0 0.7839195979899497 0.9419953596287703 0.01340033500837521 0.04176334106728538
0 0.6231155778894473 0.048723897911832945 0.007537688442211055 0.02320185614849188
0 0.45142378559463986 0.002320185614849188 0.007537688442211055 0.02320185614849188
0 0.8358458961474037 0.09048723897911833 0.007537688442211055 0.02320185614849188
0 0.8040201005025126 0.5220417633410673 0.01340033500837521 0.04176334106728538
0 0.957286432160804 0.33874709976798145 0.007537688442211055 0.02320185614849188
0 0.48743718592964824 0.19953596287703015 0.007537688442211055 0.02320185614849188
0 0.39865996649916247 0.8259860788863109 0.01340033500837521 0.04176334106728538
0 0.135678391959799 0.3874709976798144 0.011725293132328308 0.037122969837587005
0 0.48911222780569513 0.1716937354988399 0.007537688442211055 0.02320185614849188
0 0.4128978224455611 0.08816705336426914 0.007537688442211055 0.02320185614849188
0 0.5376884422110553 0.5034802784222738 0.01340033500837521 0.04176334106728538
0 0.8592964824120602 0.3689095127610209 0.007537688442211055 0.02320185614849188
0 0.13819095477386933 0.025522041763341066 0.007537688442211055 0.02320185614849188
0 0.15829145728643215 0.12529002320185614 0.007537688442211055 0.02320185614849188
0 0.9371859296482412 0.4431554524361949 0.01340033500837521 0.04176334106728538
0 0.8576214405360134 0.2668213457076566 0.007537688442211055 0.02320185614849188
0 0.7403685092127303 0.5382830626450116 0.01340033500837521 0.04176334106728538
0 0.8567839195979899 0.8097447795823666 0.01340033500837521 0.04176334106728538
0 0.1457286432160804 0.4709976798143852 0.01340033500837521 0.04176334106728538
0 0.5829145728643216 0.29466357308584684 0.007537688442211055 0.02320185614849188
0 0.7914572864321608 0.35266821345707655 0.007537688442211055 0.02320185614849188
0 0.7202680067001676 0.30162412993039445 0.007537688442211055 0.02320185614849188
0 0.2847571189279732 0.2923433874709977 0.007537688442211055 0.02320185614849188
0 0.07537688442211055 0.3109048723897912 0.007537688442211055 0.02320185614849188
0 0.09212730318257957 0.8051044083526682 0.01340033500837521 0.04176334106728538
0 0.9698492462311558 0.9698375870069605 0.01340033500837521 0.04176334106728538
0 0.7738693467336684 0.39443155452436196 0.008375209380234505 0.027842227378190254
0 0.8618090452261307 0.04176334106728538 0.007537688442211055 0.02320185614849188
0 0.5234505862646566 0.09744779582366589 0.007537688442211055 0.02320185614849188
0 0.18509212730318259 0.03944315545243619 0.007537688442211055 0.02320185614849188
0 0.8886097152428811 0.14849187935034802 0.007537688442211055 0.02320185614849188
0 0.9882747068676717 0.7331786542923434 0.01340033500837521 0.04176334106728538
0 0.6825795644891123 0.29930394431554525 0.007537688442211055 0.02320185614849188
0 0.6742043551088778 0.1925754060324826 0.007537688442211055 0.02320185614849188
0 0.661641541038526 0.0951276102088167 0.007537688442211055 0.02320185614849188
0 0.9824120603015075 0.4593967517401392 0.011725293132328308 0.037122969837587005
0 0.6381909547738693 0.6264501160092807 0.01340033500837521 0.04176334106728538
0 0.021775544388609715 0.7076566125290024 0.01340033500837521 0.04176334106728538
0 0.14656616415410384 0.4176334106728538 0.01340033500837521 0.04176334106728538
0 0.23115577889447236 0.08352668213457076 0.007537688442211055 0.02320185614849188
0 0.08626465661641541 0.2923433874709977 0.007537688442211055 0.02320185614849188
0 0.9698492462311558 0.29698375870069604 0.007537688442211055 0.02320185614849188
0 0.03768844221105527 0.5104408352668214 0.01340033500837521 0.04176334106728538
0 0.21105527638190955 0.3062645011600928 0.007537688442211055 0.02320185614849188
0 0.9891122278056952 0.15081206496519722 0.007537688442211055 0.02320185614849188
0 0.10552763819095477 0.271461716937355 0.007537688442211055 0.02320185614849188
0 0.6206030150753769 0.35962877030162416 0.007537688442211055 0.02320185614849188
0 0.13986599664991625 0.14385150812064965 0.007537688442211055 0.02320185614849188
0 0.8911222780569514 0.0951276102088167 0.007537688442211055 0.02320185614849188
0 0.9547738693467337 0.5475638051044084 0.01340033500837521 0.04176334106728538
0 0.11725293132328309 0.33178654292343385 0.007537688442211055 0.02320185614849188
0 0.6331658291457286 0.41067285382830626 0.010050251256281407 0.03248259860788863
0 0.7546063651591289 0.0765661252900232 0.007537688442211055 0.02320185614849188
0 0.6624790619765494 0.048723897911832945 0.007537688442211055 0.02320185614849188
0 0.009212730318257957 0.31786542923433875 0.011725293132328308 0.037122969837587005
0 0.6633165829145728 0.2668213457076566 0.007537688442211055 0.02320185614849188
0 0.7403685092127303 0.505800464037123 0.01340033500837521 0.04176334106728538
0 0.09045226130653267 0.16937354988399073 0.007537688442211055 0.02320185614849188
0 0.6666666666666666 0.3225058004640371 0.007537688442211055 0.02320185614849188
0 0.44472361809045224 0.7169373549883991 0.01340033500837521 0.04176334106728538
0 0.5845896147403685 0.08816705336426914 0.007537688442211055 0.02320185614849188
0 0.7135678391959799 0.37819025522041766 0.008375209380234505 0.027842227378190254
0 0.9690117252931323 0.39443155452436196 0.008375209380234505 0.027842227378190254
0 0.0695142378559464 0.46867749419953597 0.01340033500837521 0.04176334106728538
0 0.6557788944723618 0.14617169373549885 0.007537688442211055 0.02320185614849188
0 0.7512562814070352 0.15081206496519722 0.007537688442211055 0.02320185614849188
0 0.6323283082077052 0.7935034802784223 0.01340033500837521 0.04176334106728538
0 0.9489112227805695 0.4779582366589327 0.01340033500837521 0.04176334106728538
0 0.24288107202680068 0.33178654292343385 0.007537688442211055 0.02320185614849188
0 0.6943048576214406 0.5893271461716937 0.01340033500837521 0.04176334106728538
0 0.695142378559464 0.24129930394431554 0.007537688442211055 0.02320185614849188
0 0.8257956448911222 0.5916473317865429 0.01340033500837521 0.04176334106728538
0 0.46147403685092125 0.1136890951276102 0.007537688442211055 0.02320185614849188
0 0.15829145728643215 0.4733178654292343 0.01340033500837521 0.04176334106728538
0 0.695142378559464 0.4617169373549884 0.01340033500837521 0.04176334106728538
0 0.7403685092127303 0.037122969837587005 0.007537688442211055 0.02320185614849188
0 0.8752093802345059 0.02320185614849188 0.007537688442211055 0.02320185614849188
0 0.5887772194304858 0.6078886310904872 0.01340033500837521 0.04176334106728538
0 0.6993299832495813 0.5545243619489559 0.01340033500837521 0.04176334106728538
0 0.6381909547738693 0.7331786542923434 0.01340033500837521 0.04176334106728538
0 0.6641541038525963 0.6589327146171694 0.01340033500837521 0.04176334106728538
0 0.19179229480737017 0.027842227378190254 0.007537688442211055 0.02320185614849188
0 0.7654941373534339 0.6403712296983759 0.01340033500837521 0.04176334106728538
0 0.5695142378559463 0.1716937354988399 0.007537688442211055 0.02320185614849188
0 0.5134003350083752 0.3642691415313225 0.007537688442211055 0.02320185614849188
0 0.48576214405360135 0.33642691415313225 0.007537688442211055 0.02320185614849188
0 0.6155778894472361 0.10440835266821345 0.007537688442211055 0.02320185614849188
0 0.9028475711892797 0.018561484918793503 0.007537688442211055 0.02320185614849188
0 0.9262981574539364 0.16937354988399073 0.007537688442211055 0.02320185614849188
0 0.17755443886097153 0.33410672853828305 0.007537688442211055 0.02320185614849188
0 0.7948073701842546 0.45243619489559167 0.01340033500837521 0.04176334106728538
0 0.46733668341708545 0.4176334106728538 0.01340033500837521 0.04176334106728538
0 0.6792294807370184 0.39443155452436196 0.008375209380234505 0.027842227378190254
0 0.6063651591289783 0.09280742459396751 0.007537688442211055 0.02320185614849188
0 0.8366834170854272 -0.004640371229698376 0.007537688442211055 0.02320185614849188
0 0.08877721943048576 0.7122969837587007 0.01340033500837521 0.04176334106728538
0 0.4380234505862647 0.12064965197215777 0.007537688442211055 0.02320185614849188
0 0.5058626465661642 0.27842227378190254 0.007537688442211055 0.02320185614849188
0 0.7688442211055276 0.2482598607888631 0.007537688442211055 0.02320185614849188
0 0.7294807370184254 0.08584686774941995 0.007537688442211055 0.02320185614849188
0 0.6306532663316583 0.030162412993039442 0.007537688442211055 0.02320185614849188
0 0.7353433835845896 0.10904872389791183 0.007537688442211055 0.02320185614849188
0 0.958961474036851 0.03944315545243619 0.007537688442211055 0.02320185614849188
0 0.010887772194304857 0.02088167053364269 0.007537688442211055 0.02320185614849188
0 0.5033500837520938 0.23433874709976799 0.007537688442211055 0.02320185614849188
0 0.7696817420435511 0.10904872389791183 0.007537688442211055 0.02320185614849188
0 0.6256281407035176 0.4895591647331787 0.01340033500837521 0.04176334106728538
0 0.788107202680067 0.3248259860788863 0.007537688442211055 0.02320185614849188
0 0.9246231155778895 0.6937354988399071 0.01340033500837521 0.04176334106728538
0 0.5201005025125628 0.24129930394431554 0.007537688442211055 0.02320185614849188
0 0.5100502512562815 0.4408352668213457 0.01340033500837521 0.04176334106728538
0 0.8232830820770519 0.23897911832946636 0.007537688442211055 0.02320185614849188
0 0.9991624790619765 0.4245939675174014 0.008375209380234505 0.027842227378190254
0 0.907035175879397 0.5754060324825986 0.01340033500837521 0.04176334106728538
0 0.4882747068676717 0.025522041763341066 0.007537688442211055 0.02320185614849188
0 0.47738693467336685 0.1716937354988399 0.007537688442211055 0.02320185614849188
0 0.7085427135678392 0.41067285382830626 0.010050251256281407 0.03248259860788863
0 0.5368509212730318 0.2737819025522042 0.007537688442211055 0.02320185614849188
0 0.7939698492462312 0.17865429234338748 0.007537688442211055 0.02320185614849188
0 0.05443886097152429 0.10208816705336426 0.007537688442211055 0.02320185614849188
0 0.6055276381909548 0.9303944315545244 0.01340033500837521 0.04176334106728538
0 0.019262981574539362 0.9930394431554525 0.01340033500837521 0.04176334106728538
0 0.7420435510887772 0.9164733178654292 0.01340033500837521 0.04176334106728538
0 0.5192629815745393 0.18793503480278423 0.007537688442211055 0.02320185614849188
0 0.6758793969849246 0.6612529002320185 0.01340033500837521 0.04176334106728538
0 0.6038525963149078 0.1554524361948956 0.007537688442211055 0.02320185614849188
0 0.12981574539363483 0.07192575406032482 0.007537688442211055 0.02320185614849188
0 0.9991624790619765 0.21345707656612528 0.007537688442211055 0.02320185614849188
0 0.11809045226130653 0.17633410672853828 0.007537688442211055 0.02320185614849188
0 0.08375209380234507 0.39211136890951276 0.008375209380234505 0.027842227378190254
0 0.5636515912897823 0.2923433874709977 0.007537688442211055 0.02320185614849188
0 0.7169179229480737 0.19721577726218098 0.007537688442211055 0.02320185614849188
0 0.05695142378559464 0.05336426914153132 0.007537688442211055 0.02320185614849188
0 0.6917922948073701 0.7331786542923434 0.01340033500837521 0.04176334106728538
0 0.7998324958123953 0.07424593967517401 0.007537688442211055 0.02320185614849188
0 0.7085427135678392 0.5545243619489559 0.01340033500837521 0.04176334106728538
0 0.9949748743718593 0.4918793503480278 0.011725293132328308 0.037122969837587005
0 0.8098827470686767 0.4593967517401392 0.01340033500837521 0.04176334106728538
0 0.6658291457286433 0.13921113689095127 0.007537688442211055 0.02320185614849188
0 0.5770519262981575 0.2737819025522042 0.007537688442211055 0.02320185614849188
0 0.6884422110552764 0.1136890951276102 0.007537688442211055 0.02320185614849188
0 0.788107202680067 0.002320185614849188 0.007537688442211055 0.02320185614849188
0 0.6499162479061976 0.016241299303944315 0.007537688442211055 0.02320185614849188
0 0.0008375209380234506 0.1554524361948956 0.007537688442211055 0.02320185614849188
0 0.9882747068676717 0.23201856148491878 0.007537688442211055 0.02320185614849188
0 0.501675041876047 0.1925754060324826 0.007537688442211055 0.02320185614849188
0 0.21105527638190955 0.2552204176334107 0.007537688442211055 0.02320185614849188
0 0.13316582914572864 0.6310904872389791 0.01340033500837521 0.04176334106728538
0 0.5820770519262981 0.14617169373549885 0.007537688442211055 0.02320185614849188
0 0.13651591289782244 0.27842227378190254 0.007537688442211055 0.02320185614849188
0 0.551926298157454 0.1345707656612529 0.007537688442211055 0.02320185614849188
0 0.6574539363484088 0.18561484918793503 0.007537688442211055 0.02320185614849188
0 0.9078726968174204 0.03248259860788863 0.007537688442211055 0.02320185614849188
0 0.6247906197654941 0.22273781902552203 0.007537688442211055 0.02320185614849188
0 0.5452261306532663 0.419953596287703 0.01340033500837521 0.04176334106728538
0 0.4045226130653266 0.060324825986078884 0.007537688442211055 0.02320185614849188
0 0.44974874371859297 0.048723897911832945 0.007537688442211055 0.02320185614849188
0 0.5561139028475712 0.4361948955916473 0.01340033500837521 0.04176334106728538
0 0.923785594639866 0.2691415313225058 0.007537688442211055 0.02320185614849188
0 0.6180904522613065 0.4408352668213457 0.01340033500837521 0.04176334106728538
0 0.8241206030150754 0.4222737819025522 0.01340033500837521 0.04176334106728538
0 0.8484087102177554 0.1554524361948956 0.007537688442211055 0.02320185614849188
0 0.08626465661641541 0.0069605568445475635 0.007537688442211055 0.02320185614849188
0 0.542713567839196 0.1136890951276102 0.007537688442211055 0.02320185614849188
0 0.8182579564489112 0.9303944315545244 0.01340033500837521 0.04176334106728538
0 0.6323283082077052 0.1554524361948956 0.007537688442211055 0.02320185614849188
0 0.6809045226130653 0.016241299303944315 0.007537688442211055 0.02320185614849188
0 0.5628140703517588 0.16705336426914152 0.007537688442211055 0.02320185614849188
0 0.6758793969849246 0.26218097447795824 0.007537688442211055 0.02320185614849188
0 0.652428810720268 0.16473317865429235 0.007537688442211055 0.02320185614849188
0 0.14656616415410384 0.03944315545243619 0.007537688442211055 0.02320185614849188
0 0.20770519262981574 0.07192575406032482 0.007537688442211055 0.02320185614849188
0 0.7763819095477387 0.027842227378190254 0.007537688442211055 0.02320185614849188
0 0.34003350083752093 0.10672853828306264 0.007537688442211055 0.02320185614849188
0 0.5804020100502513 0.013921113689095127 0.007537688442211055 0.02320185614849188
0 0.05025125628140704 0.7911832946635731 0.01340033500837521 0.04176334106728538
0 0.9547738693467337 0.22041763341067286 0.007537688442211055 0.02320185614849188
0 0.5887772194304858 0.23433874709976799 0.007537688442211055 0.02320185614849188
0 0.1934673366834171 0.24129930394431554 0.007537688442211055 0.02320185614849188
0 0.18509212730318259 0.2877030162412993 0.007537688442211055 0.02320185614849188
0 0.7730318257956449 0.08816705336426914 0.007537688442211055 0.02320185614849188
0 0.01256281407035176 0.22041763341067286 0.007537688442211055 0.02320185614849188
0 0.20100502512562815 0.33410672853828305 0.007537688442211055 0.02320185614849188
0 0.6499162479061976 0.20185614849187936 0.007537688442211055 0.02320185614849188
0 0.8944723618090452 0.6194895591647331 0.01340033500837521 0.04176334106728538
0 0.6122278056951423 0.0069605568445475635 0.007537688442211055 0.02320185614849188
0 0.5301507537688442 0.839907192575406 0.01340033500837521 0.04176334106728538
0 0.2068676716917923 0.10904872389791183 0.007537688442211055 0.02320185614849188
0 0.864321608040201 0.18329466357308585 0.007537688442211055 0.02320185614849188
0 0.19597989949748743 0.17865429234338748 0.007537688442211055 0.02320185614849188
0 0.4489112227805695 0.2668213457076566 0.007537688442211055 0.02320185614849188
0 0.06700167504187604 0.419953596287703 0.01340033500837521 0.04176334106728538
0 0.9463986599664992 0.580046403712297 0.01340033500837521 0.04176334106728538
0 0.13651591289782244 0.08352668213457076 0.007537688442211055 0.02320185614849188
0 0.7855946398659966 0.13225058004640372 0.007537688442211055 0.02320185614849188
0 0.6172529313232831 0.7053364269141531 0.01340033500837521 0.04176334106728538
0 0.5452261306532663 0.4547563805104408 0.01340033500837521 0.04176334106728538
0 0.08710217755443886 0.33642691415313225 0.007537688442211055 0.02320185614849188
0 0.483249581239531 0.04408352668213457 0.007537688442211055 0.02320185614849188
0 0.914572864321608 0.016241299303944315 0.007537688442211055 0.02320185614849188
0 0.4355108877721943 0.3294663573085847 0.007537688442211055 0.02320185614849188
0 0.8584589614740369 0.12064965197215777 0.007537688442211055 0.02320185614849188
0 0.5192629815745393 0.22505800464037123 0.007537688442211055 0.02320185614849188
0 0.7437185929648241 0.6194895591647331 0.01340033500837521 0.04176334106728538
0 0.5100502512562815 0.7053364269141531 0.01340033500837521 0.04176334106728538
0 0.7311557788944724 0.6612529002320185 0.01340033500837521 0.04176334106728538
0 0.31825795644891125 0.2877030162412993 0.007537688442211055 0.02320185614849188
0 0.9639865996649917 0.3665893271461717 0.007537688442211055 0.02320185614849188
0 0.992462311557789 0.2529002320185615 0.007537688442211055 0.02320185614849188
0 0.5569514237855946 0.060324825986078884 0.007537688442211055 0.02320185614849188
0 0.8006700167504187 0.27610208816705334 0.007537688442211055 0.02320185614849188
0 0.5469011725293133 0.2923433874709977 0.007537688442211055 0.02320185614849188
0 0.7035175879396985 0.13225058004640372 0.007537688442211055 0.02320185614849188
0 0.5988274706867671 0.4965197215777262 0.01340033500837521 0.04176334106728538
0 0.16834170854271358 0.0069605568445475635 0.007537688442211055 0.02320185614849188
0 0.2219430485762144 0.41299303944315546 0.007537688442211055 0.02320185614849188
0 0.628140703517588 0.5591647331786543 0.01340033500837521 0.04176334106728538
0 0.08877721943048576 0.5220417633410673 0.01340033500837521 0.04176334106728538
0 0.21440536013400335 0.4802784222737819 0.01340033500837521 0.04176334106728538
0 0.6750418760469011 0.5870069605568445 0.01340033500837521 0.04176334106728538
0 0.5485762144053601 0.02088167053364269 0.007537688442211055 0.02320185614849188
0 0.5661641541038526 0.14617169373549885 0.007537688442211055 0.02320185614849188
0 0.6926298157453936 0.16705336426914152 0.007537688442211055 0.02320185614849188
0 0.483249581239531 0.31554524361948955 0.007537688442211055 0.02320185614849188
0 0.07537688442211055 0.05104408352668213 0.007537688442211055 0.02320185614849188
0 0.6214405360134003 0.41299303944315546 0.011725293132328308 0.037122969837587005
0 0.08207705192629816 0.26450116009280744 0.007537688442211055 0.02320185614849188
0 0.871859296482412 0.2459396751740139 0.007537688442211055 0.02320185614849188
0 0.6088777219430486 0.29930394431554525 0.007537688442211055 0.02320185614849188
0 0.8525963149078727 0.08816705336426914 0.007537688442211055 0.02320185614849188
0 0.940536013400335 0.2853828306264501 0.007537688442211055 0.02320185614849188
0 0.8760469011725294 0.05568445475638051 0.007537688442211055 0.02320185614849188
0 0.9087102177554439 0.33410672853828305 0.007537688442211055 0.02320185614849188
0 0.11390284757118928 0.7308584686774942 0.01340033500837521 0.04176334106728538
0 0.5778894472361809 0.419953596287703 0.01340033500837521 0.04176334106728538
0 0.9229480737018425 0.8422273781902552 0.01340033500837521 0.04176334106728538
0 0.10971524288107203 0.2853828306264501 0.007537688442211055 0.02320185614849188
0 0.8165829145728644 0.8097447795823666 0.01340033500837521 0.04176334106728538
0 0.12897822445561138 0.4176334106728538 0.01340033500837521 0.04176334106728538
0 0.8802345058626466 0.30162412993039445 0.007537688442211055 0.02320185614849188
0 0.8701842546063652 0.4779582366589327 0.01340033500837521 0.04176334106728538
0 0.7613065326633166 0.11136890951276102 0.007537688442211055 0.02320185614849188
0 0.4547738693467337 0.20417633410672853 0.007537688442211055 0.02320185614849188
0 0.49413735343383586 0.22505800464037123 0.007537688442211055 0.02320185614849188
0 0.8760469011725294 0.4222737819025522 0.01340033500837521 0.04176334106728538
0 0.6733668341708543 0.02088167053364269 0.007537688442211055 0.02320185614849188
0 0.48576214405360135 0.382830626450116 0.008375209380234505 0.027842227378190254
0 0.6775544388609716 0.1554524361948956 0.007537688442211055 0.02320185614849188
0 0.474036850921273 0.2505800464037123 0.007537688442211055 0.02320185614849188
0 0.61892797319933 0.13225058004640372 0.007537688442211055 0.02320185614849188
0 0.2747068676716918 0.9048723897911833 0.01340033500837521 0.04176334106728538
0 0.3601340033500838 0.6403712296983759 0.01340033500837521 0.04176334106728538
0 0.5025125628140703 0.39443155452436196 0.008375209380234505 0.027842227378190254
0 0.9045226130653267 0.28306264501160094 0.007537688442211055 0.02320185614849188
0 0.5879396984924623 0.33410672853828305 0.007537688442211055 0.02320185614849188
0 0.4623115577889447 0.26450116009280744 0.007537688442211055 0.02320185614849188
0 0.8710217755443886 0.15081206496519722 0.007537688442211055 0.02320185614849188
0 0.10301507537688442 0.002320185614849188 0.007537688442211055 0.02320185614849188
0 0.15912897822445563 0.5220417633410673 0.01340033500837521 0.04176334106728538
0 0.6532663316582915 0.5081206496519721 0.01340033500837521 0.04176334106728538
0 0.6993299832495813 0.22041763341067286 0.007537688442211055 0.02320185614849188
0 0.7185929648241206 0.058004640371229696 0.007537688442211055 0.02320185614849188
0 0.12981574539363483 0.3062645011600928 0.007537688442211055 0.02320185614849188
0 0.09547738693467336 0.20185614849187936 0.007537688442211055 0.02320185614849188
0 0.6490787269681743 0.24129930394431554 0.007537688442211055 0.02320185614849188
0 0.29061976549413737 0.6078886310904872 0.01340033500837521 0.04176334106728538
0 0.6876046901172529 0.42923433874709976 0.01340033500837521 0.04176334106728538
0 0.3333333333333333 0.28306264501160094 0.007537688442211055 0.02320185614849188
0 0.9706867671691792 0.048723897911832945 0.007537688442211055 0.02320185614849188
0 0.916247906197655 0.7169373549883991 0.01340033500837521 0.04176334106728538
0 0.1658291457286432 0.2296983758700696 0.007537688442211055 0.02320185614849188
0 0.2051926298157454 0.6148491879350348 0.01340033500837521 0.04176334106728538
0 0.6541038525963149 0.308584686774942 0.007537688442211055 0.02320185614849188
0 0.4723618090452261 0.03480278422273782 0.007537688442211055 0.02320185614849188
0 0.9095477386934674 0.19953596287703015 0.007537688442211055 0.02320185614849188
0 0.6934673366834171 0.025522041763341066 0.007537688442211055 0.02320185614849188
0 0.8400335008375209 0.35498839907192575 0.007537688442211055 0.02320185614849188
0 0.6055276381909548 0.23665893271461716 0.007537688442211055 0.02320185614849188
0 0.923785594639866 0.14849187935034802 0.007537688442211055 0.02320185614849188
0 0.6490787269681743 0.04176334106728538 0.007537688442211055 0.02320185614849188
0 0.22110552763819097 0.05336426914153132 0.007537688442211055 0.02320185614849188
0 0.18760469011725292 0.40835266821345706 0.010050251256281407 0.03248259860788863
0 0.8877721943048577 0.037122969837587005 0.007537688442211055 0.02320185614849188
0 0.9706867671691792 0.16705336426914152 0.007537688442211055 0.02320185614849188
0 0.8525963149078727 0.21345707656612528 0.007537688442211055 0.02320185614849188
0 0.609715242881072 0.26450116009280744 0.007537688442211055 0.02320185614849188
0 0.6432160804020101 0.08816705336426914 0.007537688442211055 0.02320185614849188
0 0.7847571189279732 0.740139211136891 0.01340033500837521 0.04176334106728538
0 0.5477386934673367 0.15777262180974477 0.007537688442211055 0.02320185614849188
0 0.13986599664991625 0.14849187935034802 0.007537688442211055 0.02320185614849188
0 0.12814070351758794 0.23201856148491878 0.007537688442211055 0.02320185614849188
0 0.7177554438860971 0.4222737819025522 0.01340033500837521 0.04176334106728538
0 0.06448911222780569 0.5986078886310905 0.01340033500837521 0.04176334106728538
0 0.4539363484087102 0.9095127610208816 0.01340033500837521 0.04176334106728538
0 0.4338358458961474 0.030162412993039442 0.007537688442211055 0.02320185614849188
0 0.45309882747068675 0.28074245939675174 0.007537688442211055 0.02320185614849188
0 0.022613065326633167 0.01160092807424594 0.007537688442211055 0.02320185614849188
0 0.1541038525963149 0.4385150812064965 0.01340033500837521 0.04176334106728538
0 0.9053601340033501 0.12296983758700696 0.007537688442211055 0.02320185614849188
0 0.9288107202680067 0.5591647331786543 0.01340033500837521 0.04176334106728538
0 0.9455611390284757 0.19721577726218098 0.007537688442211055 0.02320185614849188
0 0.8852596314907872 0.21345707656612528 0.007537688442211055 0.02320185614849188
0 0.7889447236180904 0.5568445475638051 0.01340033500837521 0.04176334106728538
0 0.05443886097152429 0.13225058004640372 0.007537688442211055 0.02320185614849188
0 0.04438860971524288 0.46635730858468677 0.01340033500837521 0.04176334106728538
0 0.5829145728643216 0.12296983758700696 0.007537688442211055 0.02320185614849188
0 0.3500837520938023 0.9419953596287703 0.01340033500837521 0.04176334106728538
0 0.44221105527638194 0.2273781902552204 0.007537688442211055 0.02320185614849188
0 0.8400335008375209 0.4617169373549884 0.01340033500837521 0.04176334106728538
0 0.135678391959799 0.5243619489559165 0.01340033500837521 0.04176334106728538
0 0.5611390284757118 0.345707656612529 0.007537688442211055 0.02320185614849188
0 0.8994974874371859 0.4037122969837587 0.011725293132328308 0.037122969837587005
0 0.948073701842546 0.018561484918793503 0.007537688442211055 0.02320185614849188
0 0.583752093802345 0.3665893271461717 0.007537688442211055 0.02320185614849188
0 0.37269681742043553 0.4060324825986079 0.010050251256281407 0.03248259860788863
0 0.051926298157453935 0.8839907192575406 0.01340033500837521 0.04176334106728538
0 0.8986599664991625 0.17865429234338748 0.007537688442211055 0.02320185614849188
0 0.8509212730318257 0.6519721577726219 0.01340033500837521 0.04176334106728538
0 0.8400335008375209 0.2529002320185615 0.007537688442211055 0.02320185614849188
0 0.7981574539363484 0.6009280742459396 0.01340033500837521 0.04176334106728538
0 0.6005025125628141 0.0069605568445475635 0.007537688442211055 0.02320185614849188
0 0.18676716917922948 0.8584686774941995 0.01340033500837521 0.04176334106728538
0 0.5745393634840871 0.025522041763341066 0.007537688442211055 0.02320185614849188
0 0.21775544388609716 0.24129930394431554 0.007537688442211055 0.02320185614849188
0 0.47738693467336685 0.2088167053364269 0.007537688442211055 0.02320185614849188
0 0.8299832495812395 0.48259860788863107 0.01340033500837521 0.04176334106728538
0 0.7763819095477387 0.35266821345707655 0.007537688442211055 0.02320185614849188
0 0.18257956448911222 0.37587006960556846 0.007537688442211055 0.02320185614849188
0 0.5753768844221105 0.5614849187935035 0.01340033500837521 0.04176334106728538
0 0.6440536013400335 0.91415313225058 0.01340033500837521 0.04176334106728538
0 0.7504187604690117 0.0069605568445475635 0.007537688442211055 0.02320185614849188
0 0.635678391959799 0.06264501160092807 0.007537688442211055 0.02320185614849188
0 0.16834170854271358 0.03944315545243619 0.007537688442211055 0.02320185614849188
0 0.15996649916247907 0.3851508120649652 0.010050251256281407 0.03248259860788863
0 0.3559463986599665 0.505800464037123 0.01340033500837521 0.04176334106728538
0 0.7244556113902848 0.5707656612529002 0.01340033500837521 0.04176334106728538
0 0.7026800670016751 0.2482598607888631 0.007537688442211055 0.02320185614849188
0 0.17420435510887772 0.24361948955916474 0.007537688442211055 0.02320185614849188
0 0.17587939698492464 0.06496519721577726 0.007537688442211055 0.02320185614849188
0 0.4296482412060301 0.4872389791183295 0.01340033500837521 0.04176334106728538
0 0.609715242881072 0.19489559164733178 0.007537688442211055 0.02320185614849188
0 0.5041876046901173 0.531322505800464 0.01340033500837521 0.04176334106728538
0 0.6917922948073701 0.3271461716937355 0.007537688442211055 0.02320185614849188
0 0.15494137353433834 0.07424593967517401 0.007537688442211055 0.02320185614849188
0 0.6440536013400335 0.11136890951276102 0.007537688442211055 0.02320185614849188
0 0.4187604690117253 0.02320185614849188 0.007537688442211055 0.02320185614849188
0 0.10887772194304858 0.4176334106728538 0.01340033500837521 0.04176334106728538
0 0.8107202680067002 0.08584686774941995 0.007537688442211055 0.02320185614849188
0 0.9003350083752094 0.2529002320185615 0.007537688442211055 0.02320185614849188
0 0.8350083752093802 0.5220417633410673 0.01340033500837521 0.04176334106728538
0 0.8517587939698492 0.29698375870069604 0.007537688442211055 0.02320185614849188
0 0.7093802345058626 0.8329466357308585 0.01340033500837521 0.04176334106728538
0 0.5912897822445561 0.06496519721577726 0.007537688442211055 0.02320185614849188
0 0.14154103852596314 0.20185614849187936 0.007537688442211055 0.02320185614849188
0 0.06281407035175879 0.5290023201856149 0.01340033500837521 0.04176334106728538
0 0.5586264656616415 0.2737819025522042 0.007537688442211055 0.02320185614849188
0 0.5276381909547738 0.09048723897911833 0.007537688442211055 0.02320185614849188
0 0.02763819095477387 0.605568445475638 0.01340033500837521 0.04176334106728538
0 0.07705192629815745 0.9791183294663574 0.01340033500837521 0.04176334106728538
0 0.010050251256281407 0.8538283062645011 0.01340033500837521 0.04176334106728538
0 0.8760469011725294 0.12064965197215777 0.007537688442211055 0.02320185614849188
0 0.6817420435510888 0.20649651972157773 0.007537688442211055 0.02320185614849188
0 0.6825795644891123 0.9373549883990719 0.01340033500837521 0.04176334106728538
0 0.5820770519262981 0.1902552204176334 0.007537688442211055 0.02320185614849188
0 0.7989949748743719 0.013921113689095127 0.007537688442211055 0.02320185614849188
0 0.5812395309882747 0.48491879350348027 0.01340033500837521 0.04176334106728538
0 0.020938023450586266 0.5011600928074246 0.01340033500837521 0.04176334106728538
0 0.7353433835845896 0.2505800464037123 0.007537688442211055 0.02320185614849188
0 0.015912897822445562 0.8283062645011601 0.01340033500837521 0.04176334106728538
0 0.7621440536013401 0.6867749419953596 0.01340033500837521 0.04176334106728538
0 0.5921273031825796 0.28306264501160094 0.007537688442211055 0.02320185614849188
0 0.9958123953098827 0.8491879350348028 0.01340033500837521 0.04176334106728538
0 0.18509212730318259 0.10440835266821345 0.007537688442211055 0.02320185614849188
0 0.5804020100502513 0.05568445475638051 0.007537688442211055 0.02320185614849188
0 0.3927973199329983 0.06264501160092807 0.007537688442211055 0.02320185614849188
0 0.5561139028475712 0.568445475638051 0.01340033500837521 0.04176334106728538
0 0.8341708542713567 0.19489559164733178 0.007537688442211055 0.02320185614849188
0 0.5536013400335008 0.17633410672853828 0.007537688442211055 0.02320185614849188
0 0.18760469011725292 0.20649651972157773 0.007537688442211055 0.02320185614849188
0 0.17587939698492464 0.11136890951276102 0.007537688442211055 0.02320185614849188
0 0.7135678391959799 0.03480278422273782 0.007537688442211055 0.02320185614849188
0 0.7621440536013401 0.05568445475638051 0.007537688442211055 0.02320185614849188
0 0.6574539363484088 0.2273781902552204 0.007537688442211055 0.02320185614849188
0 0.9958123953098827 0.19721577726218098 0.007537688442211055 0.02320185614849188
0 0.5879396984924623 0.16937354988399073 0.007537688442211055 0.02320185614849188
0 0.8123953098827471 0.6728538283062645 0.01340033500837521 0.04176334106728538
0 0.06113902847571189 0.8306264501160093 0.01340033500837521 0.04176334106728538
0 0.18592964824120603 0.45243619489559167 0.01340033500837521 0.04176334106728538
0 0.6959798994974874 0.6473317865429234 0.01340033500837521 0.04176334106728538
0 0.7269681742043551 0.26218097447795824 0.007537688442211055 0.02320185614849188
0 0.8324958123953099 0.12064965197215777 0.007537688442211055 0.02320185614849188
0 0.6239530988274706 0.9837587006960556 0.01340033500837521 0.04176334106728538
0 0.10552763819095477 0.060324825986078884 0.007537688442211055 0.02320185614849188
0 0.6733668341708543 0.09744779582366589 0.007537688442211055 0.02320185614849188
0 0.6038525963149078 0.20649651972157773 0.007537688442211055 0.02320185614849188
0 0.4932998324958124 0.058004640371229696 0.007537688442211055 0.02320185614849188
0 0.12646566164154105 0.14617169373549885 0.007537688442211055 0.02320185614849188
0 0.44304857621440535 0.16705336426914152 0.007537688442211055 0.02320185614849188
0 0.9455611390284757 0.1554524361948956 0.007537688442211055 0.02320185614849188
0 0.7872696817420436 0.6380510440835266 0.01340033500837521 0.04176334106728538
0 0.051926298157453935 0.6496519721577726 0.01340033500837521 0.04176334106728538
0 0.9388609715242882 0.6194895591647331 0.01340033500837521 0.04176334106728538
0 0.5954773869346733 0.10440835266821345 0.007537688442211055 0.02320185614849188
0 0.5293132328308208 0.37819025522041766 0.010050251256281407 0.03248259860788863
0 0.2554438860971524 0.31786542923433875 0.007537688442211055 0.02320185614849188
0 0.06197654941373534 0.46867749419953597 0.01340033500837521 0.04176334106728538
0 0.23115577889447236 0.39675174013921116 0.008375209380234505 0.027842227378190254
0 0.8659966499162479 0.5638051044083526 0.01340033500837521 0.04176334106728538
0 0.38107202680067004 0.45011600928074247 0.01340033500837521 0.04176334106728538
0 0.11976549413735343 0.05336426914153132 0.007537688442211055 0.02320185614849188
0 0.7286432160804021 0.14849187935034802 0.007537688442211055 0.02320185614849188
0 0.7093802345058626 0.5034802784222738 0.01340033500837521 0.04176334106728538
0 0.8224455611390284 0.13225058004640372 0.007537688442211055 0.02320185614849188
0 0.7479061976549414 0.2668213457076566 0.007537688442211055 0.02320185614849188
0 0.6976549413735343 0.19721577726218098 0.007537688442211055 0.02320185614849188
0 0.5268006700167505 0.21577726218097448 0.007537688442211055 0.02320185614849188
0 0.12311557788944724 0.0069605568445475635 0.007537688442211055 0.02320185614849188
0 0.949748743718593 0.0765661252900232 0.007537688442211055 0.02320185614849188
0 0.5301507537688442 0.4013921113689095 0.010050251256281407 0.03248259860788863
0 0.4304857621440536 0.37819025522041766 0.010050251256281407 0.03248259860788863
0 0.6147403685092128 0.4756380510440835 0.01340033500837521 0.04176334106728538
0 0.9371859296482412 0.02320185614849188 0.007537688442211055 0.02320185614849188
0 0.7562814070351759 0.33642691415313225 0.007537688442211055 0.02320185614849188
0 0.6507537688442211 0.35498839907192575 0.007537688442211055 0.02320185614849188
0 0.7412060301507538 0.37122969837587005 0.007537688442211055 0.02320185614849188
0 0.6675041876046901 0.07888631090487239 0.007537688442211055 0.02320185614849188
0 0.8266331658291457 0.08352668213457076 0.007537688442211055 0.02320185614849188
0 0.7127303182579564 0.35498839907192575 0.007537688442211055 0.02320185614849188
0 0.16415410385259632 0.09048723897911833 0.007537688442211055 0.02320185614849188
0 0.2269681742043551 0.1554524361948956 0.007537688442211055 0.02320185614849188
0 0.5879396984924623 0.03480278422273782 0.007537688442211055 0.02320185614849188
0 0.02763819095477387 0.7679814385150812 0.01340033500837521 0.04176334106728538
0 0.10469011725293133 0.46867749419953597 0.01340033500837521 0.04176334106728538
0 0.40787269681742044 0.0069605568445475635 0.007537688442211055 0.02320185614849188
0 0.9849246231155779 0.6566125290023201 0.01340033500837521 0.04176334106728538
0 0.5737018425460636 0.009280742459396751 0.007537688442211055 0.02320185614849188
0 0.9438860971524288 0.6403712296983759 0.01340033500837521 0.04176334106728538
0 0.19932998324958123 0.09280742459396751 0.007537688442211055 0.02320185614849188
0 0.7386934673366834 0.21345707656612528 0.007537688442211055 0.02320185614849188
0 0.5452261306532663 0.5939675174013921 0.01340033500837521 0.04176334106728538
0 0.3869346733668342 0.06728538283062645 0.007537688442211055 0.02320185614849188
0 0.7278056951423786 0.28306264501160094 0.007537688442211055 0.02320185614849188
0 0.9865996649916248 0.037122969837587005 0.007537688442211055 0.02320185614849188
0 0.6365159128978225 0.33410672853828305 0.007537688442211055 0.02320185614849188
0 0.07705192629815745 0.9025522041763341 0.01340033500837521 0.04176334106728538
0 0.7479061976549414 0.4060324825986079 0.011725293132328308 0.037122969837587005
0 0.5108877721943048 0.048723897911832945 0.007537688442211055 0.02320185614849188
0 0.7152428810720268 0.12296983758700696 0.007537688442211055 0.02320185614849188
0 0.6340033500837521 0.21577726218097448 0.007537688442211055 0.02320185614849188
0 0.8182579564489112 0.26450116009280744 0.007537688442211055 0.02320185614849188
0 0.007537688442211055 0.9280742459396751 0.01340033500837521 0.04176334106728538
0 0.23869346733668342 0.2505800464037123 0.007537688442211055 0.02320185614849188
0 0.48408710217755446 0.002320185614849188 0.007537688442211055 0.02320185614849188
0 0.507537688442211 0.048723897911832945 0.007537688442211055 0.02320185614849188
0 0.7529313232830821 0.5870069605568445 0.01340033500837521 0.04176334106728538
0 0.6147403685092128 0.1716937354988399 0.007537688442211055 0.02320185614849188
0 0.5979899497487438 0.8306264501160093 0.01340033500837521 0.04176334106728538
0 0.7696817420435511 0.1925754060324826 0.007537688442211055 0.02320185614849188
0 0.7428810720268006 0.23897911832946636 0.007537688442211055 0.02320185614849188
0 0.6725293132328308 0.802784222737819 0.01340033500837521 0.04176334106728538
0 0.1490787269681742 0.5081206496519721 0.01340033500837521 0.04176334106728538
0 0.7026800670016751 0.2900232018561485 0.007537688442211055 0.02320185614849188
0 0.21775544388609716 0.08120649651972157 0.007537688442211055 0.02320185614849188
0 0.5376884422110553 0.16705336426914152 0.007537688442211055 0.02320185614849188
0 0.20435510887772193 0.03248259860788863 0.007537688442211055 0.02320185614849188
0 0.6599664991624791 0.6983758700696056 0.01340033500837521 0.04176334106728538
0 0.8299832495812395 0.39211136890951276 0.010050251256281407 0.03248259860788863
0 0.9656616415410385 0.08120649651972157 0.007537688442211055 0.02320185614849188
0 0.6306532663316583 0.8584686774941995 0.01340033500837521 0.04176334106728538
0 0.16750418760469013 0.17865429234338748 0.007537688442211055 0.02320185614849188
0 0.42629815745393634 0.0069605568445475635 0.007537688442211055 0.02320185614849188
0 0.9748743718592965 0.12993039443155452 0.007537688442211055 0.02320185614849188
0 0.8358458961474037 0.6496519721577726 0.01340033500837521 0.04176334106728538
0 0.8291457286432161 0.03248259860788863 0.007537688442211055 0.02320185614849188
0 0.6155778894472361 0.14617169373549885 0.007537688442211055 0.02320185614849188
0 0.15494137353433834 0.22505800464037123 0.007537688442211055 0.02320185614849188
0 0.5234505862646566 0.7587006960556845 0.01340033500837521 0.04176334106728538
0 0.8182579564489112 0.17633410672853828 0.007537688442211055 0.02320185614849188
0 0.9288107202680067 0.6450116009280742 0.01340033500837521 0.04176334106728538
0 0.9656616415410385 0.5475638051044084 0.01340033500837521 0.04176334106728538
0 0.09380234505862646 0.22273781902552203 0.007537688442211055 0.02320185614849188
0 0.8450586264656617 0.03248259860788863 0.007537688442211055 0.02320185614849188
0 0.966499162479062 0.02320185614849188 0.007537688442211055 0.02320185614849188
0 0.08040201005025126 0.07888631090487239 0.007537688442211055 0.02320185614849188
0 0.44304857621440535 0.0951276102088167 0.007537688442211055 0.02320185614849188
0 0.525963149078727 0.35730858468677495 0.007537688442211055 0.02320185614849188
0 0.6649916247906198 0.419953596287703 0.01340033500837521 0.04176334106728538
0 0.5050251256281407 0.15081206496519722 0.007537688442211055 0.02320185614849188
0 0.516750418760469 0.6148491879350348 0.01340033500837521 0.04176334106728538
0 0.5443886097152428 0.6450116009280742 0.01340033500837521 0.04176334106728538
0 0.5636515912897823 0.5081206496519721 0.01340033500837521 0.04176334106728538
0 0.7680067001675042 0.4408352668213457 0.01340033500837521 0.04176334106728538
0 0.8266331658291457 0.05336426914153132 0.007537688442211055 0.02320185614849188
0 0.8626465661641541 0.679814385150812 0.01340033500837521 0.04176334106728538
0 0.6113902847571189 0.5081206496519721 0.01340033500837521 0.04176334106728538
0 0.17252931323283083 0.29698375870069604 0.007537688442211055 0.02320185614849188
0 0.7621440536013401 0.06960556844547564 0.007537688442211055 0.02320185614849188
0 0.9874371859296482 0.17865429234338748 0.007537688442211055 0.02320185614849188
0 0.8056951423785594 0.05568445475638051 0.007537688442211055 0.02320185614849188
0 0.9095477386934674 0.46867749419953597 0.01340033500837521 0.04176334106728538
0 0.533500837520938 0.03944315545243619 0.007537688442211055 0.02320185614849188
0 0.7127303182579564 0.1716937354988399 0.007537688442211055 0.02320185614849188
0 0.8232830820770519 0.14849187935034802 0.007537688442211055 0.02320185614849188
0 0.5276381909547738 0.4733178654292343 0.01340033500837521 0.04176334106728538
0 0.0728643216080402 0.7169373549883991 0.01340033500837521 0.04176334106728538
0 0.5552763819095478 0.20649651972157773 0.007537688442211055 0.02320185614849188
0 0.2814070351758794 0.4617169373549884 0.01340033500837521 0.04176334106728538
0 0.2018425460636516 0.35730858468677495 0.007537688442211055 0.02320185614849188
0 0.09882747068676717 0.030162412993039442 0.007537688442211055 0.02320185614849188
0 0.7487437185929648 0.3062645011600928 0.007537688442211055 0.02320185614849188
0 0.6088777219430486 0.06728538283062645 0.007537688442211055 0.02320185614849188
0 0.23618090452261306 0.16705336426914152 0.007537688442211055 0.02320185614849188
0 0.8710217755443886 0.22273781902552203 0.007537688442211055 0.02320185614849188
0 0.6658291457286433 0.4918793503480278 0.01340033500837521 0.04176334106728538
0 0.17755443886097153 0.15081206496519722 0.007537688442211055 0.02320185614849188
0 0.6214405360134003 0.07192575406032482 0.007537688442211055 0.02320185614849188
0 0.5175879396984925 0.2668213457076566 0.007537688442211055 0.02320185614849188
