0 0.5755102040816327 0.23958333333333334 0.022448979591836733 0.04513888888888889
0 0.7183673469387755 0.2569444444444444 0.022448979591836733 0.04513888888888889
0 0.49795918367346936 0.3194444444444444 0.061224489795918366 0.10416666666666667
0 0.35306122448979593 0.2604166666666667 0.0163265306122449 0.041666666666666664
0 0.4775510204081633 0.25 0.0326530612244898 0.059027777777777776
0 0.014285714285714285 0.2465277777777778 0.036734693877551024 0.06944444444444445
0 0.4142857142857143 0.2743055555555556 0.0163265306122449 0.041666666666666664
0 0.5285714285714286 0.1736111111111111 0.022448979591836733 0.04513888888888889
0 0.6224489795918368 0.17708333333333334 0.022448979591836733 0.04513888888888889
0 0.8510204081632653 0.2743055555555556 0.09795918367346938 0.21875
0 0.6 0.25 0.022448979591836733 0.04513888888888889
0 0.24897959183673468 0.2708333333333333 0.04897959183673469 0.11458333333333333
0 0.6979591836734694 0.1597222222222222 0.022448979591836733 0.04513888888888889
0 0.5183673469387755 0.2673611111111111 0.0326530612244898 0.059027777777777776
0 0.11428571428571428 0.2673611111111111 0.036734693877551024 0.06944444444444445
0 0.3183673469387755 0.2465277777777778 0.04897959183673469 0.11458333333333333
0 0.004081632653061225 0.3055555555555556 0.036734693877551024 0.06944444444444445
0 0.19591836734693877 0.23958333333333334 0.04897959183673469 0.11458333333333333
