0 0.34479166666666666 0.1189358372456964 0.010416666666666666 0.025039123630672927
0 0.25625 0.6071987480438185 0.027083333333333334 0.04538341158059468
0 0.44479166666666664 0.5461658841940532 0.011458333333333333 0.018779342723004695
0 0.7614583333333333 0.5195618153364632 0.007291666666666667 0.010954616588419406
0 0.7020833333333333 0.49921752738654146 0.007291666666666667 0.010954616588419406
0 0.16875 0.09546165884194054 0.010416666666666666 0.025039123630672927
0 0.6614583333333334 0.5414710485133021 0.016666666666666666 0.03129890453834116
0 0.765625 0.5352112676056338 0.016666666666666666 0.03129890453834116
0 0.725 0.6791862284820032 0.030208333333333334 0.051643192488262914
0 0.7 0.4726134585289515 0.007291666666666667 0.010954616588419406
0 0.878125 0.4507042253521127 0.00625 0.014084507042253521
0 0.35833333333333334 0.6400625978090767 0.030208333333333334 0.048513302034428794
0 0.24479166666666666 0.09233176838810642 0.010416666666666666 0.025039123630672927
0 0.19479166666666667 0.6369327073552425 0.027083333333333334 0.04538341158059468
0 0.378125 0.6025039123630673 0.030208333333333334 0.048513302034428794
0 0.6927083333333334 0.3129890453834116 0.004166666666666667 0.00782472613458529
0 0.042708333333333334 0.7621283255086072 0.05520833333333333 0.08450704225352113
0 0.715625 0.5039123630672926 0.007291666666666667 0.010954616588419406
0 0.678125 0.5242566510172144 0.007291666666666667 0.010954616588419406
0 0.6791666666666667 0.6619718309859155 0.030208333333333334 0.051643192488262914
0 0.7177083333333333 0.5320813771517997 0.007291666666666667 0.010954616588419406
0 0.81875 0.6369327073552425 0.030208333333333334 0.051643192488262914
0 0.10729166666666666 0.17996870109546165 0.010416666666666666 0.025039123630672927
0 0.19166666666666668 0.6056338028169014 0.016666666666666666 0.03286384976525822
0 0.51875 0.5336463223787168 0.009375 0.017214397496087636
0 0.36875 0.7214397496087637 0.030208333333333334 0.048513302034428794
0 0.6979166666666666 0.5211267605633803 0.007291666666666667 0.010954616588419406
0 0.37083333333333335 0.14241001564945227 0.010416666666666666 0.025039123630672927
0 0.022916666666666665 0.647887323943662 0.026041666666666668 0.06259780907668232
0 0.5052083333333334 0.1752738654147105 0.010416666666666666 0.025039123630672927
0 0.7739583333333333 0.5086071987480438 0.007291666666666667 0.010954616588419406
0 0.5145833333333333 0.4679186228482003 0.007291666666666667 0.01564945226917058
0 0.8177083333333334 0.5618153364632238 0.016666666666666666 0.03129890453834116
0 0.8375 0.5696400625978091 0.016666666666666666 0.03129890453834116
0 0.125 0.5461658841940532 0.010416666666666666 0.02190923317683881
0 0.834375 0.6118935837245696 0.030208333333333334 0.051643192488262914
0 0.5864583333333333 0.5477308294209703 0.017708333333333333 0.03286384976525822
0 0.0125 0.2081377151799687 0.011458333333333333 0.018779342723004695
0 0.11875 0.5712050078247262 0.014583333333333334 0.025039123630672927
0 0.5416666666666666 0.5320813771517997 0.009375 0.017214397496087636
0 0.621875 0.5477308294209703 0.016666666666666666 0.03129890453834116
0 0.6666666666666666 0.7621283255086072 0.035416666666666666 0.06572769953051644
0 0.4666666666666667 0.5101721439749609 0.007291666666666667 0.01564945226917058
0 0.5791666666666667 0.49139280125195617 0.00625 0.012519561815336464
0 0.771875 0.5743348982785602 0.016666666666666666 0.03129890453834116
0 0.5458333333333333 0.6259780907668232 0.017708333333333333 0.03286384976525822
0 0.43333333333333335 0.14397496087636932 0.010416666666666666 0.025039123630672927
0 0.078125 0.594679186228482 0.014583333333333334 0.025039123630672927
0 0.9 0.49921752738654146 0.008333333333333333 0.02034428794992175
0 0.059375 0.1752738654147105 0.011458333333333333 0.018779342723004695
0 0.7895833333333333 0.5023474178403756 0.007291666666666667 0.010954616588419406
0 0.590625 0.47104851330203446 0.00625 0.012519561815336464
0 0.22708333333333333 0.594679186228482 0.027083333333333334 0.04538341158059468
0 0.3 0.09702660406885759 0.010416666666666666 0.025039123630672927
0 0.534375 0.19561815336463223 0.010416666666666666 0.025039123630672927
0 0.5541666666666667 0.215962441314554 0.010416666666666666 0.025039123630672927
0 0.42083333333333334 0.48513302034428796 0.011458333333333333 0.018779342723004695
0 0.65625 0.5117370892018779 0.009375 0.017214397496087636
0 0.7197916666666667 0.5195618153364632 0.007291666666666667 0.010954616588419406
0 0.00625 0.5555555555555556 0.010416666666666666 0.02190923317683881
0 0.6447916666666667 0.45539906103286387 0.00625 0.012519561815336464
0 0.7875 0.5226917057902973 0.007291666666666667 0.010954616588419406
0 0.31875 0.1189358372456964 0.010416666666666666 0.025039123630672927
0 0.803125 0.5164319248826291 0.007291666666666667 0.010954616588419406
0 0.0020833333333333333 0.20500782472613457 0.011458333333333333 0.018779342723004695
0 0.21458333333333332 0.09702660406885759 0.010416666666666666 0.025039123630672927
0 0.5822916666666667 0.2300469483568075 0.010416666666666666 0.025039123630672927
0 0.7385416666666667 0.5477308294209703 0.016666666666666666 0.03129890453834116
0 0.8114583333333333 0.5054773082942097 0.007291666666666667 0.010954616588419406
0 0.46145833333333336 0.17370892018779344 0.010416666666666666 0.025039123630672927
0 0.696875 0.5054773082942097 0.007291666666666667 0.010954616588419406
0 0.6114583333333333 0.4726134585289515 0.00625 0.012519561815336464
0 0.12395833333333334 0.9702660406885759 0.07604166666666666 0.1111111111111111
0 0.39895833333333336 0.5633802816901409 0.021875 0.03912363067292645
0 0.7270833333333333 0.5774647887323944 0.016666666666666666 0.03129890453834116
0 0.9416666666666667 0.5086071987480438 0.008333333333333333 0.02034428794992175
0 0.42604166666666665 0.5602503912363067 0.021875 0.03912363067292645
0 0.5541666666666667 0.5054773082942097 0.009375 0.017214397496087636
0 0.4875 0.47417840375586856 0.007291666666666667 0.01564945226917058
0 0.6083333333333333 0.24882629107981222 0.005208333333333333 0.012519561815336464
0 0.20625 0.8497652582159625 0.05520833333333333 0.08450704225352113
0 0.8239583333333333 0.7746478873239436 0.052083333333333336 0.12363067292644757
0 0.746875 0.36306729264475746 0.004166666666666667 0.00782472613458529
0 0.029166666666666667 0.18309859154929578 0.011458333333333333 0.018779342723004695
0 0.6885416666666667 0.539906103286385 0.016666666666666666 0.03129890453834116
0 0.06145833333333333 0.9514866979655712 0.07604166666666666 0.1111111111111111
0 0.921875 0.5101721439749609 0.008333333333333333 0.02034428794992175
0 0.31354166666666666 0.539906103286385 0.021875 0.03912363067292645
0 0.49583333333333335 0.6870109546165885 0.030208333333333334 0.051643192488262914
0 0.5916666666666667 0.6275430359937402 0.017708333333333333 0.03286384976525822
0 0.14895833333333333 0.5586854460093896 0.010416666666666666 0.02190923317683881
0 0.54375 0.21283255086071987 0.010416666666666666 0.025039123630672927
0 0.7614583333333333 0.4945226917057903 0.007291666666666667 0.010954616588419406
0 0.7083333333333334 0.3192488262910798 0.004166666666666667 0.00782472613458529
0 0.18854166666666666 0.10954616588419405 0.010416666666666666 0.025039123630672927
0 0.9020833333333333 0.4616588419405321 0.00625 0.014084507042253521
0 0.08333333333333333 0.5727699530516432 0.014583333333333334 0.025039123630672927
0 0.7854166666666667 0.5571205007824727 0.016666666666666666 0.03129890453834116
0 0.7916666666666666 0.5477308294209703 0.016666666666666666 0.03129890453834116
0 0.39895833333333336 0.15336463223787167 0.010416666666666666 0.025039123630672927
0 0.75625 0.5039123630672926 0.007291666666666667 0.010954616588419406
0 0.7760416666666666 0.8435054773082942 0.052083333333333336 0.12363067292644757
0 0.5479166666666667 0.5461658841940532 0.017708333333333333 0.03286384976525822
0 0.490625 0.5978090766823161 0.030208333333333334 0.051643192488262914
0 0.023958333333333335 0.5289514866979655 0.010416666666666666 0.02190923317683881
0 0.6072916666666667 0.568075117370892 0.017708333333333333 0.03286384976525822
0 0.096875 0.5461658841940532 0.010416666666666666 0.02190923317683881
