0 0.4855555555555556 0.44752475247524753 0.028888888888888888 0.061386138613861385
0 0.6988888888888889 0.4613861386138614 0.028888888888888888 0.061386138613861385
0 0.38 0.4316831683168317 0.028888888888888888 0.061386138613861385
0 0.2411111111111111 0.4158415841584158 0.028888888888888888 0.061386138613861385
0 0.35333333333333333 0.39603960396039606 0.028888888888888888 0.061386138613861385
0 0.2688888888888889 0.39603960396039606 0.028888888888888888 0.061386138613861385
0 0.3188888888888889 0.4376237623762376 0.028888888888888888 0.061386138613861385
0 0.20444444444444446 0.43366336633663366 0.028888888888888888 0.061386138613861385
0 0.3988888888888889 0.39801980198019804 0.028888888888888888 0.061386138613861385
0 0.5388888888888889 0.403960396039604 0.028888888888888888 0.061386138613861385
0 0.6155555555555555 0.42574257425742573 0.028888888888888888 0.061386138613861385
0 0.5933333333333334 0.4158415841584158 0.028888888888888888 0.061386138613861385
0 0.13111111111111112 0.4396039603960396 0.028888888888888888 0.061386138613861385
0 0.6644444444444444 0.44554455445544555 0.028888888888888888 0.061386138613861385
0 0.7422222222222222 0.4792079207920792 0.028888888888888888 0.061386138613861385
0 0.5544444444444444 0.3584158415841584 0.028888888888888888 0.061386138613861385
0 0.9055555555555556 0.45742574257425744 0.028888888888888888 0.061386138613861385
0 0.7822222222222223 0.45544554455445546 0.028888888888888888 0.061386138613861385
0 0.8466666666666667 0.43564356435643564 0.028888888888888888 0.061386138613861385
0 0.75 0.401980198019802 0.028888888888888888 0.061386138613861385
