0 0.560105680317041 0.03725490196078431 0.0726552179656539 0.13137254901960785
0 0.8044914134742405 0.0058823529411764705 0.0726552179656539 0.13137254901960785
0 0.9075297225891678 0.03725490196078431 0.0726552179656539 0.13137254901960785
0 0.9894319682959049 0.029411764705882353 0.0726552179656539 0.13137254901960785
0 0.6961690885072656 0.35294117647058826 0.083223249669749 0.1627450980392157
0 0.9365918097754293 0.11764705882352941 0.0726552179656539 0.13137254901960785
0 0.4147952443857332 0.23137254901960785 0.083223249669749 0.1627450980392157
0 0.27080581241743723 0.24313725490196078 0.083223249669749 0.1627450980392157
0 0.7529722589167768 0.8509803921568627 0.0845442536327609 0.1803921568627451
0 0.5772787318361955 0.403921568627451 0.083223249669749 0.1627450980392157
0 0.8177014531043593 0.6372549019607843 0.0845442536327609 0.1803921568627451
