0 0.4101449275362319 0.18863049095607234 0.05507246376811594 0.12661498708010335
0 0.9159420289855073 0.01808785529715762 0.07391304347826087 0.165374677002584
0 0.43623188405797103 0.07493540051679587 0.05507246376811594 0.12661498708010335
0 0.2985507246376812 0.11886304909560723 0.07391304347826087 0.165374677002584
0 0.47246376811594204 0.2222222222222222 0.08695652173913043 0.1834625322997416
0 0.12028985507246377 0.08785529715762273 0.07391304347826087 0.165374677002584
0 0.5347826086956522 0.06718346253229975 0.07391304347826087 0.165374677002584
0 0.6014492753623188 0.09560723514211886 0.07391304347826087 0.165374677002584
0 0.9826086956521739 0.06718346253229975 0.07391304347826087 0.165374677002584
0 0.7217391304347827 0.04909560723514212 0.05507246376811594 0.12403100775193798
0 0.2463768115942029 0.17571059431524547 0.07391304347826087 0.165374677002584
0 0.7753623188405797 0.06459948320413436 0.05507246376811594 0.12403100775193798
