0 0.6251896813353566 0.7614678899082569 0.013657056145675266 0.03211009174311927
0 0.5720789074355084 0.40825688073394495 0.007587253414264037 0.013761467889908258
0 0.7678300455235205 0.5596330275229358 0.013657056145675266 0.03211009174311927
0 0.637329286798179 0.5045871559633027 0.007587253414264037 0.013761467889908258
0 0.4385432473444613 0.573394495412844 0.013657056145675266 0.03211009174311927
0 0.028831562974203338 0.40825688073394495 0.007587253414264037 0.013761467889908258
0 0.6783004552352049 0.7591743119266054 0.013657056145675266 0.03211009174311927
0 0.1274658573596358 0.731651376146789 0.013657056145675266 0.03211009174311927
0 0.4264036418816389 0.6238532110091743 0.013657056145675266 0.03211009174311927
0 0.48103186646433993 0.6674311926605505 0.013657056145675266 0.03211009174311927
0 0.03186646433990895 0.22706422018348624 0.007587253414264037 0.013761467889908258
0 0.6024279210925645 0.5573394495412844 0.013657056145675266 0.03211009174311927
0 0.8012139605462822 0.6055045871559633 0.013657056145675266 0.03211009174311927
0 0.7314112291350531 0.5825688073394495 0.013657056145675266 0.03211009174311927
0 0.5842185128983308 0.981651376146789 0.013657056145675266 0.03211009174311927
0 0.9635811836115327 0.8967889908256881 0.013657056145675266 0.03211009174311927
0 0.20030349013657056 0.5389908256880734 0.007587253414264037 0.013761467889908258
0 0.8649468892261002 0.5596330275229358 0.013657056145675266 0.03211009174311927
0 0.7814871016691958 0.5389908256880734 0.007587253414264037 0.013761467889908258
0 0.20485584218512898 0.4059633027522936 0.007587253414264037 0.013761467889908258
0 0.30197268588770865 0.7064220183486238 0.013657056145675266 0.03211009174311927
0 0.5159332321699545 0.6880733944954128 0.013657056145675266 0.03211009174311927
0 0.44157814871016693 0.5986238532110092 0.013657056145675266 0.03211009174311927
0 0.4931714719271624 0.8463302752293578 0.013657056145675266 0.03211009174311927
0 0.5371775417298937 0.7064220183486238 0.013657056145675266 0.03211009174311927
0 0.9453717754172989 0.8784403669724771 0.013657056145675266 0.03211009174311927
0 0.32473444613050073 0.5252293577981652 0.007587253414264037 0.013761467889908258
0 0.283763277693475 0.5986238532110092 0.013657056145675266 0.03211009174311927
0 0.6176024279210925 0.7339449541284404 0.013657056145675266 0.03211009174311927
0 0.417298937784522 0.30045871559633025 0.007587253414264037 0.013761467889908258
0 0.1456752655538695 0.2545871559633027 0.007587253414264037 0.013761467889908258
0 0.47192716236722304 0.7431192660550459 0.013657056145675266 0.03211009174311927
0 0.4582701062215478 0.5848623853211009 0.013657056145675266 0.03211009174311927
0 0.19271623672230653 0.4518348623853211 0.007587253414264037 0.013761467889908258
0 0.5523520485584219 0.4151376146788991 0.007587253414264037 0.013761467889908258
0 0.7845220030349014 0.6697247706422018 0.013657056145675266 0.03211009174311927
0 0.9954476479514416 0.8073394495412844 0.013657056145675266 0.03211009174311927
0 0.19119878603945373 0.3211009174311927 0.007587253414264037 0.013761467889908258
0 0.25948406676783003 0.43577981651376146 0.007587253414264037 0.013761467889908258
0 0.5523520485584219 0.44495412844036697 0.007587253414264037 0.013761467889908258
0 0.9711684370257967 0.9334862385321101 0.013657056145675266 0.03211009174311927
0 0.2959028831562974 0.36009174311926606 0.007587253414264037 0.013761467889908258
0 0.22154779969650987 0.2981651376146789 0.007587253414264037 0.013761467889908258
0 0.22003034901365706 0.4701834862385321 0.007587253414264037 0.013761467889908258
0 0.6585735963581184 0.5412844036697247 0.007587253414264037 0.013761467889908258
0 0.5690440060698028 0.7224770642201835 0.013657056145675266 0.03211009174311927
0 0.28072837632776937 0.3555045871559633 0.007587253414264037 0.013761467889908258
0 0.44461305007587254 0.32339449541284404 0.007587253414264037 0.013761467889908258
0 0.29893778452200304 0.5045871559633027 0.007587253414264037 0.013761467889908258
0 0.9666160849772383 0.7362385321100917 0.013657056145675266 0.03211009174311927
0 0.25796661608497723 0.6077981651376146 0.013657056145675266 0.03211009174311927
0 0.6631259484066768 0.5022935779816514 0.007587253414264037 0.013761467889908258
0 0.4582701062215478 0.6009174311926605 0.013657056145675266 0.03211009174311927
0 0.15326251896813353 0.4013761467889908 0.007587253414264037 0.013761467889908258
0 0.7541729893778453 0.6399082568807339 0.013657056145675266 0.03211009174311927
0 0.4795144157814871 0.33715596330275227 0.007587253414264037 0.013761467889908258
0 0.30652503793626706 0.23394495412844038 0.007587253414264037 0.013761467889908258
0 0.9241274658573596 0.8256880733944955 0.013657056145675266 0.03211009174311927
0 0.6555386949924128 0.6353211009174312 0.013657056145675266 0.03211009174311927
0 0.4931714719271624 0.6628440366972477 0.013657056145675266 0.03211009174311927
0 0.40364188163884673 0.5458715596330275 0.013657056145675266 0.03211009174311927
0 0.21547799696509864 0.5389908256880734 0.007587253414264037 0.013761467889908258
0 0.5174506828528073 0.5779816513761468 0.013657056145675266 0.03211009174311927
0 0.13808801213960548 0.3853211009174312 0.007587253414264037 0.013761467889908258
0 0.5174506828528073 0.6100917431192661 0.013657056145675266 0.03211009174311927
0 0.8694992412746586 0.6307339449541285 0.013657056145675266 0.03211009174311927
0 0.8133535660091047 0.6651376146788991 0.013657056145675266 0.03211009174311927
0 0.2898330804248862 0.7224770642201835 0.013657056145675266 0.03211009174311927
0 0.37329286798179057 0.8188073394495413 0.013657056145675266 0.03211009174311927
0 0.9575113808801214 0.7798165137614679 0.013657056145675266 0.03211009174311927
0 0.9226100151745068 0.8807339449541285 0.013657056145675266 0.03211009174311927
0 0.6054628224582701 0.8715596330275229 0.013657056145675266 0.03211009174311927
0 0.7253414264036419 0.6307339449541285 0.013657056145675266 0.03211009174311927
0 0.3975720789074355 0.6788990825688074 0.013657056145675266 0.03211009174311927
0 0.2822458270106222 0.5091743119266054 0.007587253414264037 0.013761467889908258
0 0.07132018209408195 0.23623853211009174 0.007587253414264037 0.013761467889908258
0 0.8072837632776935 0.694954128440367 0.013657056145675266 0.03211009174311927
0 0.36570561456752654 0.6513761467889908 0.013657056145675266 0.03211009174311927
0 0.24582701062215478 0.573394495412844 0.013657056145675266 0.03211009174311927
0 0.18664643399089528 0.26605504587155965 0.007587253414264037 0.013761467889908258
0 0.2109256449165402 0.7224770642201835 0.013657056145675266 0.03211009174311927
0 0.7754172989377845 0.8555045871559633 0.013657056145675266 0.03211009174311927
0 0.8361153262518968 0.7844036697247706 0.013657056145675266 0.03211009174311927
0 0.6798179059180577 0.5137614678899083 0.007587253414264037 0.013761467889908258
0 0.44157814871016693 0.7155963302752294 0.013657056145675266 0.03211009174311927
0 0.08042488619119878 0.41284403669724773 0.007587253414264037 0.013761467889908258
0 0.29893778452200304 0.6444954128440367 0.013657056145675266 0.03211009174311927
0 0.2746585735963581 0.3073394495412844 0.007587253414264037 0.013761467889908258
0 0.48406676783004554 0.7477064220183486 0.013657056145675266 0.03211009174311927
0 0.30652503793626706 0.2706422018348624 0.007587253414264037 0.013761467889908258
0 0.1669195751138088 0.3761467889908257 0.007587253414264037 0.013761467889908258
0 0.5295902883156297 0.3944954128440367 0.007587253414264037 0.013761467889908258
0 0.7754172989377845 0.7545871559633027 0.013657056145675266 0.03211009174311927
0 0.13960546282245828 0.7362385321100917 0.013657056145675266 0.03211009174311927
0 0.34142640364188165 0.7431192660550459 0.013657056145675266 0.03211009174311927
0 0.456752655538695 0.555045871559633 0.013657056145675266 0.03211009174311927
0 0.0622154779969651 0.23853211009174313 0.007587253414264037 0.013761467889908258
0 0.456752655538695 0.6261467889908257 0.013657056145675266 0.03211009174311927
0 0.41274658573596357 0.5825688073394495 0.013657056145675266 0.03211009174311927
0 0.1426403641881639 0.4518348623853211 0.007587253414264037 0.013761467889908258
0 0.7496206373292867 0.7798165137614679 0.013657056145675266 0.03211009174311927
0 0.8012139605462822 0.6467889908256881 0.013657056145675266 0.03211009174311927
0 0.936267071320182 0.6811926605504587 0.013657056145675266 0.03211009174311927
0 0.2336874051593323 0.6628440366972477 0.013657056145675266 0.03211009174311927
0 0.18361153262518967 0.5045871559633027 0.007587253414264037 0.013761467889908258
0 0.09863429438543247 0.41743119266055045 0.007587253414264037 0.013761467889908258
0 0.3899848254931715 0.3165137614678899 0.007587253414264037 0.013761467889908258
0 0.7389984825493171 0.5458715596330275 0.009104704097116844 0.01834862385321101
0 0.051593323216995446 0.9587155963302753 0.013657056145675266 0.03211009174311927
0 0.8012139605462822 0.5848623853211009 0.013657056145675266 0.03211009174311927
0 0.8679817905918058 0.7087155963302753 0.013657056145675266 0.03211009174311927
0 0.7936267071320182 0.8486238532110092 0.013657056145675266 0.03211009174311927
0 0.5326251896813353 0.4954128440366973 0.007587253414264037 0.013761467889908258
0 0.2822458270106222 0.6284403669724771 0.013657056145675266 0.03211009174311927
0 0.6479514415781487 0.5963302752293578 0.013657056145675266 0.03211009174311927
0 0.5189681335356601 0.4013761467889908 0.007587253414264037 0.013761467889908258
0 0.29742033383915023 0.6169724770642202 0.013657056145675266 0.03211009174311927
0 0.4582701062215478 0.8532110091743119 0.013657056145675266 0.03211009174311927
0 0.5523520485584219 0.3944954128440367 0.007587253414264037 0.013761467889908258
0 0.5735963581183612 0.5688073394495413 0.013657056145675266 0.03211009174311927
0 0.8983308042488619 0.6972477064220184 0.013657056145675266 0.03211009174311927
0 0.48406676783004554 0.6261467889908257 0.013657056145675266 0.03211009174311927
0 0.2746585735963581 0.5665137614678899 0.013657056145675266 0.03211009174311927
0 0.5796661608497724 0.4288990825688073 0.007587253414264037 0.013761467889908258
0 0.08497723823975721 0.30275229357798167 0.007587253414264037 0.013761467889908258
0 0.3292867981790592 0.6100917431192661 0.013657056145675266 0.03211009174311927
0 0.2321699544764795 0.39908256880733944 0.007587253414264037 0.013761467889908258
0 0.590288315629742 0.9495412844036697 0.013657056145675266 0.03211009174311927
0 0.18664643399089528 0.3922018348623853 0.007587253414264037 0.013761467889908258
0 0.8528072837632777 0.9013761467889908 0.013657056145675266 0.03211009174311927
0 0.7040971168437026 0.9839449541284404 0.013657056145675266 0.03211009174311927
0 0.006069802731411229 0.9770642201834863 0.013657056145675266 0.03211009174311927
0 0.7374810318664643 0.7568807339449541 0.013657056145675266 0.03211009174311927
0 0.48861911987860396 0.8188073394495413 0.013657056145675266 0.03211009174311927
0 0.56752655538695 0.676605504587156 0.013657056145675266 0.03211009174311927
0 0.26858877086494687 0.6192660550458715 0.013657056145675266 0.03211009174311927
0 0.4309559939301973 0.30504587155963303 0.007587253414264037 0.013761467889908258
0 0.26251896813353565 0.6444954128440367 0.013657056145675266 0.03211009174311927
0 0.9013657056145675 0.6261467889908257 0.013657056145675266 0.03211009174311927
0 0.17754172989377845 0.42660550458715596 0.007587253414264037 0.013761467889908258
0 0.30197268588770865 0.573394495412844 0.013657056145675266 0.03211009174311927
0 0.11684370257966616 0.3623853211009174 0.007587253414264037 0.013761467889908258
0 0.15629742033383914 0.1834862385321101 0.007587253414264037 0.013761467889908258
0 0.3125948406676783 0.7522935779816514 0.013657056145675266 0.03211009174311927
0 0.9757207890743551 0.676605504587156 0.013657056145675266 0.03211009174311927
0 0.05007587253414264 0.4013761467889908 0.007587253414264037 0.013761467889908258
0 0.22458270106221548 0.5596330275229358 0.013657056145675266 0.03211009174311927
0 0.2731411229135053 0.5045871559633027 0.007587253414264037 0.013761467889908258
0 0.8133535660091047 0.841743119266055 0.013657056145675266 0.03211009174311927
0 0.3490136570561457 0.573394495412844 0.013657056145675266 0.03211009174311927
0 0.4157814871016692 0.7041284403669725 0.013657056145675266 0.03211009174311927
0 0.4582701062215478 0.658256880733945 0.013657056145675266 0.03211009174311927
0 0.9878603945371776 0.6353211009174312 0.013657056145675266 0.03211009174311927
0 0.6084977238239757 0.4908256880733945 0.007587253414264037 0.013761467889908258
0 0.3095599393019727 0.6353211009174312 0.013657056145675266 0.03211009174311927
0 0.18512898330804248 0.6146788990825688 0.013657056145675266 0.03211009174311927
0 0.7207890743550834 0.5458715596330275 0.010622154779969651 0.022935779816513763
0 0.2822458270106222 0.6743119266055045 0.013657056145675266 0.03211009174311927
0 0.22306525037936267 0.5802752293577982 0.013657056145675266 0.03211009174311927
0 0.44461305007587254 0.30045871559633025 0.007587253414264037 0.013761467889908258
0 0.22154779969650987 0.33256880733944955 0.007587253414264037 0.013761467889908258
0 0.8649468892261002 0.9243119266055045 0.013657056145675266 0.03211009174311927
0 0.6843702579666161 0.6032110091743119 0.013657056145675266 0.03211009174311927
0 0.4203338391502276 0.7247706422018348 0.013657056145675266 0.03211009174311927
0 0.30045523520485584 0.3211009174311927 0.007587253414264037 0.013761467889908258
0 0.13201820940819423 0.3119266055045872 0.007587253414264037 0.013761467889908258
0 0.9726858877086495 0.8807339449541285 0.013657056145675266 0.03211009174311927
0 0.91350531107739 0.7637614678899083 0.013657056145675266 0.03211009174311927
0 0.582701062215478 0.47477064220183485 0.007587253414264037 0.013761467889908258
0 0.8998482549317147 0.5344036697247706 0.007587253414264037 0.013761467889908258
0 0.19726858877086495 0.5688073394495413 0.013657056145675266 0.03211009174311927
0 0.9013657056145675 0.8463302752293578 0.013657056145675266 0.03211009174311927
0 0.48558421851289835 0.6376146788990825 0.013657056145675266 0.03211009174311927
0 0.042488619119878605 0.7224770642201835 0.013657056145675266 0.03211009174311927
0 0.33687405159332323 0.658256880733945 0.013657056145675266 0.03211009174311927
0 0.7192716236722306 0.6605504587155964 0.013657056145675266 0.03211009174311927
0 0.3581183611532625 0.5573394495412844 0.013657056145675266 0.03211009174311927
0 0.795144157814871 0.8165137614678899 0.013657056145675266 0.03211009174311927
0 0.8194233687405159 0.7110091743119266 0.013657056145675266 0.03211009174311927
0 0.7541729893778453 0.6697247706422018 0.013657056145675266 0.03211009174311927
0 0.8892261001517451 0.8004587155963303 0.013657056145675266 0.03211009174311927
0 0.20333839150227617 0.5137614678899083 0.007587253414264037 0.013761467889908258
0 0.7738998482549317 0.8853211009174312 0.013657056145675266 0.03211009174311927
0 0.26100151745068284 0.6972477064220184 0.013657056145675266 0.03211009174311927
0 0.18968133535660092 0.18577981651376146 0.007587253414264037 0.013761467889908258
0 0.9089529590288316 0.536697247706422 0.007587253414264037 0.013761467889908258
0 0.8892261001517451 0.5871559633027523 0.013657056145675266 0.03211009174311927
0 0.29893778452200304 0.6811926605504587 0.013657056145675266 0.03211009174311927
0 0.44764795144157815 0.5802752293577982 0.013657056145675266 0.03211009174311927
0 0.47344461305007585 0.5894495412844036 0.013657056145675266 0.03211009174311927
0 0.38694992412746587 0.5711009174311926 0.013657056145675266 0.03211009174311927
0 0.19575113808801214 0.6399082568807339 0.013657056145675266 0.03211009174311927
0 0.3216995447647951 0.6536697247706422 0.013657056145675266 0.03211009174311927
0 0.5508345978755691 0.9885321100917431 0.013657056145675266 0.03211009174311927
0 0.2109256449165402 0.6559633027522935 0.013657056145675266 0.03211009174311927
0 0.2109256449165402 0.36009174311926606 0.007587253414264037 0.013761467889908258
0 0.7465857359635811 0.5160550458715596 0.007587253414264037 0.013761467889908258
0 0.23823975720789076 0.5344036697247706 0.007587253414264037 0.013761467889908258
0 0.6009104704097117 0.4243119266055046 0.007587253414264037 0.013761467889908258
0 0.7389984825493171 0.6376146788990825 0.013657056145675266 0.03211009174311927
0 0.11077389984825493 0.20642201834862386 0.007587253414264037 0.013761467889908258
0 0.6509863429438544 0.9655963302752294 0.013657056145675266 0.03211009174311927
0 0.26555386949924126 0.3532110091743119 0.007587253414264037 0.013761467889908258
0 0.04400606980273141 0.30504587155963303 0.007587253414264037 0.013761467889908258
0 0.36570561456752654 0.25688073394495414 0.007587253414264037 0.013761467889908258
0 0.921092564491654 0.7821100917431193 0.013657056145675266 0.03211009174311927
0 0.936267071320182 0.6422018348623854 0.013657056145675266 0.03211009174311927
0 0.5417298937784522 0.481651376146789 0.007587253414264037 0.013761467889908258
0 0.5386949924127465 0.8256880733944955 0.013657056145675266 0.03211009174311927
0 0.38543247344461307 0.7110091743119266 0.013657056145675266 0.03211009174311927
0 0.7132018209408194 0.7660550458715596 0.013657056145675266 0.03211009174311927
0 0.5948406676783005 0.5275229357798165 0.007587253414264037 0.013761467889908258
0 0.8209408194233687 0.6215596330275229 0.013657056145675266 0.03211009174311927
0 0.2883156297420334 0.75 0.013657056145675266 0.03211009174311927
0 0.40667678300455234 0.5642201834862385 0.013657056145675266 0.03211009174311927
0 0.6009104704097117 0.6444954128440367 0.013657056145675266 0.03211009174311927
0 0.91350531107739 0.9013761467889908 0.013657056145675266 0.03211009174311927
0 0.25796661608497723 0.5779816513761468 0.013657056145675266 0.03211009174311927
0 0.834597875569044 0.6857798165137615 0.013657056145675266 0.03211009174311927
0 0.5068285280728376 0.3853211009174312 0.007587253414264037 0.013761467889908258
0 0.38088012139605465 0.7339449541284404 0.013657056145675266 0.03211009174311927
0 0.38088012139605465 0.5481651376146789 0.013657056145675266 0.03211009174311927
0 0.3960546282245827 0.5779816513761468 0.013657056145675266 0.03211009174311927
0 0.2488619119878604 0.6261467889908257 0.013657056145675266 0.03211009174311927
0 0.424886191198786 0.768348623853211 0.013657056145675266 0.03211009174311927
0 0.0 0.7224770642201835 0.013657056145675266 0.03211009174311927
0 0.669195751138088 0.5573394495412844 0.013657056145675266 0.03211009174311927
0 0.8801213960546282 0.6697247706422018 0.013657056145675266 0.03211009174311927
0 0.7572078907435509 0.518348623853211 0.007587253414264037 0.013761467889908258
0 0.47344461305007585 0.6261467889908257 0.013657056145675266 0.03211009174311927
0 0.8376327769347496 0.6605504587155964 0.013657056145675266 0.03211009174311927
0 0.3930197268588771 0.2981651376146789 0.007587253414264037 0.013761467889908258
0 0.6676783004552352 0.6376146788990825 0.013657056145675266 0.03211009174311927
0 0.7511380880121397 0.841743119266055 0.013657056145675266 0.03211009174311927
0 0.8952959028831563 0.9931192660550459 0.013657056145675266 0.03211009174311927
0 0.6661608497723824 0.6032110091743119 0.013657056145675266 0.03211009174311927
0 0.7754172989377845 0.6536697247706422 0.013657056145675266 0.03211009174311927
0 0.9241274658573596 0.6743119266055045 0.013657056145675266 0.03211009174311927
0 0.4142640364188164 0.9678899082568807 0.013657056145675266 0.03211009174311927
0 0.44916540212443096 0.8256880733944955 0.013657056145675266 0.03211009174311927
0 0.33687405159332323 0.5389908256880734 0.007587253414264037 0.013761467889908258
0 0.21851289833080426 0.6192660550458715 0.013657056145675266 0.03211009174311927
0 0.19878603945371776 0.6077981651376146 0.013657056145675266 0.03211009174311927
0 0.8801213960546282 0.8325688073394495 0.013657056145675266 0.03211009174311927
0 0.18816388467374812 0.5321100917431193 0.007587253414264037 0.013761467889908258
0 0.4233687405159332 0.7981651376146789 0.013657056145675266 0.03211009174311927
0 0.4339908952959029 0.7408256880733946 0.013657056145675266 0.03211009174311927
0 0.11684370257966616 0.4541284403669725 0.007587253414264037 0.013761467889908258
0 0.11380880121396054 0.31422018348623854 0.007587253414264037 0.013761467889908258
0 0.23672230652503792 0.268348623853211 0.007587253414264037 0.013761467889908258
0 0.10318664643399089 0.3394495412844037 0.007587253414264037 0.013761467889908258
0 0.8285280728376327 0.5986238532110092 0.013657056145675266 0.03211009174311927
0 0.15022761760242792 0.3073394495412844 0.007587253414264037 0.013761467889908258
0 0.716236722306525 0.6146788990825688 0.013657056145675266 0.03211009174311927
0 0.842185128983308 0.8509174311926605 0.013657056145675266 0.03211009174311927
0 0.36570561456752654 0.7706422018348624 0.013657056145675266 0.03211009174311927
0 0.5660091047040972 0.46788990825688076 0.007587253414264037 0.013761467889908258
0 0.7314112291350531 0.7110091743119266 0.013657056145675266 0.03211009174311927
0 0.9408194233687405 0.5504587155963303 0.013657056145675266 0.03211009174311927
0 0.7556904400606981 0.5458715596330275 0.009104704097116844 0.01834862385321101
0 0.9559939301972686 0.6788990825688074 0.013657056145675266 0.03211009174311927
0 0.5311077389984825 0.41284403669724773 0.007587253414264037 0.013761467889908258
0 0.6327769347496206 0.7064220183486238 0.013657056145675266 0.03211009174311927
0 0.26403641881638845 0.6651376146788991 0.013657056145675266 0.03211009174311927
0 0.9696509863429439 0.6399082568807339 0.013657056145675266 0.03211009174311927
0 0.8209408194233687 0.7821100917431193 0.013657056145675266 0.03211009174311927
0 0.007587253414264037 0.9380733944954128 0.013657056145675266 0.03211009174311927
0 0.15933232169954475 0.2408256880733945 0.007587253414264037 0.013761467889908258
0 0.5872534142640364 0.7110091743119266 0.013657056145675266 0.03211009174311927
0 0.7223065250379362 0.8394495412844036 0.013657056145675266 0.03211009174311927
0 0.3171471927162367 0.7224770642201835 0.013657056145675266 0.03211009174311927
0 0.8361153262518968 0.5619266055045872 0.013657056145675266 0.03211009174311927
0 0.8437025796661608 0.6169724770642202 0.013657056145675266 0.03211009174311927
0 0.2078907435508346 0.6284403669724771 0.013657056145675266 0.03211009174311927
0 0.2503793626707132 0.5504587155963303 0.013657056145675266 0.03211009174311927
0 0.3550834597875569 0.7431192660550459 0.013657056145675266 0.03211009174311927
0 0.6403641881638846 0.7339449541284404 0.013657056145675266 0.03211009174311927
0 0.48861911987860396 0.5986238532110092 0.013657056145675266 0.03211009174311927
0 0.37025796661608495 0.5642201834862385 0.013657056145675266 0.03211009174311927
0 0.16084977238239756 0.4724770642201835 0.007587253414264037 0.013761467889908258
0 0.5250379362670713 0.5481651376146789 0.013657056145675266 0.03211009174311927
0 0.6707132018209409 0.7064220183486238 0.013657056145675266 0.03211009174311927
0 0.3186646433990895 0.6009174311926605 0.013657056145675266 0.03211009174311927
0 0.11836115326251896 0.3853211009174312 0.007587253414264037 0.013761467889908258
0 0.22610015174506828 0.6376146788990825 0.013657056145675266 0.03211009174311927
0 0.19423368740515934 0.3646788990825688 0.007587253414264037 0.013761467889908258
0 0.5857359635811836 0.6880733944954128 0.013657056145675266 0.03211009174311927
0 0.6646433990895296 0.7660550458715596 0.013657056145675266 0.03211009174311927
0 0.575113808801214 0.6009174311926605 0.013657056145675266 0.03211009174311927
0 0.6358118361153262 0.6422018348623854 0.013657056145675266 0.03211009174311927
0 0.8710166919575114 0.7706422018348624 0.013657056145675266 0.03211009174311927
0 0.9256449165402124 0.7247706422018348 0.013657056145675266 0.03211009174311927
0 0.44461305007587254 0.7614678899082569 0.013657056145675266 0.03211009174311927
0 0.3201820940819423 0.5527522935779816 0.013657056145675266 0.03211009174311927
0 0.40515933232169954 0.6032110091743119 0.013657056145675266 0.03211009174311927
0 0.2534142640364188 0.47706422018348627 0.007587253414264037 0.013761467889908258
0 0.26100151745068284 0.481651376146789 0.007587253414264037 0.013761467889908258
0 0.637329286798179 0.5940366972477065 0.013657056145675266 0.03211009174311927
0 0.40971168437025796 0.30963302752293576 0.007587253414264037 0.013761467889908258
0 0.18057663125948406 0.29128440366972475 0.007587253414264037 0.013761467889908258
0 0.17298937784522003 0.31880733944954126 0.007587253414264037 0.013761467889908258
0 0.4006069802731411 0.7041284403669725 0.013657056145675266 0.03211009174311927
0 0.3186646433990895 0.6903669724770642 0.013657056145675266 0.03211009174311927
0 0.3960546282245827 0.27522935779816515 0.007587253414264037 0.013761467889908258
0 0.7496206373292867 0.5642201834862385 0.013657056145675266 0.03211009174311927
0 0.9180576631259484 0.7018348623853211 0.013657056145675266 0.03211009174311927
0 0.49013657056145676 0.8853211009174312 0.013657056145675266 0.03211009174311927
0 0.5523520485584219 0.4954128440366973 0.007587253414264037 0.013761467889908258
0 0.49165402124430957 0.6192660550458715 0.013657056145675266 0.03211009174311927
0 0.7647951441578149 0.5848623853211009 0.013657056145675266 0.03211009174311927
0 0.5993930197268589 0.9059633027522935 0.013657056145675266 0.03211009174311927
0 0.057663125948406675 0.30275229357798167 0.007587253414264037 0.013761467889908258
0 0.2321699544764795 0.5779816513761468 0.013657056145675266 0.03211009174311927
0 0.7253414264036419 0.5160550458715596 0.007587253414264037 0.013761467889908258
0 0.15933232169954475 0.26376146788990823 0.007587253414264037 0.013761467889908258
0 0.4203338391502276 0.6077981651376146 0.013657056145675266 0.03211009174311927
0 0.9271623672230652 0.5412844036697247 0.007587253414264037 0.013761467889908258
0 0.3520485584218513 0.7178899082568807 0.013657056145675266 0.03211009174311927
0 0.22154779969650987 0.42201834862385323 0.007587253414264037 0.013761467889908258
0 0.7526555386949925 0.731651376146789 0.013657056145675266 0.03211009174311927
