0 0.9101307189542484 0.9484029484029484 0.0457516339869281 0.07371007371007371
0 0.9852941176470589 0.47174447174447176 0.04084967320261438 0.07371007371007371
0 0.5931372549019608 0.171990171990172 0.03594771241830065 0.05405405405405406
0 0.30718954248366015 0.32678132678132676 0.03594771241830065 0.05405405405405406
0 0.04411764705882353 0.3464373464373464 0.03594771241830065 0.05405405405405406
0 0.3104575163398693 0.056511056511056514 0.029411764705882353 0.051597051597051594
0 0.12581699346405228 0.11547911547911548 0.029411764705882353 0.051597051597051594
0 0.4411764705882353 0.4520884520884521 0.042483660130718956 0.08353808353808354
0 0.30392156862745096 0.5626535626535627 0.042483660130718956 0.08353808353808354
0 0.9950980392156863 0.26044226044226043 0.03594771241830065 0.05405405405405406
0 0.6830065359477124 0.12776412776412777 0.029411764705882353 0.051597051597051594
0 0.4624183006535948 0.05896805896805897 0.029411764705882353 0.051597051597051594
0 0.6209150326797386 0.32923832923832924 0.03594771241830065 0.05405405405405406
0 0.6143790849673203 0.4742014742014742 0.042483660130718956 0.08353808353808354
0 0.49019607843137253 0.3783783783783784 0.03594771241830065 0.05405405405405406
0 0.25163398692810457 0.628992628992629 0.0457516339869281 0.07371007371007371
0 0.14052287581699346 0.07616707616707617 0.029411764705882353 0.051597051597051594
0 0.23366013071895425 0.29975429975429974 0.03594771241830065 0.05405405405405406
0 0.5147058823529411 0.48157248157248156 0.042483660130718956 0.08353808353808354
0 0.4477124183006536 0.03194103194103194 0.029411764705882353 0.051597051597051594
0 0.8872549019607843 0.44471744471744473 0.042483660130718956 0.08353808353808354
0 0.45751633986928103 0.21375921375921375 0.03594771241830065 0.05405405405405406
0 0.553921568627451 0.5061425061425061 0.042483660130718956 0.08353808353808354
0 0.9477124183006536 0.03194103194103194 0.029411764705882353 0.051597051597051594
0 0.6944444444444444 0.257985257985258 0.03594771241830065 0.05405405405405406
0 0.8055555555555556 0.14250614250614252 0.029411764705882353 0.051597051597051594
0 0.5784313725490197 0.09582309582309582 0.029411764705882353 0.051597051597051594
0 0.6160130718954249 0.36117936117936117 0.03594771241830065 0.05405405405405406
0 0.3741830065359477 0.5601965601965602 0.042483660130718956 0.08353808353808354
0 0.12581699346405228 0.17936117936117937 0.03594771241830065 0.05405405405405406
0 0.19607843137254902 0.22604422604422605 0.03594771241830065 0.05405405405405406
0 0.9852941176470589 0.6560196560196561 0.042483660130718956 0.08108108108108109
0 0.11437908496732026 0.5528255528255528 0.042483660130718956 0.08353808353808354
0 0.7189542483660131 0.09828009828009827 0.029411764705882353 0.051597051597051594
0 0.8235294117647058 0.3488943488943489 0.03594771241830065 0.05405405405405406
0 0.9607843137254902 0.10810810810810811 0.03104575163398693 0.051597051597051594
0 0.4477124183006536 0.10810810810810811 0.029411764705882353 0.051597051597051594
0 0.24673202614379086 0.47911547911547914 0.042483660130718956 0.08353808353808354
0 0.5163398692810458 0.3046683046683047 0.03594771241830065 0.05405405405405406
0 0.10130718954248366 0.3366093366093366 0.03594771241830065 0.05405405405405406
0 0.9068627450980392 0.06142506142506143 0.029411764705882353 0.051597051597051594
0 0.28921568627450983 0.40540540540540543 0.042483660130718956 0.08353808353808354
0 0.4117647058823529 0.42997542997543 0.042483660130718956 0.08353808353808354
0 0.5424836601307189 0.09828009828009827 0.029411764705882353 0.051597051597051594
0 0.09640522875816994 0.42997542997543 0.042483660130718956 0.08353808353808354
0 0.0718954248366013 0.47174447174447176 0.042483660130718956 0.08353808353808354
0 0.8529411764705882 0.6560196560196561 0.0457516339869281 0.07371007371007371
0 0.6356209150326797 0.43243243243243246 0.042483660130718956 0.08353808353808354
0 0.9068627450980392 0.31695331695331697 0.03594771241830065 0.05405405405405406
0 0.3611111111111111 0.4914004914004914 0.042483660130718956 0.08353808353808354
0 0.9836601307189542 0.5208845208845209 0.042483660130718956 0.08353808353808354
0 0.03104575163398693 0.019656019656019656 0.029411764705882353 0.051597051597051594
0 0.16339869281045752 0.457002457002457 0.042483660130718956 0.08353808353808354
0 0.8366013071895425 0.4201474201474201 0.042483660130718956 0.08353808353808354
0 0.5947712418300654 0.4152334152334152 0.042483660130718956 0.08353808353808354
0 0.00980392156862745 0.11302211302211303 0.032679738562091505 0.051597051597051594
0 0.07026143790849673 0.05405405405405406 0.029411764705882353 0.051597051597051594
0 0.44281045751633985 0.1769041769041769 0.03594771241830065 0.05405405405405406
0 0.5343137254901961 0.2334152334152334 0.03594771241830065 0.05405405405405406
0 0.29411764705882354 0.7641277641277642 0.0457516339869281 0.07371007371007371
0 0.3545751633986928 0.029484029484029485 0.029411764705882353 0.051597051597051594
0 0.7467320261437909 0.4864864864864865 0.042483660130718956 0.08353808353808354
0 0.38562091503267976 0.7248157248157249 0.0457516339869281 0.07371007371007371
0 0.3562091503267974 0.3808353808353808 0.03594771241830065 0.05405405405405406
0 0.6928104575163399 0.5257985257985258 0.042483660130718956 0.08353808353808354
0 0.24673202614379086 0.44226044226044225 0.042483660130718956 0.08353808353808354
0 0.7238562091503268 0.23095823095823095 0.03594771241830065 0.05405405405405406
0 0.19117647058823528 0.0687960687960688 0.029411764705882353 0.051597051597051594
0 0.18137254901960784 0.13267813267813267 0.029411764705882353 0.051597051597051594
0 0.8202614379084967 0.5331695331695332 0.042483660130718956 0.08353808353808354
0 0.5522875816993464 0.5773955773955773 0.042483660130718956 0.08353808353808354
0 0.14705882352941177 0.343980343980344 0.03594771241830065 0.05405405405405406
0 0.5310457516339869 0.019656019656019656 0.029411764705882353 0.051597051597051594
0 0.22712418300653595 0.42997542997543 0.042483660130718956 0.08353808353808354
0 0.7728758169934641 0.28992628992628994 0.03594771241830065 0.05405405405405406
0 0.4526143790849673 0.5601965601965602 0.042483660130718956 0.08353808353808354
0 0.6127450980392157 0.28255528255528256 0.03594771241830065 0.05405405405405406
0 0.8676470588235294 0.02457002457002457 0.029411764705882353 0.051597051597051594
0 0.923202614379085 0.12530712530712532 0.029411764705882353 0.051597051597051594
0 0.7107843137254902 0.14250614250614252 0.029411764705882353 0.051597051597051594
0 0.29248366013071897 0.25307125307125306 0.03594771241830065 0.05405405405405406
0 0.8055555555555556 0.03194103194103194 0.029411764705882353 0.051597051597051594
0 0.014705882352941176 0.6584766584766585 0.0457516339869281 0.07371007371007371
0 0.6470588235294118 0.47174447174447176 0.042483660130718956 0.08353808353808354
0 0.9215686274509803 0.4594594594594595 0.042483660130718956 0.08353808353808354
0 0.2777777777777778 0.022113022113022112 0.029411764705882353 0.051597051597051594
0 0.5081699346405228 0.25307125307125306 0.03594771241830065 0.05405405405405406
0 0.7483660130718954 0.2702702702702703 0.03594771241830065 0.05405405405405406
0 0.44281045751633985 0.4250614250614251 0.042483660130718956 0.08353808353808354
0 0.8888888888888888 0.26044226044226043 0.03594771241830065 0.05405405405405406
0 0.4477124183006536 0.3783783783783784 0.03594771241830065 0.05405405405405406
0 0.35784313725490197 0.29484029484029484 0.03594771241830065 0.05405405405405406
0 0.7565359477124183 0.22604422604422605 0.03594771241830065 0.05405405405405406
0 0.5637254901960784 0.009828009828009828 0.03104575163398693 0.051597051597051594
0 0.6356209150326797 0.257985257985258 0.03594771241830065 0.05405405405405406
0 0.06372549019607843 0.19901719901719903 0.03594771241830065 0.05405405405405406
0 0.5604575163398693 0.7321867321867321 0.0457516339869281 0.07371007371007371
0 0.12418300653594772 0.7100737100737101 0.0457516339869281 0.07371007371007371
0 0.6339869281045751 0.17444717444717445 0.03594771241830065 0.05405405405405406
0 0.03104575163398693 0.29484029484029484 0.03594771241830065 0.05405405405405406
0 0.9738562091503268 0.597051597051597 0.0457516339869281 0.07371007371007371
0 0.4820261437908497 0.7592137592137592 0.0457516339869281 0.07371007371007371
0 0.12745098039215685 0.04668304668304668 0.029411764705882353 0.051597051597051594
0 0.7336601307189542 0.002457002457002457 0.029411764705882353 0.051597051597051594
0 0.6568627450980392 0.29975429975429974 0.03594771241830065 0.05405405405405406
0 0.008169934640522876 0.171990171990172 0.032679738562091505 0.051597051597051594
0 0.4199346405228758 0.4864864864864865 0.042483660130718956 0.08353808353808354
0 0.4624183006535948 0.3194103194103194 0.03594771241830065 0.05405405405405406
0 0.684640522875817 0.0171990171990172 0.029411764705882353 0.051597051597051594
0 0.565359477124183 0.4742014742014742 0.042483660130718956 0.08353808353808354
0 0.16339869281045752 0.02457002457002457 0.029411764705882353 0.051597051597051594
0 0.4264705882352941 0.2628992628992629 0.03594771241830065 0.05405405405405406
0 0.6372549019607843 0.10565110565110565 0.029411764705882353 0.051597051597051594
0 0.029411764705882353 0.5700245700245701 0.042483660130718956 0.08353808353808354
0 0.803921568627451 0.25061425061425063 0.03594771241830065 0.05405405405405406
0 0.5686274509803921 0.14987714987714987 0.03594771241830065 0.05405405405405406
0 0.9264705882352942 0.49385749385749383 0.042483660130718956 0.08353808353808354
0 0.5555555555555556 0.3071253071253071 0.03594771241830065 0.05405405405405406
0 0.7271241830065359 0.3808353808353808 0.03594771241830065 0.05405405405405406
0 0.2761437908496732 0.48894348894348894 0.042483660130718956 0.08353808353808354
0 0.10130718954248366 0.48402948402948404 0.042483660130718956 0.08353808353808354
0 0.3055555555555556 0.10319410319410319 0.029411764705882353 0.051597051597051594
0 0.696078431372549 0.32186732186732187 0.03594771241830065 0.05405405405405406
0 0.24509803921568626 0.19656019656019655 0.03594771241830065 0.05405405405405406
0 0.9183006535947712 0.02457002457002457 0.029411764705882353 0.051597051597051594
0 0.9771241830065359 0.24078624078624078 0.03594771241830065 0.05405405405405406
0 0.7532679738562091 0.14742014742014742 0.03594771241830065 0.05405405405405406
0 0.7205882352941176 0.5135135135135135 0.042483660130718956 0.08353808353808354
0 0.7320261437908496 0.056511056511056514 0.029411764705882353 0.051597051597051594
0 0.8349673202614379 0.06633906633906633 0.029411764705882353 0.051597051597051594
0 0.7369281045751634 0.5577395577395577 0.042483660130718956 0.08353808353808354
0 0.369281045751634 0.4201474201474201 0.042483660130718956 0.08353808353808354
0 0.9640522875816994 0.19901719901719903 0.03594771241830065 0.05405405405405406
0 0.3937908496732026 0.17936117936117937 0.03594771241830065 0.05405405405405406
0 0.9101307189542484 0.1941031941031941 0.03594771241830065 0.05405405405405406
0 0.5326797385620915 0.1547911547911548 0.03594771241830065 0.05405405405405406
0 0.1977124183006536 0.10810810810810811 0.029411764705882353 0.051597051597051594
0 0.8839869281045751 0.29238329238329236 0.03594771241830065 0.05405405405405406
0 0.7696078431372549 0.06388206388206388 0.029411764705882353 0.051597051597051594
0 0.8137254901960784 0.28992628992628994 0.03594771241830065 0.05405405405405406
0 0.1568627450980392 0.15233415233415235 0.03594771241830065 0.05405405405405406
0 0.6045751633986928 0.6756756756756757 0.0457516339869281 0.07371007371007371
0 0.6977124183006536 0.6314496314496314 0.0457516339869281 0.07371007371007371
0 0.6437908496732027 0.5577395577395577 0.042483660130718956 0.08353808353808354
0 0.6421568627450981 0.13022113022113022 0.029411764705882353 0.051597051597051594
0 0.5375816993464052 0.36363636363636365 0.03594771241830065 0.05405405405405406
0 0.5065359477124183 0.15724815724815724 0.03594771241830065 0.05405405405405406
0 0.9705882352941176 0.04914004914004914 0.03104575163398693 0.051597051597051594
0 0.27450980392156865 0.11056511056511056 0.029411764705882353 0.051597051597051594
0 0.2647058823529412 0.40786240786240785 0.042483660130718956 0.08353808353808354
0 0.9215686274509803 0.22113022113022113 0.03594771241830065 0.05405405405405406
0 0.9411764705882353 0.36855036855036855 0.03594771241830065 0.05405405405405406
0 0.8529411764705882 0.12285012285012285 0.029411764705882353 0.051597051597051594
0 0.3333333333333333 0.13513513513513514 0.029411764705882353 0.051597051597051594
0 0.619281045751634 0.1375921375921376 0.029411764705882353 0.051597051597051594
0 0.28431372549019607 0.32432432432432434 0.03594771241830065 0.05405405405405406
0 0.5849673202614379 0.2800982800982801 0.03594771241830065 0.05405405405405406
0 0.9117647058823529 0.2457002457002457 0.03594771241830065 0.05405405405405406
0 0.8480392156862745 0.23095823095823095 0.03594771241830065 0.05405405405405406
0 0.75 0.10319410319410319 0.029411764705882353 0.051597051597051594
0 0.39052287581699346 0.07125307125307126 0.029411764705882353 0.051597051597051594
0 0.5065359477124183 0.36609336609336607 0.03594771241830065 0.05405405405405406
0 0.5212418300653595 0.4226044226044226 0.042483660130718956 0.08353808353808354
0 0.48856209150326796 0.27764127764127766 0.03594771241830065 0.05405405405405406
0 0.6699346405228758 0.16953316953316952 0.03594771241830065 0.05405405405405406
0 0.6584967320261438 0.04668304668304668 0.029411764705882353 0.051597051597051594
0 0.4199346405228758 0.09336609336609336 0.029411764705882353 0.051597051597051594
0 0.4068627450980392 0.36855036855036855 0.03594771241830065 0.05405405405405406
0 0.042483660130718956 0.41277641277641275 0.042483660130718956 0.08353808353808354
0 0.9689542483660131 0.3022113022113022 0.03594771241830065 0.05405405405405406
0 0.1895424836601307 0.5331695331695332 0.042483660130718956 0.08353808353808354
0 0.3333333333333333 0.17936117936117937 0.03594771241830065 0.05405405405405406
0 0.7728758169934641 0.3488943488943489 0.03594771241830065 0.05405405405405406
0 0.25326797385620914 0.371007371007371 0.03594771241830065 0.05405405405405406
0 0.8594771241830066 0.33415233415233414 0.03594771241830065 0.05405405405405406
0 0.0784313725490196 0.11793611793611794 0.029411764705882353 0.051597051597051594
0 0.6830065359477124 0.4152334152334152 0.042483660130718956 0.08353808353808354
0 0.39052287581699346 0.6117936117936118 0.0457516339869281 0.07371007371007371
0 0.3611111111111111 0.14004914004914004 0.029411764705882353 0.051597051597051594
0 0.14215686274509803 0.44717444717444715 0.042483660130718956 0.08353808353808354
