0 0.4796875 0.5324881141045958 0.01875 0.03803486529318542
0 0.44140625 0.49128367670364503 0.01875 0.03803486529318542
0 0.07109375 0.3993660855784469 0.00546875 0.01584786053882726
0 0.625 0.5198098256735341 0.01875 0.03803486529318542
0 0.8046875 0.393026941362916 0.00859375 0.017432646592709985
0 0.41328125 0.37400950871632327 0.00546875 0.01584786053882726
0 0.26796875 0.44532488114104596 0.0078125 0.022187004754358162
0 0.71015625 0.5752773375594294 0.025 0.060221870047543584
0 0.34296875 0.4041204437400951 0.0078125 0.022187004754358162
0 0.984375 0.3898573692551506 0.00625 0.012678288431061807
0 0.98828125 0.41996830427892234 0.009375 0.01901743264659271
0 0.675 0.9873217115689382 0.040625 0.11727416798732171
0 0.23671875 0.3629160063391442 0.00546875 0.01584786053882726
0 0.05546875 0.3787638668779715 0.00546875 0.01584786053882726
0 0.92109375 0.4183835182250396 0.00859375 0.017432646592709985
0 0.790625 0.375594294770206 0.00390625 0.00792393026941363
0 0.9984375 0.4595879556259905 0.0109375 0.022187004754358162
0 0.865625 0.3898573692551506 0.00859375 0.017432646592709985
0 0.9015625 0.3629160063391442 0.00390625 0.00792393026941363
0 0.528125 0.508716323296355 0.01875 0.03803486529318542
0 0.7921875 0.40887480190174325 0.00859375 0.017432646592709985
0 0.9234375 0.37717908082408874 0.00390625 0.00792393026941363
0 0.584375 0.44849445324881143 0.00859375 0.017432646592709985
0 0.70078125 0.43423137876386686 0.00859375 0.017432646592709985
0 0.35390625 0.38193343898573695 0.00546875 0.01584786053882726
0 0.1828125 0.4215530903328051 0.0078125 0.022187004754358162
0 0.4203125 0.6307448494453248 0.025 0.060221870047543584
0 0.66796875 0.41362916006339145 0.00859375 0.017432646592709985
0 0.85390625 0.4675118858954041 0.01875 0.03803486529318542
0 0.25546875 0.3898573692551506 0.00546875 0.01584786053882726
0 0.490625 0.4896988906497623 0.01875 0.03803486529318542
0 0.6109375 0.4849445324881141 0.01875 0.03803486529318542
0 0.8640625 0.40729001584786056 0.00859375 0.017432646592709985
0 0.028125 0.5277337559429477 0.0203125 0.044374009508716325
0 0.471875 0.8415213946117274 0.040625 0.11727416798732171
0 0.47734375 0.4595879556259905 0.01875 0.03803486529318542
0 0.79296875 0.5213946117274167 0.01875 0.03803486529318542
0 0.7515625 0.35657686212361334 0.00390625 0.00792393026941363
0 0.8984375 0.42630744849445323 0.00859375 0.017432646592709985
0 0.5 0.4643423137876387 0.01875 0.03803486529318542
0 0.94453125 0.36450079239302696 0.00390625 0.00792393026941363
0 0.4984375 0.3613312202852615 0.00390625 0.00792393026941363
0 0.03203125 0.39619651347068147 0.00546875 0.01584786053882726
0 0.28515625 0.35974643423137875 0.00546875 0.01584786053882726
0 0.55625 0.3692551505546751 0.00390625 0.00792393026941363
0 0.07734375 0.3898573692551506 0.00546875 0.01584786053882726
0 0.07890625 0.37717908082408874 0.00546875 0.01584786053882726
0 0.72578125 0.40570522979397783 0.00859375 0.017432646592709985
0 0.8890625 0.3977812995245642 0.00859375 0.017432646592709985
0 0.37421875 0.39461172741679873 0.00546875 0.01584786053882726
0 0.1265625 0.3724247226624406 0.00546875 0.01584786053882726
0 0.29140625 0.35340729001584786 0.00546875 0.01584786053882726
0 0.6046875 0.41362916006339145 0.00859375 0.017432646592709985
0 0.65546875 0.40570522979397783 0.00859375 0.017432646592709985
0 0.503125 0.40887480190174325 0.00859375 0.017432646592709985
0 0.42265625 0.3866877971473851 0.00546875 0.01584786053882726
0 0.44140625 0.35340729001584786 0.00546875 0.01584786053882726
0 0.88671875 0.5911251980982567 0.025 0.060221870047543584
0 0.8046875 0.4041204437400951 0.00859375 0.017432646592709985
0 0.93515625 0.40887480190174325 0.00859375 0.017432646592709985
0 0.36875 0.3518225039619651 0.00546875 0.01584786053882726
0 0.92421875 0.7036450079239303 0.025 0.060221870047543584
0 0.640625 0.38510301109350237 0.00859375 0.017432646592709985
0 0.90234375 0.39619651347068147 0.00859375 0.017432646592709985
0 0.34453125 0.39144215530903326 0.00546875 0.01584786053882726
0 0.22734375 0.43740095087163233 0.0078125 0.022187004754358162
0 0.95546875 0.375594294770206 0.00390625 0.00792393026941363
0 0.384375 0.6386687797147385 0.025 0.060221870047543584
0 0.0078125 0.40729001584786056 0.009375 0.02377179080824089
0 0.78203125 0.36608557844690964 0.00390625 0.00792393026941363
0 0.0375 0.4152139461172742 0.0078125 0.022187004754358162
0 0.13515625 0.3898573692551506 0.00546875 0.01584786053882726
0 0.07109375 0.46275752773375595 0.0203125 0.044374009508716325
0 0.38359375 0.38351822503961963 0.00546875 0.01584786053882726
0 0.86171875 0.3629160063391442 0.00390625 0.00792393026941363
0 0.1875 0.375594294770206 0.00546875 0.01584786053882726
0 0.29296875 0.41679873217115687 0.0078125 0.022187004754358162
0 0.4515625 0.3549920760697306 0.00546875 0.01584786053882726
0 0.696875 0.6085578446909667 0.025 0.060221870047543584
0 0.8 0.4532488114104596 0.01875 0.03803486529318542
0 0.06640625 0.39144215530903326 0.00546875 0.01584786053882726
0 0.16328125 0.3803486529318542 0.00546875 0.01584786053882726
0 0.55859375 0.4041204437400951 0.00859375 0.017432646592709985
0 0.2546875 0.4326465927099842 0.0078125 0.022187004754358162
0 0.38671875 0.3438985736925515 0.00546875 0.01584786053882726
0 0.27890625 0.3549920760697306 0.00546875 0.01584786053882726
0 0.00234375 0.5277337559429477 0.0171875 0.03803486529318542
0 0.53671875 0.5324881141045958 0.01875 0.03803486529318542
0 0.70703125 0.4611727416798732 0.01875 0.03803486529318542
0 0.83515625 0.42789223454833597 0.00859375 0.017432646592709985
0 0.5078125 0.38827258320126784 0.00859375 0.017432646592709985
0 0.81953125 0.38193343898573695 0.00390625 0.00792393026941363
0 0.95078125 0.43740095087163233 0.00859375 0.017432646592709985
0 0.69453125 0.4247226624405705 0.00859375 0.017432646592709985
0 0.2140625 0.40253565768621236 0.0078125 0.022187004754358162
0 0.68828125 0.4754358161648177 0.01875 0.03803486529318542
0 0.35546875 0.358161648177496 0.00546875 0.01584786053882726
0 0.5890625 0.38827258320126784 0.00859375 0.017432646592709985
0 0.87265625 0.41996830427892234 0.00859375 0.017432646592709985
0 0.04140625 0.39619651347068147 0.00546875 0.01584786053882726
0 0.87734375 0.4009508716323296 0.00859375 0.017432646592709985
0 0.64453125 0.3629160063391442 0.00390625 0.00792393026941363
0 0.2921875 0.4405705229793978 0.0078125 0.022187004754358162
0 0.6375 0.4532488114104596 0.01875 0.03803486529318542
0 0.65625 0.3898573692551506 0.00859375 0.017432646592709985
0 0.88828125 0.38510301109350237 0.00859375 0.017432646592709985
0 0.021875 0.3977812995245642 0.00625 0.01901743264659271
0 0.01875 0.47702060221870046 0.0203125 0.044374009508716325
0 0.76875 0.6925515055467512 0.025 0.060221870047543584
0 0.678125 0.38510301109350237 0.00859375 0.017432646592709985
0 0.80234375 0.5736925515055468 0.025 0.060221870047543584
0 0.6203125 0.38827258320126784 0.00859375 0.017432646592709985
0 0.4015625 0.39144215530903326 0.00546875 0.01584786053882726
0 0.90625 0.43740095087163233 0.0109375 0.022187004754358162
0 0.178125 0.37400950871632327 0.00546875 0.01584786053882726
0 0.759375 0.47702060221870046 0.01875 0.03803486529318542
0 0.05703125 0.5705229793977813 0.0203125 0.044374009508716325
0 0.77109375 0.3787638668779715 0.00390625 0.00792393026941363
0 0.70234375 0.40729001584786056 0.00859375 0.017432646592709985
0 0.63046875 0.4009508716323296 0.00859375 0.017432646592709985
0 0.61640625 0.35974643423137875 0.00390625 0.00792393026941363
0 0.61328125 0.38351822503961963 0.00859375 0.017432646592709985
0 0.803125 0.38193343898573695 0.00390625 0.00792393026941363
0 0.09921875 0.4706814580031696 0.0203125 0.044374009508716325
0 0.78515625 0.3977812995245642 0.00859375 0.017432646592709985
0 0.51796875 0.4548335974643423 0.01875 0.03803486529318542
0 0.64921875 0.3787638668779715 0.00390625 0.00792393026941363
0 0.2765625 0.40253565768621236 0.0078125 0.022187004754358162
0 0.315625 0.35340729001584786 0.00546875 0.01584786053882726
0 0.79375 0.4865293185419968 0.01875 0.03803486529318542
0 0.671875 0.4247226624405705 0.00859375 0.017432646592709985
0 0.5375 0.37717908082408874 0.00390625 0.00792393026941363
0 0.525 0.39619651347068147 0.00859375 0.017432646592709985
0 0.52734375 0.4786053882725832 0.01875 0.03803486529318542
0 0.21796875 0.358161648177496 0.00546875 0.01584786053882726
0 0.59453125 0.4247226624405705 0.00859375 0.017432646592709985
0 0.10546875 0.375594294770206 0.00546875 0.01584786053882726
0 0.8890625 0.4437400950871632 0.00859375 0.017432646592709985
0 0.4953125 0.37717908082408874 0.00390625 0.00792393026941363
0 0.68046875 0.4421553090332805 0.0109375 0.022187004754358162
0 0.6828125 0.4215530903328051 0.00859375 0.017432646592709985
0 0.61484375 0.4532488114104596 0.01875 0.03803486529318542
0 0.321875 0.40253565768621236 0.0078125 0.022187004754358162
0 0.3234375 0.38193343898573695 0.00546875 0.01584786053882726
0 0.27109375 0.3787638668779715 0.00546875 0.01584786053882726
0 0.059375 0.3993660855784469 0.00546875 0.01584786053882726
0 0.775 0.39461172741679873 0.00859375 0.017432646592709985
0 0.253125 0.37400950871632327 0.00546875 0.01584786053882726
0 0.36171875 0.39144215530903326 0.00546875 0.01584786053882726
0 0.83046875 0.3803486529318542 0.00390625 0.00792393026941363
0 0.371875 0.37400950871632327 0.00546875 0.01584786053882726
0 0.4265625 0.7131537242472267 0.025 0.060221870047543584
0 0.91640625 0.40253565768621236 0.00859375 0.017432646592709985
0 0.50859375 0.3692551505546751 0.00390625 0.00792393026941363
0 0.63515625 0.3724247226624406 0.00390625 0.00792393026941363
0 0.20703125 0.4643423137876387 0.0203125 0.044374009508716325
0 0.7375 0.38827258320126784 0.00859375 0.017432646592709985
0 0.57578125 0.5039619651347068 0.01875 0.03803486529318542
0 0.6484375 0.5689381933438986 0.025 0.060221870047543584
0 0.67890625 0.3613312202852615 0.00390625 0.00792393026941363
0 0.5234375 0.41679873217115687 0.00859375 0.017432646592709985
0 0.2421875 0.4865293185419968 0.0203125 0.044374009508716325
0 0.63984375 0.41996830427892234 0.00859375 0.017432646592709985
0 0.6515625 0.3629160063391442 0.00390625 0.00792393026941363
0 0.07109375 0.5340729001584786 0.0203125 0.044374009508716325
0 0.5328125 0.7036450079239303 0.025 0.060221870047543584
0 0.6734375 0.3993660855784469 0.00859375 0.017432646592709985
0 0.621875 0.4120443740095087 0.00859375 0.017432646592709985
0 0.91171875 0.5039619651347068 0.01875 0.03803486529318542
0 0.25234375 0.35340729001584786 0.00546875 0.01584786053882726
0 0.340625 0.35340729001584786 0.00546875 0.01584786053882726
0 0.36640625 0.35340729001584786 0.00546875 0.01584786053882726
0 0.99609375 0.7068145800316957 0.028125 0.061806656101426306
0 0.86796875 0.6687797147385103 0.025 0.060221870047543584
0 0.7796875 0.38193343898573695 0.00390625 0.00792393026941363
0 0.421875 0.5388272583201268 0.01875 0.03803486529318542
0 0.18828125 0.35340729001584786 0.00546875 0.01584786053882726
0 0.9640625 0.38827258320126784 0.00859375 0.017432646592709985
0 0.509375 0.358161648177496 0.00390625 0.00792393026941363
0 0.05078125 0.41679873217115687 0.0078125 0.022187004754358162
0 0.9203125 0.618066561014263 0.025 0.060221870047543584
0 0.3015625 0.3977812995245642 0.00546875 0.01584786053882726
0 0.2765625 0.42630744849445323 0.0078125 0.022187004754358162
0 0.34609375 0.36450079239302696 0.00546875 0.01584786053882726
0 0.22578125 0.3629160063391442 0.00546875 0.01584786053882726
0 0.3734375 0.4294770206022187 0.0078125 0.022187004754358162
0 0.5671875 0.38351822503961963 0.00859375 0.017432646592709985
0 0.9328125 0.3629160063391442 0.00390625 0.00792393026941363
0 0.3375 0.41996830427892234 0.0078125 0.022187004754358162
0 0.2375 0.4294770206022187 0.0078125 0.022187004754358162
0 0.1609375 0.36608557844690964 0.00546875 0.01584786053882726
0 0.1 0.4009508716323296 0.00546875 0.017432646592709985
0 0.82421875 0.36450079239302696 0.00390625 0.00792393026941363
0 0.43828125 0.5039619651347068 0.01875 0.03803486529318542
0 0.35234375 0.3993660855784469 0.00546875 0.01584786053882726
0 0.1296875 0.3676703645007924 0.00546875 0.01584786053882726
0 0.9078125 0.38193343898573695 0.00390625 0.00792393026941363
0 0.121875 0.4215530903328051 0.0078125 0.022187004754358162
0 0.65 0.41679873217115687 0.00859375 0.017432646592709985
0 0.7234375 0.38351822503961963 0.00859375 0.017432646592709985
0 0.4703125 0.4786053882725832 0.01875 0.03803486529318542
0 0.134375 0.4722662440570523 0.0203125 0.044374009508716325
0 0.3015625 0.35657686212361334 0.00546875 0.01584786053882726
0 0.759375 0.3898573692551506 0.00859375 0.017432646592709985
0 0.77109375 0.4595879556259905 0.01875 0.03803486529318542
0 0.20390625 0.3724247226624406 0.00546875 0.01584786053882726
0 0.76796875 0.35657686212361334 0.00390625 0.00792393026941363
0 0.34375 0.38193343898573695 0.00546875 0.01584786053882726
0 0.9171875 0.48335974643423135 0.01875 0.03803486529318542
0 0.21953125 0.5071315372424723 0.0203125 0.044374009508716325
0 0.54921875 0.4326465927099842 0.00859375 0.017432646592709985
0 0.190625 0.42630744849445323 0.0078125 0.022187004754358162
0 0.24296875 0.4675118858954041 0.0203125 0.044374009508716325
0 0.22421875 0.3787638668779715 0.00546875 0.01584786053882726
0 0.4484375 0.35657686212361334 0.00546875 0.01584786053882726
0 0.91171875 0.5356576862123613 0.01875 0.03803486529318542
0 0.09140625 0.4865293185419968 0.0203125 0.044374009508716325
0 0.10546875 0.4326465927099842 0.0078125 0.022187004754358162
0 0.42421875 0.35657686212361334 0.00546875 0.01584786053882726
0 0.3546875 0.4294770206022187 0.0078125 0.022187004754358162
0 0.5671875 0.42789223454833597 0.00859375 0.017432646592709985
0 0.81015625 0.44849445324881143 0.01328125 0.02694136291600634
0 0.49765625 0.3724247226624406 0.00390625 0.00792393026941363
0 0.15078125 0.375594294770206 0.00546875 0.01584786053882726
0 0.54609375 0.3613312202852615 0.00390625 0.00792393026941363
0 0.45859375 0.6228209191759112 0.025 0.060221870047543584
0 0.05234375 0.5118858954041204 0.0203125 0.044374009508716325
0 0.8671875 0.48335974643423135 0.01875 0.03803486529318542
0 0.55546875 0.38827258320126784 0.00859375 0.017432646592709985
0 0.73125 0.3629160063391442 0.00390625 0.00792393026941363
0 0.7015625 0.5071315372424723 0.01875 0.03803486529318542
0 0.59765625 0.6418383518225039 0.025 0.060221870047543584
0 0.9984375 0.4041204437400951 0.009375 0.01901743264659271
0 0.85625 0.9841521394611727 0.0515625 0.11568938193343899
0 0.4609375 0.35657686212361334 0.00625 0.01584786053882726
0 0.4890625 0.393026941362916 0.00859375 0.017432646592709985
0 0.1953125 0.508716323296355 0.0203125 0.044374009508716325
0 0.66875 0.4532488114104596 0.01875 0.03803486529318542
0 0.0234375 0.3787638668779715 0.00625 0.01901743264659271
0 0.1703125 0.4041204437400951 0.0078125 0.022187004754358162
0 0.14296875 0.46275752773375595 0.0203125 0.044374009508716325
0 0.56640625 0.49920760697305866 0.01875 0.03803486529318542
0 0.6984375 0.3787638668779715 0.00390625 0.00792393026941363
0 0.734375 0.4120443740095087 0.00859375 0.017432646592709985
0 0.08984375 0.39619651347068147 0.00546875 0.01584786053882726
0 0.18359375 0.39144215530903326 0.00546875 0.01584786053882726
0 0.52109375 0.35974643423137875 0.00390625 0.00792393026941363
0 0.8328125 0.5372424722662441 0.01875 0.03803486529318542
0 0.7625 0.4326465927099842 0.00859375 0.017432646592709985
0 0.696875 0.39619651347068147 0.00859375 0.017432646592709985
0 0.84921875 0.3629160063391442 0.00390625 0.00792393026941363
0 0.1453125 0.375594294770206 0.00546875 0.01584786053882726
0 0.93203125 0.3787638668779715 0.00390625 0.00792393026941363
0 0.63125 0.43423137876386686 0.00859375 0.017432646592709985
0 0.99140625 0.4405705229793978 0.0109375 0.022187004754358162
0 0.39140625 0.4009508716323296 0.00546875 0.01584786053882726
0 0.703125 0.3629160063391442 0.00390625 0.00792393026941363
0 0.92578125 0.3549920760697306 0.00390625 0.00792393026941363
0 0.27734375 0.4611727416798732 0.0203125 0.044374009508716325
0 0.83203125 0.5071315372424723 0.01875 0.03803486529318542
0 0.15625 0.48811410459587956 0.0203125 0.044374009508716325
0 0.9734375 0.47385103011093505 0.01875 0.03803486529318542
0 0.28203125 0.8225039619651348 0.040625 0.11727416798732171
0 0.49296875 0.47385103011093505 0.01875 0.03803486529318542
0 0.75078125 0.43898573692551507 0.0109375 0.022187004754358162
0 0.3203125 0.4358161648177496 0.0078125 0.022187004754358162
0 0.79140625 0.44532488114104596 0.01328125 0.02694136291600634
0 0.85 0.4231378763866878 0.00859375 0.017432646592709985
0 0.13671875 0.43423137876386686 0.0078125 0.022187004754358162
0 0.49765625 0.4152139461172742 0.00859375 0.017432646592709985
0 0.840625 0.5103011093502378 0.01875 0.03803486529318542
0 0.60234375 0.4294770206022187 0.00859375 0.017432646592709985
0 0.0859375 0.43898573692551507 0.0078125 0.022187004754358162
0 0.3015625 0.37717908082408874 0.00546875 0.01584786053882726
0 0.5015625 0.36450079239302696 0.00390625 0.00792393026941363
0 0.040625 0.3724247226624406 0.00546875 0.01584786053882726
0 0.2671875 0.4358161648177496 0.0078125 0.022187004754358162
0 0.165625 0.4358161648177496 0.0078125 0.022187004754358162
0 0.18203125 0.4500792393026941 0.0078125 0.022187004754358162
0 0.61484375 0.41679873217115687 0.00859375 0.017432646592709985
0 0.5765625 0.4469096671949287 0.0109375 0.022187004754358162
0 0.79609375 0.6038034865293186 0.025 0.060221870047543584
0 0.56796875 0.3676703645007924 0.00390625 0.00792393026941363
0 0.9453125 0.3866877971473851 0.00859375 0.017432646592709985
0 0.91484375 0.37400950871632327 0.00390625 0.00792393026941363
0 0.3953125 0.3692551505546751 0.00546875 0.01584786053882726
0 0.94609375 0.3977812995245642 0.00859375 0.017432646592709985
0 0.95234375 0.5293185419968305 0.01875 0.03803486529318542
0 0.88125 0.42630744849445323 0.00859375 0.017432646592709985
0 0.5421875 0.32171156893819336 0.00390625 0.00792393026941363
0 0.23671875 0.37717908082408874 0.00546875 0.01584786053882726
0 0.315625 0.36450079239302696 0.00546875 0.01584786053882726
0 0.92890625 0.4469096671949287 0.0109375 0.022187004754358162
0 0.5828125 0.3803486529318542 0.00390625 0.00792393026941363
0 0.8234375 0.40729001584786056 0.00859375 0.017432646592709985
0 0.3328125 0.3787638668779715 0.00546875 0.01584786053882726
0 0.13125 0.5372424722662441 0.0203125 0.044374009508716325
0 0.04921875 0.4548335974643423 0.0140625 0.03328050713153724
0 0.76328125 0.37400950871632327 0.00390625 0.00792393026941363
0 0.40546875 0.35657686212361334 0.00546875 0.01584786053882726
0 0.525 0.624405705229794 0.025 0.060221870047543584
0 0.98125 0.6291600633914421 0.021875 0.0491283676703645
0 0.8375 0.3613312202852615 0.00390625 0.00792393026941363
0 0.57421875 0.3549920760697306 0.00390625 0.00792393026941363
0 0.3046875 0.3549920760697306 0.00546875 0.01584786053882726
0 0.8765625 0.38827258320126784 0.00859375 0.017432646592709985
0 0.66015625 0.7036450079239303 0.025 0.060221870047543584
0 0.1734375 0.38193343898573695 0.00546875 0.01584786053882726
0 0.57109375 0.38827258320126784 0.00859375 0.017432646592709985
0 0.84921875 0.3866877971473851 0.00859375 0.017432646592709985
0 0.5015625 0.393026941362916 0.00859375 0.017432646592709985
0 0.690625 0.3613312202852615 0.00390625 0.00792393026941363
0 0.996875 0.4960380348652932 0.01328125 0.02694136291600634
0 0.53125 0.32171156893819336 0.00390625 0.00792393026941363
0 0.8328125 0.3977812995245642 0.00859375 0.017432646592709985
0 0.75546875 0.39461172741679873 0.00859375 0.017432646592709985
0 0.35625 0.993660855784469 0.040625 0.11727416798732171
0 0.9296875 0.393026941362916 0.00859375 0.017432646592709985
0 0.334375 0.39144215530903326 0.00546875 0.01584786053882726
0 0.55 0.3866877971473851 0.00859375 0.017432646592709985
0 0.66328125 0.3629160063391442 0.00390625 0.00792393026941363
0 0.93671875 0.8019017432646592 0.0515625 0.11568938193343899
0 0.7078125 0.4437400950871632 0.0109375 0.022187004754358162
0 0.5625 0.35974643423137875 0.00390625 0.00792393026941363
0 0.584375 0.4041204437400951 0.00859375 0.017432646592709985
0 0.79921875 0.3613312202852615 0.00390625 0.00792393026941363
0 0.12734375 0.38510301109350237 0.00546875 0.01584786053882726
0 0.96796875 0.4326465927099842 0.00859375 0.017432646592709985
0 0.64453125 0.48335974643423135 0.01875 0.03803486529318542
0 0.33984375 0.37083993660855785 0.00546875 0.01584786053882726
0 0.5515625 0.4659270998415214 0.01875 0.03803486529318542
0 0.97890625 0.41362916006339145 0.00859375 0.017432646592709985
0 0.86953125 0.3629160063391442 0.00390625 0.00792393026941363
0 0.259375 0.4231378763866878 0.0078125 0.022187004754358162
0 0.85859375 0.6101426307448494 0.025 0.060221870047543584
0 0.66484375 0.39461172741679873 0.00859375 0.017432646592709985
0 0.17890625 0.5182250396196514 0.0203125 0.044374009508716325
0 0.81015625 0.358161648177496 0.00390625 0.00792393026941363
0 0.55703125 0.3803486529318542 0.00390625 0.00792393026941363
0 0.8390625 0.3787638668779715 0.00390625 0.00792393026941363
0 0.53359375 0.35974643423137875 0.00390625 0.00792393026941363
0 0.9265625 0.5277337559429477 0.01875 0.03803486529318542
0 0.58046875 0.35974643423137875 0.00390625 0.00792393026941363
0 0.884375 0.40570522979397783 0.00859375 0.017432646592709985
0 0.2734375 0.3629160063391442 0.00546875 0.01584786053882726
0 0.02578125 0.4231378763866878 0.0078125 0.022187004754358162
0 0.96875 0.5118858954041204 0.01875 0.03803486529318542
0 0.8875 0.36450079239302696 0.00390625 0.00792393026941363
0 0.00390625 0.3787638668779715 0.00625 0.01901743264659271
0 0.11796875 0.3787638668779715 0.00546875 0.01584786053882726
0 0.9703125 0.44532488114104596 0.0109375 0.022187004754358162
0 0.43203125 0.3518225039619651 0.00546875 0.01584786053882726
0 0.82734375 0.47702060221870046 0.01875 0.03803486529318542
0 0.67890625 0.46275752773375595 0.01875 0.03803486529318542
0 0.4765625 0.4009508716323296 0.00859375 0.017432646592709985
0 0.259375 0.3993660855784469 0.00546875 0.01584786053882726
0 0.640625 0.3993660855784469 0.00859375 0.017432646592709985
0 0.8984375 0.375594294770206 0.00390625 0.00792393026941363
0 0.19921875 0.37717908082408874 0.00546875 0.01584786053882726
0 0.7375 0.43423137876386686 0.00859375 0.017432646592709985
0 0.7125 0.4294770206022187 0.00859375 0.017432646592709985
0 0.23046875 0.358161648177496 0.00546875 0.01584786053882726
0 0.1703125 0.4611727416798732 0.0203125 0.044374009508716325
0 0.48046875 0.5832012678288431 0.025 0.060221870047543584
0 0.5734375 0.42789223454833597 0.00859375 0.017432646592709985
0 0.72578125 0.4849445324881141 0.01875 0.03803486529318542
0 0.21328125 0.41996830427892234 0.0078125 0.022187004754358162
0 0.6 0.393026941362916 0.00859375 0.017432646592709985
0 0.66640625 0.3866877971473851 0.00859375 0.017432646592709985
0 0.5015625 0.3803486529318542 0.00390625 0.00792393026941363
0 0.15078125 0.3866877971473851 0.00546875 0.01584786053882726
0 0.3265625 0.358161648177496 0.00546875 0.01584786053882726
0 0.96484375 0.5467511885895404 0.01875 0.03803486529318542
0 0.68203125 0.4041204437400951 0.00859375 0.017432646592709985
0 0.72265625 0.36450079239302696 0.00390625 0.00792393026941363
0 0.7546875 0.4928684627575277 0.01875 0.03803486529318542
0 0.17109375 0.358161648177496 0.00546875 0.01584786053882726
0 0.021875 0.5039619651347068 0.0203125 0.044374009508716325
0 0.615625 0.8605388272583201 0.040625 0.11727416798732171
0 0.240625 0.40570522979397783 0.0078125 0.022187004754358162
0 0.18125 0.9793977812995246 0.040625 0.11727416798732171
0 0.93125 0.42630744849445323 0.00859375 0.017432646592709985
0 0.95546875 0.41679873217115687 0.00859375 0.017432646592709985
0 0.1203125 0.46275752773375595 0.0203125 0.044374009508716325
0 0.29453125 0.36450079239302696 0.00546875 0.01584786053882726
0 0.44765625 0.47702060221870046 0.01875 0.03803486529318542
0 0.73984375 0.3724247226624406 0.00390625 0.00792393026941363
0 0.60234375 0.3724247226624406 0.00390625 0.00792393026941363
0 0.5359375 0.40253565768621236 0.00859375 0.017432646592709985
0 0.53046875 0.3787638668779715 0.00390625 0.00792393026941363
0 0.38671875 0.41996830427892234 0.0078125 0.022187004754358162
0 0.2265625 0.4041204437400951 0.0078125 0.022187004754358162
0 0.96484375 0.37717908082408874 0.00390625 0.00792393026941363
0 0.62890625 0.3803486529318542 0.00390625 0.00792393026941363
0 0.16953125 0.38510301109350237 0.00546875 0.01584786053882726
0 0.66484375 0.4358161648177496 0.0109375 0.022187004754358162
0 0.50078125 0.4421553090332805 0.01328125 0.02694136291600634
0 0.34453125 0.358161648177496 0.00546875 0.01584786053882726
