0 0.6615487316421896 0.22716627634660422 0.02403204272363151 0.0468384074941452
0 0.019359145527369826 0.19086651053864168 0.014686248331108143 0.03629976580796253
0 0.7690253671562083 0.3840749414519906 0.014018691588785047 0.03161592505854801
0 0.8671562082777036 0.2857142857142857 0.019359145527369826 0.04215456674473068
0 0.7810413885180241 0.29508196721311475 0.014018691588785047 0.03161592505854801
0 0.9018691588785047 0.3044496487119438 0.019359145527369826 0.04215456674473068
0 0.23431241655540722 0.19437939110070257 0.02403204272363151 0.0468384074941452
0 0.8331108144192256 0.26229508196721313 0.019359145527369826 0.04215456674473068
0 0.8090787716955942 0.36416861826697894 0.018024032042723633 0.05035128805620609
0 0.7369826435246996 0.23302107728337237 0.02403204272363151 0.0468384074941452
0 0.2089452603471295 0.46604215456674475 0.0520694259012016 0.10421545667447307
0 0.5867823765020027 0.2224824355971897 0.02403204272363151 0.0468384074941452
0 0.9526034712950601 0.3911007025761124 0.018691588785046728 0.04332552693208431
0 0.40186915887850466 0.8185011709601874 0.09078771695594126 0.24121779859484777
0 0.609479305740988 0.21779859484777517 0.02403204272363151 0.0468384074941452
0 0.33311081441922563 0.31733021077283374 0.0774365821094793 0.16510538641686182
0 0.5654205607476636 0.2107728337236534 0.02403204272363151 0.0468384074941452
0 0.2690253671562083 0.19437939110070257 0.02403204272363151 0.0468384074941452
0 0.4192256341789052 0.3337236533957845 0.04138851802403204 0.09250585480093677
0 0.6789052069425902 0.24355971896955503 0.02403204272363151 0.0468384074941452
0 0.6008010680907877 0.40749414519906324 0.022696929238985315 0.04918032786885246
0 0.7857142857142857 0.2154566744730679 0.02403204272363151 0.0468384074941452
0 0.8411214953271028 0.34660421545667447 0.018024032042723633 0.05035128805620609
0 0.7930574098798397 0.24355971896955503 0.02403204272363151 0.0468384074941452
0 0.14352469959946595 0.22014051522248243 0.0260347129506008 0.05503512880562061
0 0.7263017356475301 0.28337236533957844 0.014018691588785047 0.03161592505854801
0 0.25433911882510013 0.32786885245901637 0.043391188251001335 0.0936768149882904
0 0.8564753004005341 0.3395784543325527 0.018024032042723633 0.05035128805620609
0 0.9299065420560748 0.2505854800936768 0.019359145527369826 0.04215456674473068
0 0.8938584779706275 0.4098360655737705 0.018024032042723633 0.05035128805620609
0 0.04806408544726302 0.21311475409836064 0.014686248331108143 0.03629976580796253
0 0.006008010680907877 0.20023419203747073 0.02870493991989319 0.0585480093676815
0 0.48731642189586116 0.4180327868852459 0.02069425901201602 0.059718969555035126
0 0.7610146862483311 0.8337236533957846 0.09078771695594126 0.24121779859484777
0 0.40520694259012013 0.4953161592505855 0.04539385847797063 0.09836065573770492
0 0.7863818424566088 0.5866510538641686 0.0520694259012016 0.11475409836065574
0 0.40787716955941256 0.4028103044496487 0.02069425901201602 0.059718969555035126
0 0.46328437917222964 0.18384074941451992 0.02403204272363151 0.0468384074941452
0 0.5694259012016022 0.3770491803278688 0.05540720961281709 0.11358313817330211
