0 0.09671052631578947 0.8293043907252097 0.020394736842105264 0.03305377405032067
0 0.04276315789473684 0.5619141588554514 0.007565789473684211 0.010360138135175136
0 0.16546052631578947 0.5841144548593982 0.007565789473684211 0.010360138135175136
0 0.7799342105263158 0.8154908732116428 0.020394736842105264 0.03305377405032067
0 0.18223684210526317 0.6073014306857425 0.007565789473684211 0.010360138135175136
0 0.13223684210526315 0.42476566354218054 0.0029605263157894738 0.003453379378391712
0 0.6733552631578947 0.5653675382338431 0.007565789473684211 0.010360138135175136
0 0.6453947368421052 0.7424765663542181 0.020394736842105264 0.03305377405032067
0 0.054276315789473686 0.5096201282683769 0.007565789473684211 0.010360138135175136
0 0.5055921052631579 0.4627528367044894 0.003618421052631579 0.008880118401578688
0 0.06875 0.573754316724223 0.007565789473684211 0.010360138135175136
0 0.8016447368421052 0.5944745929945733 0.007565789473684211 0.010360138135175136
0 0.7542763157894737 0.6181549087321164 0.010855263157894738 0.015293537247163296
0 0.6378289473684211 0.5278737049827331 0.007565789473684211 0.010360138135175136
0 0.4019736842105263 0.4518993586581154 0.003618421052631579 0.008880118401578688
0 0.09407894736842105 0.622101628021707 0.010855263157894738 0.015293537247163296
0 0.6490131578947368 0.6926492353231376 0.014144736842105264 0.020720276270350273
0 0.15328947368421053 0.5027133695115935 0.006578947368421052 0.00986679822397632
0 0.5134868421052632 0.38085841144548593 0.0029605263157894738 0.003453379378391712
0 0.015460526315789473 0.5545140601874692 0.007565789473684211 0.010360138135175136
0 0.5019736842105263 0.48297977306364087 0.003618421052631579 0.008880118401578688
0 0.6351973684210527 0.5411938825851011 0.007565789473684211 0.010360138135175136
0 0.33453947368421055 0.47113961519486924 0.003618421052631579 0.008880118401578688
0 0.02763157894736842 0.5579674395658609 0.007565789473684211 0.010360138135175136
0 0.17993421052631578 0.5165268870251604 0.007565789473684211 0.010360138135175136
0 0.7651315789473684 0.5989146521953626 0.007565789473684211 0.010360138135175136
0 0.30098684210526316 0.4726196349284657 0.003618421052631579 0.008880118401578688
0 0.5240131578947368 0.9708929452392698 0.03519736842105263 0.06413418845584608
0 0.9019736842105263 0.6443019240256537 0.014144736842105264 0.020720276270350273
0 0.19769736842105262 0.44844597927972374 0.003618421052631579 0.008880118401578688
0 0.4868421052631579 0.4908732116428219 0.003618421052631579 0.008880118401578688
0 0.8365131578947368 0.45239269856931424 0.003618421052631579 0.008880118401578688
0 0.07072368421052631 0.7242229896398619 0.017105263157894738 0.026640355204736062
0 0.8055921052631579 0.9432659102121361 0.03519736842105263 0.06413418845584608
0 0.2967105263157895 0.4494326591021214 0.003618421052631579 0.008880118401578688
0 0.5848684210526316 0.4726196349284657 0.003618421052631579 0.008880118401578688
0 0.06743421052631579 0.4390725209669462 0.0029605263157894738 0.003453379378391712
0 0.4243421052631579 0.7099161322150962 0.014144736842105264 0.020720276270350273
0 0.8838815789473684 0.41095214602861374 0.0029605263157894738 0.003453379378391712
0 0.8427631578947369 0.7118894918598915 0.014144736842105264 0.020720276270350273
0 0.09638157894736842 0.5984213122841638 0.007565789473684211 0.010360138135175136
0 0.975 0.4144055254070054 0.0029605263157894738 0.003453379378391712
0 0.8575657894736842 0.6028613714849531 0.007565789473684211 0.010360138135175136
0 0.32960526315789473 0.723729649728663 0.015460526315789473 0.023680315737543166
0 0.6019736842105263 0.9575727676369018 0.03519736842105263 0.06413418845584608
0 0.5569078947368421 0.42723236309817464 0.0029605263157894738 0.003453379378391712
0 0.12664473684210525 0.4622594967932906 0.003618421052631579 0.008880118401578688
0 0.24638157894736842 0.6048347311297484 0.007565789473684211 0.010360138135175136
0 0.8940789473684211 0.41933892451899357 0.0029605263157894738 0.003453379378391712
0 0.5236842105263158 0.5638875185002467 0.007565789473684211 0.010360138135175136
0 0.15427631578947368 0.5461272816970892 0.007565789473684211 0.010360138135175136
0 0.045394736842105265 0.7429699062654169 0.020394736842105264 0.03305377405032067
0 0.8891447368421053 0.4163788850518007 0.0029605263157894738 0.003453379378391712
0 0.6167763157894737 0.4351258016773557 0.0029605263157894738 0.003453379378391712
0 0.9615131578947368 0.4050320670942279 0.0029605263157894738 0.003453379378391712
0 0.8805921052631579 0.42723236309817464 0.0029605263157894738 0.003453379378391712
0 0.41480263157894737 0.5535273803650715 0.007565789473684211 0.010360138135175136
0 0.3361842105263158 0.7755303404045387 0.020394736842105264 0.03305377405032067
0 0.34375 0.6349284657128762 0.014144736842105264 0.020720276270350273
0 0.662828947368421 0.46768623581647756 0.003618421052631579 0.008880118401578688
0 0.7930921052631579 0.43808584114454857 0.0029605263157894738 0.003453379378391712
0 0.3575657894736842 0.5476073014306857 0.007565789473684211 0.010360138135175136
0 0.005263157894736842 0.6033547113961519 0.007565789473684211 0.010360138135175136
0 0.9644736842105263 0.7385298470646275 0.020394736842105264 0.03305377405032067
0 0.15723684210526315 0.5249136655155402 0.007565789473684211 0.010360138135175136
0 0.5236842105263158 0.4474592994573261 0.003618421052631579 0.008880118401578688
0 0.19111842105263158 0.4454859398125308 0.0029605263157894738 0.003453379378391712
0 0.25493421052631576 0.44203256043413913 0.0029605263157894738 0.003453379378391712
0 0.37894736842105264 0.43759250123334975 0.0029605263157894738 0.003453379378391712
0 0.9884868421052632 0.7444499259990133 0.020394736842105264 0.03305377405032067
0 0.8328947368421052 0.6793290577207696 0.014144736842105264 0.020720276270350273
0 0.24605263157894736 0.5096201282683769 0.007565789473684211 0.010360138135175136
0 0.5384868421052632 0.7691169215589542 0.020394736842105264 0.03305377405032067
0 0.587171052631579 0.4222989639861865 0.0029605263157894738 0.003453379378391712
0 0.91875 0.9393191909225457 0.03519736842105263 0.06413418845584608
0 0.38092105263157894 0.5426739023186976 0.007565789473684211 0.010360138135175136
0 0.24769736842105264 0.4499259990133202 0.003618421052631579 0.008880118401578688
0 0.9697368421052631 0.7528367044893932 0.020394736842105264 0.03305377405032067
0 0.7315789473684211 0.4134188455846078 0.0029605263157894738 0.003453379378391712
0 0.12664473684210525 0.43808584114454857 0.0029605263157894738 0.003453379378391712
0 0.6753289473684211 0.47409965466206216 0.003618421052631579 0.008880118401578688
0 0.21710526315789475 0.5051800690675876 0.007565789473684211 0.010360138135175136
0 0.32598684210526313 0.48396645288603846 0.003618421052631579 0.008880118401578688
0 0.8243421052631579 0.4410458806117415 0.0029605263157894738 0.003453379378391712
0 0.5381578947368421 0.4602861371484953 0.003618421052631579 0.008880118401578688
0 0.22532894736842105 0.46521953626048346 0.003618421052631579 0.008880118401578688
0 0.16085526315789472 0.6827824370991613 0.014144736842105264 0.020720276270350273
0 0.7641447368421053 0.41736556487419835 0.0029605263157894738 0.003453379378391712
0 0.4411184210526316 0.4306857424765664 0.0029605263157894738 0.003453379378391712
0 0.16611842105263158 0.5086334484459792 0.007565789473684211 0.010360138135175136
0 0.843421052631579 0.42525900345337936 0.0029605263157894738 0.003453379378391712
0 0.37203947368421053 0.5180069067587568 0.007565789473684211 0.010360138135175136
0 0.7967105263157894 0.9807597434632461 0.03519736842105263 0.06413418845584608
0 0.6332236842105263 0.4070054267390232 0.0029605263157894738 0.003453379378391712
0 0.014144736842105264 0.5115934879131722 0.007565789473684211 0.010360138135175136
0 0.21480263157894736 0.7113961519486927 0.014144736842105264 0.020720276270350273
0 0.5907894736842105 0.7992106561420819 0.020394736842105264 0.03305377405032067
0 0.5782894736842106 0.39368524913665515 0.0029605263157894738 0.003453379378391712
0 0.10953947368421052 0.5170202269363592 0.007565789473684211 0.010360138135175136
0 0.18453947368421053 0.49284657128761716 0.003618421052631579 0.008880118401578688
0 0.2069078947368421 0.4415392205229403 0.0029605263157894738 0.003453379378391712
0 0.14078947368421052 0.4139121854958066 0.0029605263157894738 0.003453379378391712
0 0.28519736842105264 0.45288603848051306 0.003618421052631579 0.008880118401578688
0 0.4453947368421053 0.6127281697089294 0.007565789473684211 0.010360138135175136
0 0.23519736842105263 0.4972866304884065 0.007565789473684211 0.010360138135175136
0 0.85 0.5007400098667982 0.003618421052631579 0.008880118401578688
0 0.8417763157894737 0.43808584114454857 0.0029605263157894738 0.003453379378391712
0 0.42105263157894735 0.5609274790330537 0.007565789473684211 0.010360138135175136
0 0.22894736842105262 0.6048347311297484 0.007565789473684211 0.010360138135175136
0 0.2736842105263158 0.7903305377405032 0.020394736842105264 0.03305377405032067
0 0.9809210526315789 0.4015786877158362 0.0029605263157894738 0.003453379378391712
0 0.8046052631578947 0.5934879131721756 0.007565789473684211 0.010360138135175136
0 0.930921052631579 0.785397138628515 0.020394736842105264 0.03305377405032067
0 0.6460526315789473 0.40453872718302913 0.0029605263157894738 0.003453379378391712
0 0.36776315789473685 0.4573260976813024 0.003618421052631579 0.008880118401578688
0 0.38914473684210527 0.5614208189442526 0.007565789473684211 0.010360138135175136
0 0.14539473684210527 0.48051307350764677 0.003618421052631579 0.008880118401578688
0 0.6177631578947368 0.4040453872718303 0.0029605263157894738 0.003453379378391712
0 0.4967105263157895 0.4563394178589048 0.003618421052631579 0.008880118401578688
0 0.06677631578947368 0.4962999506660089 0.003618421052631579 0.008880118401578688
0 0.2430921052631579 0.42377898371978295 0.0029605263157894738 0.003453379378391712
0 0.4151315789473684 0.4474592994573261 0.003618421052631579 0.008880118401578688
0 0.7450657894736842 0.4222989639861865 0.0029605263157894738 0.003453379378391712
0 0.5930921052631579 0.4242723236309818 0.0029605263157894738 0.003453379378391712
0 0.37993421052631576 0.5244203256043414 0.007565789473684211 0.010360138135175136
0 0.3444078947368421 0.48248643315244205 0.003618421052631579 0.008880118401578688
0 0.5786184210526316 0.450419338924519 0.003618421052631579 0.008880118401578688
0 0.3059210526315789 0.6576221016280217 0.014144736842105264 0.020720276270350273
0 0.6930921052631579 0.6423285643808584 0.014144736842105264 0.020720276270350273
0 0.24736842105263157 0.5949679329057721 0.007565789473684211 0.010360138135175136
0 0.8980263157894737 0.8051307350764677 0.020394736842105264 0.03305377405032067
0 0.23717105263157895 0.5939812530833745 0.007565789473684211 0.010360138135175136
0 0.6621710526315789 0.4538727183029107 0.003618421052631579 0.008880118401578688
0 0.8957236842105263 0.42525900345337936 0.0029605263157894738 0.003453379378391712
0 0.8986842105263158 0.43019240256536756 0.0029605263157894738 0.003453379378391712
0 0.5776315789473684 0.46127281697089295 0.003618421052631579 0.008880118401578688
0 0.04703947368421053 0.4479526393685249 0.003618421052631579 0.008880118401578688
0 0.6608552631578948 0.7888505180069068 0.020394736842105264 0.03305377405032067
0 0.37105263157894736 0.45929945732609767 0.003618421052631579 0.008880118401578688
0 0.35625 0.5283670448939319 0.007565789473684211 0.010360138135175136
0 0.6605263157894737 0.5293537247163296 0.007565789473684211 0.010360138135175136
0 0.29736842105263156 0.4666995559940799 0.003618421052631579 0.008880118401578688
0 0.42894736842105263 0.5076467686235816 0.007565789473684211 0.010360138135175136
0 0.02532894736842105 0.4435125801677356 0.0029605263157894738 0.003453379378391712
0 0.725328947368421 0.3926985693142575 0.0029605263157894738 0.003453379378391712
0 0.08157894736842106 0.43364578194375925 0.0029605263157894738 0.003453379378391712
0 0.5463815789473684 0.6763690182535768 0.014144736842105264 0.020720276270350273
0 0.1944078947368421 0.45535273803650717 0.003618421052631579 0.008880118401578688
0 0.15263157894736842 0.6038480513073508 0.007565789473684211 0.010360138135175136
0 0.3805921052631579 0.4642328564380858 0.003618421052631579 0.008880118401578688
0 0.38421052631578945 0.4321657622101628 0.0029605263157894738 0.003453379378391712
0 0.23453947368421052 0.5007400098667982 0.007565789473684211 0.010360138135175136
0 0.9434210526315789 0.7651702022693636 0.020394736842105264 0.03305377405032067
0 0.8460526315789474 0.4242723236309818 0.0029605263157894738 0.003453379378391712
0 0.8141447368421053 0.43117908238776514 0.0029605263157894738 0.003453379378391712
0 0.5960526315789474 0.4198322644301924 0.0029605263157894738 0.003453379378391712
0 0.27269736842105263 0.8317710902812038 0.020394736842105264 0.03305377405032067
0 0.048355263157894735 0.4454859398125308 0.0029605263157894738 0.003453379378391712
0 0.24671052631578946 0.7261963492846571 0.017105263157894738 0.026640355204736062
0 0.7861842105263158 0.43956586087814503 0.0029605263157894738 0.003453379378391712
0 0.48125 0.4849531327084361 0.003618421052631579 0.008880118401578688
0 0.3381578947368421 0.5747409965466206 0.007565789473684211 0.010360138135175136
0 0.9743421052631579 0.7804637395165269 0.020394736842105264 0.03305377405032067
0 0.6220394736842105 0.44597927972372964 0.0029605263157894738 0.003453379378391712
0 0.8595394736842106 0.9496793290577208 0.03519736842105263 0.06413418845584608
0 0.6036184210526315 0.4104588061174149 0.0029605263157894738 0.003453379378391712
0 0.19572368421052633 0.4514060187469166 0.003618421052631579 0.008880118401578688
0 0.7930921052631579 0.8495313270843611 0.020394736842105264 0.03305377405032067
0 0.6888157894736842 0.6699555994079921 0.014144736842105264 0.020720276270350273
0 0.1513157894736842 0.5106068080907745 0.007565789473684211 0.010360138135175136
0 0.7638157894736842 0.5249136655155402 0.007565789473684211 0.010360138135175136
0 0.26085526315789476 0.5594474592994573 0.007565789473684211 0.010360138135175136
0 0.26480263157894735 0.4578194375925012 0.003618421052631579 0.008880118401578688
0 0.3832236842105263 0.4242723236309818 0.0029605263157894738 0.003453379378391712
0 0.325 0.6151948692649235 0.009210526315789473 0.012826837691169216
0 0.7677631578947368 0.39664528860384807 0.0029605263157894738 0.003453379378391712
0 0.36973684210526314 0.47113961519486924 0.003618421052631579 0.008880118401578688
0 0.6197368421052631 0.4351258016773557 0.0029605263157894738 0.003453379378391712
0 0.29375 0.46324617661568823 0.003618421052631579 0.008880118401578688
0 0.63125 0.50419338924519 0.006578947368421052 0.00986679822397632
0 0.61875 0.4627528367044894 0.003618421052631579 0.008880118401578688
0 0.7023026315789473 0.38332511100148003 0.0029605263157894738 0.003453379378391712
0 0.5710526315789474 0.5742476566354218 0.007565789473684211 0.010360138135175136
0 0.05592105263157895 0.7839171188949186 0.020394736842105264 0.03305377405032067
0 0.022039473684210525 0.5668475579674396 0.007565789473684211 0.010360138135175136
0 0.20888157894736842 0.9856931425752343 0.03519736842105263 0.06413418845584608
0 0.5375 0.6817957572767637 0.014144736842105264 0.020720276270350273
0 0.09210526315789473 0.4356191415885545 0.0029605263157894738 0.003453379378391712
0 0.41578947368421054 0.4568327577701036 0.003618421052631579 0.008880118401578688
0 0.90625 0.69166255550074 0.014144736842105264 0.020720276270350273
0 0.47960526315789476 0.740009866798224 0.020394736842105264 0.03305377405032067
0 0.3756578947368421 0.4351258016773557 0.0029605263157894738 0.003453379378391712
0 0.08157894736842106 0.5796743956586088 0.007565789473684211 0.010360138135175136
0 0.2601973684210526 0.4972866304884065 0.004605263157894736 0.008880118401578688
0 0.3848684210526316 0.43611248149975335 0.0029605263157894738 0.003453379378391712
0 0.37467105263157896 0.5678342377898372 0.007565789473684211 0.010360138135175136
0 0.00625 0.9082387765170202 0.03519736842105263 0.06413418845584608
0 0.17828947368421053 0.571287617168229 0.007565789473684211 0.010360138135175136
0 0.33421052631578946 0.6507153428712383 0.014144736842105264 0.020720276270350273
0 0.39539473684210524 0.5239269856931426 0.007565789473684211 0.010360138135175136
0 0.2565789473684211 0.47705969412925503 0.003618421052631579 0.008880118401578688
0 0.062171052631578946 0.43808584114454857 0.0029605263157894738 0.003453379378391712
0 0.37532894736842104 0.4642328564380858 0.003618421052631579 0.008880118401578688
0 0.9710526315789474 0.41243216576221015 0.0029605263157894738 0.003453379378391712
0 0.18026315789473685 0.46127281697089295 0.003618421052631579 0.008880118401578688
0 0.21348684210526317 0.5895411938825851 0.007565789473684211 0.010360138135175136
0 0.7868421052631579 0.4114454859398125 0.0029605263157894738 0.003453379378391712
0 0.23092105263157894 0.6517020226936359 0.014144736842105264 0.020720276270350273
0 0.631578947368421 0.49827331031080413 0.006578947368421052 0.00986679822397632
0 0.21743421052631579 0.49531327084361126 0.003618421052631579 0.008880118401578688
0 0.17269736842105263 0.5584607794770597 0.007565789473684211 0.010360138135175136
0 0.16710526315789473 0.4597927972372965 0.003618421052631579 0.008880118401578688
0 0.03519736842105263 0.41539220522940307 0.0029605263157894738 0.003453379378391712
0 0.9289473684210526 0.4094721262950173 0.0029605263157894738 0.003453379378391712
0 0.7763157894736842 0.4321657622101628 0.0029605263157894738 0.003453379378391712
0 0.36644736842105263 0.44203256043413913 0.0029605263157894738 0.003453379378391712
0 0.13848684210526316 0.6077947705969413 0.007565789473684211 0.010360138135175136
0 0.8532894736842105 0.8199309324124322 0.020394736842105264 0.03305377405032067
0 0.08388157894736842 0.5959546127281697 0.007565789473684211 0.010360138135175136
0 0.15822368421052632 0.5130735076467686 0.007565789473684211 0.010360138135175136
0 0.6299342105263158 0.4242723236309818 0.0029605263157894738 0.003453379378391712
0 0.6207236842105263 0.6260483473112974 0.014144736842105264 0.020720276270350273
0 0.3592105263157895 0.5111001480019733 0.007565789473684211 0.010360138135175136
0 0.9269736842105263 0.9851998026640355 0.03519736842105263 0.06413418845584608
0 0.7460526315789474 0.772076961026147 0.020394736842105264 0.03305377405032067
0 0.5743421052631579 0.48643315244203256 0.003618421052631579 0.008880118401578688
0 0.4039473684210526 0.45239269856931424 0.003618421052631579 0.008880118401578688
0 0.8881578947368421 0.6132215096201282 0.0125 0.017760236803157376
0 0.14703947368421053 0.5347804637395165 0.007565789473684211 0.010360138135175136
0 0.19276315789473683 0.5648741983226443 0.007565789473684211 0.010360138135175136
0 0.13092105263157894 0.8746916625555008 0.03519736842105263 0.06413418845584608
0 0.24703947368421053 0.46719289590527874 0.003618421052631579 0.008880118401578688
0 0.6506578947368421 0.3931919092254563 0.0029605263157894738 0.003453379378391712
0 0.014144736842105264 0.9151455352738036 0.03519736842105263 0.06413418845584608
0 0.3703947368421053 0.4469659595461273 0.003618421052631579 0.008880118401578688
0 0.8421052631578947 0.41539220522940307 0.0029605263157894738 0.003453379378391712
0 0.09342105263157895 0.5786877158362111 0.007565789473684211 0.010360138135175136
0 0.7654605263157894 0.5130735076467686 0.007565789473684211 0.010360138135175136
0 0.6292763157894737 0.5411938825851011 0.007565789473684211 0.010360138135175136
0 0.6651315789473684 0.41243216576221015 0.0029605263157894738 0.003453379378391712
0 0.3944078947368421 0.44844597927972374 0.003618421052631579 0.008880118401578688
0 0.015460526315789473 0.8253576714356191 0.020394736842105264 0.03305377405032067
0 0.7838815789473684 0.4222989639861865 0.0029605263157894738 0.003453379378391712
0 0.6325657894736842 0.4849531327084361 0.003618421052631579 0.008880118401578688
0 0.049342105263157895 0.4602861371484953 0.003618421052631579 0.008880118401578688
0 0.11052631578947368 0.6077947705969413 0.007565789473684211 0.010360138135175136
0 0.2819078947368421 0.5678342377898372 0.007565789473684211 0.010360138135175136
0 0.3786184210526316 0.5786877158362111 0.007565789473684211 0.010360138135175136
0 0.6753289473684211 0.4104588061174149 0.0029605263157894738 0.003453379378391712
0 0.17993421052631578 0.4568327577701036 0.003618421052631579 0.008880118401578688
0 0.3371710526315789 0.45929945732609767 0.003618421052631579 0.008880118401578688
0 0.843421052631579 0.4494326591021214 0.003618421052631579 0.008880118401578688
0 0.4825657894736842 0.5377405032067094 0.007565789473684211 0.010360138135175136
0 0.7453947368421052 0.4662062160828811 0.003618421052631579 0.008880118401578688
0 0.6322368421052632 0.43808584114454857 0.0029605263157894738 0.003453379378391712
0 0.6911184210526315 0.5505673408978786 0.007565789473684211 0.010360138135175136
0 0.25855263157894737 0.5032067094227923 0.005592105263157895 0.009373458312777503
0 0.03388157894736842 0.908732116428219 0.03519736842105263 0.06413418845584608
0 0.6338815789473684 0.7710902812037493 0.020394736842105264 0.03305377405032067
0 0.7865131578947369 0.6048347311297484 0.007565789473684211 0.010360138135175136
0 0.15460526315789475 0.6630488406512087 0.014144736842105264 0.020720276270350273
0 0.3717105263157895 0.7044893931919092 0.014144736842105264 0.020720276270350273
0 0.6279605263157895 0.4390725209669462 0.0029605263157894738 0.003453379378391712
0 0.8328947368421052 0.6092747903305378 0.010855263157894738 0.015293537247163296
0 0.15197368421052632 0.9748396645288604 0.03519736842105263 0.06413418845584608
0 0.9246710526315789 0.407498766650222 0.0029605263157894738 0.003453379378391712
0 0.6115131578947368 0.4958066107548101 0.003618421052631579 0.008880118401578688
0 0.3618421052631579 0.4430192402565368 0.0029605263157894738 0.003453379378391712
0 0.4720394736842105 0.43611248149975335 0.0029605263157894738 0.003453379378391712
0 0.43026315789473685 0.4385791810557474 0.0029605263157894738 0.003453379378391712
0 0.4411184210526316 0.5535273803650715 0.007565789473684211 0.010360138135175136
0 0.18157894736842106 0.5402072027627035 0.007565789473684211 0.010360138135175136
0 0.059539473684210524 0.5717809570794278 0.007565789473684211 0.010360138135175136
0 0.3223684210526316 0.6364084854464727 0.014144736842105264 0.020720276270350273
0 0.7680921052631579 0.4346324617661569 0.0029605263157894738 0.003453379378391712
0 0.25625 0.4849531327084361 0.003618421052631579 0.008880118401578688
0 0.2036184210526316 0.46176615688209177 0.003618421052631579 0.008880118401578688
0 0.3470394736842105 0.4578194375925012 0.003618421052631579 0.008880118401578688
0 0.07434210526315789 0.53330044400592 0.007565789473684211 0.010360138135175136
0 0.13322368421052633 0.5796743956586088 0.007565789473684211 0.010360138135175136
0 0.7934210526315789 0.41243216576221015 0.0029605263157894738 0.003453379378391712
0 0.6371710526315789 0.4494326591021214 0.003618421052631579 0.008880118401578688
0 0.19375 0.42969906265416874 0.0029605263157894738 0.003453379378391712
0 0.0029605263157894738 0.536260483473113 0.007565789473684211 0.010360138135175136
0 0.14342105263157895 0.5466206216082881 0.007565789473684211 0.010360138135175136
0 0.44276315789473686 0.4346324617661569 0.0029605263157894738 0.003453379378391712
0 0.6203947368421052 0.5293537247163296 0.007565789473684211 0.010360138135175136
0 0.9901315789473685 0.7538233843117909 0.020394736842105264 0.03305377405032067
0 0.8072368421052631 0.44203256043413913 0.0029605263157894738 0.003453379378391712
0 0.14703947368421053 0.7247163295510607 0.01875 0.02960039467192896
0 0.7634868421052632 0.5505673408978786 0.007565789473684211 0.010360138135175136
0 0.3 0.7133695115934879 0.014144736842105264 0.020720276270350273
0 0.41348684210526315 0.5481006413418845 0.007565789473684211 0.010360138135175136
0 0.2355263157894737 0.512086827824371 0.007565789473684211 0.010360138135175136
0 0.37467105263157896 0.61667488899852 0.009210526315789473 0.012826837691169216
0 0.044407894736842105 0.44597927972372964 0.0029605263157894738 0.003453379378391712
0 0.36644736842105263 0.4706462752836704 0.003618421052631579 0.008880118401578688
0 0.25394736842105264 0.6714356191415886 0.014144736842105264 0.020720276270350273
0 0.8118421052631579 0.5786877158362111 0.007565789473684211 0.010360138135175136
0 0.39671052631578946 0.45535273803650717 0.003618421052631579 0.008880118401578688
0 0.28092105263157896 0.6748889985199803 0.014144736842105264 0.020720276270350273
0 0.33157894736842103 0.5811544153922052 0.007565789473684211 0.010360138135175136
0 0.08519736842105263 0.4533793783917119 0.003618421052631579 0.008880118401578688
0 0.27072368421052634 0.49481993093241244 0.003618421052631579 0.008880118401578688
0 0.6325657894736842 0.44252590034533795 0.0029605263157894738 0.003453379378391712
0 0.3171052631578947 0.47360631475086334 0.003618421052631579 0.008880118401578688
0 0.27401315789473685 0.5722742969906266 0.007565789473684211 0.010360138135175136
0 0.38980263157894735 0.44893931919092256 0.003618421052631579 0.008880118401578688
0 0.7855263157894737 0.5678342377898372 0.007565789473684211 0.010360138135175136
0 0.600328947368421 0.42081894425259003 0.0029605263157894738 0.003453379378391712
0 0.2980263157894737 0.474592994573261 0.003618421052631579 0.008880118401578688
0 0.6845394736842105 0.47656635421805627 0.003618421052631579 0.008880118401578688
0 0.55625 0.7143561914158856 0.014144736842105264 0.020720276270350273
0 0.8299342105263158 0.41292550567340897 0.0029605263157894738 0.003453379378391712
0 0.39572368421052634 0.5318204242723237 0.007565789473684211 0.010360138135175136
0 0.7875 0.4326591021213616 0.0029605263157894738 0.003453379378391712
0 0.7154605263157895 0.6906758756783424 0.014144736842105264 0.020720276270350273
0 0.3726973684210526 0.6359151455352738 0.014144736842105264 0.020720276270350273
0 0.7983552631578947 0.4356191415885545 0.0029605263157894738 0.003453379378391712
0 0.9302631578947368 0.6309817464232856 0.014144736842105264 0.020720276270350273
0 0.6121710526315789 0.44597927972372964 0.0029605263157894738 0.003453379378391712
0 0.3782894736842105 0.45535273803650717 0.003618421052631579 0.008880118401578688
0 0.7858552631578948 0.5574740996546621 0.007565789473684211 0.010360138135175136
0 0.4368421052631579 0.4474592994573261 0.003618421052631579 0.008880118401578688
0 0.7019736842105263 0.4454859398125308 0.0029605263157894738 0.003453379378391712
0 0.655921052631579 0.4686729156388752 0.003618421052631579 0.008880118401578688
0 0.2236842105263158 0.49925999013320177 0.006578947368421052 0.00986679822397632
0 0.6503289473684211 0.38727183029107054 0.0029605263157894738 0.003453379378391712
0 0.6049342105263158 0.5027133695115935 0.006578947368421052 0.00986679822397632
0 0.44901315789473684 0.5170202269363592 0.007565789473684211 0.010360138135175136
0 0.3996710526315789 0.5328071040947213 0.007565789473684211 0.010360138135175136
0 0.3904605263157895 0.43167242229896396 0.0029605263157894738 0.003453379378391712
0 0.10756578947368421 0.4390725209669462 0.0029605263157894738 0.003453379378391712
0 0.8138157894736842 0.6211149481993093 0.009210526315789473 0.012826837691169216
0 0.20723684210526316 0.5505673408978786 0.007565789473684211 0.010360138135175136
0 0.06644736842105263 0.5032067094227923 0.005592105263157895 0.009373458312777503
0 0.3592105263157895 0.5194869264923533 0.007565789473684211 0.010360138135175136
0 0.6108552631578947 0.46965959546127284 0.003618421052631579 0.008880118401578688
0 0.6016447368421053 0.7276763690182536 0.020394736842105264 0.03305377405032067
0 0.8361842105263158 0.43364578194375925 0.0029605263157894738 0.003453379378391712
0 0.4756578947368421 0.4282190429205723 0.0029605263157894738 0.003453379378391712
0 0.1417763157894737 0.6872224962999507 0.014144736842105264 0.020720276270350273
0 0.5381578947368421 0.4287123828317711 0.0029605263157894738 0.003453379378391712
0 0.2394736842105263 0.4977799703996053 0.007565789473684211 0.010360138135175136
0 0.16151315789473683 0.807104094721263 0.020394736842105264 0.03305377405032067
0 0.6213815789473685 0.6906758756783424 0.014144736842105264 0.020720276270350273
0 0.6342105263157894 0.5111001480019733 0.007565789473684211 0.010360138135175136
0 0.29736842105263156 0.6551554020720276 0.014144736842105264 0.020720276270350273
0 0.9253289473684211 0.4144055254070054 0.0029605263157894738 0.003453379378391712
0 0.3671052631578947 0.4533793783917119 0.003618421052631579 0.008880118401578688
0 0.8638157894736842 0.9985199802664035 0.03519736842105263 0.06413418845584608
0 0.7796052631578947 0.5426739023186976 0.007565789473684211 0.010360138135175136
0 0.8180921052631579 0.4390725209669462 0.0029605263157894738 0.003453379378391712
0 0.4694078947368421 0.43759250123334975 0.0029605263157894738 0.003453379378391712
0 0.8914473684210527 0.5984213122841638 0.007565789473684211 0.010360138135175136
0 0.5141447368421053 0.47607301430685744 0.003618421052631579 0.008880118401578688
0 0.7960526315789473 0.9398125308337445 0.03519736842105263 0.06413418845584608
0 0.19210526315789472 0.4385791810557474 0.0029605263157894738 0.003453379378391712
0 0.6424342105263158 0.40848544647261964 0.0029605263157894738 0.003453379378391712
0 0.018092105263157895 0.5046867291563888 0.007565789473684211 0.010360138135175136
0 0.3595394736842105 0.5017266896891959 0.006578947368421052 0.00986679822397632
0 0.010526315789473684 0.4435125801677356 0.003289473684210526 0.0059200789343857915
0 0.5407894736842105 0.5209669462259496 0.007565789473684211 0.010360138135175136
0 0.5789473684210527 0.4568327577701036 0.003618421052631579 0.008880118401578688
0 0.8891447368421053 0.7661568820917612 0.020394736842105264 0.03305377405032067
0 0.8944078947368421 0.42525900345337936 0.0029605263157894738 0.003453379378391712
0 0.4072368421052632 0.7197829304390725 0.017105263157894738 0.026640355204736062
0 0.5266447368421052 0.4469659595461273 0.003618421052631579 0.008880118401578688
0 0.20065789473684212 0.5283670448939319 0.007565789473684211 0.010360138135175136
0 0.2694078947368421 0.4479526393685249 0.003618421052631579 0.008880118401578688
0 0.6351973684210527 0.3986186482486433 0.0029605263157894738 0.003453379378391712
0 0.9611842105263158 0.4099654662062161 0.0029605263157894738 0.003453379378391712
0 0.8305921052631579 0.5939812530833745 0.007565789473684211 0.010360138135175136
0 0.3519736842105263 0.5796743956586088 0.007565789473684211 0.010360138135175136
0 0.8960526315789473 0.8406512086827824 0.020394736842105264 0.03305377405032067
0 0.3792763157894737 0.5905278737049827 0.007565789473684211 0.010360138135175136
0 0.6269736842105263 0.517513566847558 0.007565789473684211 0.010360138135175136
0 0.26644736842105265 0.5717809570794278 0.007565789473684211 0.010360138135175136
0 0.28618421052631576 0.8056240749876665 0.020394736842105264 0.03305377405032067
0 0.36776315789473685 0.592501233349778 0.007565789473684211 0.010360138135175136
0 0.4328947368421053 0.43611248149975335 0.0029605263157894738 0.003453379378391712
0 0.4 0.4755796743956586 0.003618421052631579 0.008880118401578688
0 0.4072368421052632 0.4790330537740503 0.003618421052631579 0.008880118401578688
0 0.7305921052631579 0.8367044893931919 0.020394736842105264 0.03305377405032067
0 0.6338815789473684 0.47804637395165267 0.003618421052631579 0.008880118401578688
0 0.8226973684210527 0.444992599901332 0.0029605263157894738 0.003453379378391712
0 0.7996710526315789 0.6753823384311791 0.014144736842105264 0.020720276270350273
0 0.9223684210526316 0.6403552047360631 0.014144736842105264 0.020720276270350273
0 0.01118421052631579 0.4538727183029107 0.003618421052631579 0.008880118401578688
0 0.06480263157894736 0.5244203256043414 0.007565789473684211 0.010360138135175136
0 0.09506578947368421 0.8776517020226936 0.03519736842105263 0.06413418845584608
0 0.5046052631578948 0.7039960532807104 0.014144736842105264 0.020720276270350273
0 0.36644736842105263 0.5742476566354218 0.007565789473684211 0.010360138135175136
0 0.2542763157894737 0.47015293537247166 0.003618421052631579 0.008880118401578688
0 0.025657894736842105 0.5742476566354218 0.007565789473684211 0.010360138135175136
0 0.29901315789473687 0.4435125801677356 0.0029605263157894738 0.003453379378391712
0 0.47796052631578945 0.4908732116428219 0.003618421052631579 0.008880118401578688
0 0.001644736842105263 0.5880611741489886 0.007565789473684211 0.010360138135175136
0 0.44144736842105264 0.45831277750370003 0.003618421052631579 0.008880118401578688
0 0.4875 0.5974346324617662 0.007565789473684211 0.010360138135175136
0 0.28980263157894737 0.4726196349284657 0.003618421052631579 0.008880118401578688
0 0.7342105263157894 0.41884558460779475 0.0029605263157894738 0.003453379378391712
0 0.6796052631578947 0.7030093734583128 0.014144736842105264 0.020720276270350273
0 0.6476973684210526 0.5382338431179082 0.007565789473684211 0.010360138135175136
0 0.19539473684210526 0.42525900345337936 0.0029605263157894738 0.003453379378391712
0 0.6542763157894737 0.40848544647261964 0.0029605263157894738 0.003453379378391712
0 0.42894736842105263 0.4479526393685249 0.003618421052631579 0.008880118401578688
0 0.587171052631579 0.4119388258510113 0.0029605263157894738 0.003453379378391712
0 0.7773026315789474 0.9141588554514061 0.03519736842105263 0.06413418845584608
0 0.6118421052631579 0.43660582141095217 0.0029605263157894738 0.003453379378391712
0 0.10789473684210527 0.6748889985199803 0.014144736842105264 0.020720276270350273
0 0.425 0.4543660582141095 0.003618421052631579 0.008880118401578688
0 0.8111842105263158 0.43759250123334975 0.0029605263157894738 0.003453379378391712
0 0.4730263157894737 0.5481006413418845 0.007565789473684211 0.010360138135175136
0 0.38453947368421054 0.7927972372964973 0.020394736842105264 0.03305377405032067
0 0.5167763157894737 0.45288603848051306 0.003618421052631579 0.008880118401578688
0 0.8595394736842106 0.45288603848051306 0.003618421052631579 0.008880118401578688
0 0.5848684210526316 0.4849531327084361 0.003618421052631579 0.008880118401578688
0 0.6131578947368421 0.455846077947706 0.003618421052631579 0.008880118401578688
0 0.96875 0.9126788357178096 0.03519736842105263 0.06413418845584608
0 0.6608552631578948 0.4198322644301924 0.0029605263157894738 0.003453379378391712
0 0.6904605263157895 0.4079921065614208 0.0029605263157894738 0.003453379378391712
0 0.6019736842105263 0.4134188455846078 0.0029605263157894738 0.003453379378391712
0 0.8230263157894737 0.5885545140601874 0.007565789473684211 0.010360138135175136
0 0.9694078947368421 0.7607301430685742 0.020394736842105264 0.03305377405032067
0 0.12138157894736842 0.5772076961026147 0.007565789473684211 0.010360138135175136
0 0.5638157894736842 0.6359151455352738 0.014144736842105264 0.020720276270350273
0 0.14703947368421053 0.4602861371484953 0.003618421052631579 0.008880118401578688
0 0.46710526315789475 0.4385791810557474 0.0029605263157894738 0.003453379378391712
0 0.6529605263157895 0.38776517020226936 0.0029605263157894738 0.003453379378391712
0 0.8743421052631579 0.6028613714849531 0.007565789473684211 0.010360138135175136
0 0.4299342105263158 0.4435125801677356 0.0029605263157894738 0.003453379378391712
0 0.4677631578947368 0.4938332511100148 0.003618421052631579 0.008880118401578688
0 0.6427631578947368 0.4139121854958066 0.0029605263157894738 0.003453379378391712
0 0.7417763157894737 0.6393685249136655 0.014144736842105264 0.020720276270350273
0 0.5059210526315789 0.4755796743956586 0.003618421052631579 0.008880118401578688
0 0.5345394736842105 0.46373951652688705 0.003618421052631579 0.008880118401578688
0 0.008552631578947369 0.5648741983226443 0.007565789473684211 0.010360138135175136
0 0.23453947368421052 0.7548100641341885 0.020394736842105264 0.03305377405032067
0 0.019078947368421053 0.6931425752343364 0.014144736842105264 0.020720276270350273
0 0.6875 0.9373458312777504 0.03519736842105263 0.06413418845584608
0 0.5789473684210527 0.49876665022200295 0.006578947368421052 0.00986679822397632
0 0.14309210526315788 0.571287617168229 0.007565789473684211 0.010360138135175136
0 0.3092105263157895 0.5707942772570301 0.007565789473684211 0.010360138135175136
0 0.21282894736842106 0.6023680315737543 0.007565789473684211 0.010360138135175136
0 0.6529605263157895 0.5323137641835225 0.007565789473684211 0.010360138135175136
0 0.05131578947368421 0.9644795263936853 0.03519736842105263 0.06413418845584608
0 0.6868421052631579 0.41933892451899357 0.0029605263157894738 0.003453379378391712
0 0.9651315789473685 0.7030093734583128 0.014144736842105264 0.020720276270350273
0 0.8858552631578948 0.43117908238776514 0.0029605263157894738 0.003453379378391712
0 0.6608552631578948 0.9294523926985693 0.03519736842105263 0.06413418845584608
0 0.5345394736842105 0.8140108534780464 0.020394736842105264 0.03305377405032067
0 0.6707236842105263 0.46373951652688705 0.003618421052631579 0.008880118401578688
0 0.6319078947368421 0.702516033547114 0.014144736842105264 0.020720276270350273
0 0.7736842105263158 0.42525900345337936 0.0029605263157894738 0.003453379378391712
0 0.7407894736842106 0.4543660582141095 0.003618421052631579 0.008880118401578688
0 0.5924342105263158 0.4292057227429699 0.0029605263157894738 0.003453379378391712
0 0.7914473684210527 0.4435125801677356 0.0029605263157894738 0.003453379378391712
0 0.3848684210526316 0.46719289590527874 0.003618421052631579 0.008880118401578688
0 0.23848684210526316 0.6383818450912678 0.014144736842105264 0.020720276270350273
0 0.3996710526315789 0.45929945732609767 0.003618421052631579 0.008880118401578688
0 0.19111842105263158 0.5851011346817958 0.007565789473684211 0.010360138135175136
0 0.7378289473684211 0.6734089787863838 0.014144736842105264 0.020720276270350273
0 0.475 0.41539220522940307 0.0029605263157894738 0.003453379378391712
0 0.9299342105263158 0.4158855451406019 0.0029605263157894738 0.003453379378391712
0 0.07467105263157894 0.501233349777997 0.005592105263157895 0.009373458312777503
0 0.32664473684210527 0.46324617661568823 0.003618421052631579 0.008880118401578688
0 0.6819078947368421 0.46373951652688705 0.003618421052631579 0.008880118401578688
0 0.6444078947368421 0.4015786877158362 0.0029605263157894738 0.003453379378391712
0 0.4355263157894737 0.43413912185495807 0.0029605263157894738 0.003453379378391712
0 0.48355263157894735 0.42723236309817464 0.0029605263157894738 0.003453379378391712
0 0.16973684210526316 0.5185002466699556 0.007565789473684211 0.010360138135175136
0 0.27401315789473685 0.6571287617168229 0.014144736842105264 0.020720276270350273
0 0.018421052631578946 0.4469659595461273 0.003618421052631579 0.008880118401578688
0 0.07532894736842105 0.6275283670448939 0.014144736842105264 0.020720276270350273
0 0.07269736842105264 0.49235323137641834 0.003618421052631579 0.008880118401578688
0 0.14375 0.4666995559940799 0.003618421052631579 0.008880118401578688
0 0.9078947368421053 0.7109028120374938 0.014144736842105264 0.020720276270350273
0 0.7595394736842105 0.6610754810064134 0.014144736842105264 0.020720276270350273
0 0.6986842105263158 0.41292550567340897 0.0029605263157894738 0.003453379378391712
0 0.24967105263157896 0.5071534287123828 0.007565789473684211 0.010360138135175136
0 0.49506578947368424 0.4287123828317711 0.0029605263157894738 0.003453379378391712
0 0.7855263157894737 0.6477553034040454 0.014144736842105264 0.020720276270350273
0 0.22335526315789472 0.4602861371484953 0.003618421052631579 0.008880118401578688
0 0.1881578947368421 0.4218056240749877 0.0029605263157894738 0.003453379378391712
0 0.8217105263157894 0.3912185495806611 0.0029605263157894738 0.003453379378391712
0 0.19342105263157894 0.44844597927972374 0.003618421052631579 0.008880118401578688
0 0.7526315789473684 0.5456339417858905 0.007565789473684211 0.010360138135175136
0 0.31644736842105264 0.4227923038973853 0.0029605263157894738 0.003453379378391712
0 0.7476973684210526 0.41539220522940307 0.0029605263157894738 0.003453379378391712
0 0.9470394736842105 0.7039960532807104 0.014144736842105264 0.020720276270350273
0 0.59375 0.5189935865811545 0.007565789473684211 0.010360138135175136
0 0.6486842105263158 0.41539220522940307 0.0029605263157894738 0.003453379378391712
0 0.38092105263157894 0.4444992599901332 0.0029605263157894738 0.003453379378391712
0 0.36973684210526314 0.4356191415885545 0.0029605263157894738 0.003453379378391712
0 0.3381578947368421 0.5648741983226443 0.007565789473684211 0.010360138135175136
0 0.3904605263157895 0.4563394178589048 0.003618421052631579 0.008880118401578688
0 0.7509868421052631 0.5416872224963 0.007565789473684211 0.010360138135175136
0 0.9509868421052632 0.6196349284657129 0.014144736842105264 0.020720276270350273
0 0.04802631578947368 0.5170202269363592 0.007565789473684211 0.010360138135175136
0 0.3944078947368421 0.4686729156388752 0.003618421052631579 0.008880118401578688
0 0.42828947368421055 0.43759250123334975 0.0029605263157894738 0.003453379378391712
0 0.4328947368421053 0.6176615688209176 0.007565789473684211 0.010360138135175136
0 0.1631578947368421 0.5214602861371485 0.007565789473684211 0.010360138135175136
0 0.8618421052631579 0.6798223976319684 0.014144736842105264 0.020720276270350273
0 0.7223684210526315 0.40256536753823385 0.0029605263157894738 0.003453379378391712
0 0.8355263157894737 0.5698075974346325 0.007565789473684211 0.010360138135175136
0 0.6822368421052631 0.7557967439565861 0.020394736842105264 0.03305377405032067
0 0.4542763157894737 0.530833744449926 0.007565789473684211 0.010360138135175136
0 0.6664473684210527 0.4282190429205723 0.0029605263157894738 0.003453379378391712
0 0.9914473684210526 0.6408485446472619 0.014144736842105264 0.020720276270350273
0 0.6009868421052632 0.426245683275777 0.0029605263157894738 0.003453379378391712
0 0.09407894736842105 0.44893931919092256 0.003618421052631579 0.008880118401578688
0 0.35723684210526313 0.4430192402565368 0.0029605263157894738 0.003453379378391712
0 0.4220394736842105 0.506660088801184 0.007565789473684211 0.010360138135175136
0 0.03125 0.41933892451899357 0.0029605263157894738 0.003453379378391712
0 0.7756578947368421 0.6018746916625555 0.007565789473684211 0.010360138135175136
0 0.014802631578947368 0.5717809570794278 0.007565789473684211 0.010360138135175136
0 0.7322368421052632 0.9457326097681302 0.03519736842105263 0.06413418845584608
0 0.39539473684210524 0.9980266403552047 0.03125 0.056240749876665025
0 0.8792763157894737 0.6872224962999507 0.014144736842105264 0.020720276270350273
0 0.075 0.6985693142575234 0.014144736842105264 0.020720276270350273
0 0.18519736842105264 0.4578194375925012 0.003618421052631579 0.008880118401578688
0 0.6618421052631579 0.4721262950172669 0.003618421052631579 0.008880118401578688
0 0.09703947368421052 0.43167242229896396 0.0029605263157894738 0.003453379378391712
0 0.05098684210526316 0.41736556487419835 0.0029605263157894738 0.003453379378391712
0 0.29473684210526313 0.5619141588554514 0.007565789473684211 0.010360138135175136
0 0.6404605263157894 0.4444992599901332 0.0029605263157894738 0.003453379378391712
0 0.6401315789473684 0.517513566847558 0.007565789473684211 0.010360138135175136
0 0.20032894736842105 0.5056734089787864 0.007565789473684211 0.010360138135175136
0 0.19967105263157894 0.4602861371484953 0.003618421052631579 0.008880118401578688
0 0.07434210526315789 0.5895411938825851 0.007565789473684211 0.010360138135175136
0 0.7697368421052632 0.6225949679329058 0.014144736842105264 0.020720276270350273
0 0.41019736842105264 0.45929945732609767 0.003618421052631579 0.008880118401578688
0 0.17401315789473684 0.7084361124814997 0.014144736842105264 0.020720276270350273
0 0.35296052631578945 0.6102614701529354 0.010855263157894738 0.015293537247163296
0 0.22105263157894736 0.6699555994079921 0.014144736842105264 0.020720276270350273
0 0.5861842105263158 0.41835224469659593 0.0029605263157894738 0.003453379378391712
0 0.01611842105263158 0.43808584114454857 0.0029605263157894738 0.003453379378391712
0 0.7407894736842106 0.6068080907745437 0.007565789473684211 0.010360138135175136
0 0.05921052631578947 0.6827824370991613 0.014144736842105264 0.020720276270350273
0 0.3513157894736842 0.4573260976813024 0.003618421052631579 0.008880118401578688
0 0.8394736842105263 0.6388751850024667 0.014144736842105264 0.020720276270350273
0 0.16611842105263158 0.5446472619634929 0.007565789473684211 0.010360138135175136
0 0.32171052631578945 0.5885545140601874 0.007565789473684211 0.010360138135175136
0 0.3667763157894737 0.5485939812530833 0.007565789473684211 0.010360138135175136
0 0.5233552631578947 0.45535273803650717 0.003618421052631579 0.008880118401578688
0 0.05263157894736842 0.4257523433645782 0.0029605263157894738 0.003453379378391712
0 0.4095394736842105 0.5900345337937839 0.007565789473684211 0.010360138135175136
0 0.24111842105263157 0.796250616674889 0.020394736842105264 0.03305377405032067
0 0.47730263157894737 0.41243216576221015 0.0029605263157894738 0.003453379378391712
0 0.6802631578947368 0.4139121854958066 0.0029605263157894738 0.003453379378391712
0 0.6625 0.5752343364578194 0.007565789473684211 0.010360138135175136
0 0.3539473684210526 0.45929945732609767 0.003618421052631579 0.008880118401578688
0 0.18651315789473685 0.5510606808090774 0.007565789473684211 0.010360138135175136
0 0.7950657894736842 0.3946719289590528 0.0029605263157894738 0.003453379378391712
0 0.1194078947368421 0.4731129748396645 0.003618421052631579 0.008880118401578688
0 0.9914473684210526 0.6620621608288111 0.014144736842105264 0.020720276270350273
0 0.5805921052631579 0.5086334484459792 0.007565789473684211 0.010360138135175136
0 0.812828947368421 0.444992599901332 0.0029605263157894738 0.003453379378391712
0 0.6266447368421053 0.44844597927972374 0.003618421052631579 0.008880118401578688
0 0.07927631578947368 0.4321657622101628 0.0029605263157894738 0.003453379378391712
0 0.37006578947368424 0.538727183029107 0.007565789473684211 0.010360138135175136
0 0.25164473684210525 0.46521953626048346 0.003618421052631579 0.008880118401578688
0 0.4095394736842105 0.45535273803650717 0.003618421052631579 0.008880118401578688
0 0.15986842105263158 0.5342871238283177 0.007565789473684211 0.010360138135175136
0 0.11217105263157895 0.6408485446472619 0.014144736842105264 0.020720276270350273
0 0.29539473684210527 0.47113961519486924 0.003618421052631579 0.008880118401578688
0 0.22828947368421051 0.5125801677355698 0.007565789473684211 0.010360138135175136
0 0.9654605263157895 0.6413418845584608 0.014144736842105264 0.020720276270350273
0 0.6490131578947368 0.4543660582141095 0.003618421052631579 0.008880118401578688
0 0.3026315789473684 0.7459299457326097 0.020394736842105264 0.03305377405032067
0 0.9223684210526316 0.4094721262950173 0.0029605263157894738 0.003453379378391712
0 0.5085526315789474 0.4681795757276764 0.003618421052631579 0.008880118401578688
0 0.27730263157894736 0.44597927972372964 0.0029605263157894738 0.003453379378391712
0 0.5924342105263158 0.4158855451406019 0.0029605263157894738 0.003453379378391712
0 0.14967105263157895 0.43364578194375925 0.0029605263157894738 0.003453379378391712
0 0.500328947368421 0.4706462752836704 0.003618421052631579 0.008880118401578688
0 0.33651315789473685 0.9916132215096202 0.03125 0.056240749876665025
0 0.6269736842105263 0.5263936852491367 0.007565789473684211 0.010360138135175136
0 0.8529605263157894 0.4578194375925012 0.003618421052631579 0.008880118401578688
0 0.8460526315789474 0.4494326591021214 0.003618421052631579 0.008880118401578688
0 0.9203947368421053 0.6906758756783424 0.014144736842105264 0.020720276270350273
0 0.0694078947368421 0.444992599901332 0.0029605263157894738 0.003453379378391712
0 0.013157894736842105 0.5964479526393686 0.007565789473684211 0.010360138135175136
0 0.7825657894736842 0.8727183029107055 0.03519736842105263 0.06413418845584608
0 0.05394736842105263 0.437099161322151 0.0029605263157894738 0.003453379378391712
0 0.6542763157894737 0.8406512086827824 0.020394736842105264 0.03305377405032067
0 0.004934210526315789 0.5485939812530833 0.007565789473684211 0.010360138135175136
0 0.2444078947368421 0.7814504193389246 0.020394736842105264 0.03305377405032067
0 0.8930921052631579 0.7311297483966452 0.020394736842105264 0.03305377405032067
0 0.8319078947368421 0.4099654662062161 0.0029605263157894738 0.003453379378391712
0 0.8338815789473685 0.6941292550567341 0.014144736842105264 0.020720276270350273
0 0.4476973684210526 0.4331524420325604 0.0029605263157894738 0.003453379378391712
0 0.5894736842105263 0.5145535273803651 0.007565789473684211 0.010360138135175136
0 0.6052631578947368 0.49827331031080413 0.005592105263157895 0.009373458312777503
0 0.2509868421052632 0.47113961519486924 0.003618421052631579 0.008880118401578688
0 0.6411184210526316 0.46521953626048346 0.003618421052631579 0.008880118401578688
0 0.6302631578947369 0.4514060187469166 0.003618421052631579 0.008880118401578688
0 0.46875 0.7276763690182536 0.020394736842105264 0.03305377405032067
0 0.3684210526315789 0.5318204242723237 0.007565789473684211 0.010360138135175136
0 0.38848684210526313 0.469166255550074 0.003618421052631579 0.008880118401578688
0 0.5743421052631579 0.4972866304884065 0.004605263157894736 0.008880118401578688
0 0.9463815789473684 0.7942772570300938 0.020394736842105264 0.03305377405032067
0 0.04967105263157895 0.592501233349778 0.007565789473684211 0.010360138135175136
0 0.6598684210526315 0.4139121854958066 0.0029605263157894738 0.003453379378391712
0 0.9976973684210526 0.4040453872718303 0.0029605263157894738 0.003453379378391712
0 0.35888157894736844 0.5367538233843118 0.007565789473684211 0.010360138135175136
0 0.01118421052631579 0.5836211149481993 0.007565789473684211 0.010360138135175136
0 0.8078947368421052 0.7257030093734583 0.014144736842105264 0.020720276270350273
0 0.6756578947368421 0.5855944745929945 0.007565789473684211 0.010360138135175136
0 0.2930921052631579 0.4750863344844598 0.003618421052631579 0.008880118401578688
0 0.4819078947368421 0.43611248149975335 0.0029605263157894738 0.003453379378391712
0 0.43157894736842106 0.4321657622101628 0.0029605263157894738 0.003453379378391712
0 0.5654605263157895 0.5855944745929945 0.007565789473684211 0.010360138135175136
0 0.009868421052631578 0.5273803650715343 0.007565789473684211 0.010360138135175136
0 0.044407894736842105 0.5816477553034041 0.007565789473684211 0.010360138135175136
0 0.3605263157894737 0.7834237789837197 0.020394736842105264 0.03305377405032067
0 0.6131578947368421 0.4282190429205723 0.0029605263157894738 0.003453379378391712
0 0.4493421052631579 0.43019240256536756 0.0029605263157894738 0.003453379378391712
0 0.7075657894736842 0.65416872224963 0.014144736842105264 0.020720276270350273
0 0.5338815789473684 0.5929945732609768 0.007565789473684211 0.010360138135175136
0 0.3592105263157895 0.4622594967932906 0.003618421052631579 0.008880118401578688
0 0.7766447368421052 0.43808584114454857 0.0029605263157894738 0.003453379378391712
0 0.23026315789473684 0.4972866304884065 0.006578947368421052 0.00986679822397632
0 0.5677631578947369 0.5278737049827331 0.007565789473684211 0.010360138135175136
0 0.24967105263157896 0.6546620621608288 0.014144736842105264 0.020720276270350273
0 0.5088815789473684 0.42476566354218054 0.0029605263157894738 0.003453379378391712
0 0.6430921052631579 0.44203256043413913 0.0029605263157894738 0.003453379378391712
0 0.5144736842105263 0.4627528367044894 0.003618421052631579 0.008880118401578688
0 0.07532894736842105 0.6763690182535768 0.014144736842105264 0.020720276270350273
0 0.2513157894736842 0.4790330537740503 0.003618421052631579 0.008880118401578688
0 0.12697368421052632 0.45880611741489885 0.003618421052631579 0.008880118401578688
0 0.7220394736842105 0.4158855451406019 0.0029605263157894738 0.003453379378391712
0 0.4486842105263158 0.42328564380858413 0.0029605263157894738 0.003453379378391712
0 0.15723684210526315 0.5811544153922052 0.007565789473684211 0.010360138135175136
0 0.44473684210526315 0.42476566354218054 0.0029605263157894738 0.003453379378391712
0 0.6375 0.8169708929452393 0.020394736842105264 0.03305377405032067
0 0.33848684210526314 0.49679329057720767 0.003618421052631579 0.008880118401578688
0 0.5476973684210527 0.5974346324617662 0.007565789473684211 0.010360138135175136
0 0.17598684210526316 0.5086334484459792 0.007565789473684211 0.010360138135175136
0 0.1944078947368421 0.4440059200789344 0.0029605263157894738 0.003453379378391712
0 0.6358552631578948 0.4435125801677356 0.0029605263157894738 0.003453379378391712
0 0.8506578947368421 0.7681302417365565 0.020394736842105264 0.03305377405032067
0 0.06019736842105263 0.5101134681795757 0.007565789473684211 0.010360138135175136
0 0.5414473684210527 0.5693142575234337 0.007565789473684211 0.010360138135175136
0 0.19078947368421054 0.525407005426739 0.007565789473684211 0.010360138135175136
0 0.6957236842105263 0.6186482486433152 0.010855263157894738 0.015293537247163296
0 0.96875 0.4050320670942279 0.0029605263157894738 0.003453379378391712
0 0.6973684210526315 0.40897878638381846 0.0029605263157894738 0.003453379378391712
0 0.2993421052631579 0.5905278737049827 0.007565789473684211 0.010360138135175136
0 0.7865131578947369 0.4267390231869758 0.0029605263157894738 0.003453379378391712
0 0.5753289473684211 0.4326591021213616 0.0029605263157894738 0.003453379378391712
0 0.17434210526315788 0.5328071040947213 0.007565789473684211 0.010360138135175136
0 0.9983552631578947 0.41933892451899357 0.0029605263157894738 0.003453379378391712
0 0.9269736842105263 0.41933892451899357 0.0029605263157894738 0.003453379378391712
0 0.4394736842105263 0.5860878145041933 0.007565789473684211 0.010360138135175136
0 0.8335526315789473 0.6250616674888998 0.014144736842105264 0.020720276270350273
0 0.3105263157894737 0.6822890971879625 0.014144736842105264 0.020720276270350273
0 0.2657894736842105 0.69166255550074 0.014144736842105264 0.020720276270350273
0 0.5236842105263158 0.4390725209669462 0.0029605263157894738 0.003453379378391712
0 0.7138157894736842 0.4390725209669462 0.0029605263157894738 0.003453379378391712
0 0.6546052631578947 0.3946719289590528 0.0029605263157894738 0.003453379378391712
0 0.42828947368421055 0.455846077947706 0.003618421052631579 0.008880118401578688
0 0.5460526315789473 0.8539713862851505 0.020394736842105264 0.03305377405032067
0 0.15394736842105264 0.43364578194375925 0.0029605263157894738 0.003453379378391712
0 0.006907894736842105 0.7577701036013813 0.017105263157894738 0.026640355204736062
0 0.50625 0.45929945732609767 0.003618421052631579 0.008880118401578688
0 0.4052631578947368 0.4563394178589048 0.003618421052631579 0.008880118401578688
0 0.3078947368421053 0.9881598421312284 0.03519736842105263 0.06413418845584608
0 0.2598684210526316 0.40207202762703503 0.0029605263157894738 0.003453379378391712
0 0.021710526315789475 0.5061667488899853 0.007565789473684211 0.010360138135175136
0 0.8638157894736842 0.6561420818944252 0.014144736842105264 0.020720276270350273
0 0.76875 0.3862851504686729 0.0029605263157894738 0.003453379378391712
0 0.28289473684210525 0.6388751850024667 0.014144736842105264 0.020720276270350273
0 0.034210526315789476 0.8327577701036014 0.020394736842105264 0.03305377405032067
0 0.19703947368421051 0.5777010360138135 0.007565789473684211 0.010360138135175136
0 0.9746710526315789 0.4094721262950173 0.0029605263157894738 0.003453379378391712
0 0.06644736842105263 0.7927972372964973 0.020394736842105264 0.03305377405032067
0 0.8651315789473685 0.4533793783917119 0.003618421052631579 0.008880118401578688
0 0.6233552631578947 0.46965959546127284 0.003618421052631579 0.008880118401578688
0 0.5819078947368421 0.493339911198816 0.003618421052631579 0.008880118401578688
0 0.18453947368421053 0.49827331031080413 0.004605263157894736 0.008880118401578688
0 0.6575657894736842 0.5929945732609768 0.007565789473684211 0.010360138135175136
0 0.6555921052631579 0.4257523433645782 0.0029605263157894738 0.003453379378391712
0 0.7220394736842105 0.3857918105574741 0.0029605263157894738 0.003453379378391712
0 0.49473684210526314 0.5530340404538727 0.007565789473684211 0.010360138135175136
0 0.8907894736842106 0.4306857424765664 0.0029605263157894738 0.003453379378391712
0 0.6332236842105263 0.4474592994573261 0.003618421052631579 0.008880118401578688
0 0.5233552631578947 0.4514060187469166 0.003618421052631579 0.008880118401578688
0 0.24703947368421053 0.4430192402565368 0.0029605263157894738 0.003453379378391712
0 0.6835526315789474 0.4134188455846078 0.0029605263157894738 0.003453379378391712
0 0.2743421052631579 0.4908732116428219 0.003618421052631579 0.008880118401578688
0 0.4006578947368421 0.46176615688209177 0.003618421052631579 0.008880118401578688
0 0.7753289473684211 0.5298470646275284 0.007565789473684211 0.010360138135175136
0 0.47598684210526315 0.4198322644301924 0.0029605263157894738 0.003453379378391712
0 0.7259868421052632 0.40848544647261964 0.0029605263157894738 0.003453379378391712
0 0.4766447368421053 0.4163788850518007 0.0029605263157894738 0.003453379378391712
0 0.060526315789473685 0.7222496299950666 0.014144736842105264 0.020720276270350273
0 0.6095394736842106 0.4410458806117415 0.0029605263157894738 0.003453379378391712
0 0.4319078947368421 0.4602861371484953 0.003618421052631579 0.008880118401578688
0 0.6046052631578948 0.5239269856931426 0.007565789473684211 0.010360138135175136
0 0.7950657894736842 0.8006906758756783 0.020394736842105264 0.03305377405032067
0 0.51875 0.450419338924519 0.003618421052631579 0.008880118401578688
0 0.7996710526315789 0.3843117908238777 0.0029605263157894738 0.003453379378391712
0 0.687828947368421 0.5885545140601874 0.007565789473684211 0.010360138135175136
0 0.4055921052631579 0.46719289590527874 0.003618421052631579 0.008880118401578688
0 0.02368421052631579 0.41884558460779475 0.0029605263157894738 0.003453379378391712
0 0.1825657894736842 0.801677355698076 0.020394736842105264 0.03305377405032067
0 0.6138157894736842 0.4509126788357178 0.003618421052631579 0.008880118401578688
0 0.6555921052631579 0.5476073014306857 0.007565789473684211 0.010360138135175136
0 0.3950657894736842 0.5767143561914159 0.007565789473684211 0.010360138135175136
0 0.26085526315789476 0.47607301430685744 0.003618421052631579 0.008880118401578688
0 0.9101973684210526 0.6768623581647756 0.014144736842105264 0.020720276270350273
0 0.5796052631578947 0.4893931919092255 0.003618421052631579 0.008880118401578688
0 0.4542763157894737 0.42969906265416874 0.0029605263157894738 0.003453379378391712
0 0.8601973684210527 0.4440059200789344 0.0029605263157894738 0.003453379378391712
0 0.88125 0.8416378885051801 0.020394736842105264 0.03305377405032067
0 0.7776315789473685 0.6477553034040454 0.014144736842105264 0.020720276270350273
0 0.4029605263157895 0.5249136655155402 0.007565789473684211 0.010360138135175136
0 0.5901315789473685 0.4430192402565368 0.0029605263157894738 0.003453379378391712
0 0.7618421052631579 0.6156882091761223 0.007565789473684211 0.010360138135175136
0 0.718421052631579 0.919585594474593 0.03519736842105263 0.06413418845584608
0 0.13223684210526315 0.7557967439565861 0.020394736842105264 0.03305377405032067
0 0.27401315789473685 0.7434632461766156 0.020394736842105264 0.03305377405032067
0 0.01118421052631579 0.5431672422298964 0.007565789473684211 0.010360138135175136
0 0.9723684210526315 0.407498766650222 0.0029605263157894738 0.003453379378391712
0 0.8509868421052632 0.4479526393685249 0.003618421052631579 0.008880118401578688
0 0.9845394736842106 0.9526393685249137 0.03519736842105263 0.06413418845584608
0 0.6953947368421053 0.4114454859398125 0.0029605263157894738 0.003453379378391712
0 0.5171052631578947 0.4602861371484953 0.003618421052631579 0.008880118401578688
0 0.925 0.88751850024667 0.03519736842105263 0.06413418845584608
0 0.7819078947368421 0.4351258016773557 0.0029605263157894738 0.003453379378391712
0 0.47269736842105264 0.49679329057720767 0.003618421052631579 0.008880118401578688
0 0.026973684210526316 0.5505673408978786 0.007565789473684211 0.010360138135175136
0 0.906578947368421 0.5259003453379378 0.007565789473684211 0.010360138135175136
0 0.25625 0.6364084854464727 0.014144736842105264 0.020720276270350273
0 0.8944078947368421 0.6561420818944252 0.014144736842105264 0.020720276270350273
0 0.04473684210526316 0.4622594967932906 0.003618421052631579 0.008880118401578688
0 0.9868421052631579 0.5471139615194869 0.014144736842105264 0.020720276270350273
0 0.6927631578947369 0.4158855451406019 0.0029605263157894738 0.003453379378391712
0 0.7832236842105263 0.42969906265416874 0.0029605263157894738 0.003453379378391712
0 0.6802631578947368 0.6033547113961519 0.007565789473684211 0.010360138135175136
0 0.37105263157894736 0.4657128761716823 0.003618421052631579 0.008880118401578688
0 0.6891447368421053 0.41736556487419835 0.0029605263157894738 0.003453379378391712
0 0.20164473684210527 0.549580661075481 0.007565789473684211 0.010360138135175136
0 0.3986842105263158 0.4657128761716823 0.003618421052631579 0.008880118401578688
0 0.94375 0.8796250616674889 0.03519736842105263 0.06413418845584608
0 0.5884868421052631 0.5372471632955106 0.007565789473684211 0.010360138135175136
0 0.7023026315789473 0.40897878638381846 0.0029605263157894738 0.003453379378391712
0 0.6375 0.40207202762703503 0.0029605263157894738 0.003453379378391712
0 0.2746710526315789 0.4568327577701036 0.003618421052631579 0.008880118401578688
0 0.3888157894736842 0.4440059200789344 0.0029605263157894738 0.003453379378391712
0 0.12467105263157895 0.46373951652688705 0.003618421052631579 0.008880118401578688
0 0.17203947368421052 0.4578194375925012 0.003618421052631579 0.008880118401578688
0 0.42039473684210527 0.4573260976813024 0.003618421052631579 0.008880118401578688
0 0.7832236842105263 0.6822890971879625 0.014144736842105264 0.020720276270350273
0 0.17828947368421053 0.4869264923532314 0.003618421052631579 0.008880118401578688
0 0.5358552631578948 0.4686729156388752 0.003618421052631579 0.008880118401578688
0 0.7098684210526316 0.4326591021213616 0.0029605263157894738 0.003453379378391712
0 0.48914473684210524 0.9832264430192402 0.03519736842105263 0.06413418845584608
0 0.8782894736842105 0.6655155402072027 0.014144736842105264 0.020720276270350273
0 0.2375 0.41835224469659593 0.0029605263157894738 0.003453379378391712
0 0.44703947368421054 0.5535273803650715 0.007565789473684211 0.010360138135175136
0 0.3582236842105263 0.7395165268870252 0.020394736842105264 0.03305377405032067
0 0.3611842105263158 0.5249136655155402 0.007565789473684211 0.010360138135175136
0 0.0375 0.5244203256043414 0.007565789473684211 0.010360138135175136
0 0.05032894736842105 0.6048347311297484 0.007565789473684211 0.010360138135175136
0 0.31282894736842104 0.5920078934385792 0.007565789473684211 0.010360138135175136
0 0.44835526315789476 0.5402072027627035 0.007565789473684211 0.010360138135175136
0 0.22861842105263158 0.8258510113468179 0.020394736842105264 0.03305377405032067
0 0.001644736842105263 0.5436605821410952 0.007565789473684211 0.010360138135175136
0 0.1299342105263158 0.6082881105081401 0.007565789473684211 0.010360138135175136
0 0.23651315789473684 0.6694622594967933 0.014144736842105264 0.020720276270350273
0 0.16085526315789472 0.5999013320177602 0.007565789473684211 0.010360138135175136
0 0.6684210526315789 0.4119388258510113 0.0029605263157894738 0.003453379378391712
0 0.02993421052631579 0.5377405032067094 0.007565789473684211 0.010360138135175136
0 0.12631578947368421 0.4454859398125308 0.0029605263157894738 0.003453379378391712
0 0.6092105263157894 0.6314750863344845 0.014144736842105264 0.020720276270350273
0 0.2598684210526316 0.4642328564380858 0.003618421052631579 0.008880118401578688
0 0.5743421052631579 0.4538727183029107 0.003618421052631579 0.008880118401578688
0 0.7460526315789474 0.5920078934385792 0.007565789473684211 0.010360138135175136
0 0.6223684210526316 0.6497286630488407 0.014144736842105264 0.020720276270350273
0 0.5148026315789473 0.4267390231869758 0.0029605263157894738 0.003453379378391712
0 0.15592105263157896 0.474592994573261 0.003618421052631579 0.008880118401578688
0 0.08552631578947369 0.4494326591021214 0.003618421052631579 0.008880118401578688
0 0.5740131578947368 0.5056734089787864 0.007565789473684211 0.010360138135175136
0 0.6088815789473684 0.41095214602861374 0.0029605263157894738 0.003453379378391712
0 0.5085526315789474 0.7607301430685742 0.020394736842105264 0.03305377405032067
0 0.8345394736842106 0.4469659595461273 0.003618421052631579 0.008880118401578688
0 0.4361842105263158 0.45535273803650717 0.003618421052631579 0.008880118401578688
0 0.36348684210526316 0.46768623581647756 0.003618421052631579 0.008880118401578688
0 0.9407894736842105 0.6803157375431672 0.014144736842105264 0.020720276270350273
0 0.026973684210526316 0.5194869264923533 0.007565789473684211 0.010360138135175136
0 0.4743421052631579 0.5377405032067094 0.007565789473684211 0.010360138135175136
0 0.06743421052631579 0.648741983226443 0.014144736842105264 0.020720276270350273
0 0.2993421052631579 0.6324617661568821 0.014144736842105264 0.020720276270350273
0 0.8289473684210527 0.450419338924519 0.003618421052631579 0.008880118401578688
0 0.3694078947368421 0.48889985199802666 0.003618421052631579 0.008880118401578688
0 0.5335526315789474 0.4385791810557474 0.0029605263157894738 0.003453379378391712
0 0.08388157894736842 0.555007400098668 0.007565789473684211 0.010360138135175136
0 0.9651315789473685 0.4055254070054267 0.0029605263157894738 0.003453379378391712
0 0.6756578947368421 0.4706462752836704 0.003618421052631579 0.008880118401578688
0 0.8552631578947368 0.4499259990133202 0.003618421052631579 0.008880118401578688
0 0.15526315789473685 0.7143561914158856 0.014144736842105264 0.020720276270350273
0 0.7726973684210526 0.3857918105574741 0.0029605263157894738 0.003453379378391712
0 0.06348684210526316 0.5372471632955106 0.007565789473684211 0.010360138135175136
0 0.8368421052631579 0.43759250123334975 0.0029605263157894738 0.003453379378391712
0 0.3805921052631579 0.43019240256536756 0.0029605263157894738 0.003453379378391712
0 0.09802631578947368 0.7548100641341885 0.020394736842105264 0.03305377405032067
0 0.1417763157894737 0.5959546127281697 0.007565789473684211 0.010360138135175136
0 0.3796052631578947 0.6763690182535768 0.014144736842105264 0.020720276270350273
0 0.58125 0.5855944745929945 0.007565789473684211 0.010360138135175136
0 0.3190789473684211 0.47360631475086334 0.003618421052631579 0.008880118401578688
0 0.028618421052631578 0.7799703996053281 0.020394736842105264 0.03305377405032067
0 0.23782894736842106 0.4331524420325604 0.0029605263157894738 0.003453379378391712
0 0.4217105263157895 0.47705969412925503 0.003618421052631579 0.008880118401578688
0 0.5894736842105263 0.6788357178095707 0.014144736842105264 0.020720276270350273
0 0.8447368421052631 0.6571287617168229 0.014144736842105264 0.020720276270350273
0 0.3851973684210526 0.4573260976813024 0.003618421052631579 0.008880118401578688
0 0.8460526315789474 0.8835717809570794 0.03519736842105263 0.06413418845584608
0 0.4733552631578947 0.4222989639861865 0.0029605263157894738 0.003453379378391712
0 0.18782894736842104 0.8860384805130735 0.03519736842105263 0.06413418845584608
0 0.4039473684210526 0.5441539220522941 0.007565789473684211 0.010360138135175136
0 0.3483552631578947 0.69166255550074 0.014144736842105264 0.020720276270350273
0 0.6417763157894737 0.45288603848051306 0.003618421052631579 0.008880118401578688
0 0.9625 0.4163788850518007 0.0029605263157894738 0.003453379378391712
0 0.8529605263157894 0.7271830291070548 0.020394736842105264 0.03305377405032067
0 0.6039473684210527 0.46719289590527874 0.003618421052631579 0.008880118401578688
0 0.5266447368421052 0.45831277750370003 0.003618421052631579 0.008880118401578688
0 0.4407894736842105 0.5693142575234337 0.007565789473684211 0.010360138135175136
0 0.07203947368421053 0.5234336457819437 0.007565789473684211 0.010360138135175136
0 0.6763157894736842 0.4134188455846078 0.0029605263157894738 0.003453379378391712
0 0.5289473684210526 0.44005920078934385 0.0029605263157894738 0.003453379378391712
0 0.27532894736842106 0.4514060187469166 0.003618421052631579 0.008880118401578688
0 0.8430921052631579 0.44203256043413913 0.0029605263157894738 0.003453379378391712
0 0.2075657894736842 0.43808584114454857 0.0029605263157894738 0.003453379378391712
0 0.33651315789473685 0.48051307350764677 0.003618421052631579 0.008880118401578688
0 0.13223684210526315 0.667488899851998 0.014144736842105264 0.020720276270350273
0 0.058881578947368424 0.6497286630488407 0.014144736842105264 0.020720276270350273
0 0.5957236842105263 0.8347311297483967 0.020394736842105264 0.03305377405032067
0 0.7911184210526315 0.5920078934385792 0.007565789473684211 0.010360138135175136
0 0.649671052631579 0.4035520473606315 0.0029605263157894738 0.003453379378391712
0 0.19078947368421054 0.5372471632955106 0.007565789473684211 0.010360138135175136
0 0.2835526315789474 0.6171682289097188 0.010855263157894738 0.015293537247163296
0 0.13223684210526315 0.46521953626048346 0.003618421052631579 0.008880118401578688
0 0.5766447368421053 0.5411938825851011 0.007565789473684211 0.010360138135175136
0 0.6776315789473685 0.47755303404045385 0.003618421052631579 0.008880118401578688
0 0.6190789473684211 0.7222496299950666 0.017105263157894738 0.026640355204736062
0 0.25625 0.6127281697089294 0.010855263157894738 0.015293537247163296
0 0.8019736842105263 0.43808584114454857 0.0029605263157894738 0.003453379378391712
0 0.027960526315789474 0.7074494326591021 0.014144736842105264 0.020720276270350273
0 0.8029605263157895 0.3971386285150469 0.0029605263157894738 0.003453379378391712
0 0.7194078947368421 0.41292550567340897 0.0029605263157894738 0.003453379378391712
0 0.8394736842105263 0.6013813517513567 0.007565789473684211 0.010360138135175136
0 0.06414473684210527 0.5929945732609768 0.007565789473684211 0.010360138135175136
0 0.5220394736842106 0.7439565860878145 0.020394736842105264 0.03305377405032067
0 0.5921052631578947 0.6447952639368525 0.014144736842105264 0.020720276270350273
0 0.10164473684210526 0.5456339417858905 0.007565789473684211 0.010360138135175136
0 0.2388157894736842 0.9136655155402073 0.03519736842105263 0.06413418845584608
0 0.6575657894736842 0.3912185495806611 0.0029605263157894738 0.003453379378391712
0 0.26611842105263156 0.6240749876665023 0.014144736842105264 0.020720276270350273
0 0.18453947368421053 0.5027133695115935 0.005592105263157895 0.009373458312777503
0 0.8174342105263158 0.6645288603848051 0.014144736842105264 0.020720276270350273
0 0.05493421052631579 0.5855944745929945 0.007565789473684211 0.010360138135175136
0 0.5967105263157895 0.908732116428219 0.03519736842105263 0.06413418845584608
0 0.15855263157894736 0.747903305377405 0.020394736842105264 0.03305377405032067
0 0.1986842105263158 0.4543660582141095 0.003618421052631579 0.008880118401578688
0 0.5947368421052631 0.5633941785890478 0.007565789473684211 0.010360138135175136
0 0.7167763157894737 0.6329551060680809 0.014144736842105264 0.020720276270350273
0 0.8263157894736842 0.5752343364578194 0.007565789473684211 0.010360138135175136
0 0.6532894736842105 0.39171188949185987 0.0029605263157894738 0.003453379378391712
0 0.8319078947368421 0.4351258016773557 0.0029605263157894738 0.003453379378391712
0 0.9963815789473685 0.6428219042920572 0.014144736842105264 0.020720276270350273
0 0.36644736842105263 0.4474592994573261 0.003618421052631579 0.008880118401578688
0 0.6546052631578947 0.39960532807104093 0.0029605263157894738 0.003453379378391712
0 0.9713815789473684 0.9181055747409965 0.03519736842105263 0.06413418845584608
0 0.7996710526315789 0.42772570300937346 0.0029605263157894738 0.003453379378391712
0 0.3819078947368421 0.9531327084361125 0.03519736842105263 0.06413418845584608
0 0.06184210526315789 0.6191415885545141 0.009210526315789473 0.012826837691169216
0 0.07203947368421053 0.6620621608288111 0.014144736842105264 0.020720276270350273
0 0.21019736842105263 0.568327577701036 0.007565789473684211 0.010360138135175136
0 0.27072368421052634 0.7651702022693636 0.020394736842105264 0.03305377405032067
0 0.08585526315789474 0.4440059200789344 0.0029605263157894738 0.003453379378391712
0 0.18980263157894736 0.5535273803650715 0.007565789473684211 0.010360138135175136
0 0.2138157894736842 0.5027133695115935 0.007565789473684211 0.010360138135175136
0 0.9483552631578948 0.8776517020226936 0.03519736842105263 0.06413418845584608
0 0.5773026315789473 0.7143561914158856 0.014144736842105264 0.020720276270350273
0 0.3292763157894737 0.4790330537740503 0.003618421052631579 0.008880118401578688
0 0.5947368421052631 0.47163295510606806 0.003618421052631579 0.008880118401578688
0 0.9746710526315789 0.6472619634928466 0.014144736842105264 0.020720276270350273
0 0.4236842105263158 0.5801677355698076 0.007565789473684211 0.010360138135175136
0 0.6138157894736842 0.44005920078934385 0.0029605263157894738 0.003453379378391712
0 0.1825657894736842 0.48199309324124323 0.003618421052631579 0.008880118401578688
0 0.2891447368421053 0.46521953626048346 0.003618421052631579 0.008880118401578688
0 0.6180921052631579 0.44252590034533795 0.0029605263157894738 0.003453379378391712
0 0.2980263157894737 0.5747409965466206 0.007565789473684211 0.010360138135175136
0 0.5075657894736842 0.4282190429205723 0.0029605263157894738 0.003453379378391712
0 0.3851973684210526 0.4257523433645782 0.0029605263157894738 0.003453379378391712
0 0.14967105263157895 0.47656635421805627 0.003618421052631579 0.008880118401578688
0 0.78125 0.3986186482486433 0.0029605263157894738 0.003453379378391712
0 0.15164473684210528 0.5263936852491367 0.007565789473684211 0.010360138135175136
0 0.2799342105263158 0.450419338924519 0.003618421052631579 0.008880118401578688
0 0.44046052631578947 0.4351258016773557 0.0029605263157894738 0.003453379378391712
0 0.5723684210526315 0.3926985693142575 0.0029605263157894738 0.003453379378391712
0 0.6266447368421053 0.40601874691662554 0.0029605263157894738 0.003453379378391712
0 0.18914473684210525 0.4435125801677356 0.0029605263157894738 0.003453379378391712
0 0.5006578947368421 0.4627528367044894 0.003618421052631579 0.008880118401578688
0 0.7092105263157895 0.9605328071040947 0.03519736842105263 0.06413418845584608
0 0.5631578947368421 0.43019240256536756 0.0029605263157894738 0.003453379378391712
0 0.26907894736842103 0.455846077947706 0.003618421052631579 0.008880118401578688
0 0.9782894736842105 0.4094721262950173 0.0029605263157894738 0.003453379378391712
0 0.3125 0.47656635421805627 0.003618421052631579 0.008880118401578688
0 0.6848684210526316 0.4203256043413912 0.0029605263157894738 0.003453379378391712
0 0.5108552631578948 0.47705969412925503 0.003618421052631579 0.008880118401578688
0 0.6572368421052631 0.3857918105574741 0.0029605263157894738 0.003453379378391712
0 0.6197368421052631 0.44844597927972374 0.003618421052631579 0.008880118401578688
0 0.08881578947368421 0.6457819437592501 0.014144736842105264 0.020720276270350273
0 0.04407894736842105 0.44844597927972374 0.003618421052631579 0.008880118401578688
0 0.7460526315789474 0.42476566354218054 0.0029605263157894738 0.003453379378391712
0 0.18552631578947368 0.4622594967932906 0.003618421052631579 0.008880118401578688
0 0.475 0.41095214602861374 0.0029605263157894738 0.003453379378391712
0 0.09967105263157895 0.562900838677849 0.007565789473684211 0.010360138135175136
0 0.03684210526315789 0.5974346324617662 0.007565789473684211 0.010360138135175136
0 0.662828947368421 0.4119388258510113 0.0029605263157894738 0.003453379378391712
0 0.04868421052631579 0.5703009373458313 0.007565789473684211 0.010360138135175136
0 0.3055921052631579 0.47607301430685744 0.003618421052631579 0.008880118401578688
0 0.5740131578947368 0.5224469659595461 0.007565789473684211 0.010360138135175136
0 0.10855263157894737 0.5081401085347804 0.007565789473684211 0.010360138135175136
0 0.41842105263157897 0.44844597927972374 0.003618421052631579 0.008880118401578688
0 0.27203947368421055 0.512086827824371 0.007565789473684211 0.010360138135175136
0 0.44802631578947366 0.4198322644301924 0.0029605263157894738 0.003453379378391712
0 0.32203947368421054 0.4790330537740503 0.003618421052631579 0.008880118401578688
0 0.6904605263157895 0.42081894425259003 0.0029605263157894738 0.003453379378391712
0 0.3180921052631579 0.7449432659102121 0.020394736842105264 0.03305377405032067
0 0.38223684210526315 0.4494326591021214 0.003618421052631579 0.008880118401578688
0 0.8391447368421052 0.45239269856931424 0.003618421052631579 0.008880118401578688
0 0.8664473684210526 0.4168722249629995 0.0029605263157894738 0.003453379378391712
0 0.5141447368421053 0.4494326591021214 0.003618421052631579 0.008880118401578688
0 0.8200657894736842 0.7178095707942772 0.014144736842105264 0.020720276270350273
0 0.5651315789473684 0.455846077947706 0.003618421052631579 0.008880118401578688
0 0.19111842105263158 0.48396645288603846 0.003618421052631579 0.008880118401578688
0 0.7013157894736842 0.39368524913665515 0.0029605263157894738 0.003453379378391712
0 0.41842105263157897 0.6887025160335472 0.014144736842105264 0.020720276270350273
0 0.3569078947368421 0.4681795757276764 0.003618421052631579 0.008880118401578688
0 0.07203947368421053 0.512086827824371 0.007565789473684211 0.010360138135175136
0 0.4384868421052632 0.4415392205229403 0.0029605263157894738 0.003453379378391712
0 0.3338815789473684 0.46324617661568823 0.003618421052631579 0.008880118401578688
0 0.07664473684210527 0.6033547113961519 0.007565789473684211 0.010360138135175136
0 0.42828947368421055 0.4415392205229403 0.0029605263157894738 0.003453379378391712
0 0.15657894736842104 0.48001973359644795 0.003618421052631579 0.008880118401578688
0 0.33223684210526316 0.6694622594967933 0.014144736842105264 0.020720276270350273
0 0.08552631578947369 0.7217562900838678 0.015460526315789473 0.023680315737543166
0 0.7506578947368421 0.7992106561420819 0.020394736842105264 0.03305377405032067
0 0.5894736842105263 0.4292057227429699 0.0029605263157894738 0.003453379378391712
0 0.7161184210526316 0.7804637395165269 0.020394736842105264 0.03305377405032067
0 0.36973684210526314 0.5032067094227923 0.007565789473684211 0.010360138135175136
0 0.8615131578947368 0.4469659595461273 0.003618421052631579 0.008880118401578688
0 0.41480263157894737 0.4790330537740503 0.003618421052631579 0.008880118401578688
0 0.7447368421052631 0.5796743956586088 0.007565789473684211 0.010360138135175136
0 0.6924342105263158 0.4755796743956586 0.003618421052631579 0.008880118401578688
0 0.5651315789473684 0.5485939812530833 0.007565789473684211 0.010360138135175136
0 0.16282894736842105 0.562900838677849 0.007565789473684211 0.010360138135175136
0 0.6838815789473685 0.4726196349284657 0.003618421052631579 0.008880118401578688
0 0.6029605263157894 0.8001973359644795 0.020394736842105264 0.03305377405032067
0 0.8299342105263158 0.444992599901332 0.0029605263157894738 0.003453379378391712
0 0.6555921052631579 0.41489886531820425 0.0029605263157894738 0.003453379378391712
0 0.5756578947368421 0.4662062160828811 0.003618421052631579 0.008880118401578688
0 0.8726973684210526 0.7133695115934879 0.014144736842105264 0.020720276270350273
0 0.7098684210526316 0.6122348297977306 0.010855263157894738 0.015293537247163296
0 0.6470394736842106 0.5150468672915639 0.007565789473684211 0.010360138135175136
0 0.1450657894736842 0.5224469659595461 0.007565789473684211 0.010360138135175136
0 0.04473684210526316 0.5224469659595461 0.007565789473684211 0.010360138135175136
0 0.20230263157894737 0.7335964479526393 0.020394736842105264 0.03305377405032067
0 0.36644736842105263 0.4657128761716823 0.003618421052631579 0.008880118401578688
0 0.18125 0.5895411938825851 0.007565789473684211 0.010360138135175136
0 0.9881578947368421 0.8026640355204736 0.020394736842105264 0.03305377405032067
0 0.7003289473684211 0.5076467686235816 0.007565789473684211 0.010360138135175136
0 0.6756578947368421 0.4292057227429699 0.0029605263157894738 0.003453379378391712
0 0.3013157894736842 0.6132215096201282 0.009210526315789473 0.012826837691169216
0 0.9424342105263158 0.6921558954119388 0.014144736842105264 0.020720276270350273
0 0.425 0.5490873211642822 0.007565789473684211 0.010360138135175136
0 0.4720394736842105 0.4158855451406019 0.0029605263157894738 0.003453379378391712
0 0.51875 0.5915145535273804 0.007565789473684211 0.010360138135175136
0 0.02532894736842105 0.7409965466206216 0.020394736842105264 0.03305377405032067
0 0.19144736842105264 0.45831277750370003 0.003618421052631579 0.008880118401578688
0 0.15296052631578946 0.4602861371484953 0.003618421052631579 0.008880118401578688
0 0.3447368421052632 0.5910212136161815 0.007565789473684211 0.010360138135175136
0 0.594078947368421 0.49531327084361126 0.003618421052631579 0.008880118401578688
0 0.7588815789473684 0.6817957572767637 0.014144736842105264 0.020720276270350273
0 0.1194078947368421 0.4657128761716823 0.003618421052631579 0.008880118401578688
0 0.9509868421052632 0.8219042920572275 0.020394736842105264 0.03305377405032067
0 0.18453947368421053 0.8352244696595955 0.020394736842105264 0.03305377405032067
0 0.3944078947368421 0.7577701036013813 0.020394736842105264 0.03305377405032067
0 0.4125 0.45288603848051306 0.003618421052631579 0.008880118401578688
0 0.8404605263157895 0.4321657622101628 0.0029605263157894738 0.003453379378391712
0 0.3773026315789474 0.4435125801677356 0.0029605263157894738 0.003453379378391712
0 0.6299342105263158 0.41095214602861374 0.0029605263157894738 0.003453379378391712
0 0.5986842105263158 0.42525900345337936 0.0029605263157894738 0.003453379378391712
0 0.18947368421052632 0.4499259990133202 0.003618421052631579 0.008880118401578688
0 0.38421052631578945 0.7217562900838678 0.01875 0.02960039467192896
0 0.25 0.8367044893931919 0.020394736842105264 0.03305377405032067
0 0.9730263157894737 0.6901825357671436 0.014144736842105264 0.020720276270350273
0 0.9398026315789474 0.6517020226936359 0.014144736842105264 0.020720276270350273
0 0.5131578947368421 0.4543660582141095 0.003618421052631579 0.008880118401578688
0 0.8542763157894737 0.4435125801677356 0.0029605263157894738 0.003453379378391712
0 0.805921052631579 0.6512086827824372 0.014144736842105264 0.020720276270350273
0 0.6213815789473685 0.4390725209669462 0.0029605263157894738 0.003453379378391712
0 0.7690789473684211 0.5283670448939319 0.007565789473684211 0.010360138135175136
0 0.19605263157894737 0.597927972372965 0.007565789473684211 0.010360138135175136
0 0.19605263157894737 0.46373951652688705 0.003618421052631579 0.008880118401578688
0 0.6786184210526316 0.689195855944746 0.014144736842105264 0.020720276270350273
0 0.13026315789473683 0.4410458806117415 0.0029605263157894738 0.003453379378391712
0 0.5973684210526315 0.6216082881105082 0.0125 0.017760236803157376
0 0.38914473684210527 0.4385791810557474 0.0029605263157894738 0.003453379378391712
0 0.6625 0.4573260976813024 0.003618421052631579 0.008880118401578688
0 0.8414473684210526 0.3867784903798717 0.0029605263157894738 0.003453379378391712
0 0.06907894736842106 0.48643315244203256 0.003618421052631579 0.008880118401578688
0 0.12828947368421054 0.7247163295510607 0.015460526315789473 0.023680315737543166
0 0.25855263157894737 0.49925999013320177 0.005592105263157895 0.009373458312777503
0 0.8009868421052632 0.831277750370005 0.020394736842105264 0.03305377405032067
0 0.3661184210526316 0.5037000493339912 0.006578947368421052 0.00986679822397632
0 0.18026315789473685 0.49037987173162306 0.003618421052631579 0.008880118401578688
0 0.28980263157894737 0.44893931919092256 0.003618421052631579 0.008880118401578688
0 0.13355263157894737 0.6295017266896892 0.014144736842105264 0.020720276270350273
0 0.6319078947368421 0.4568327577701036 0.003618421052631579 0.008880118401578688
0 0.7404605263157895 0.6211149481993093 0.010855263157894738 0.015293537247163296
0 0.07368421052631578 0.8756783423778983 0.03519736842105263 0.06413418845584608
0 0.02763157894736842 0.4178589047853971 0.0029605263157894738 0.003453379378391712
0 0.8493421052631579 0.4070054267390232 0.0029605263157894738 0.003453379378391712
0 0.5976973684210526 0.7498766650222003 0.020394736842105264 0.03305377405032067
0 0.5269736842105263 0.7074494326591021 0.014144736842105264 0.020720276270350273
0 0.1417763157894737 0.648741983226443 0.014144736842105264 0.020720276270350273
0 0.24243421052631578 0.8702516033547114 0.03519736842105263 0.06413418845584608
0 0.39407894736842103 0.47705969412925503 0.003618421052631579 0.008880118401578688
0 0.4276315789473684 0.4326591021213616 0.0029605263157894738 0.003453379378391712
0 0.29605263157894735 0.7863838184509127 0.020394736842105264 0.03305377405032067
0 0.13355263157894737 0.7977306364084854 0.020394736842105264 0.03305377405032067
0 0.5990131578947369 0.4050320670942279 0.0029605263157894738 0.003453379378391712
0 0.22203947368421054 0.6122348297977306 0.009210526315789473 0.012826837691169216
0 0.9338815789473685 0.7390231869758264 0.020394736842105264 0.03305377405032067
0 0.6726973684210527 0.7340897878638382 0.020394736842105264 0.03305377405032067
0 0.05625 0.5214602861371485 0.007565789473684211 0.010360138135175136
0 0.6986842105263158 0.3843117908238777 0.0029605263157894738 0.003453379378391712
0 0.3279605263157895 0.4706462752836704 0.003618421052631579 0.008880118401578688
0 0.5707236842105263 0.5624074987666502 0.007565789473684211 0.010360138135175136
0 0.10263157894736842 0.4326591021213616 0.0029605263157894738 0.003453379378391712
0 0.15032894736842106 0.5673408978786384 0.007565789473684211 0.010360138135175136
0 0.8789473684210526 0.796250616674889 0.020394736842105264 0.03305377405032067
0 0.5733552631578948 0.7710902812037493 0.020394736842105264 0.03305377405032067
0 0.02138157894736842 0.6048347311297484 0.007565789473684211 0.010360138135175136
0 0.1611842105263158 0.702516033547114 0.014144736842105264 0.020720276270350273
0 0.6467105263157895 0.6038480513073508 0.007565789473684211 0.010360138135175136
0 0.1763157894736842 0.5234336457819437 0.007565789473684211 0.010360138135175136
0 0.3638157894736842 0.6536753823384311 0.014144736842105264 0.020720276270350273
0 0.5118421052631579 0.43117908238776514 0.0029605263157894738 0.003453379378391712
0 0.037171052631578945 0.5796743956586088 0.007565789473684211 0.010360138135175136
0 0.5881578947368421 0.4938332511100148 0.003618421052631579 0.008880118401578688
0 0.057236842105263155 0.42377898371978295 0.0029605263157894738 0.003453379378391712
0 0.44342105263157894 0.753330044400592 0.020394736842105264 0.03305377405032067
0 0.15164473684210528 0.48889985199802666 0.003618421052631579 0.008880118401578688
0 0.36578947368421055 0.4158855451406019 0.0029605263157894738 0.003453379378391712
0 0.17203947368421052 0.5027133695115935 0.006578947368421052 0.00986679822397632
0 0.9069078947368421 0.6699555994079921 0.014144736842105264 0.020720276270350273
0 0.6378289473684211 0.3991119881598421 0.0029605263157894738 0.003453379378391712
0 0.16710526315789473 0.8801184015786877 0.03519736842105263 0.06413418845584608
0 0.7723684210526316 0.3976319684262457 0.0029605263157894738 0.003453379378391712
0 0.624671052631579 0.44203256043413913 0.0029605263157894738 0.003453379378391712
0 0.2598684210526316 0.44597927972372964 0.0029605263157894738 0.003453379378391712
0 0.39342105263157895 0.6235816477553034 0.014144736842105264 0.020720276270350273
0 0.9674342105263158 0.4114454859398125 0.0029605263157894738 0.003453379378391712
0 0.19539473684210526 0.5219536260483473 0.007565789473684211 0.010360138135175136
0 0.000986842105263158 0.5707942772570301 0.007565789473684211 0.010360138135175136
0 0.6710526315789473 0.4119388258510113 0.0029605263157894738 0.003453379378391712
0 0.4069078947368421 0.5638875185002467 0.007565789473684211 0.010360138135175136
0 0.3717105263157895 0.4518993586581154 0.003618421052631579 0.008880118401578688
0 0.4098684210526316 0.7518500246669956 0.020394736842105264 0.03305377405032067
0 0.7279605263157894 0.4163788850518007 0.0029605263157894738 0.003453379378391712
0 0.03289473684210526 0.5160335471139615 0.007565789473684211 0.010360138135175136
0 0.5029605263157895 0.4282190429205723 0.0029605263157894738 0.003453379378391712
0 0.8878289473684211 0.7123828317710903 0.014144736842105264 0.020720276270350273
0 0.624671052631579 0.4346324617661569 0.0029605263157894738 0.003453379378391712
0 0.02138157894736842 0.5880611741489886 0.007565789473684211 0.010360138135175136
0 0.2388157894736842 0.6956092747903305 0.014144736842105264 0.020720276270350273
0 0.1993421052631579 0.7982239763196842 0.020394736842105264 0.03305377405032067
0 0.6121710526315789 0.50419338924519 0.006578947368421052 0.00986679822397632
0 0.5118421052631579 0.5609274790330537 0.007565789473684211 0.010360138135175136
0 0.8394736842105263 0.4469659595461273 0.003618421052631579 0.008880118401578688
0 0.7792763157894737 0.41243216576221015 0.0029605263157894738 0.003453379378391712
0 0.4131578947368421 0.44252590034533795 0.0029605263157894738 0.003453379378391712
0 0.6657894736842105 0.6092747903305378 0.007565789473684211 0.010360138135175136
0 0.33881578947368424 0.6980759743463246 0.014144736842105264 0.020720276270350273
0 0.8858552631578948 0.6295017266896892 0.014144736842105264 0.020720276270350273
0 0.4332236842105263 0.5505673408978786 0.007565789473684211 0.010360138135175136
0 0.5269736842105263 0.45288603848051306 0.003618421052631579 0.008880118401578688
0 0.937828947368421 0.5259003453379378 0.007565789473684211 0.010360138135175136
0 0.5220394736842106 0.4597927972372965 0.003618421052631579 0.008880118401578688
0 0.5851973684210526 0.5071534287123828 0.007565789473684211 0.010360138135175136
0 0.37236842105263157 0.444992599901332 0.0029605263157894738 0.003453379378391712
0 0.3875 0.43167242229896396 0.0029605263157894738 0.003453379378391712
0 0.02006578947368421 0.5165268870251604 0.007565789473684211 0.010360138135175136
0 0.22960526315789473 0.506660088801184 0.007565789473684211 0.010360138135175136
0 0.6786184210526316 0.41884558460779475 0.0029605263157894738 0.003453379378391712
0 0.6526315789473685 0.4030587074494327 0.0029605263157894738 0.003453379378391712
0 0.15296052631578946 0.4686729156388752 0.003618421052631579 0.008880118401578688
0 0.08355263157894736 0.43956586087814503 0.0029605263157894738 0.003453379378391712
0 0.2506578947368421 0.44055254070054267 0.0029605263157894738 0.003453379378391712
0 0.1013157894736842 0.643315244203256 0.014144736842105264 0.020720276270350273
0 0.5809210526315789 0.5648741983226443 0.007565789473684211 0.010360138135175136
0 0.12894736842105264 0.44597927972372964 0.0029605263157894738 0.003453379378391712
0 0.3888157894736842 0.43019240256536756 0.0029605263157894738 0.003453379378391712
0 0.43486842105263157 0.43956586087814503 0.0029605263157894738 0.003453379378391712
0 0.4217105263157895 0.4494326591021214 0.003618421052631579 0.008880118401578688
0 0.5075657894736842 0.4040453872718303 0.0029605263157894738 0.003453379378391712
0 0.4421052631578947 0.42131228416378885 0.0029605263157894738 0.003453379378391712
0 0.32598684210526313 0.576221016280217 0.007565789473684211 0.010360138135175136
0 0.019736842105263157 0.5313270843611249 0.007565789473684211 0.010360138135175136
0 0.2799342105263158 0.5900345337937839 0.007565789473684211 0.010360138135175136
0 0.07664473684210527 0.5160335471139615 0.007565789473684211 0.010360138135175136
0 0.1674342105263158 0.7281697089294524 0.020394736842105264 0.03305377405032067
0 0.3907894736842105 0.4430192402565368 0.0029605263157894738 0.003453379378391712
0 0.12039473684210526 0.6852491366551554 0.014144736842105264 0.020720276270350273
0 0.5513157894736842 0.6216082881105082 0.007565789473684211 0.010360138135175136
0 0.7898026315789474 0.3926985693142575 0.0029605263157894738 0.003453379378391712
0 0.33848684210526314 0.46521953626048346 0.003618421052631579 0.008880118401578688
0 0.5332236842105263 0.42328564380858413 0.0029605263157894738 0.003453379378391712
0 0.7641447368421053 0.39615194869264925 0.0029605263157894738 0.003453379378391712
0 0.1875 0.45485939812530835 0.003618421052631579 0.008880118401578688
0 0.9305921052631579 0.7163295510606809 0.014144736842105264 0.020720276270350273
0 0.6424342105263158 0.42377898371978295 0.0029605263157894738 0.003453379378391712
0 0.17532894736842106 0.46373951652688705 0.003618421052631579 0.008880118401578688
0 0.3825657894736842 0.4287123828317711 0.0029605263157894738 0.003453379378391712
0 0.39407894736842103 0.4642328564380858 0.003618421052631579 0.008880118401578688
0 0.14210526315789473 0.5293537247163296 0.007565789473684211 0.010360138135175136
0 0.3756578947368421 0.44844597927972374 0.003618421052631579 0.008880118401578688
0 0.6325657894736842 0.41292550567340897 0.0029605263157894738 0.003453379378391712
0 0.8450657894736842 0.622101628021707 0.010855263157894738 0.015293537247163296
0 0.5417763157894737 0.4292057227429699 0.0029605263157894738 0.003453379378391712
0 0.1299342105263158 0.4543660582141095 0.003618421052631579 0.008880118401578688
0 0.6335526315789474 0.40207202762703503 0.0029605263157894738 0.003453379378391712
0 0.7171052631578947 0.8470646275283671 0.020394736842105264 0.03305377405032067
0 0.6226973684210526 0.9403058707449433 0.03519736842105263 0.06413418845584608
0 0.6608552631578948 0.7454366058214109 0.020394736842105264 0.03305377405032067
