0 0.9125 0.8416666666666667 0.022916666666666665 0.041666666666666664
0 0.70625 0.8 0.022916666666666665 0.041666666666666664
0 0.9166666666666666 0.7388888888888889 0.022916666666666665 0.041666666666666664
0 0.325 0.825 0.022916666666666665 0.041666666666666664
0 0.16666666666666666 0.6194444444444445 0.020833333333333332 0.03611111111111111
0 0.9645833333333333 0.4166666666666667 0.025 0.03333333333333333
0 0.09791666666666667 0.8055555555555556 0.022916666666666665 0.041666666666666664
0 0.3854166666666667 0.6138888888888889 0.020833333333333332 0.03611111111111111
0 0.03333333333333333 0.7944444444444444 0.022916666666666665 0.041666666666666664
0 0.7791666666666667 0.7805555555555556 0.022916666666666665 0.041666666666666664
0 0.9458333333333333 0.8472222222222222 0.022916666666666665 0.041666666666666664
0 0.9229166666666667 0.8444444444444444 0.022916666666666665 0.041666666666666664
0 0.3645833333333333 0.44166666666666665 0.025 0.03333333333333333
0 0.5833333333333334 0.8055555555555556 0.022916666666666665 0.041666666666666664
0 0.6083333333333333 0.5888888888888889 0.020833333333333332 0.03611111111111111
0 0.5416666666666666 0.8611111111111112 0.022916666666666665 0.041666666666666664
0 0.7020833333333333 0.7638888888888888 0.022916666666666665 0.041666666666666664
0 0.5354166666666667 0.3416666666666667 0.025 0.03333333333333333
0 0.20208333333333334 0.8527777777777777 0.022916666666666665 0.041666666666666664
0 0.36041666666666666 0.7472222222222222 0.022916666666666665 0.041666666666666664
0 0.7354166666666667 0.7388888888888889 0.022916666666666665 0.041666666666666664
0 0.375 0.7138888888888889 0.020833333333333332 0.03888888888888889
0 0.74375 0.8416666666666667 0.022916666666666665 0.041666666666666664
0 0.26666666666666666 0.775 0.022916666666666665 0.041666666666666664
0 0.16458333333333333 0.8194444444444444 0.022916666666666665 0.041666666666666664
0 0.5645833333333333 0.8222222222222222 0.022916666666666665 0.041666666666666664
0 0.07708333333333334 0.6305555555555555 0.020833333333333332 0.03611111111111111
0 0.8333333333333334 0.8444444444444444 0.022916666666666665 0.041666666666666664
0 0.10833333333333334 0.7027777777777777 0.020833333333333332 0.03888888888888889
0 0.23125 0.8111111111111111 0.022916666666666665 0.041666666666666664
0 0.26666666666666666 0.43333333333333335 0.025 0.03333333333333333
0 0.3541666666666667 0.8638888888888889 0.022916666666666665 0.041666666666666664
0 0.9625 0.675 0.022916666666666665 0.041666666666666664
0 0.7479166666666667 0.7 0.020833333333333332 0.03888888888888889
0 0.6041666666666666 0.85 0.022916666666666665 0.041666666666666664
0 0.8416666666666667 0.7222222222222222 0.020833333333333332 0.03888888888888889
0 0.04791666666666667 0.8277777777777777 0.022916666666666665 0.041666666666666664
0 0.8666666666666667 0.40555555555555556 0.025 0.03333333333333333
0 0.029166666666666667 0.6666666666666666 0.020833333333333332 0.03888888888888889
0 0.23958333333333334 0.5888888888888889 0.020833333333333332 0.03611111111111111
0 0.9666666666666667 0.8 0.022916666666666665 0.041666666666666664
0 0.5833333333333334 0.7611111111111111 0.022916666666666665 0.041666666666666664
0 0.19166666666666668 0.7972222222222223 0.022916666666666665 0.041666666666666664
0 0.43125 0.8083333333333333 0.022916666666666665 0.041666666666666664
0 0.4395833333333333 0.7638888888888888 0.022916666666666665 0.041666666666666664
0 0.9666666666666667 0.7583333333333333 0.022916666666666665 0.041666666666666664
0 0.6833333333333333 0.7138888888888889 0.020833333333333332 0.03888888888888889
0 0.5270833333333333 0.4444444444444444 0.025 0.03333333333333333
0 0.6041666666666666 0.6583333333333333 0.020833333333333332 0.03611111111111111
0 0.39791666666666664 0.7388888888888889 0.022916666666666665 0.041666666666666664
0 0.5604166666666667 0.6166666666666667 0.020833333333333332 0.03611111111111111
0 0.30833333333333335 0.7666666666666667 0.022916666666666665 0.041666666666666664
0 0.15833333333333333 0.85 0.022916666666666665 0.041666666666666664
0 0.4666666666666667 0.6138888888888889 0.020833333333333332 0.03611111111111111
0 0.7458333333333333 0.6083333333333333 0.020833333333333332 0.03611111111111111
0 0.8395833333333333 0.6111111111111112 0.020833333333333332 0.03611111111111111
0 0.6583333333333333 0.85 0.022916666666666665 0.041666666666666664
0 0.9354166666666667 0.6833333333333333 0.020833333333333332 0.03611111111111111
0 0.85625 0.8166666666666667 0.022916666666666665 0.041666666666666664
0 0.20833333333333334 0.6222222222222222 0.020833333333333332 0.03611111111111111
0 0.5083333333333333 0.8194444444444444 0.022916666666666665 0.041666666666666664
