0 0.6951612903225807 0.5181598062953995 0.0467741935483871 0.07990314769975787
0 0.5483870967741935 0.3704600484261501 0.02258064516129032 0.0387409200968523
0 0.8161290322580645 0.5907990314769975 0.05806451612903226 0.1234866828087167
0 0.5112903225806451 0.2929782082324455 0.008064516129032258 0.01694915254237288
0 0.6016129032258064 0.27602905569007263 0.008064516129032258 0.01694915254237288
0 0.9661290322580646 0.5108958837772397 0.0467741935483871 0.07990314769975787
0 0.7338709677419355 0.36077481840193704 0.02258064516129032 0.0387409200968523
0 0.5225806451612903 0.4116222760290557 0.024193548387096774 0.04600484261501211
0 0.10483870967741936 0.9588377723970944 0.07419354838709677 0.10411622276029056
0 0.7564516129032258 0.4188861985472155 0.024193548387096774 0.04600484261501211
0 0.4967741935483871 0.36803874092009686 0.02258064516129032 0.0387409200968523
0 0.41774193548387095 0.6174334140435835 0.05806451612903226 0.1234866828087167
0 0.6548387096774193 0.4213075060532688 0.024193548387096774 0.04600484261501211
0 0.885483870967742 0.8135593220338984 0.10806451612903226 0.21549636803874092
0 0.5387096774193548 0.2929782082324455 0.008064516129032258 0.01694915254237288
0 0.6290322580645161 0.2566585956416465 0.008064516129032258 0.01694915254237288
0 0.714516129032258 0.4406779661016949 0.024193548387096774 0.04600484261501211
0 0.3370967741935484 0.45036319612590797 0.024193548387096774 0.04600484261501211
0 0.20161290322580644 0.288135593220339 0.008064516129032258 0.012106537530266344
0 0.7806451612903226 0.5375302663438256 0.0467741935483871 0.07990314769975787
0 0.7387096774193549 0.6295399515738499 0.05806451612903226 0.1234866828087167
0 0.2725806451612903 0.6295399515738499 0.05806451612903226 0.1234866828087167
0 0.3387096774193548 0.5907990314769975 0.05806451612903226 0.1234866828087167
0 0.38225806451612904 0.3946731234866828 0.024193548387096774 0.04600484261501211
0 0.5258064516129032 0.6198547215496368 0.05806451612903226 0.1234866828087167
0 0.8274193548387097 0.35108958837772397 0.035483870967741936 0.06053268765133172
0 0.49032258064516127 0.774818401937046 0.10806451612903226 0.21549636803874092
0 0.5790322580645161 0.27602905569007263 0.008064516129032258 0.01694915254237288
0 0.15 0.423728813559322 0.024193548387096774 0.04600484261501211
0 0.4290322580645161 0.41646489104116224 0.024193548387096774 0.04600484261501211
0 0.49193548387096775 0.29055690072639223 0.008064516129032258 0.01694915254237288
0 0.5854838709677419 0.4261501210653753 0.024193548387096774 0.04600484261501211
0 0.5370967741935484 0.5084745762711864 0.0467741935483871 0.07990314769975787
0 0.07741935483870968 0.43099273607748184 0.024193548387096774 0.04600484261501211
0 0.5596774193548387 0.288135593220339 0.008064516129032258 0.01694915254237288
0 0.5064516129032258 0.2857142857142857 0.008064516129032258 0.01694915254237288
0 0.6112903225806452 0.5084745762711864 0.0467741935483871 0.07990314769975787
0 0.21129032258064517 0.9685230024213075 0.07419354838709677 0.10411622276029056
0 0.31451612903225806 0.5012106537530266 0.0467741935483871 0.07990314769975787
0 0.48870967741935484 0.43825665859564167 0.024193548387096774 0.04600484261501211
0 0.5274193548387097 0.2929782082324455 0.008064516129032258 0.01694915254237288
0 0.25 0.49878934624697335 0.0467741935483871 0.07990314769975787
0 0.7016129032258065 0.2736077481840194 0.008064516129032258 0.01694915254237288
0 0.5693548387096774 0.3486682808716707 0.02258064516129032 0.0387409200968523
0 0.6854838709677419 0.2687651331719128 0.008064516129032258 0.01694915254237288
0 0.4532258064516129 0.4915254237288136 0.0467741935483871 0.07990314769975787
0 0.714516129032258 0.32929782082324455 0.02258064516129032 0.0387409200968523
0 0.20806451612903226 0.4213075060532688 0.024193548387096774 0.04600484261501211
0 0.6951612903225807 0.34382566585956414 0.02258064516129032 0.0387409200968523
0 0.614516129032258 0.34624697336561744 0.02258064516129032 0.0387409200968523
0 0.3241935483870968 0.39709443099273606 0.024193548387096774 0.04600484261501211
0 0.55 0.2857142857142857 0.008064516129032258 0.01694915254237288
