0 0.4866666666666667 0.342 0.012 0.018
0 0.364 0.662 0.018666666666666668 0.04
0 0.41733333333333333 0.336 0.012 0.018
0 0.44266666666666665 0.334 0.012 0.018
0 0.12266666666666666 0.618 0.018666666666666668 0.038
0 0.037333333333333336 0.526 0.014666666666666666 0.024
0 0.3293333333333333 0.638 0.018666666666666668 0.04
0 0.10133333333333333 0.956 0.037333333333333336 0.062
0 0.037333333333333336 0.572 0.014666666666666666 0.024
0 0.212 0.506 0.014666666666666666 0.024
0 0.884 0.718 0.018666666666666668 0.04
0 0.868 0.364 0.014666666666666666 0.024
0 0.02666666666666667 0.328 0.014666666666666666 0.02
0 0.7266666666666667 0.406 0.014666666666666666 0.024
0 0.516 0.756 0.037333333333333336 0.062
0 0.732 0.556 0.021333333333333333 0.034
0 0.25066666666666665 0.34 0.014666666666666666 0.02
0 0.23066666666666666 0.338 0.014666666666666666 0.02
0 0.44266666666666665 0.42 0.012 0.018
0 0.7546666666666667 0.652 0.018666666666666668 0.04
0 0.744 0.38 0.014666666666666666 0.024
0 0.5906666666666667 0.814 0.037333333333333336 0.062
0 0.4613333333333333 0.724 0.018666666666666668 0.04
0 0.7906666666666666 0.452 0.014666666666666666 0.024
0 0.76 0.558 0.021333333333333333 0.034
0 0.408 0.34 0.012 0.018
0 0.2 0.968 0.037333333333333336 0.062
0 0.8826666666666667 0.416 0.014666666666666666 0.024
0 0.7173333333333334 0.558 0.021333333333333333 0.034
0 0.552 0.684 0.018666666666666668 0.04
0 0.23866666666666667 0.85 0.037333333333333336 0.062
0 0.38133333333333336 0.792 0.037333333333333336 0.062
0 0.932 0.664 0.018666666666666668 0.04
0 0.44266666666666665 0.668 0.018666666666666668 0.04
0 0.09066666666666667 0.748 0.037333333333333336 0.062
0 0.2813333333333333 0.712 0.018666666666666668 0.04
0 0.8266666666666667 0.664 0.018666666666666668 0.04
0 0.7986666666666666 0.172 0.012 0.018
0 0.6706666666666666 0.602 0.021333333333333333 0.034
0 0.844 0.414 0.014666666666666666 0.024
0 0.10933333333333334 0.844 0.037333333333333336 0.062
0 0.13866666666666666 0.904 0.037333333333333336 0.062
0 0.6533333333333333 0.79 0.037333333333333336 0.062
0 0.6226666666666667 0.69 0.018666666666666668 0.04
0 0.804 0.604 0.021333333333333333 0.034
0 0.7773333333333333 0.394 0.014666666666666666 0.024
0 0.29733333333333334 0.342 0.014666666666666666 0.02
0 0.096 0.396 0.014666666666666666 0.02
0 0.018666666666666668 0.398 0.014666666666666666 0.02
0 0.7746666666666666 0.642 0.018666666666666668 0.04
0 0.9226666666666666 0.426 0.014666666666666666 0.024
0 0.508 0.33 0.012 0.018
0 0.009333333333333334 0.316 0.014666666666666666 0.02
0 0.676 0.704 0.018666666666666668 0.04
0 0.848 0.62 0.018666666666666668 0.038
0 0.17866666666666667 0.738 0.037333333333333336 0.062
0 0.3626666666666667 0.332 0.012 0.018
0 0.4013333333333333 0.656 0.018666666666666668 0.04
0 0.9826666666666667 0.578 0.021333333333333333 0.034
0 0.018666666666666668 0.778 0.032 0.056
0 0.7066666666666667 0.416 0.014666666666666666 0.024
0 0.78 0.566 0.021333333333333333 0.034
0 0.7893333333333333 0.708 0.018666666666666668 0.04
0 0.7133333333333334 0.8 0.037333333333333336 0.062
0 0.4826666666666667 0.622 0.018666666666666668 0.04
0 0.492 0.388 0.012 0.018
0 0.14 0.692 0.018666666666666668 0.04
0 0.804 0.724 0.018666666666666668 0.04
0 0.33866666666666667 0.76 0.037333333333333336 0.062
0 0.7266666666666667 0.592 0.021333333333333333 0.034
0 0.8173333333333334 0.47 0.014666666666666666 0.024
0 0.6493333333333333 0.462 0.017333333333333333 0.028
0 0.39866666666666667 0.398 0.012 0.018
0 0.43733333333333335 0.898 0.037333333333333336 0.062
0 0.032 0.482 0.014666666666666666 0.024
0 0.812 0.544 0.018666666666666668 0.03
0 0.16133333333333333 0.508 0.014666666666666666 0.024
0 0.5573333333333333 0.498 0.017333333333333333 0.028
0 0.164 0.668 0.018666666666666668 0.04
0 0.788 0.346 0.014666666666666666 0.024
0 0.18 0.602 0.021333333333333333 0.034
0 0.8493333333333334 0.582 0.021333333333333333 0.034
0 0.025333333333333333 0.978 0.037333333333333336 0.062
0 0.09866666666666667 0.324 0.014666666666666666 0.02
0 0.22133333333333333 0.712 0.018666666666666668 0.04
0 0.404 0.372 0.012 0.018
0 0.344 0.326 0.012 0.018
0 0.058666666666666666 0.364 0.014666666666666666 0.02
0 0.816 0.394 0.014666666666666666 0.024
0 0.7226666666666667 0.368 0.014666666666666666 0.024
0 0.096 0.652 0.018666666666666668 0.04
0 0.7533333333333333 0.608 0.021333333333333333 0.034
0 0.19866666666666666 0.628 0.018666666666666668 0.04
0 0.23466666666666666 0.548 0.021333333333333333 0.034
0 0.084 0.792 0.037333333333333336 0.062
0 0.23333333333333334 0.762 0.037333333333333336 0.062
0 0.04533333333333334 0.314 0.014666666666666666 0.02
0 0.56 0.796 0.037333333333333336 0.062
0 0.6253333333333333 0.644 0.018666666666666668 0.04
0 0.7253333333333334 0.716 0.018666666666666668 0.04
0 0.296 0.636 0.018666666666666668 0.04
0 0.8186666666666667 0.17 0.012 0.018
0 0.43333333333333335 0.394 0.012 0.018
0 0.18533333333333332 0.544 0.014666666666666666 0.024
0 0.24533333333333332 0.676 0.018666666666666668 0.04
0 0.816 0.632 0.018666666666666668 0.04
0 0.188 0.388 0.014666666666666666 0.02
0 0.8253333333333334 0.562 0.021333333333333333 0.034
0 0.176 0.326 0.014666666666666666 0.02
0 0.6493333333333333 0.822 0.037333333333333336 0.062
0 0.18533333333333332 0.832 0.037333333333333336 0.062
0 0.496 0.886 0.037333333333333336 0.062
0 0.13466666666666666 0.83 0.037333333333333336 0.062
0 0.7706666666666667 0.346 0.014666666666666666 0.024
0 0.744 0.566 0.021333333333333333 0.034
0 0.84 0.696 0.018666666666666668 0.04
0 0.7493333333333333 0.704 0.018666666666666668 0.04
0 0.6333333333333333 0.336 0.014666666666666666 0.024
0 0.7986666666666666 0.412 0.014666666666666666 0.024
0 0.5266666666666666 0.394 0.012 0.018
0 0.14 0.598 0.021333333333333333 0.034
0 0.488 0.676 0.018666666666666668 0.04
0 0.006666666666666667 0.694 0.032 0.056
0 0.32 0.954 0.037333333333333336 0.062
0 0.14133333333333334 0.386 0.014666666666666666 0.02
0 0.13066666666666665 0.73 0.018666666666666668 0.04
0 0.16266666666666665 0.564 0.021333333333333333 0.034
0 0.8333333333333334 0.906 0.037333333333333336 0.062
0 0.78 0.606 0.021333333333333333 0.034
0 0.06266666666666666 0.814 0.037333333333333336 0.062
0 0.9133333333333333 0.556 0.021333333333333333 0.034
0 0.3253333333333333 0.898 0.037333333333333336 0.062
0 0.716 0.608 0.021333333333333333 0.034
0 0.38533333333333336 0.316 0.012 0.018
0 0.10266666666666667 0.588 0.021333333333333333 0.034
0 0.48133333333333334 0.402 0.012 0.018
0 0.08266666666666667 0.62 0.018666666666666668 0.032
0 0.4693333333333333 0.336 0.012 0.018
0 0.5173333333333333 0.368 0.012 0.018
0 0.38266666666666665 0.332 0.012 0.018
0 0.2813333333333333 0.758 0.037333333333333336 0.062
0 0.7186666666666667 0.644 0.018666666666666668 0.04
0 0.952 0.44 0.014666666666666666 0.024
0 0.188 0.436 0.014666666666666666 0.02
0 0.4053333333333333 0.478 0.017333333333333333 0.028
0 0.6706666666666666 0.362 0.014666666666666666 0.024
0 0.12933333333333333 0.324 0.014666666666666666 0.02
0 0.6453333333333333 0.616 0.021333333333333333 0.034
0 0.88 0.626 0.018666666666666668 0.04
0 0.7826666666666666 0.536 0.021333333333333333 0.034
0 0.22 0.566 0.021333333333333333 0.034
