0 0.9917763157894737 0.5189688715953308 0.01918859649122807 0.04912451361867704
0 0.8941885964912281 0.27383268482490275 0.007949561403508772 0.02480544747081712
0 0.4961622807017544 0.25486381322957197 0.00932017543859649 0.02480544747081712
0 0.2579495614035088 0.3531128404669261 0.015899122807017545 0.029669260700389104
0 0.12417763157894737 0.46303501945525294 0.029331140350877194 0.05642023346303502
0 0.6291118421052632 0.4567120622568093 0.01918859649122807 0.04912451361867704
0 0.6417214912280702 0.22130350194552528 0.00712719298245614 0.011186770428015564
0 0.49040570175438597 0.2718871595330739 0.00932017543859649 0.02480544747081712
0 0.28234649122807015 0.2772373540856031 0.007949561403508772 0.02480544747081712
0 0.6644736842105263 0.27431906614785995 0.007949561403508772 0.02480544747081712
0 0.03755482456140351 0.41196498054474706 0.015899122807017545 0.029669260700389104
0 0.9070723684210527 0.375 0.015899122807017545 0.029669260700389104
0 0.9616228070175439 0.1882295719844358 0.005482456140350877 0.01264591439688716
0 0.9224232456140351 0.3477626459143969 0.015899122807017545 0.029669260700389104
0 0.48930921052631576 0.21206225680933852 0.00712719298245614 0.013132295719844358
0 0.40542763157894735 0.2174124513618677 0.00712719298245614 0.013132295719844358
0 0.1444627192982456 0.36964980544747084 0.015899122807017545 0.029669260700389104
0 0.596765350877193 0.19941634241245138 0.00712719298245614 0.013132295719844358
0 0.31332236842105265 0.23929961089494164 0.00849780701754386 0.016050583657587547
0 0.8829495614035088 0.193579766536965 0.005482456140350877 0.01264591439688716
0 0.2911184210526316 0.26459143968871596 0.00932017543859649 0.02480544747081712
0 0.6291118421052632 0.32636186770428016 0.015899122807017545 0.029669260700389104
0 0.8484100877192983 0.13618677042801555 0.005482456140350877 0.01264591439688716
0 0.30235745614035087 0.20038910505836577 0.00712719298245614 0.016050583657587547
0 0.02549342105263158 0.3720817120622568 0.015899122807017545 0.029669260700389104
0 0.5592105263157895 0.1921206225680934 0.00712719298245614 0.013132295719844358
0 0.12774122807017543 0.23200389105058367 0.00849780701754386 0.018968871595330738
0 0.3007127192982456 0.2816147859922179 0.007949561403508772 0.02480544747081712
0 0.27823464912280704 0.24319066147859922 0.006030701754385965 0.011186770428015564
0 0.32648026315789475 0.24221789883268482 0.006030701754385965 0.013132295719844358
0 0.08196271929824561 0.2232490272373541 0.006304824561403508 0.010700389105058366
0 0.84375 0.5 0.01918859649122807 0.04912451361867704
0 0.9287280701754386 0.1828793774319066 0.005482456140350877 0.01264591439688716
0 0.6384320175438597 0.6123540856031129 0.01918859649122807 0.05885214007782101
0 0.6548793859649122 0.21643968871595332 0.00712719298245614 0.011186770428015564
0 0.3541666666666667 0.2825875486381323 0.007949561403508772 0.02480544747081712
0 0.5789473684210527 0.2607003891050584 0.007949561403508772 0.02480544747081712
0 0.13486842105263158 0.28745136186770426 0.015899122807017545 0.029669260700389104
0 0.04550438596491228 0.19455252918287938 0.006304824561403508 0.010700389105058366
0 0.5457785087719298 0.20038910505836577 0.00712719298245614 0.013132295719844358
0 0.5882675438596491 0.25778210116731515 0.007949561403508772 0.02480544747081712
0 0.41228070175438597 0.25583657587548636 0.00932017543859649 0.02480544747081712
0 0.32264254385964913 0.38764591439688717 0.015899122807017545 0.029669260700389104
0 0.5038377192982456 0.3647859922178988 0.015899122807017545 0.029669260700389104
0 0.4257127192982456 0.21108949416342412 0.00712719298245614 0.013132295719844358
0 0.6968201754385965 0.3842412451361868 0.015899122807017545 0.029669260700389104
0 0.9191337719298246 0.2237354085603113 0.005482456140350877 0.01264591439688716
0 0.8640350877192983 0.3521400778210117 0.015899122807017545 0.029669260700389104
0 0.4413377192982456 0.27529182879377434 0.007949561403508772 0.02480544747081712
0 0.5515350877192983 0.19649805447470817 0.00712719298245614 0.013132295719844358
0 0.8601973684210527 0.186284046692607 0.005482456140350877 0.01264591439688716
0 0.03755482456140351 0.20573929961089493 0.006304824561403508 0.010700389105058366
0 0.4380482456140351 0.20379377431906615 0.00712719298245614 0.013132295719844358
0 0.575109649122807 0.19941634241245138 0.00712719298245614 0.013132295719844358
0 0.8881578947368421 0.38910505836575876 0.015899122807017545 0.029669260700389104
0 0.3475877192982456 0.36819066147859925 0.015899122807017545 0.029669260700389104
0 0.9418859649122807 0.19892996108949415 0.005482456140350877 0.01264591439688716
0 0.5888157894736842 0.22957198443579765 0.00712719298245614 0.013132295719844358
0 0.4780701754385965 0.20184824902723736 0.00712719298245614 0.013132295719844358
0 0.45668859649122806 0.45184824902723736 0.01918859649122807 0.04912451361867704
0 0.003837719298245614 0.19698443579766536 0.0013706140350877192 0.0038910505836575876
0 0.34676535087719296 0.20865758754863814 0.00712719298245614 0.016050583657587547
0 0.2730263157894737 0.2193579766536965 0.00712719298245614 0.013132295719844358
0 0.6600877192982456 0.23054474708171208 0.006030701754385965 0.00632295719844358
0 0.1337719298245614 0.24367704280155641 0.00849780701754386 0.018968871595330738
0 0.3495065789473684 0.1916342412451362 0.00712719298245614 0.016050583657587547
0 0.1367872807017544 0.5150778210116731 0.029331140350877194 0.05642023346303502
0 0.45915570175438597 0.20038910505836577 0.00712719298245614 0.013132295719844358
0 0.3697916666666667 0.3093385214007782 0.015899122807017545 0.029669260700389104
0 0.3371710526315789 0.27577821011673154 0.007949561403508772 0.02480544747081712
0 0.36485745614035087 0.26410505836575876 0.00932017543859649 0.02480544747081712
0 0.33305921052631576 0.5627431906614786 0.023026315789473683 0.05885214007782101
0 0.8388157894736842 0.33122568093385213 0.015899122807017545 0.029669260700389104
0 0.30838815789473684 0.48686770428015563 0.03508771929824561 0.06760700389105058
0 0.30756578947368424 0.3424124513618677 0.015899122807017545 0.029669260700389104
0 0.22779605263157895 0.38959143968871596 0.015899122807017545 0.029669260700389104
0 0.5035635964912281 0.41293774319066145 0.015899122807017545 0.029669260700389104
0 0.1118421052631579 0.313715953307393 0.015899122807017545 0.029669260700389104
0 0.4512061403508772 0.3448443579766537 0.015899122807017545 0.029669260700389104
0 0.5106907894736842 0.2178988326848249 0.00712719298245614 0.013132295719844358
0 0.6074561403508771 0.22762645914396887 0.00712719298245614 0.013132295719844358
0 0.9830043859649122 0.20768482490272375 0.005482456140350877 0.01264591439688716
0 0.9662828947368421 0.19455252918287938 0.005482456140350877 0.01264591439688716
0 0.5660635964912281 0.3103112840466926 0.015899122807017545 0.029669260700389104
0 0.9517543859649122 0.433852140077821 0.015899122807017545 0.029669260700389104
0 0.21408991228070176 0.316147859922179 0.015899122807017545 0.029669260700389104
0 0.8544407894736842 0.13861867704280156 0.005482456140350877 0.01264591439688716
0 0.12719298245614036 0.308852140077821 0.015899122807017545 0.029669260700389104
0 0.0756578947368421 0.47373540856031127 0.029331140350877194 0.05642023346303502
0 0.7431469298245614 0.5252918287937743 0.01918859649122807 0.04912451361867704
0 0.0200109649122807 0.1930933852140078 0.006304824561403508 0.010700389105058366
0 0.39418859649122806 0.27383268482490275 0.007949561403508772 0.02480544747081712
0 0.9259868421052632 0.1892023346303502 0.005482456140350877 0.01264591439688716
0 0.42160087719298245 0.5593385214007782 0.023026315789473683 0.05885214007782101
0 0.5290570175438597 0.4255836575875486 0.015899122807017545 0.029669260700389104
0 0.8782894736842105 0.3219844357976654 0.015899122807017545 0.029669260700389104
0 0.5082236842105263 0.25729571984435795 0.00932017543859649 0.02480544747081712
0 0.6883223684210527 0.19990272373540857 0.006030701754385965 0.00632295719844358
0 0.8541666666666666 0.1921206225680934 0.005482456140350877 0.01264591439688716
0 0.4805372807017544 0.22178988326848248 0.00849780701754386 0.013132295719844358
0 0.02138157894736842 0.3103112840466926 0.015899122807017545 0.029669260700389104
0 0.17900219298245615 0.29523346303501946 0.015899122807017545 0.029669260700389104
0 0.2524671052631579 0.3132295719844358 0.015899122807017545 0.029669260700389104
0 0.20614035087719298 0.25680933852140075 0.00932017543859649 0.029669260700389104
0 0.9103618421052632 0.19552529182879377 0.005482456140350877 0.01264591439688716
0 0.21929824561403508 0.23297665369649806 0.00849780701754386 0.016050583657587547
0 0.6433662280701754 0.1921206225680934 0.00712719298245614 0.011186770428015564
0 0.06990131578947369 0.436284046692607 0.015899122807017545 0.029669260700389104
0 0.8865131578947368 0.16245136186770429 0.005482456140350877 0.01264591439688716
0 0.8977521929824561 0.1930933852140078 0.005482456140350877 0.01264591439688716
0 0.03179824561403509 0.193579766536965 0.006304824561403508 0.010700389105058366
0 0.20723684210526316 0.4591439688715953 0.029331140350877194 0.05642023346303502
0 0.9065241228070176 0.2791828793774319 0.007949561403508772 0.02480544747081712
0 0.3678728070175439 0.19601167315175097 0.00712719298245614 0.016050583657587547
0 0.46271929824561403 0.2913424124513619 0.015899122807017545 0.029669260700389104
0 0.48273026315789475 0.33706225680933855 0.015899122807017545 0.029669260700389104
0 0.8914473684210527 0.6984435797665369 0.04523026315789474 0.09046692607003891
0 0.9536732456140351 0.20184824902723736 0.005482456140350877 0.01264591439688716
0 0.4303728070175439 0.28842412451361865 0.015899122807017545 0.029669260700389104
0 0.5485197368421053 0.6498054474708171 0.04523026315789474 0.09046692607003891
0 0.3168859649122807 0.20865758754863814 0.00712719298245614 0.016050583657587547
0 0.5304276315789473 0.22811284046692606 0.00712719298245614 0.013132295719844358
0 0.4120065789473684 0.20282101167315175 0.00712719298245614 0.013132295719844358
0 0.6485745614035088 0.26848249027237353 0.007949561403508772 0.02480544747081712
0 0.25164473684210525 0.23005836575875485 0.00849780701754386 0.016050583657587547
0 0.22395833333333334 0.48200389105058367 0.029331140350877194 0.05642023346303502
0 0.23519736842105263 0.22762645914396887 0.00849780701754386 0.016050583657587547
0 0.8327850877192983 0.6016536964980544 0.01918859649122807 0.05885214007782101
0 0.9372258771929824 0.39153696498054474 0.015899122807017545 0.029669260700389104
0 0.36101973684210525 0.21060311284046693 0.00712719298245614 0.016050583657587547
0 0.9259868421052632 0.20914396887159534 0.005482456140350877 0.01264591439688716
0 0.5183662280701754 0.2786964980544747 0.007949561403508772 0.02480544747081712
0 0.3242872807017544 0.29766536964980544 0.015899122807017545 0.029669260700389104
0 0.9832785087719298 0.38229571984435795 0.015899122807017545 0.029669260700389104
0 0.0043859649122807015 0.33900778210116733 0.015899122807017545 0.029669260700389104
0 0.17516447368421054 0.23735408560311283 0.00849780701754386 0.018968871595330738
0 0.033168859649122806 0.48686770428015563 0.029331140350877194 0.05642023346303502
0 0.5485197368421053 0.47470817120622566 0.01918859649122807 0.04912451361867704
0 0.9780701754385965 0.35116731517509725 0.015899122807017545 0.029669260700389104
0 0.5148026315789473 0.36089494163424124 0.015899122807017545 0.029669260700389104
0 0.8338815789473685 0.42217898832684825 0.015899122807017545 0.029669260700389104
0 0.4317434210526316 0.3667315175097276 0.015899122807017545 0.029669260700389104
0 0.42461622807017546 0.31809338521400776 0.015899122807017545 0.029669260700389104
0 0.5970394736842105 0.2582684824902724 0.007949561403508772 0.02480544747081712
0 0.6973684210526315 0.6371595330739299 0.04523026315789474 0.09046692607003891
0 0.4270833333333333 0.2242217898832685 0.00849780701754386 0.013132295719844358
0 0.9462719298245614 0.1882295719844358 0.005482456140350877 0.01264591439688716
0 0.10032894736842106 0.32928015564202334 0.015899122807017545 0.029669260700389104
0 0.049890350877192985 0.19552529182879377 0.006304824561403508 0.010700389105058366
0 0.6359649122807017 0.5311284046692607 0.01918859649122807 0.04912451361867704
0 0.6296600877192983 0.2242217898832685 0.00712719298245614 0.011186770428015564
0 0.17324561403508773 0.3399805447470817 0.015899122807017545 0.029669260700389104
0 0.5298793859649122 0.2529182879377432 0.007949561403508772 0.02480544747081712
0 0.21134868421052633 0.34824902723735407 0.015899122807017545 0.029669260700389104
0 0.08717105263157894 0.4085603112840467 0.015899122807017545 0.029669260700389104
0 0.5356359649122807 0.3433852140077821 0.015899122807017545 0.029669260700389104
0 0.5474232456140351 0.8934824902723736 0.04523026315789474 0.09046692607003891
0 0.2870065789473684 0.31906614785992216 0.015899122807017545 0.029669260700389104
0 0.2505482456140351 0.24270428015564202 0.006030701754385965 0.013132295719844358
0 0.9876644736842105 0.19503891050583658 0.005482456140350877 0.01264591439688716
0 0.26343201754385964 0.19455252918287938 0.00712719298245614 0.013132295719844358
0 0.47423245614035087 0.2232490272373541 0.00849780701754386 0.013132295719844358
0 0.9887609649122807 0.32587548638132297 0.015899122807017545 0.029669260700389104
0 0.43283991228070173 0.24270428015564202 0.006030701754385965 0.011186770428015564
0 0.4564144736842105 0.2169260700389105 0.00712719298245614 0.013132295719844358
0 0.8434758771929824 0.1857976653696498 0.005482456140350877 0.01264591439688716
0 0.09429824561403509 0.20865758754863814 0.006304824561403508 0.010700389105058366
0 0.38760964912280704 0.1867704280155642 0.00712719298245614 0.013132295719844358
0 0.12335526315789473 0.38180933852140075 0.015899122807017545 0.029669260700389104
0 0.48739035087719296 0.38959143968871596 0.015899122807017545 0.029669260700389104
0 0.27713815789473684 0.29961089494163423 0.015899122807017545 0.029669260700389104
0 0.8171600877192983 0.4401750972762646 0.015899122807017545 0.029669260700389104
0 0.8303179824561403 0.23978599221789884 0.0005482456140350877 0.003404669260700389
0 0.3481359649122807 0.2607003891050584 0.00932017543859649 0.02480544747081712
0 0.6228070175438597 0.2821011673151751 0.007949561403508772 0.02480544747081712
0 0.22971491228070176 0.23054474708171208 0.00849780701754386 0.016050583657587547
0 0.49917763157894735 0.3005836575875486 0.015899122807017545 0.029669260700389104
0 0.2669956140350877 0.21108949416342412 0.00712719298245614 0.013132295719844358
0 0.6466557017543859 0.23249027237354086 0.00712719298245614 0.011186770428015564
0 0.0800438596491228 0.20768482490272375 0.006304824561403508 0.010700389105058366
0 0.0625 0.32782101167315175 0.015899122807017545 0.029669260700389104
0 0.9665570175438597 0.3219844357976654 0.015899122807017545 0.029669260700389104
0 0.5032894736842105 0.521887159533074 0.01918859649122807 0.04912451361867704
0 0.9078947368421053 0.18093385214007782 0.005482456140350877 0.01264591439688716
0 0.006304824561403508 0.29815175097276264 0.015899122807017545 0.029669260700389104
0 0.8834978070175439 0.3555447470817121 0.015899122807017545 0.029669260700389104
0 0.017269736842105265 0.20963035019455253 0.006304824561403508 0.010700389105058366
0 0.28152412280701755 0.25729571984435795 0.00932017543859649 0.02480544747081712
0 0.04906798245614035 0.181420233463035 0.006304824561403508 0.010700389105058366
0 0.6548793859649122 0.20184824902723736 0.00712719298245614 0.011186770428015564
0 0.2993421052631579 0.5714980544747081 0.03508771929824561 0.06760700389105058
0 0.21902412280701755 0.25583657587548636 0.00932017543859649 0.029669260700389104
0 0.8670504385964912 0.17558365758754862 0.005482456140350877 0.01264591439688716
0 0.4473684210526316 0.22616731517509728 0.00849780701754386 0.013132295719844358
0 0.28591008771929827 0.24075875486381323 0.00849780701754386 0.013132295719844358
0 0.6474780701754386 0.2140077821011673 0.00712719298245614 0.011186770428015564
0 0.6080043859649122 0.5111867704280155 0.01918859649122807 0.04912451361867704
0 0.9177631578947368 0.1872568093385214 0.005482456140350877 0.01264591439688716
0 0.9879385964912281 0.644455252918288 0.04523026315789474 0.09046692607003891
0 0.34841008771929827 0.22568093385214008 0.00849780701754386 0.016050583657587547
0 0.6850328947368421 0.30009727626459143 0.015899122807017545 0.029669260700389104
0 0.3042763157894737 0.2490272373540856 0.00932017543859649 0.02480544747081712
0 0.2598684210526316 0.23492217898832685 0.00712719298245614 0.013132295719844358
0 0.9229714912280702 0.1619649805447471 0.005482456140350877 0.01264591439688716
0 0.16145833333333334 0.43239299610894943 0.015899122807017545 0.029669260700389104
0 0.18612938596491227 0.26410505836575876 0.00849780701754386 0.018968871595330738
0 0.549890350877193 0.4173151750972763 0.015899122807017545 0.029669260700389104
0 0.4081688596491228 0.29377431906614787 0.015899122807017545 0.029669260700389104
0 0.4161184210526316 0.2247081712062257 0.00849780701754386 0.013132295719844358
0 0.08525219298245613 0.20282101167315175 0.006304824561403508 0.010700389105058366
0 0.3854166666666667 0.504863813229572 0.023026315789473683 0.05885214007782101
0 0.4336622807017544 0.22859922178988326 0.00849780701754386 0.013132295719844358
0 0.5433114035087719 0.2183852140077821 0.00712719298245614 0.013132295719844358
0 0.4161184210526316 0.4683852140077821 0.023026315789473683 0.05885214007782101
0 0.6606359649122807 0.24756809338521402 0.007949561403508772 0.02480544747081712
0 0.33305921052631576 0.49562256809338523 0.023026315789473683 0.05885214007782101
0 0.8429276315789473 0.2178988326848249 0.005482456140350877 0.01264591439688716
0 0.07264254385964912 0.20525291828793774 0.006304824561403508 0.010700389105058366
0 0.8209978070175439 0.25583657587548636 0.007949561403508772 0.02480544747081712
0 0.5929276315789473 0.43142023346303504 0.015899122807017545 0.029669260700389104
0 0.3788377192982456 0.22568093385214008 0.00849780701754386 0.013132295719844358
0 0.5975877192982456 0.3428988326848249 0.015899122807017545 0.029669260700389104
0 0.2787828947368421 0.45184824902723736 0.03508771929824561 0.06760700389105058
0 0.2826206140350877 0.4041828793774319 0.015899122807017545 0.029669260700389104
0 0.19846491228070176 0.2227626459143969 0.00849780701754386 0.016050583657587547
0 0.9520285087719298 0.18433852140077822 0.005482456140350877 0.01264591439688716
0 0.13130482456140352 0.4178015564202335 0.015899122807017545 0.029669260700389104
0 0.831140350877193 0.18385214007782102 0.005482456140350877 0.01264591439688716
0 0.2719298245614035 0.2689688715953307 0.007949561403508772 0.02480544747081712
0 0.4095394736842105 0.3832684824902724 0.015899122807017545 0.029669260700389104
0 0.2902960526315789 0.21498054474708173 0.00712719298245614 0.013132295719844358
0 0.5855263157894737 0.3399805447470817 0.015899122807017545 0.029669260700389104
0 0.924890350877193 0.3005836575875486 0.015899122807017545 0.029669260700389104
0 0.5076754385964912 0.19601167315175097 0.00712719298245614 0.013132295719844358
0 0.3867872807017544 0.29523346303501946 0.015899122807017545 0.029669260700389104
0 0.5296052631578947 0.3044747081712062 0.015899122807017545 0.029669260700389104
0 0.44627192982456143 0.30739299610894943 0.015899122807017545 0.029669260700389104
0 0.7212171052631579 0.45136186770428016 0.01918859649122807 0.04912451361867704
0 0.8887061403508771 0.3098249027237354 0.015899122807017545 0.029669260700389104
0 0.930921052631579 0.19892996108949415 0.005482456140350877 0.01264591439688716
0 0.35581140350877194 0.4571984435797665 0.023026315789473683 0.05885214007782101
0 0.029331140350877194 0.5598249027237354 0.029331140350877194 0.05642023346303502
0 0.32922149122807015 0.20963035019455253 0.00712719298245614 0.016050583657587547
0 0.5748355263157895 0.43142023346303504 0.015899122807017545 0.029669260700389104
0 0.020833333333333332 0.2796692607003891 0.016721491228070175 0.022859922178988325
0 0.25301535087719296 0.20038910505836577 0.00712719298245614 0.013132295719844358
0 0.42872807017543857 0.1892023346303502 0.00712719298245614 0.013132295719844358
0 0.23218201754385964 0.26410505836575876 0.00932017543859649 0.029669260700389104
0 0.3300438596491228 0.22665369649805447 0.00849780701754386 0.016050583657587547
0 0.4473684210526316 0.40077821011673154 0.015899122807017545 0.029669260700389104
0 0.8898026315789473 0.2786964980544747 0.007949561403508772 0.02480544747081712
0 0.2889254385964912 0.3516536964980545 0.015899122807017545 0.029669260700389104
0 0.637609649122807 0.38132295719844356 0.015899122807017545 0.029669260700389104
0 0.4355811403508772 0.33073929961089493 0.015899122807017545 0.029669260700389104
0 0.5334429824561403 0.20817120622568094 0.00712719298245614 0.013132295719844358
0 0.5660635964912281 0.4683852140077821 0.01918859649122807 0.04912451361867704
0 0.2557565789473684 0.2806420233463035 0.007949561403508772 0.02480544747081712
0 0.17982456140350878 0.38180933852140075 0.015899122807017545 0.029669260700389104
0 0.4791666666666667 0.2480544747081712 0.00932017543859649 0.02480544747081712
0 0.4624451754385965 0.2602140077821012 0.00932017543859649 0.02480544747081712
0 0.48135964912280704 0.20865758754863814 0.00712719298245614 0.013132295719844358
0 0.6880482456140351 0.34922178988326846 0.015899122807017545 0.029669260700389104
0 0.9629934210526315 0.3545719844357977 0.015899122807017545 0.029669260700389104
0 0.6954495614035088 0.3010700389105058 0.015899122807017545 0.029669260700389104
0 0.8473135964912281 0.4100194552529183 0.015899122807017545 0.029669260700389104
0 0.26096491228070173 0.20963035019455253 0.00712719298245614 0.013132295719844358
0 0.014802631578947368 0.19114785992217898 0.006304824561403508 0.010700389105058366
0 0.41885964912280704 0.1828793774319066 0.00712719298245614 0.013132295719844358
0 0.9703947368421053 0.3968871595330739 0.015899122807017545 0.029669260700389104
0 0.8744517543859649 0.17558365758754862 0.005482456140350877 0.01264591439688716
0 0.40076754385964913 0.2495136186770428 0.00932017543859649 0.02480544747081712
0 0.5213815789473685 0.20476653696498054 0.00712719298245614 0.013132295719844358
0 0.5759320175438597 0.5530155642023347 0.01918859649122807 0.05885214007782101
0 0.3862390350877193 0.26750972762645914 0.00932017543859649 0.02480544747081712
0 0.27713815789473684 0.5063229571984436 0.03508771929824561 0.06760700389105058
0 0.8618421052631579 0.14153696498054474 0.005482456140350877 0.01264591439688716
0 0.5032894736842105 0.2140077821011673 0.00712719298245614 0.013132295719844358
0 0.4720394736842105 0.18968871595330739 0.00712719298245614 0.013132295719844358
0 0.6716008771929824 0.4669260700389105 0.01918859649122807 0.04912451361867704
0 0.950109649122807 0.5063229571984436 0.04194078947368421 0.07636186770428016
0 0.840734649122807 0.3044747081712062 0.015899122807017545 0.029669260700389104
0 0.15899122807017543 0.32684824902723736 0.015899122807017545 0.029669260700389104
0 0.3963815789473684 0.1872568093385214 0.00712719298245614 0.013132295719844358
0 0.8555372807017544 0.17412451361867703 0.005482456140350877 0.01264591439688716
0 0.5720942982456141 0.2699416342412451 0.007949561403508772 0.02480544747081712
0 0.38048245614035087 0.7397859922178989 0.01918859649122807 0.04912451361867704
0 0.4791666666666667 0.28793774319066145 0.015899122807017545 0.029669260700389104
0 0.5586622807017544 0.21595330739299612 0.00712719298245614 0.013132295719844358
0 0.7053179824561403 0.441147859922179 0.015899122807017545 0.029669260700389104
0 0.40652412280701755 0.1819066147859922 0.00712719298245614 0.013132295719844358
0 0.47231359649122806 0.6303501945525292 0.04523026315789474 0.09046692607003891
0 0.8810307017543859 0.16828793774319067 0.005482456140350877 0.01264591439688716
0 0.9506578947368421 0.3477626459143969 0.015899122807017545 0.029669260700389104
0 0.42269736842105265 0.2485408560311284 0.00932017543859649 0.02480544747081712
0 0.9459978070175439 0.301556420233463 0.015899122807017545 0.029669260700389104
