0 0.27699530516431925 0.5236842105263158 0.0215962441314554 0.02763157894736842
0 0.2 0.3986842105263158 0.01596244131455399 0.017105263157894738
0 0.7230046948356808 0.48289473684210527 0.01596244131455399 0.017105263157894738
0 0.29671361502347415 0.41710526315789476 0.01596244131455399 0.017105263157894738
0 0.49389671361502346 0.8105263157894737 0.03755868544600939 0.060526315789473685
0 0.752112676056338 0.9236842105263158 0.03755868544600939 0.060526315789473685
0 0.9061032863849765 0.34342105263157896 0.008450704225352112 0.010526315789473684
0 0.9774647887323944 0.45394736842105265 0.01596244131455399 0.017105263157894738
0 0.49577464788732395 0.42236842105263156 0.01596244131455399 0.017105263157894738
0 0.9107981220657277 0.42236842105263156 0.01596244131455399 0.017105263157894738
0 0.9906103286384976 0.4381578947368421 0.01596244131455399 0.017105263157894738
0 0.4291079812206573 0.4118421052631579 0.01596244131455399 0.017105263157894738
0 0.8450704225352113 0.3618421052631579 0.008450704225352112 0.010526315789473684
0 0.5877934272300469 0.6763157894736842 0.0215962441314554 0.02763157894736842
0 0.8178403755868544 0.8197368421052632 0.03755868544600939 0.060526315789473685
0 0.4666666666666667 0.37236842105263157 0.008450704225352112 0.010526315789473684
0 0.5305164319248826 0.4236842105263158 0.01596244131455399 0.017105263157894738
0 0.09483568075117371 0.45526315789473687 0.01596244131455399 0.017105263157894738
0 0.1652582159624413 0.7986842105263158 0.03755868544600939 0.060526315789473685
0 0.8704225352112676 0.35526315789473684 0.008450704225352112 0.010526315789473684
0 0.07699530516431925 0.55 0.0215962441314554 0.02763157894736842
0 0.5201877934272301 0.425 0.01596244131455399 0.017105263157894738
0 0.7061032863849765 0.34868421052631576 0.008450704225352112 0.010526315789473684
0 0.061971830985915494 0.5302631578947369 0.0215962441314554 0.02763157894736842
0 0.955868544600939 0.4407894736842105 0.01596244131455399 0.017105263157894738
0 0.023474178403755867 0.4763157894736842 0.01596244131455399 0.017105263157894738
0 0.8225352112676056 0.4881578947368421 0.01596244131455399 0.017105263157894738
0 0.7276995305164319 0.6526315789473685 0.0215962441314554 0.02763157894736842
0 0.3370892018779343 0.35657894736842105 0.008450704225352112 0.010526315789473684
0 0.5549295774647888 0.3592105263157895 0.008450704225352112 0.010526315789473684
0 0.3586854460093897 0.48157894736842105 0.01596244131455399 0.017105263157894738
0 0.3145539906103286 0.4052631578947368 0.01596244131455399 0.017105263157894738
0 0.4450704225352113 0.40921052631578947 0.01596244131455399 0.017105263157894738
0 0.952112676056338 0.5763157894736842 0.0215962441314554 0.02763157894736842
0 0.3305164319248826 0.34868421052631576 0.008450704225352112 0.010526315789473684
0 0.05258215962441314 0.3263157894736842 0.01596244131455399 0.017105263157894738
0 0.08262910798122065 0.42236842105263156 0.01596244131455399 0.017105263157894738
0 0.5934272300469483 0.4368421052631579 0.01596244131455399 0.017105263157894738
0 0.49577464788732395 0.0 0.008450704225352112 0.010526315789473684
0 0.7323943661971831 0.45263157894736844 0.01596244131455399 0.017105263157894738
0 0.9530516431924883 0.4052631578947368 0.01596244131455399 0.017105263157894738
0 0.6995305164319249 0.37763157894736843 0.008450704225352112 0.010526315789473684
0 0.5230046948356808 0.34078947368421053 0.008450704225352112 0.010526315789473684
0 0.0009389671361502347 0.38421052631578945 0.01596244131455399 0.017105263157894738
0 0.25539906103286386 0.55 0.0215962441314554 0.02763157894736842
0 0.5530516431924882 0.45789473684210524 0.01596244131455399 0.017105263157894738
0 0.5671361502347417 0.5394736842105263 0.0215962441314554 0.02763157894736842
0 0.39812206572769954 0.40921052631578947 0.01596244131455399 0.017105263157894738
0 0.571830985915493 0.6157894736842106 0.0215962441314554 0.02763157894736842
0 0.38685446009389673 0.375 0.008450704225352112 0.010526315789473684
0 0.8075117370892019 0.40789473684210525 0.01596244131455399 0.017105263157894738
0 0.01971830985915493 0.4 0.01596244131455399 0.017105263157894738
0 0.14647887323943662 0.6526315789473685 0.0215962441314554 0.02763157894736842
0 0.339906103286385 0.4263157894736842 0.01596244131455399 0.017105263157894738
0 0.24225352112676057 0.5197368421052632 0.0215962441314554 0.02763157894736842
0 0.9953051643192489 0.38552631578947366 0.01596244131455399 0.017105263157894738
0 0.2507042253521127 0.3605263157894737 0.008450704225352112 0.010526315789473684
0 0.40657276995305164 0.9802631578947368 0.03755868544600939 0.060526315789473685
0 0.4169014084507042 0.4105263157894737 0.01596244131455399 0.017105263157894738
0 0.9267605633802817 0.40921052631578947 0.01596244131455399 0.017105263157894738
0 0.13145539906103287 0.36578947368421055 0.008450704225352112 0.010526315789473684
0 0.35774647887323946 0.3473684210526316 0.008450704225352112 0.010526315789473684
0 0.7990610328638498 0.38552631578947366 0.012206572769953052 0.013157894736842105
0 0.07136150234741784 0.3157894736842105 0.01596244131455399 0.017105263157894738
0 0.9258215962441314 0.6026315789473684 0.0215962441314554 0.02763157894736842
0 0.0028169014084507044 0.4407894736842105 0.01596244131455399 0.017105263157894738
0 0.04507042253521127 0.40921052631578947 0.01596244131455399 0.017105263157894738
0 0.32018779342723 0.41842105263157897 0.01596244131455399 0.017105263157894738
0 0.6075117370892019 0.6552631578947369 0.0215962441314554 0.02763157894736842
0 0.1643192488262911 0.42894736842105263 0.01596244131455399 0.017105263157894738
0 0.8413145539906103 0.39342105263157895 0.01596244131455399 0.017105263157894738
0 0.48732394366197185 0.45921052631578946 0.01596244131455399 0.017105263157894738
0 0.4394366197183099 0.3473684210526316 0.008450704225352112 0.010526315789473684
0 0.8413145539906103 0.4039473684210526 0.01596244131455399 0.017105263157894738
0 0.008450704225352112 0.7092105263157895 0.0215962441314554 0.02763157894736842
0 0.11830985915492957 0.5342105263157895 0.0215962441314554 0.02763157894736842
0 0.8075117370892019 0.3539473684210526 0.008450704225352112 0.010526315789473684
0 0.3380281690140845 0.34210526315789475 0.008450704225352112 0.010526315789473684
0 0.4309859154929577 0.34868421052631576 0.008450704225352112 0.010526315789473684
0 0.5784037558685446 0.8763157894736842 0.03755868544600939 0.060526315789473685
0 0.34460093896713617 0.6723684210526316 0.0215962441314554 0.02763157894736842
0 0.8938967136150234 0.4394736842105263 0.01596244131455399 0.017105263157894738
0 0.09201877934272301 0.4328947368421053 0.01596244131455399 0.017105263157894738
0 0.9708920187793427 0.7855263157894737 0.03755868544600939 0.060526315789473685
0 0.7633802816901408 0.35526315789473684 0.008450704225352112 0.010526315789473684
0 0.2535211267605634 0.8973684210526316 0.03755868544600939 0.060526315789473685
0 0.9248826291079812 0.3973684210526316 0.01596244131455399 0.017105263157894738
0 0.47699530516431926 0.375 0.008450704225352112 0.010526315789473684
0 0.7830985915492957 0.3618421052631579 0.008450704225352112 0.010526315789473684
0 0.15586854460093896 0.5236842105263158 0.0215962441314554 0.02763157894736842
0 0.4450704225352113 0.6447368421052632 0.0215962441314554 0.02763157894736842
0 0.36619718309859156 0.37894736842105264 0.008450704225352112 0.010526315789473684
0 0.07417840375586854 0.425 0.01596244131455399 0.017105263157894738
0 0.14084507042253522 0.5394736842105263 0.0215962441314554 0.02763157894736842
0 0.532394366197183 0.46710526315789475 0.01596244131455399 0.017105263157894738
0 0.12582159624413145 0.4644736842105263 0.01596244131455399 0.017105263157894738
0 0.05727699530516432 0.40657894736842104 0.01596244131455399 0.017105263157894738
0 0.27230046948356806 0.44605263157894737 0.01596244131455399 0.017105263157894738
0 0.5455399061032864 0.4118421052631579 0.01596244131455399 0.017105263157894738
0 0.9192488262910798 0.3447368421052632 0.008450704225352112 0.010526315789473684
0 0.507981220657277 0.34342105263157896 0.008450704225352112 0.010526315789473684
0 0.5258215962441315 0.41710526315789476 0.01596244131455399 0.017105263157894738
0 0.8384976525821596 0.631578947368421 0.0215962441314554 0.02763157894736842
0 0.67981220657277 0.3513157894736842 0.008450704225352112 0.010526315789473684
0 0.28169014084507044 0.3986842105263158 0.01596244131455399 0.017105263157894738
0 0.676056338028169 0.4605263157894737 0.01596244131455399 0.017105263157894738
0 0.9032863849765258 0.3894736842105263 0.01596244131455399 0.017105263157894738
0 0.6600938967136151 0.3539473684210526 0.008450704225352112 0.010526315789473684
0 0.7774647887323943 0.4276315789473684 0.01596244131455399 0.017105263157894738
0 0.7990610328638498 0.40657894736842104 0.01596244131455399 0.017105263157894738
0 0.3389671361502347 0.5342105263157895 0.0215962441314554 0.02763157894736842
0 0.10892018779342723 0.44342105263157894 0.01596244131455399 0.017105263157894738
0 0.6366197183098592 0.6473684210526316 0.0215962441314554 0.02763157894736842
0 0.9230046948356807 0.4263157894736842 0.01596244131455399 0.017105263157894738
0 0.4103286384976526 0.5684210526315789 0.0215962441314554 0.02763157894736842
0 0.9943661971830986 0.5881578947368421 0.01971830985915493 0.025
0 0.014084507042253521 0.5118421052631579 0.018779342723004695 0.02236842105263158
0 0.7746478873239436 0.3539473684210526 0.008450704225352112 0.010526315789473684
0 0.7136150234741784 0.4052631578947368 0.01596244131455399 0.017105263157894738
0 0.5051643192488263 0.3868421052631579 0.01596244131455399 0.017105263157894738
0 0.19624413145539907 0.4394736842105263 0.01596244131455399 0.017105263157894738
0 0.1812206572769953 0.40789473684210525 0.01596244131455399 0.017105263157894738
0 0.7342723004694836 0.4763157894736842 0.01596244131455399 0.017105263157894738
0 0.04976525821596244 0.4842105263157895 0.01596244131455399 0.017105263157894738
0 0.47699530516431926 0.4355263157894737 0.01596244131455399 0.017105263157894738
0 0.8150234741784037 0.3881578947368421 0.01596244131455399 0.017105263157894738
0 0.03568075117370892 0.3960526315789474 0.01596244131455399 0.017105263157894738
0 0.9896713615023475 1.0013157894736842 0.03286384976525822 0.05131578947368421
0 0.4535211267605634 0.4039473684210526 0.01596244131455399 0.017105263157894738
0 0.061971830985915494 0.32105263157894737 0.014084507042253521 0.014473684210526316
0 0.38403755868544603 0.4776315789473684 0.01596244131455399 0.017105263157894738
0 0.984037558685446 0.42105263157894735 0.01596244131455399 0.017105263157894738
0 0.8788732394366198 0.4039473684210526 0.01596244131455399 0.017105263157894738
0 0.38403755868544603 0.35657894736842105 0.008450704225352112 0.010526315789473684
0 0.13990610328638498 0.42236842105263156 0.01596244131455399 0.017105263157894738
0 0.08075117370892018 0.4855263157894737 0.01596244131455399 0.017105263157894738
0 0.3727699530516432 0.42236842105263156 0.01596244131455399 0.017105263157894738
0 0.9492957746478873 0.3973684210526316 0.01596244131455399 0.017105263157894738
0 0.39061032863849765 0.39342105263157895 0.01596244131455399 0.017105263157894738
0 0.1596244131455399 0.4026315789473684 0.01596244131455399 0.017105263157894738
0 0.2863849765258216 0.3828947368421053 0.014084507042253521 0.014473684210526316
0 0.711737089201878 0.37236842105263157 0.008450704225352112 0.010526315789473684
0 0.1568075117370892 0.36578947368421055 0.008450704225352112 0.010526315789473684
0 0.6788732394366197 0.41842105263157897 0.01596244131455399 0.017105263157894738
0 0.7981220657276995 0.3631578947368421 0.008450704225352112 0.010526315789473684
0 0.9323943661971831 0.44342105263157894 0.01596244131455399 0.017105263157894738
0 0.4619718309859155 0.44342105263157894 0.01596244131455399 0.017105263157894738
0 0.4197183098591549 0.3539473684210526 0.008450704225352112 0.010526315789473684
0 0.3117370892018779 0.55 0.0215962441314554 0.02763157894736842
0 0.6995305164319249 0.35 0.008450704225352112 0.010526315789473684
0 0.009389671361502348 0.40131578947368424 0.01596244131455399 0.017105263157894738
0 0.752112676056338 0.5302631578947369 0.0215962441314554 0.02763157894736842
0 0.6873239436619718 0.4513157894736842 0.01596244131455399 0.017105263157894738
0 0.6197183098591549 0.4368421052631579 0.01596244131455399 0.017105263157894738
0 0.1511737089201878 0.3513157894736842 0.008450704225352112 0.010526315789473684
0 0.5906103286384976 0.40789473684210525 0.01596244131455399 0.017105263157894738
0 0.6647887323943662 0.38026315789473686 0.008450704225352112 0.010526315789473684
0 0.8544600938967136 0.41710526315789476 0.01596244131455399 0.017105263157894738
0 0.8384976525821596 0.975 0.03755868544600939 0.060526315789473685
0 0.460093896713615 0.4605263157894737 0.01596244131455399 0.017105263157894738
0 0.831924882629108 0.425 0.01596244131455399 0.017105263157894738
0 0.09389671361502347 0.38421052631578945 0.012206572769953052 0.013157894736842105
0 0.7333333333333333 0.5197368421052632 0.0215962441314554 0.02763157894736842
0 0.6676056338028169 0.3631578947368421 0.008450704225352112 0.010526315789473684
0 0.39624413145539905 0.4328947368421053 0.01596244131455399 0.017105263157894738
0 0.37183098591549296 0.40131578947368424 0.01596244131455399 0.017105263157894738
0 0.9812206572769953 0.3973684210526316 0.01596244131455399 0.017105263157894738
0 0.292018779342723 0.3592105263157895 0.008450704225352112 0.010526315789473684
0 0.5981220657276995 0.3526315789473684 0.008450704225352112 0.010526315789473684
0 0.24413145539906103 0.3631578947368421 0.008450704225352112 0.010526315789473684
0 0.4694835680751174 0.4 0.01596244131455399 0.017105263157894738
0 0.1699530516431925 0.35657894736842105 0.008450704225352112 0.010526315789473684
0 0.3267605633802817 0.39473684210526316 0.01596244131455399 0.017105263157894738
0 0.8469483568075117 0.5157894736842106 0.0215962441314554 0.02763157894736842
0 0.19436619718309858 0.7684210526315789 0.03755868544600939 0.060526315789473685
0 0.10610328638497653 0.3907894736842105 0.01596244131455399 0.017105263157894738
0 0.07887323943661972 0.33026315789473687 0.014084507042253521 0.014473684210526316
0 0.5370892018779343 0.39342105263157895 0.01596244131455399 0.017105263157894738
0 0.04788732394366197 0.39473684210526316 0.01596244131455399 0.017105263157894738
0 0.9323943661971831 0.5710526315789474 0.0215962441314554 0.02763157894736842
0 0.07323943661971831 0.45789473684210524 0.01596244131455399 0.017105263157894738
0 0.14272300469483568 0.36578947368421055 0.008450704225352112 0.010526315789473684
0 0.355868544600939 0.4342105263157895 0.01596244131455399 0.017105263157894738
0 0.5812206572769953 0.3592105263157895 0.008450704225352112 0.010526315789473684
0 0.8150234741784037 0.7039473684210527 0.0215962441314554 0.02763157894736842
0 0.971830985915493 0.41578947368421054 0.01596244131455399 0.017105263157894738
0 0.1624413145539906 0.4131578947368421 0.01596244131455399 0.017105263157894738
0 0.08450704225352113 0.38026315789473686 0.014084507042253521 0.014473684210526316
0 0.36901408450704226 0.34078947368421053 0.008450704225352112 0.010526315789473684
0 0.3492957746478873 0.3960526315789474 0.01596244131455399 0.017105263157894738
0 0.8469483568075117 0.38026315789473686 0.008450704225352112 0.010526315789473684
0 0.06009389671361502 0.3526315789473684 0.01596244131455399 0.017105263157894738
0 0.4892018779342723 0.3907894736842105 0.01596244131455399 0.017105263157894738
0 0.4535211267605634 0.36973684210526314 0.008450704225352112 0.010526315789473684
0 0.4056338028169014 0.38421052631578945 0.010328638497652582 0.011842105263157895
0 0.3136150234741784 0.7328947368421053 0.02535211267605634 0.035526315789473684
0 0.9887323943661972 0.4052631578947368 0.01596244131455399 0.017105263157894738
0 0.19061032863849764 0.4263157894736842 0.01596244131455399 0.017105263157894738
0 0.5558685446009389 0.3394736842105263 0.008450704225352112 0.010526315789473684
0 0.1107981220657277 0.37236842105263157 0.008450704225352112 0.010526315789473684
0 0.5014084507042254 0.6828947368421052 0.0215962441314554 0.02763157894736842
0 0.8422535211267606 0.4144736842105263 0.01596244131455399 0.017105263157894738
0 0.7708920187793428 0.39210526315789473 0.01596244131455399 0.017105263157894738
0 0.48450704225352115 0.3736842105263158 0.008450704225352112 0.010526315789473684
0 0.7004694835680751 0.45526315789473687 0.01596244131455399 0.017105263157894738
0 0.9145539906103286 0.6789473684210526 0.0215962441314554 0.02763157894736842
0 0.819718309859155 0.35789473684210527 0.008450704225352112 0.010526315789473684
0 0.2535211267605634 0.9776315789473684 0.03755868544600939 0.060526315789473685
0 0.07981220657276995 0.3592105263157895 0.014084507042253521 0.014473684210526316
0 0.5464788732394367 0.34078947368421053 0.008450704225352112 0.010526315789473684
0 0.476056338028169 0.40131578947368424 0.01596244131455399 0.017105263157894738
0 0.6450704225352113 0.3460526315789474 0.008450704225352112 0.010526315789473684
0 0.1699530516431925 0.38026315789473686 0.008450704225352112 0.010526315789473684
0 0.7943661971830986 0.4855263157894737 0.01596244131455399 0.017105263157894738
0 0.2244131455399061 0.41710526315789476 0.01596244131455399 0.017105263157894738
0 0.28075117370892017 0.41973684210526313 0.01596244131455399 0.017105263157894738
0 0.34178403755868547 0.5881578947368421 0.0215962441314554 0.02763157894736842
0 0.4666666666666667 0.3394736842105263 0.008450704225352112 0.010526315789473684
0 0.27230046948356806 0.5697368421052632 0.0215962441314554 0.02763157894736842
0 0.0647887323943662 0.6868421052631579 0.0215962441314554 0.02763157894736842
0 0.02535211267605634 0.4407894736842105 0.01596244131455399 0.017105263157894738
0 0.07230046948356808 0.3394736842105263 0.014084507042253521 0.014473684210526316
0 0.06009389671361502 0.3157894736842105 0.014084507042253521 0.014473684210526316
0 0.15586854460093896 0.43026315789473685 0.01596244131455399 0.017105263157894738
0 0.3295774647887324 0.36578947368421055 0.008450704225352112 0.010526315789473684
0 0.17652582159624414 0.5118421052631579 0.0215962441314554 0.02763157894736842
0 0.37464788732394366 0.37763157894736843 0.008450704225352112 0.010526315789473684
0 0.027230046948356807 0.3973684210526316 0.01596244131455399 0.017105263157894738
0 0.7624413145539906 0.37236842105263157 0.008450704225352112 0.010526315789473684
0 0.6619718309859155 0.37105263157894736 0.008450704225352112 0.010526315789473684
0 0.07323943661971831 0.35526315789473684 0.014084507042253521 0.014473684210526316
0 0.780281690140845 0.48026315789473684 0.01596244131455399 0.017105263157894738
0 0.14084507042253522 0.44605263157894737 0.01596244131455399 0.017105263157894738
0 0.748356807511737 0.4710526315789474 0.01596244131455399 0.017105263157894738
0 0.8629107981220657 0.41578947368421054 0.01596244131455399 0.017105263157894738
0 0.5023474178403756 0.42236842105263156 0.01596244131455399 0.017105263157894738
0 0.06009389671361502 0.4763157894736842 0.01596244131455399 0.017105263157894738
0 0.6788732394366197 0.36973684210526314 0.008450704225352112 0.010526315789473684
0 0.1727699530516432 0.6763157894736842 0.0215962441314554 0.02763157894736842
0 0.11924882629107982 0.3815789473684211 0.008450704225352112 0.010526315789473684
0 0.30422535211267604 0.4342105263157895 0.01596244131455399 0.017105263157894738
0 0.24131455399061033 0.44605263157894737 0.01596244131455399 0.017105263157894738
0 0.046948356807511735 0.3355263157894737 0.01596244131455399 0.017105263157894738
0 0.5596244131455399 0.43026315789473685 0.01596244131455399 0.017105263157894738
0 0.8262910798122066 0.3960526315789474 0.01596244131455399 0.017105263157894738
0 0.6948356807511737 0.6223684210526316 0.0215962441314554 0.02763157894736842
0 0.06291079812206572 0.41578947368421054 0.01596244131455399 0.017105263157894738
0 0.644131455399061 0.41710526315789476 0.01596244131455399 0.017105263157894738
0 0.8131455399061033 0.37105263157894736 0.008450704225352112 0.010526315789473684
0 0.36338028169014086 0.6394736842105263 0.0215962441314554 0.02763157894736842
0 0.5755868544600939 0.40921052631578947 0.01596244131455399 0.017105263157894738
0 0.39530516431924884 0.3592105263157895 0.008450704225352112 0.010526315789473684
0 0.812206572769953 0.8460526315789474 0.03755868544600939 0.060526315789473685
0 0.5446009389671361 0.35 0.008450704225352112 0.010526315789473684
0 0.19906103286384977 0.5197368421052632 0.0215962441314554 0.02763157894736842
0 0.36338028169014086 0.40921052631578947 0.01596244131455399 0.017105263157894738
0 0.10140845070422536 0.43026315789473685 0.01596244131455399 0.017105263157894738
0 0.2187793427230047 0.45394736842105265 0.01596244131455399 0.017105263157894738
0 0.7680751173708921 0.40657894736842104 0.01596244131455399 0.017105263157894738
0 0.9943661971830986 0.8973684210526316 0.03286384976525822 0.05131578947368421
0 0.8779342723004695 0.4355263157894737 0.01596244131455399 0.017105263157894738
0 0.48169014084507045 0.4144736842105263 0.01596244131455399 0.017105263157894738
0 0.0892018779342723 0.4105263157894737 0.01596244131455399 0.017105263157894738
0 0.612206572769953 0.35657894736842105 0.008450704225352112 0.010526315789473684
0 0.5117370892018779 0.425 0.01596244131455399 0.017105263157894738
0 0.38591549295774646 0.6960526315789474 0.0215962441314554 0.02763157894736842
0 0.4516431924882629 0.7342105263157894 0.02910798122065728 0.04342105263157895
0 0.08544600938967137 0.3960526315789474 0.01596244131455399 0.017105263157894738
0 0.6488262910798122 0.36578947368421055 0.008450704225352112 0.010526315789473684
0 0.692018779342723 0.531578947368421 0.0215962441314554 0.02763157894736842
0 0.6131455399061033 0.5381578947368421 0.0215962441314554 0.02763157894736842
0 0.24507042253521127 0.40657894736842104 0.01596244131455399 0.017105263157894738
0 0.11830985915492957 0.4776315789473684 0.01596244131455399 0.017105263157894738
0 0.9474178403755869 0.41973684210526313 0.01596244131455399 0.017105263157894738
0 0.7699530516431925 0.4881578947368421 0.01596244131455399 0.017105263157894738
0 0.3812206572769953 0.8565789473684211 0.03755868544600939 0.060526315789473685
0 0.6356807511737089 0.3526315789473684 0.008450704225352112 0.010526315789473684
0 0.8976525821596244 0.41710526315789476 0.01596244131455399 0.017105263157894738
0 0.9699530516431925 0.4052631578947368 0.01596244131455399 0.017105263157894738
0 0.10046948356807511 0.9236842105263158 0.03755868544600939 0.060526315789473685
0 0.6976525821596244 0.39210526315789473 0.01596244131455399 0.017105263157894738
0 0.28732394366197184 0.8276315789473684 0.03755868544600939 0.060526315789473685
0 0.6422535211267606 0.3473684210526316 0.008450704225352112 0.010526315789473684
0 0.3154929577464789 0.3539473684210526 0.008450704225352112 0.010526315789473684
0 0.6084507042253521 0.45 0.01596244131455399 0.017105263157894738
0 0.7830985915492957 0.5118421052631579 0.0215962441314554 0.02763157894736842
0 0.8169014084507042 0.4131578947368421 0.01596244131455399 0.017105263157894738
0 0.16150234741784036 0.7078947368421052 0.0215962441314554 0.02763157894736842
0 0.08262910798122065 0.31842105263157894 0.012206572769953052 0.013157894736842105
0 0.003755868544600939 0.4723684210526316 0.01596244131455399 0.017105263157894738
0 0.4328638497652582 0.4328947368421053 0.01596244131455399 0.017105263157894738
0 0.37746478873239436 0.35789473684210527 0.008450704225352112 0.010526315789473684
0 0.8553990610328639 0.36578947368421055 0.008450704225352112 0.010526315789473684
0 0.13333333333333333 0.39473684210526316 0.01596244131455399 0.017105263157894738
0 0.7549295774647887 0.3684210526315789 0.008450704225352112 0.010526315789473684
0 0.014084507042253521 0.4855263157894737 0.016901408450704224 0.019736842105263157
0 0.054460093896713614 0.7526315789473684 0.03755868544600939 0.060526315789473685
0 0.2028169014084507 0.6657894736842105 0.0215962441314554 0.02763157894736842
0 0.046009389671361506 0.4618421052631579 0.01596244131455399 0.017105263157894738
0 0.4591549295774648 0.34078947368421053 0.008450704225352112 0.010526315789473684
0 0.27699530516431925 0.6789473684210526 0.0215962441314554 0.02763157894736842
0 0.28450704225352114 0.8960526315789473 0.03755868544600939 0.060526315789473685
0 0.49107981220657276 0.3355263157894737 0.008450704225352112 0.010526315789473684
0 0.7417840375586855 0.39473684210526316 0.01596244131455399 0.017105263157894738
0 0.895774647887324 0.34342105263157896 0.008450704225352112 0.010526315789473684
0 0.704225352112676 0.39473684210526316 0.01596244131455399 0.017105263157894738
0 0.752112676056338 0.39210526315789473 0.01596244131455399 0.017105263157894738
0 0.9671361502347418 0.4263157894736842 0.01596244131455399 0.017105263157894738
0 0.12769953051643193 0.4328947368421053 0.01596244131455399 0.017105263157894738
0 0.7896713615023474 0.3986842105263158 0.01596244131455399 0.017105263157894738
0 0.7107981220657277 0.5223684210526316 0.0215962441314554 0.02763157894736842
0 0.40938967136150234 0.35789473684210527 0.008450704225352112 0.010526315789473684
0 0.07887323943661972 0.3157894736842105 0.012206572769953052 0.013157894736842105
0 0.6338028169014085 0.4394736842105263 0.01596244131455399 0.017105263157894738
0 0.5830985915492958 0.6513157894736842 0.0215962441314554 0.02763157894736842
0 0.8262910798122066 0.38026315789473686 0.008450704225352112 0.010526315789473684
0 0.3455399061032864 0.34210526315789475 0.008450704225352112 0.010526315789473684
0 0.584037558685446 0.8236842105263158 0.03755868544600939 0.060526315789473685
