0 0.8325 0.5822222222222222 0.07083333333333333 0.1348148148148148
0 0.8891666666666667 0.33037037037037037 0.010833333333333334 0.022222222222222223
0 0.7058333333333333 0.3940740740740741 0.0175 0.04888888888888889
0 0.575 0.39111111111111113 0.011666666666666667 0.02962962962962963
0 0.965 0.5437037037037037 0.05416666666666667 0.11407407407407408
0 0.12333333333333334 0.4014814814814815 0.011666666666666667 0.022222222222222223
0 0.29583333333333334 0.37037037037037035 0.011666666666666667 0.022222222222222223
0 0.5858333333333333 0.5007407407407407 0.019166666666666665 0.05037037037037037
0 0.6891666666666667 0.4 0.0175 0.04888888888888889
0 0.8816666666666667 0.762962962962963 0.0725 0.20296296296296296
0 0.5166666666666667 0.3688888888888889 0.011666666666666667 0.02962962962962963
0 0.20083333333333334 0.7333333333333333 0.09333333333333334 0.1837037037037037
0 0.7566666666666667 0.42074074074074075 0.0175 0.04888888888888889
0 0.6783333333333333 0.3496296296296296 0.013333333333333334 0.022222222222222223
0 0.9516666666666667 0.4311111111111111 0.023333333333333334 0.05185185185185185
0 0.125 0.9822222222222222 0.09333333333333334 0.1837037037037037
0 0.5566666666666666 0.38666666666666666 0.011666666666666667 0.02962962962962963
0 0.050833333333333335 0.49925925925925924 0.0225 0.04888888888888889
0 0.43916666666666665 0.9377777777777778 0.0725 0.20296296296296296
0 0.6666666666666666 0.4474074074074074 0.019166666666666665 0.05037037037037037
0 0.5866666666666667 0.3851851851851852 0.011666666666666667 0.02962962962962963
0 0.6983333333333334 0.5481481481481482 0.07083333333333333 0.1348148148148148
0 0.18083333333333335 0.4 0.011666666666666667 0.022222222222222223
0 0.5875 0.42814814814814817 0.019166666666666665 0.05037037037037037
0 0.4925 0.3451851851851852 0.013333333333333334 0.022222222222222223
0 0.9633333333333334 0.3451851851851852 0.0125 0.03259259259259259
0 0.7383333333333333 0.49777777777777776 0.0275 0.057777777777777775
0 0.5075 0.35703703703703704 0.013333333333333334 0.022222222222222223
0 0.5716666666666667 0.33925925925925926 0.013333333333333334 0.022222222222222223
0 0.5066666666666667 0.33925925925925926 0.013333333333333334 0.022222222222222223
0 0.22166666666666668 0.43703703703703706 0.019166666666666665 0.045925925925925926
0 0.21416666666666667 0.5422222222222223 0.03 0.07111111111111111
0 0.8358333333333333 0.3688888888888889 0.010833333333333334 0.022222222222222223
0 0.28 0.7348148148148148 0.06833333333333333 0.16
0 0.9058333333333334 0.32296296296296295 0.010833333333333334 0.022222222222222223
0 0.31333333333333335 0.38222222222222224 0.011666666666666667 0.022222222222222223
0 0.3333333333333333 0.3762962962962963 0.011666666666666667 0.022222222222222223
0 0.91 0.39555555555555555 0.0125 0.03259259259259259
0 0.6508333333333334 0.3466666666666667 0.013333333333333334 0.022222222222222223
0 0.19666666666666666 0.642962962962963 0.04416666666666667 0.12148148148148148
0 0.5116666666666667 0.3718518518518519 0.011666666666666667 0.02962962962962963
0 0.6016666666666667 0.3718518518518519 0.011666666666666667 0.02962962962962963
0 0.7733333333333333 0.3925925925925926 0.0175 0.04888888888888889
0 0.5808333333333333 0.33925925925925926 0.013333333333333334 0.022222222222222223
0 0.9683333333333334 0.3674074074074074 0.0125 0.03259259259259259
0 0.9141666666666667 0.3362962962962963 0.010833333333333334 0.022222222222222223
0 0.8875 0.33925925925925926 0.010833333333333334 0.022222222222222223
0 0.22916666666666666 0.46074074074074073 0.019166666666666665 0.045925925925925926
0 0.13583333333333333 0.3985185185185185 0.011666666666666667 0.022222222222222223
0 0.5016666666666667 0.35555555555555557 0.013333333333333334 0.022222222222222223
0 0.8741666666666666 0.4103703703703704 0.023333333333333334 0.05185185185185185
0 0.6408333333333334 0.4266666666666667 0.019166666666666665 0.05037037037037037
0 0.1775 0.4474074074074074 0.019166666666666665 0.045925925925925926
0 0.25666666666666665 0.5288888888888889 0.035833333333333335 0.07555555555555556
0 0.9666666666666667 0.4222222222222222 0.023333333333333334 0.05185185185185185
0 0.5316666666666666 0.35703703703703704 0.013333333333333334 0.022222222222222223
0 0.16333333333333333 0.4711111111111111 0.019166666666666665 0.045925925925925926
0 0.3491666666666667 0.6666666666666666 0.04416666666666667 0.12148148148148148
0 0.9016666666666666 0.3348148148148148 0.010833333333333334 0.022222222222222223
0 0.47583333333333333 0.3540740740740741 0.013333333333333334 0.022222222222222223
0 0.7108333333333333 0.3466666666666667 0.013333333333333334 0.022222222222222223
0 0.185 0.4962962962962963 0.019166666666666665 0.045925925925925926
0 0.99 0.3466666666666667 0.0125 0.03259259259259259
0 0.8775 0.3362962962962963 0.010833333333333334 0.022222222222222223
0 0.9366666666666666 0.3288888888888889 0.010833333333333334 0.022222222222222223
0 0.5475 0.3688888888888889 0.011666666666666667 0.02962962962962963
0 0.825 1.0192592592592593 0.0725 0.20296296296296296
0 0.2925 0.5644444444444444 0.020833333333333332 0.044444444444444446
0 0.6208333333333333 0.41333333333333333 0.019166666666666665 0.05037037037037037
0 0.565 0.4696296296296296 0.019166666666666665 0.05037037037037037
0 0.6825 0.43555555555555553 0.0175 0.04888888888888889
0 0.7125 0.5585185185185185 0.07083333333333333 0.1348148148148148
0 0.8258333333333333 0.3377777777777778 0.010833333333333334 0.022222222222222223
0 0.8308333333333333 0.6992592592592592 0.07083333333333333 0.1348148148148148
0 0.9058333333333334 0.35703703703703704 0.0125 0.03259259259259259
0 0.5475 0.3496296296296296 0.013333333333333334 0.022222222222222223
0 0.5583333333333333 0.35259259259259257 0.013333333333333334 0.022222222222222223
0 0.2941666666666667 0.5288888888888889 0.020833333333333332 0.044444444444444446
0 0.795 0.35555555555555557 0.010833333333333334 0.022222222222222223
0 0.7683333333333333 0.45925925925925926 0.0175 0.04888888888888889
0 0.7558333333333334 0.6874074074074074 0.07083333333333333 0.1348148148148148
0 0.6058333333333333 0.4488888888888889 0.019166666666666665 0.05037037037037037
0 0.8458333333333333 0.4177777777777778 0.023333333333333334 0.05185185185185185
0 0.19666666666666666 0.39555555555555555 0.011666666666666667 0.022222222222222223
0 0.9483333333333334 0.34074074074074073 0.010833333333333334 0.022222222222222223
0 0.4275 0.3540740740740741 0.11333333333333333 0.21037037037037037
0 0.15916666666666668 0.40296296296296297 0.011666666666666667 0.022222222222222223
0 0.6675 0.4148148148148148 0.0175 0.04888888888888889
0 0.8583333333333333 0.362962962962963 0.0125 0.03259259259259259
0 0.7475 0.37333333333333335 0.0175 0.04888888888888889
0 0.03666666666666667 0.8207407407407408 0.09333333333333334 0.1837037037037037
0 0.8358333333333333 0.3348148148148148 0.010833333333333334 0.022222222222222223
0 0.4891666666666667 0.40444444444444444 0.011666666666666667 0.02962962962962963
0 0.8516666666666667 0.5244444444444445 0.028333333333333332 0.06962962962962962
0 0.48833333333333334 0.36148148148148146 0.013333333333333334 0.022222222222222223
0 0.8875 0.362962962962963 0.0125 0.03259259259259259
0 0.0725 0.4074074074074074 0.011666666666666667 0.022222222222222223
0 0.7391666666666666 0.3496296296296296 0.013333333333333334 0.022222222222222223
0 0.095 0.4162962962962963 0.011666666666666667 0.022222222222222223
0 0.6408333333333334 0.35259259259259257 0.013333333333333334 0.022222222222222223
0 0.54 0.4488888888888889 0.019166666666666665 0.05037037037037037
0 0.8658333333333333 0.43703703703703706 0.023333333333333334 0.05185185185185185
0 0.6308333333333334 0.557037037037037 0.07083333333333333 0.1348148148148148
0 0.12333333333333334 0.45925925925925926 0.019166666666666665 0.045925925925925926
0 0.5391666666666667 0.34814814814814815 0.013333333333333334 0.022222222222222223
0 0.8691666666666666 0.4874074074074074 0.028333333333333332 0.06962962962962962
0 0.8808333333333334 0.4414814814814815 0.023333333333333334 0.05185185185185185
0 0.7675 0.35555555555555557 0.010833333333333334 0.022222222222222223
0 0.6191666666666666 0.8162962962962963 0.0725 0.20296296296296296
0 0.9316666666666666 0.3377777777777778 0.010833333333333334 0.022222222222222223
0 0.6083333333333333 0.41185185185185186 0.019166666666666665 0.05037037037037037
0 0.93 0.3688888888888889 0.0125 0.03259259259259259
0 0.17 0.5466666666666666 0.03 0.07111111111111111
0 0.5525 0.40444444444444444 0.019166666666666665 0.05037037037037037
