0 0.4369230769230769 0.9037800687285223 0.015384615384615385 0.054982817869415807
0 0.47692307692307695 0.8006872852233677 0.015384615384615385 0.054982817869415807
0 0.6246153846153846 0.9037800687285223 0.015384615384615385 0.054982817869415807
0 0.42 0.22336769759450173 0.009230769230769232 0.03436426116838488
0 0.5261538461538462 0.8006872852233677 0.015384615384615385 0.054982817869415807
0 0.4753846153846154 0.12371134020618557 0.009230769230769232 0.03436426116838488
0 0.66 0.281786941580756 0.009230769230769232 0.03436426116838488
0 0.37846153846153846 0.06529209621993128 0.009230769230769232 0.03436426116838488
0 0.14461538461538462 0.7525773195876289 0.015384615384615385 0.054982817869415807
0 0.3507692307692308 0.0 0.007692307692307693 0.01718213058419244
0 0.13076923076923078 0.8384879725085911 0.015384615384615385 0.054982817869415807
0 0.34615384615384615 0.12714776632302405 0.009230769230769232 0.03436426116838488
0 0.5292307692307693 0.17525773195876287 0.009230769230769232 0.03436426116838488
0 0.15692307692307692 0.845360824742268 0.015384615384615385 0.054982817869415807
0 0.8353846153846154 0.4020618556701031 0.009230769230769232 0.03436426116838488
0 0.05846153846153846 0.8316151202749141 0.015384615384615385 0.054982817869415807
0 0.7815384615384615 0.9175257731958762 0.015384615384615385 0.054982817869415807
0 0.17076923076923076 0.16151202749140894 0.009230769230769232 0.03436426116838488
0 0.37538461538461537 0.8213058419243986 0.015384615384615385 0.054982817869415807
0 0.06307692307692307 0.7766323024054983 0.015384615384615385 0.054982817869415807
0 0.9384615384615385 0.8316151202749141 0.015384615384615385 0.054982817869415807
0 0.3507692307692308 0.041237113402061855 0.009230769230769232 0.03436426116838488
0 0.9 0.5670103092783505 0.009230769230769232 0.03436426116838488
0 0.9507692307692308 0.33676975945017185 0.009230769230769232 0.03436426116838488
0 0.41846153846153844 0.6769759450171822 0.015384615384615385 0.054982817869415807
0 0.8646153846153846 0.048109965635738834 0.009230769230769232 0.03436426116838488
0 0.46923076923076923 0.17525773195876287 0.009230769230769232 0.03436426116838488
0 0.8538461538461538 0.7835051546391752 0.015384615384615385 0.054982817869415807
0 0.6123076923076923 0.281786941580756 0.009230769230769232 0.03436426116838488
0 0.35384615384615387 0.6804123711340206 0.015384615384615385 0.054982817869415807
0 0.04461538461538461 0.7560137457044673 0.015384615384615385 0.054982817869415807
0 0.9184615384615384 0.7835051546391752 0.015384615384615385 0.054982817869415807
0 0.02 0.6701030927835051 0.015384615384615385 0.054982817869415807
0 0.10307692307692308 0.7216494845360825 0.015384615384615385 0.054982817869415807
0 0.86 0.4020618556701031 0.009230769230769232 0.03436426116838488
0 0.9323076923076923 0.17869415807560138 0.009230769230769232 0.03436426116838488
0 0.9 0.8316151202749141 0.015384615384615385 0.054982817869415807
0 0.8784615384615385 0.31958762886597936 0.009230769230769232 0.03436426116838488
0 0.6092307692307692 0.15463917525773196 0.009230769230769232 0.03436426116838488
0 0.4076923076923077 0.048109965635738834 0.009230769230769232 0.03436426116838488
0 0.5907692307692308 0.15120274914089346 0.009230769230769232 0.03436426116838488
0 0.006153846153846154 0.6872852233676976 0.007692307692307693 0.01718213058419244
0 0.8707692307692307 0.07903780068728522 0.009230769230769232 0.03436426116838488
0 0.46615384615384614 0.23367697594501718 0.009230769230769232 0.03436426116838488
0 0.8323076923076923 0.15463917525773196 0.009230769230769232 0.03436426116838488
0 0.2523076923076923 0.18213058419243985 0.009230769230769232 0.03436426116838488
0 0.8523076923076923 0.29553264604810997 0.009230769230769232 0.03436426116838488
0 0.3030769230769231 0.6391752577319587 0.015384615384615385 0.054982817869415807
0 0.7676923076923077 0.7835051546391752 0.015384615384615385 0.054982817869415807
0 0.8738461538461538 0.8213058419243986 0.015384615384615385 0.054982817869415807
0 0.44 0.8006872852233677 0.015384615384615385 0.054982817869415807
0 0.3292307692307692 0.006872852233676976 0.007692307692307693 0.01718213058419244
0 0.18923076923076923 0.7525773195876289 0.015384615384615385 0.054982817869415807
0 0.8815384615384615 0.5292096219931272 0.009230769230769232 0.03436426116838488
0 0.8107692307692308 0.8934707903780069 0.015384615384615385 0.054982817869415807
0 0.9353846153846154 0.07216494845360824 0.009230769230769232 0.03436426116838488
0 0.5476923076923077 0.14432989690721648 0.009230769230769232 0.03436426116838488
0 0.37538461538461537 0.23024054982817868 0.009230769230769232 0.03436426116838488
0 0.39076923076923076 0.9862542955326461 0.015384615384615385 0.054982817869415807
0 0.023076923076923078 0.006872852233676976 0.007692307692307693 0.01718213058419244
0 0.9476923076923077 0.8487972508591065 0.015384615384615385 0.054982817869415807
0 0.8707692307692307 0.8900343642611683 0.015384615384615385 0.054982817869415807
0 0.8384615384615385 0.8144329896907216 0.015384615384615385 0.054982817869415807
0 0.5953846153846154 0.2268041237113402 0.009230769230769232 0.03436426116838488
0 0.6369230769230769 0.15120274914089346 0.009230769230769232 0.03436426116838488
0 0.52 0.20962199312714777 0.009230769230769232 0.03436426116838488
0 0.13076923076923078 0.5945017182130584 0.007692307692307693 0.01718213058419244
0 0.16307692307692306 0.7594501718213058 0.015384615384615385 0.054982817869415807
0 0.7953846153846154 0.7457044673539519 0.015384615384615385 0.054982817869415807
0 0.6738461538461539 0.23367697594501718 0.009230769230769232 0.03436426116838488
0 0.7415384615384616 0.20962199312714777 0.009230769230769232 0.03436426116838488
0 0.44769230769230767 0.8384879725085911 0.015384615384615385 0.054982817869415807
0 0.06 0.5910652920962199 0.007692307692307693 0.01718213058419244
0 0.8 0.058419243986254296 0.009230769230769232 0.03436426116838488
0 0.8107692307692308 0.19931271477663232 0.009230769230769232 0.03436426116838488
0 0.52 0.12714776632302405 0.009230769230769232 0.03436426116838488
0 0.11384615384615385 0.10309278350515463 0.009230769230769232 0.03436426116838488
0 0.3 0.006872852233676976 0.007692307692307693 0.01718213058419244
0 0.009230769230769232 0.4639175257731959 0.007692307692307693 0.01718213058419244
0 0.2246153846153846 0.8316151202749141 0.015384615384615385 0.054982817869415807
0 0.6707692307692308 0.28865979381443296 0.009230769230769232 0.03436426116838488
0 0.8892307692307693 0.17869415807560138 0.009230769230769232 0.03436426116838488
0 0.9815384615384616 0.281786941580756 0.007692307692307693 0.01718213058419244
0 0.6953846153846154 0.24398625429553264 0.009230769230769232 0.03436426116838488
0 0.32769230769230767 0.10309278350515463 0.009230769230769232 0.03436426116838488
0 0.916923076923077 0.4261168384879725 0.009230769230769232 0.03436426116838488
0 0.052307692307692305 0.6632302405498282 0.015384615384615385 0.054982817869415807
0 0.44769230769230767 0.711340206185567 0.015384615384615385 0.054982817869415807
0 0.2723076923076923 0.0 0.007692307692307693 0.01718213058419244
0 0.9676923076923077 0.41580756013745707 0.007692307692307693 0.01718213058419244
0 0.6815384615384615 0.7663230240549829 0.015384615384615385 0.054982817869415807
0 0.9461538461538461 0.22336769759450173 0.009230769230769232 0.03436426116838488
0 0.8307692307692308 0.28865979381443296 0.009230769230769232 0.03436426116838488
0 0.5615384615384615 0.19243986254295534 0.009230769230769232 0.03436426116838488
0 0.45692307692307693 0.07560137457044673 0.009230769230769232 0.03436426116838488
0 0.7415384615384616 0.8075601374570447 0.015384615384615385 0.054982817869415807
0 0.09076923076923077 0.1134020618556701 0.009230769230769232 0.03436426116838488
0 0.4753846153846154 0.061855670103092786 0.009230769230769232 0.03436426116838488
0 0.44 0.24054982817869416 0.009230769230769232 0.03436426116838488
0 0.68 0.1718213058419244 0.009230769230769232 0.03436426116838488
0 0.2276923076923077 0.19931271477663232 0.009230769230769232 0.03436426116838488
0 0.5476923076923077 0.7457044673539519 0.015384615384615385 0.054982817869415807
0 0.6246153846153846 0.2268041237113402 0.009230769230769232 0.03436426116838488
0 0.9753846153846154 0.21649484536082475 0.007692307692307693 0.01718213058419244
0 0.3830769230769231 0.6460481099656358 0.015384615384615385 0.054982817869415807
0 0.9 0.058419243986254296 0.009230769230769232 0.03436426116838488
0 0.9584615384615385 0.18556701030927836 0.009230769230769232 0.03436426116838488
0 0.13846153846153847 0.6632302405498282 0.015384615384615385 0.054982817869415807
0 0.34615384615384615 0.8969072164948454 0.015384615384615385 0.054982817869415807
0 0.10923076923076923 0.9347079037800687 0.015384615384615385 0.054982817869415807
0 0.4430769230769231 0.12027491408934708 0.009230769230769232 0.03436426116838488
0 0.32153846153846155 0.6872852233676976 0.015384615384615385 0.054982817869415807
0 0.19538461538461538 0.8247422680412371 0.015384615384615385 0.054982817869415807
0 0.6615384615384615 0.9037800687285223 0.015384615384615385 0.054982817869415807
0 0.7461538461538462 0.845360824742268 0.015384615384615385 0.054982817869415807
0 0.9246153846153846 0.5773195876288659 0.009230769230769232 0.03436426116838488
0 0.8415384615384616 0.2268041237113402 0.009230769230769232 0.03436426116838488
0 0.1123076923076923 0.13745704467353953 0.009230769230769232 0.03436426116838488
0 0.5907692307692308 0.8487972508591065 0.015384615384615385 0.054982817869415807
0 0.5692307692307692 0.16151202749140894 0.009230769230769232 0.03436426116838488
0 0.9753846153846154 0.3230240549828179 0.007692307692307693 0.01718213058419244
0 0.3030769230769231 0.06529209621993128 0.009230769230769232 0.03436426116838488
0 0.5523076923076923 0.2268041237113402 0.009230769230769232 0.03436426116838488
0 0.6092307692307692 0.041237113402061855 0.009230769230769232 0.03436426116838488
0 0.003076923076923077 0.9759450171821306 0.007692307692307693 0.01718213058419244
0 0.9030769230769231 0.09621993127147767 0.009230769230769232 0.03436426116838488
0 0.3723076923076923 0.16838487972508592 0.009230769230769232 0.03436426116838488
0 0.9 0.3127147766323024 0.009230769230769232 0.03436426116838488
0 0.583076923076923 0.19931271477663232 0.009230769230769232 0.03436426116838488
0 0.9323076923076923 0.5120274914089347 0.009230769230769232 0.03436426116838488
0 0.7276923076923076 0.07216494845360824 0.009230769230769232 0.03436426116838488
0 0.7 0.024054982817869417 0.009230769230769232 0.03436426116838488
0 0.19538461538461538 0.16838487972508592 0.009230769230769232 0.03436426116838488
0 0.4876923076923077 0.9278350515463918 0.015384615384615385 0.054982817869415807
0 0.009230769230769232 0.41924398625429554 0.007692307692307693 0.01718213058419244
0 0.04923076923076923 0.9518900343642611 0.015384615384615385 0.054982817869415807
0 0.9753846153846154 0.6219931271477663 0.015384615384615385 0.054982817869415807
0 0.04153846153846154 0.5429553264604811 0.009230769230769232 0.03436426116838488
0 0.7984615384615384 0.15463917525773196 0.009230769230769232 0.03436426116838488
0 0.10153846153846154 0.8178694158075601 0.015384615384615385 0.054982817869415807
0 0.7061538461538461 0.7422680412371134 0.015384615384615385 0.054982817869415807
0 0.8646153846153846 0.19931271477663232 0.009230769230769232 0.03436426116838488
0 0.016923076923076923 0.6013745704467354 0.007692307692307693 0.01718213058419244
0 0.1676923076923077 0.9209621993127147 0.015384615384615385 0.054982817869415807
0 0.62 0.8316151202749141 0.015384615384615385 0.054982817869415807
0 0.7492307692307693 0.13058419243986255 0.009230769230769232 0.03436426116838488
0 0.9507692307692308 0.29553264604810997 0.009230769230769232 0.03436426116838488
0 0.8938461538461538 0.9037800687285223 0.015384615384615385 0.054982817869415807
0 0.7753846153846153 0.27147766323024053 0.009230769230769232 0.03436426116838488
0 0.016923076923076923 0.0859106529209622 0.007692307692307693 0.01718213058419244
0 0.9184615384615384 0.21993127147766323 0.009230769230769232 0.03436426116838488
0 0.86 0.23367697594501718 0.009230769230769232 0.03436426116838488
0 0.10307692307692308 0.013745704467353952 0.007692307692307693 0.01718213058419244
0 0.6061538461538462 0.06529209621993128 0.009230769230769232 0.03436426116838488
0 0.6553846153846153 0.18556701030927836 0.009230769230769232 0.03436426116838488
0 0.31846153846153846 0.07903780068728522 0.009230769230769232 0.03436426116838488
0 0.9246153846153846 0.29896907216494845 0.009230769230769232 0.03436426116838488
0 0.8430769230769231 0.7835051546391752 0.015384615384615385 0.054982817869415807
0 0.7230769230769231 0.8487972508591065 0.015384615384615385 0.054982817869415807
0 0.31846153846153846 0.1134020618556701 0.009230769230769232 0.03436426116838488
0 0.5692307692307692 0.22336769759450173 0.009230769230769232 0.03436426116838488
0 0.4076923076923077 0.8556701030927835 0.015384615384615385 0.054982817869415807
0 0.4876923076923077 0.20962199312714777 0.009230769230769232 0.03436426116838488
0 0.06615384615384616 0.49828178694158076 0.009230769230769232 0.03436426116838488
0 0.07076923076923076 0.15807560137457044 0.009230769230769232 0.03436426116838488
0 0.3676923076923077 0.9106529209621993 0.015384615384615385 0.054982817869415807
0 0.7092307692307692 0.058419243986254296 0.009230769230769232 0.03436426116838488
0 0.8430769230769231 0.8865979381443299 0.015384615384615385 0.054982817869415807
0 0.46153846153846156 0.6872852233676976 0.015384615384615385 0.054982817869415807
0 0.5415384615384615 0.9175257731958762 0.015384615384615385 0.054982817869415807
0 0.8323076923076923 0.048109965635738834 0.009230769230769232 0.03436426116838488
0 0.9292307692307692 0.2508591065292096 0.009230769230769232 0.03436426116838488
0 0.8892307692307693 0.3951890034364261 0.009230769230769232 0.03436426116838488
0 0.9892307692307692 0.17869415807560138 0.007692307692307693 0.01718213058419244
0 0.44 0.044673539518900345 0.009230769230769232 0.03436426116838488
0 0.5153846153846153 0.7525773195876289 0.015384615384615385 0.054982817869415807
0 0.19846153846153847 0.1134020618556701 0.009230769230769232 0.03436426116838488
0 0.11384615384615385 0.6632302405498282 0.015384615384615385 0.054982817869415807
0 0.5153846153846153 0.9209621993127147 0.015384615384615385 0.054982817869415807
0 0.046153846153846156 0.15807560137457044 0.009230769230769232 0.03436426116838488
0 0.9384615384615385 0.37800687285223367 0.009230769230769232 0.03436426116838488
0 0.5615384615384615 0.8384879725085911 0.015384615384615385 0.054982817869415807
0 0.6553846153846153 0.7353951890034365 0.015384615384615385 0.054982817869415807
0 0.23846153846153847 0.8384879725085911 0.015384615384615385 0.054982817869415807
0 0.9692307692307692 0.4879725085910653 0.007692307692307693 0.01718213058419244
0 0.2246153846153846 0.14432989690721648 0.009230769230769232 0.03436426116838488
0 0.14153846153846153 0.711340206185567 0.015384615384615385 0.054982817869415807
0 0.6415384615384615 0.03436426116838488 0.009230769230769232 0.03436426116838488
0 0.9323076923076923 0.12371134020618557 0.009230769230769232 0.03436426116838488
0 0.31384615384615383 0.9450171821305842 0.015384615384615385 0.054982817869415807
0 0.0015384615384615385 0.8247422680412371 0.007692307692307693 0.01718213058419244
0 0.34307692307692306 0.15807560137457044 0.009230769230769232 0.03436426116838488
0 0.5661538461538461 0.9209621993127147 0.015384615384615385 0.054982817869415807
0 0.7923076923076923 0.09621993127147767 0.009230769230769232 0.03436426116838488
0 0.4 0.6769759450171822 0.015384615384615385 0.054982817869415807
0 0.08153846153846153 0.5360824742268041 0.009230769230769232 0.03436426116838488
0 0.09230769230769231 0.6426116838487973 0.015384615384615385 0.054982817869415807
0 0.14923076923076922 0.13058419243986255 0.009230769230769232 0.03436426116838488
0 0.6415384615384615 0.2646048109965636 0.009230769230769232 0.03436426116838488
0 0.9107692307692308 0.3951890034364261 0.009230769230769232 0.03436426116838488
0 0.4 0.8144329896907216 0.015384615384615385 0.054982817869415807
0 0.6276923076923077 0.08247422680412371 0.009230769230769232 0.03436426116838488
0 0.8092307692307692 0.7903780068728522 0.015384615384615385 0.054982817869415807
0 0.17384615384615384 0.08934707903780069 0.009230769230769232 0.03436426116838488
0 0.8846153846153846 0.048109965635738834 0.009230769230769232 0.03436426116838488
0 0.7984615384615384 0.8144329896907216 0.015384615384615385 0.054982817869415807
0 0.9107692307692308 0.07560137457044673 0.009230769230769232 0.03436426116838488
0 0.9861538461538462 0.3711340206185567 0.007692307692307693 0.01718213058419244
0 0.14461538461538462 0.10309278350515463 0.009230769230769232 0.03436426116838488
0 0.27384615384615385 0.19931271477663232 0.009230769230769232 0.03436426116838488
0 0.8538461538461538 0.8213058419243986 0.015384615384615385 0.054982817869415807
0 0.21384615384615385 0.19243986254295534 0.009230769230769232 0.03436426116838488
