0 0.824 0.42526690391459077 0.01 0.019572953736654804
0 0.694 0.5498220640569395 0.026 0.06227758007117438
0 0.661 0.7740213523131673 0.035 0.0711743772241993
0 0.611 0.42526690391459077 0.013 0.026690391459074734
0 0.517 0.5516014234875445 0.02 0.04448398576512456
0 0.634 0.4412811387900356 0.013 0.026690391459074734
0 0.553 0.40213523131672596 0.013 0.026690391459074734
0 0.404 0.3398576512455516 0.007 0.01601423487544484
0 0.504 0.3914590747330961 0.012 0.026690391459074734
0 0.134 0.33451957295373663 0.009 0.021352313167259787
0 0.026 0.3932384341637011 0.009 0.021352313167259787
0 0.666 0.40569395017793597 0.013 0.026690391459074734
0 0.117 0.43238434163701067 0.015 0.03202846975088968
0 0.918 0.39501779359430605 0.01 0.019572953736654804
0 0.986 0.3665480427046263 0.01 0.019572953736654804
0 0.879 0.3505338078291815 0.01 0.019572953736654804
0 0.841 0.5088967971530249 0.016 0.033807829181494664
0 0.709 0.4128113879003559 0.013 0.026690391459074734
0 0.301 0.43416370106761565 0.015 0.03202846975088968
0 0.697 0.34519572953736655 0.013 0.026690391459074734
0 0.332 0.3896797153024911 0.009 0.021352313167259787
0 0.326 0.43238434163701067 0.015 0.03202846975088968
0 0.114 0.5889679715302492 0.02 0.046263345195729534
0 0.457 0.40569395017793597 0.007 0.01601423487544484
0 0.968 0.44661921708185054 0.016 0.033807829181494664
0 0.385 0.41459074733096085 0.011 0.023131672597864767
0 0.439 0.39679715302491103 0.007 0.01601423487544484
0 0.302 0.6209964412811388 0.035 0.0711743772241993
0 0.843 0.43238434163701067 0.011 0.023131672597864767
0 0.663 0.4288256227758007 0.013 0.026690391459074734
0 0.648 0.5320284697508897 0.02 0.04448398576512456
0 0.939 0.4679715302491103 0.016 0.033807829181494664
0 0.723 0.37544483985765126 0.013 0.026690391459074734
0 0.914 0.42170818505338076 0.01 0.019572953736654804
0 0.915 0.8113879003558719 0.065 0.12455516014234876
0 0.515 0.4750889679715303 0.02 0.04448398576512456
0 0.863 0.42526690391459077 0.01 0.019572953736654804
0 0.87 0.398576512455516 0.01 0.019572953736654804
0 0.18 0.3683274021352313 0.009 0.021352313167259787
0 0.439 0.45373665480427045 0.018 0.04092526690391459
0 0.481 0.39501779359430605 0.007 0.01601423487544484
0 0.935 0.39501779359430605 0.01 0.019572953736654804
0 0.583 0.5302491103202847 0.02 0.04448398576512456
0 0.585 0.4092526690391459 0.013 0.026690391459074734
0 0.903 0.5391459074733096 0.021 0.0498220640569395
0 0.934 0.5284697508896797 0.021 0.0498220640569395
0 0.733 0.4377224199288256 0.013 0.026690391459074734
0 0.92 0.4626334519572954 0.016 0.033807829181494664
0 0.767 0.40569395017793597 0.01 0.019572953736654804
0 0.224 0.5427046263345195 0.02 0.046263345195729534
0 0.375 0.5604982206405694 0.02 0.046263345195729534
0 0.095 0.46619217081850534 0.015 0.03202846975088968
0 0.197 0.3914590747330961 0.009 0.021352313167259787
0 0.514 0.44661921708185054 0.014 0.030249110320284697
0 0.653 0.4697508896797153 0.02 0.04448398576512456
0 0.806 0.599644128113879 0.026 0.06227758007117438
0 0.774 0.4875444839857651 0.016 0.033807829181494664
0 0.018 0.48576512455516013 0.013 0.028469750889679714
0 0.054 0.38256227758007116 0.009 0.021352313167259787
0 0.173 0.3736654804270463 0.009 0.021352313167259787
0 0.098 0.43238434163701067 0.015 0.03202846975088968
0 0.17 0.6494661921708185 0.035 0.0711743772241993
0 0.901 0.35231316725978645 0.01 0.019572953736654804
0 0.415 0.41459074733096085 0.009 0.021352313167259787
0 0.259 0.43238434163701067 0.015 0.03202846975088968
0 0.83 0.4412811387900356 0.016 0.033807829181494664
0 0.823 0.400355871886121 0.01 0.019572953736654804
0 0.744 0.4608540925266904 0.016 0.033807829181494664
0 0.512 0.3683274021352313 0.011 0.023131672597864767
0 0.938 0.4430604982206406 0.016 0.033807829181494664
0 0.623 0.4555160142348754 0.02 0.04448398576512456
0 0.096 0.40213523131672596 0.009 0.021352313167259787
0 0.09 0.3701067615658363 0.009 0.021352313167259787
0 0.695 0.3879003558718861 0.013 0.026690391459074734
0 0.037 0.35765124555160144 0.009 0.021352313167259787
0 0.041 0.40747330960854095 0.009 0.021352313167259787
0 0.04 0.4377224199288256 0.015 0.03202846975088968
0 0.067 0.3932384341637011 0.009 0.021352313167259787
0 0.87 0.4750889679715303 0.016 0.033807829181494664
0 0.183 0.5160142348754448 0.02 0.046263345195729534
0 0.75 0.41637010676156583 0.01 0.019572953736654804
0 0.679 0.48576512455516013 0.02 0.04448398576512456
0 0.546 0.4288256227758007 0.013 0.026690391459074734
0 0.094 0.3398576512455516 0.009 0.021352313167259787
0 0.155 0.4110320284697509 0.009 0.021352313167259787
0 0.251 0.7241992882562278 0.035 0.0711743772241993
0 0.402 0.35231316725978645 0.007 0.01601423487544484
0 0.79 0.9341637010676157 0.065 0.12455516014234876
0 0.521 0.37544483985765126 0.013 0.026690391459074734
0 0.738 0.4092526690391459 0.01 0.019572953736654804
0 0.845 0.36476868327402134 0.01 0.019572953736654804
0 0.173 0.5640569395017794 0.02 0.046263345195729534
0 0.934 0.9039145907473309 0.065 0.12455516014234876
0 0.884 0.3612099644128114 0.01 0.019572953736654804
0 0.719 0.45373665480427045 0.013 0.026690391459074734
0 0.944 0.5854092526690391 0.021 0.0498220640569395
0 0.458 0.38434163701067614 0.007 0.01601423487544484
0 0.285 0.5142348754448398 0.02 0.046263345195729534
0 0.981 0.3469750889679715 0.01 0.019572953736654804
0 0.687 0.3807829181494662 0.013 0.026690391459074734
0 0.713 0.44483985765124556 0.013 0.026690391459074734
0 0.136 0.48398576512455516 0.015 0.03202846975088968
0 0.434 0.41637010676156583 0.012 0.028469750889679714
0 0.403 0.4626334519572954 0.015 0.03202846975088968
0 0.589 0.4377224199288256 0.013 0.026690391459074734
0 0.892 0.7313167259786477 0.035 0.0711743772241993
0 0.881 0.45373665480427045 0.016 0.033807829181494664
0 0.158 0.5302491103202847 0.02 0.046263345195729534
0 0.803 0.42170818505338076 0.01 0.019572953736654804
0 0.253 0.40747330960854095 0.009 0.021352313167259787
0 0.216 0.42704626334519574 0.015 0.03202846975088968
0 0.224 0.47686832740213525 0.015 0.03202846975088968
0 0.357 0.702846975088968 0.035 0.0711743772241993
0 0.934 0.4181494661921708 0.01 0.019572953736654804
0 0.542 0.9412811387900356 0.048 0.12455516014234876
0 0.853 0.41459074733096085 0.01 0.019572953736654804
0 0.992 0.4412811387900356 0.016 0.033807829181494664
0 0.952 0.5195729537366548 0.021 0.0498220640569395
0 0.544 0.4750889679715303 0.02 0.04448398576512456
0 0.693 0.4288256227758007 0.013 0.026690391459074734
0 0.427 0.38434163701067614 0.007 0.01601423487544484
0 0.551 0.4501779359430605 0.013 0.026690391459074734
0 0.194 0.41637010676156583 0.009 0.021352313167259787
0 0.615 0.6174377224199288 0.035 0.0711743772241993
0 0.534 0.43238434163701067 0.013 0.026690391459074734
0 0.931 0.4430604982206406 0.016 0.033807829181494664
0 0.182 0.4822064056939502 0.015 0.03202846975088968
0 0.993 0.46619217081850534 0.016 0.033807829181494664
0 0.818 0.41637010676156583 0.01 0.019572953736654804
0 0.213 0.4555160142348754 0.015 0.03202846975088968
0 0.687 0.4110320284697509 0.013 0.026690391459074734
0 0.104 0.3291814946619217 0.009 0.021352313167259787
0 0.422 0.3718861209964413 0.007 0.01601423487544484
0 0.08 0.4679715302491103 0.015 0.03202846975088968
0 0.114 0.4697508896797153 0.015 0.03202846975088968
0 0.803 0.4697508896797153 0.016 0.033807829181494664
0 0.712 0.3594306049822064 0.013 0.026690391459074734
0 0.036 0.39679715302491103 0.009 0.021352313167259787
0 0.188 0.42526690391459077 0.015 0.03202846975088968
0 0.882 0.5498220640569395 0.021 0.0498220640569395
0 0.441 0.36476868327402134 0.007 0.01601423487544484
0 0.723 0.3487544483985765 0.01 0.019572953736654804
0 0.048 0.5693950177935944 0.02 0.046263345195729534
0 0.075 0.4234875444839858 0.015 0.03202846975088968
0 0.404 0.5071174377224199 0.02 0.046263345195729534
0 0.541 0.6245551601423488 0.035 0.0711743772241993
0 0.291 0.6690391459074733 0.035 0.0711743772241993
0 0.811 0.3932384341637011 0.01 0.019572953736654804
0 0.574 0.45195729537366547 0.013 0.026690391459074734
0 0.348 0.604982206405694 0.02 0.046263345195729534
0 0.717 0.3718861209964413 0.013 0.026690391459074734
0 0.889 0.44661921708185054 0.016 0.033807829181494664
0 0.467 0.45195729537366547 0.018 0.04092526690391459
0 0.695 0.3683274021352313 0.013 0.026690391459074734
0 0.455 0.48398576512455516 0.018 0.04092526690391459
0 0.181 0.30782918149466193 0.009 0.021352313167259787
0 0.72 0.4928825622775801 0.016 0.03558718861209965
0 0.903 0.4181494661921708 0.01 0.019572953736654804
0 0.631 0.3594306049822064 0.013 0.026690391459074734
0 0.6 0.40391459074733094 0.013 0.026690391459074734
0 0.568 0.37544483985765126 0.013 0.026690391459074734
0 0.786 0.4288256227758007 0.01 0.019572953736654804
0 0.995 0.5320284697508897 0.021 0.0498220640569395
0 0.372 0.4234875444839858 0.015 0.03202846975088968
0 0.873 0.4288256227758007 0.01 0.019572953736654804
0 0.598 0.7153024911032029 0.035 0.0711743772241993
0 0.247 0.6138790035587188 0.02 0.046263345195729534
0 0.948 0.4893238434163701 0.016 0.033807829181494664
0 0.352 0.42170818505338076 0.015 0.03202846975088968
0 0.693 0.5 0.02 0.04448398576512456
0 0.71 0.5498220640569395 0.026 0.06227758007117438
0 0.936 0.6316725978647687 0.035 0.0711743772241993
0 0.11 0.42170818505338076 0.015 0.03202846975088968
0 0.097 0.8612099644128114 0.065 0.12455516014234876
0 0.879 0.5106761565836299 0.021 0.0498220640569395
0 0.956 0.4395017793594306 0.016 0.033807829181494664
0 0.339 0.4804270462633452 0.015 0.03202846975088968
0 0.155 0.42704626334519574 0.015 0.03202846975088968
0 0.341 0.5729537366548043 0.02 0.046263345195729534
0 0.805 0.3807829181494662 0.01 0.019572953736654804
0 0.101 0.3505338078291815 0.009 0.021352313167259787
0 0.673 0.40391459074733094 0.013 0.026690391459074734
0 0.059 0.44661921708185054 0.015 0.03202846975088968
0 0.775 0.4501779359430605 0.016 0.033807829181494664
0 0.114 0.3487544483985765 0.009 0.021352313167259787
0 0.201 0.4555160142348754 0.015 0.03202846975088968
0 0.905 0.4412811387900356 0.016 0.033807829181494664
0 0.76 0.5533807829181495 0.026 0.06227758007117438
0 0.099 0.49110320284697506 0.02 0.046263345195729534
0 0.678 0.5925266903914591 0.026 0.06227758007117438
0 0.91 0.3932384341637011 0.01 0.019572953736654804
0 0.148 0.3879003558718861 0.009 0.021352313167259787
0 0.816 0.5266903914590747 0.016 0.033807829181494664
0 0.022 0.5213523131672598 0.02 0.046263345195729534
0 0.898 0.4750889679715303 0.016 0.033807829181494664
0 0.958 0.46441281138790036 0.016 0.033807829181494664
0 0.19 0.44483985765124556 0.015 0.03202846975088968
0 0.166 0.4181494661921708 0.009 0.021352313167259787
0 0.97 0.48398576512455516 0.016 0.033807829181494664
0 0.18 0.8345195729537367 0.065 0.12455516014234876
0 0.141 0.4110320284697509 0.009 0.021352313167259787
0 0.974 0.5373665480427047 0.021 0.0498220640569395
0 0.04 0.45373665480427045 0.015 0.03202846975088968
0 0.709 0.5889679715302492 0.026 0.06227758007117438
0 0.347 0.5427046263345195 0.02 0.046263345195729534
0 0.122 0.3469750889679715 0.009 0.021352313167259787
0 0.574 0.3594306049822064 0.013 0.026690391459074734
0 0.837 0.3932384341637011 0.01 0.019572953736654804
0 0.14 0.3505338078291815 0.009 0.021352313167259787
0 0.758 0.4181494661921708 0.01 0.019572953736654804
0 0.389 0.38256227758007116 0.007 0.01601423487544484
0 0.148 0.3469750889679715 0.009 0.021352313167259787
0 0.094 0.5427046263345195 0.02 0.046263345195729534
0 0.12 0.3807829181494662 0.009 0.021352313167259787
0 0.73 0.4128113879003559 0.013 0.026690391459074734
0 0.697 0.40391459074733094 0.013 0.026690391459074734
0 0.945 0.5533807829181495 0.021 0.0498220640569395
0 0.988 0.3932384341637011 0.01 0.019572953736654804
0 0.222 0.7669039145907474 0.035 0.0711743772241993
0 0.902 0.6405693950177936 0.035 0.0711743772241993
0 0.717 0.40569395017793597 0.013 0.026690391459074734
0 0.411 0.36476868327402134 0.007 0.01601423487544484
0 0.092 0.4483985765124555 0.015 0.03202846975088968
0 0.903 0.3665480427046263 0.01 0.019572953736654804
0 0.738 0.48398576512455516 0.016 0.033807829181494664
0 0.827 0.693950177935943 0.035 0.0711743772241993
0 0.696 0.6868327402135231 0.035 0.0711743772241993
0 0.95 0.398576512455516 0.01 0.019572953736654804
0 0.772 0.41459074733096085 0.01 0.019572953736654804
0 0.708 0.9412811387900356 0.065 0.12455516014234876
0 0.801 0.398576512455516 0.01 0.019572953736654804
0 0.132 0.43416370106761565 0.015 0.03202846975088968
0 0.573 0.4750889679715303 0.02 0.04448398576512456
0 0.654 0.4092526690391459 0.013 0.026690391459074734
0 0.701 0.4822064056939502 0.02 0.04448398576512456
0 0.991 0.603202846975089 0.021 0.0498220640569395
0 0.097 0.7419928825622776 0.035 0.0711743772241993
0 0.03 0.35587188612099646 0.009 0.021352313167259787
0 0.014 0.40391459074733094 0.01 0.023131672597864767
0 0.786 0.41459074733096085 0.01 0.019572953736654804
0 0.418 0.597864768683274 0.019 0.04448398576512456
0 0.023 0.7615658362989324 0.038 0.07829181494661921
0 0.331 0.5231316725978647 0.02 0.046263345195729534
0 0.272 0.41637010676156583 0.009 0.021352313167259787
0 0.135 0.9875444839857651 0.065 0.12455516014234876
0 0.936 0.7117437722419929 0.035 0.0711743772241993
0 0.612 0.4092526690391459 0.013 0.026690391459074734
0 0.4 0.6672597864768683 0.035 0.0711743772241993
0 0.703 0.3807829181494662 0.013 0.026690391459074734
0 0.535 0.400355871886121 0.013 0.026690391459074734
0 0.142 0.6690391459074733 0.035 0.0711743772241993
0 0.831 0.5516014234875445 0.026 0.06227758007117438
0 0.619 0.5 0.02 0.04448398576512456
0 0.261 0.5124555160142349 0.02 0.046263345195729534
0 0.656 0.8896797153024911 0.065 0.12455516014234876
0 0.375 0.8220640569395018 0.061 0.1583629893238434
0 0.272 0.46441281138790036 0.015 0.03202846975088968
0 0.967 0.41459074733096085 0.01 0.019572953736654804
0 0.681 0.43238434163701067 0.013 0.026690391459074734
0 0.567 0.5800711743772242 0.026 0.06227758007117438
0 0.412 0.3540925266903915 0.007 0.01601423487544484
0 0.982 0.3879003558718861 0.01 0.019572953736654804
0 0.042 0.3594306049822064 0.009 0.021352313167259787
0 0.622 0.39679715302491103 0.013 0.026690391459074734
0 0.293 0.4181494661921708 0.009 0.021352313167259787
0 0.603 0.7846975088967971 0.065 0.12455516014234876
0 0.799 0.3736654804270463 0.01 0.019572953736654804
0 0.118 0.4092526690391459 0.009 0.021352313167259787
0 0.788 0.3932384341637011 0.01 0.019572953736654804
0 0.92 0.3790035587188612 0.01 0.019572953736654804
0 0.775 0.3896797153024911 0.01 0.019572953736654804
0 0.454 0.35587188612099646 0.007 0.01601423487544484
0 0.637 0.37544483985765126 0.013 0.026690391459074734
0 0.945 0.47153024911032027 0.016 0.033807829181494664
0 0.567 0.7651245551601423 0.056 0.12099644128113879
0 0.844 0.4483985765124555 0.016 0.033807829181494664
0 0.831 0.3807829181494662 0.01 0.019572953736654804
0 0.971 0.7793594306049823 0.035 0.0711743772241993
0 0.945 0.4181494661921708 0.01 0.019572953736654804
0 0.407 0.39501779359430605 0.007 0.01601423487544484
0 0.246 0.9448398576512456 0.065 0.12455516014234876
0 0.871 0.3505338078291815 0.01 0.019572953736654804
0 0.594 0.33629893238434166 0.013 0.026690391459074734
0 0.262 0.40391459074733094 0.009 0.021352313167259787
0 0.469 0.3612099644128114 0.007 0.01601423487544484
0 0.552 0.37722419928825623 0.013 0.026690391459074734
0 0.851 0.6637010676156584 0.035 0.0711743772241993
0 0.626 0.4128113879003559 0.013 0.026690391459074734
0 0.708 0.3701067615658363 0.013 0.026690391459074734
0 0.641 0.39501779359430605 0.013 0.026690391459074734
0 0.485 0.4288256227758007 0.018 0.04092526690391459
0 0.758 0.45373665480427045 0.016 0.033807829181494664
0 0.306 0.39501779359430605 0.009 0.021352313167259787
0 0.292 0.7953736654804271 0.065 0.12455516014234876
0 0.628 0.3736654804270463 0.013 0.026690391459074734
0 0.61 0.4679715302491103 0.02 0.04448398576512456
0 0.513 0.4110320284697509 0.012 0.026690391459074734
0 0.975 0.4395017793594306 0.016 0.033807829181494664
0 0.648 0.4928825622775801 0.02 0.04448398576512456
0 0.599 0.5231316725978647 0.02 0.04448398576512456
0 0.067 0.6708185053380783 0.035 0.0711743772241993
0 0.724 0.7722419928825622 0.035 0.0711743772241993
0 0.342 0.4412811387900356 0.015 0.03202846975088968
0 0.617 0.42170818505338076 0.013 0.026690391459074734
0 0.24 0.3914590747330961 0.009 0.021352313167259787
0 0.612 0.5462633451957295 0.02 0.04448398576512456
0 0.43 0.3718861209964413 0.007 0.01601423487544484
0 0.011 0.4483985765124555 0.01 0.023131672597864767
0 0.456 0.4199288256227758 0.012 0.028469750889679714
0 0.569 0.4306049822064057 0.013 0.026690391459074734
0 0.302 0.5355871886120996 0.02 0.046263345195729534
0 0.866 0.708185053380783 0.035 0.0711743772241993
0 0.658 0.9768683274021353 0.065 0.12455516014234876
0 0.083 0.43416370106761565 0.015 0.03202846975088968
0 0.102 0.36476868327402134 0.009 0.021352313167259787
0 0.157 0.33274021352313166 0.009 0.021352313167259787
0 0.817 0.4430604982206406 0.016 0.033807829181494664
0 0.923 0.4875444839857651 0.016 0.033807829181494664
0 0.879 0.3736654804270463 0.01 0.019572953736654804
0 0.67 0.46619217081850534 0.02 0.04448398576512456
0 0.53 0.5142348754448398 0.02 0.04448398576512456
0 0.299 0.4608540925266904 0.015 0.03202846975088968
0 0.7 0.4110320284697509 0.013 0.026690391459074734
0 0.781 0.37722419928825623 0.01 0.019572953736654804
0 0.423 0.4359430604982206 0.018 0.04092526690391459
