0 0.6030769230769231 0.6492753623188405 0.012307692307692308 0.011594202898550725
0 0.8123076923076923 0.7739130434782608 0.015384615384615385 0.01884057971014493
0 0.8815384615384615 0.7304347826086957 0.013846153846153847 0.017391304347826087
0 0.5707692307692308 0.736231884057971 0.013846153846153847 0.017391304347826087
0 0.22923076923076924 0.6768115942028986 0.012307692307692308 0.011594202898550725
0 0.12615384615384614 0.8289855072463768 0.021538461538461538 0.02318840579710145
0 0.7584615384615384 0.6536231884057971 0.012307692307692308 0.011594202898550725
0 0.8046153846153846 0.7971014492753623 0.021538461538461538 0.02318840579710145
0 0.8046153846153846 0.7463768115942029 0.013846153846153847 0.017391304347826087
0 0.37846153846153846 0.744927536231884 0.013846153846153847 0.017391304347826087
0 0.9030769230769231 0.7405797101449275 0.013846153846153847 0.017391304347826087
0 0.11846153846153847 0.7072463768115942 0.012307692307692308 0.014492753623188406
0 0.25384615384615383 0.6971014492753623 0.012307692307692308 0.011594202898550725
0 0.8492307692307692 0.6405797101449275 0.012307692307692308 0.011594202898550725
0 0.8784615384615385 0.7086956521739131 0.013846153846153847 0.017391304347826087
0 0.7461538461538462 0.7811594202898551 0.021538461538461538 0.02318840579710145
0 0.2076923076923077 0.8463768115942029 0.021538461538461538 0.02318840579710145
0 0.5846153846153846 0.7072463768115942 0.012307692307692308 0.011594202898550725
0 0.696923076923077 0.6463768115942029 0.012307692307692308 0.011594202898550725
0 0.36923076923076925 0.6869565217391305 0.012307692307692308 0.011594202898550725
0 0.7984615384615384 0.644927536231884 0.012307692307692308 0.011594202898550725
0 0.8676923076923077 0.6869565217391305 0.012307692307692308 0.011594202898550725
0 0.13846153846153847 0.7188405797101449 0.013846153846153847 0.017391304347826087
0 0.4723076923076923 0.7478260869565218 0.013846153846153847 0.017391304347826087
0 0.29846153846153844 0.7521739130434782 0.013846153846153847 0.017391304347826087
0 0.4169230769230769 0.6811594202898551 0.012307692307692308 0.011594202898550725
0 0.4492307692307692 0.736231884057971 0.013846153846153847 0.017391304347826087
0 0.9815384615384616 0.6420289855072464 0.006153846153846154 0.008695652173913044
0 0.7184615384615385 0.9898550724637681 0.03538461538461538 0.03333333333333333
0 0.5492307692307692 0.7869565217391304 0.021538461538461538 0.02318840579710145
0 0.9907692307692307 0.7072463768115942 0.006153846153846154 0.008695652173913044
0 0.32153846153846155 0.6855072463768116 0.012307692307692308 0.011594202898550725
0 0.5323076923076923 0.7420289855072464 0.013846153846153847 0.017391304347826087
0 0.8246153846153846 0.7275362318840579 0.013846153846153847 0.017391304347826087
0 0.42153846153846153 0.7405797101449275 0.013846153846153847 0.017391304347826087
0 0.22615384615384615 0.8202898550724638 0.021538461538461538 0.02318840579710145
0 0.4646153846153846 0.9101449275362319 0.03538461538461538 0.03333333333333333
0 0.4323076923076923 0.7753623188405797 0.016923076923076923 0.020289855072463767
0 0.8446153846153847 0.6869565217391305 0.012307692307692308 0.011594202898550725
0 0.9153846153846154 0.7130434782608696 0.012307692307692308 0.014492753623188406
0 0.5738461538461539 0.6840579710144927 0.012307692307692308 0.011594202898550725
0 0.007692307692307693 0.8608695652173913 0.018461538461538463 0.021739130434782608
0 0.4323076923076923 0.6768115942028986 0.012307692307692308 0.011594202898550725
0 0.30153846153846153 0.8376811594202899 0.021538461538461538 0.02318840579710145
0 0.9030769230769231 0.7898550724637681 0.021538461538461538 0.02318840579710145
0 0.6553846153846153 0.6840579710144927 0.012307692307692308 0.011594202898550725
0 0.7230769230769231 0.6318840579710145 0.006153846153846154 0.008695652173913044
0 0.963076923076923 0.6434782608695652 0.006153846153846154 0.008695652173913044
0 0.48615384615384616 0.6956521739130435 0.012307692307692308 0.011594202898550725
0 0.8076923076923077 0.6594202898550725 0.012307692307692308 0.011594202898550725
0 0.5815384615384616 0.736231884057971 0.013846153846153847 0.017391304347826087
0 0.7430769230769231 0.7014492753623188 0.012307692307692308 0.011594202898550725
0 0.88 0.9739130434782609 0.03538461538461538 0.03333333333333333
0 0.036923076923076927 0.7072463768115942 0.015384615384615385 0.017391304347826087
0 0.8092307692307692 0.6202898550724638 0.006153846153846154 0.008695652173913044
0 0.2846153846153846 0.8202898550724638 0.021538461538461538 0.02318840579710145
0 0.004615384615384616 0.9405797101449276 0.021538461538461538 0.02318840579710145
0 0.6492307692307693 0.6608695652173913 0.012307692307692308 0.011594202898550725
0 0.7692307692307693 0.6318840579710145 0.006153846153846154 0.008695652173913044
0 0.5676923076923077 0.7927536231884058 0.021538461538461538 0.02318840579710145
0 0.84 0.7521739130434782 0.013846153846153847 0.017391304347826087
0 0.9753846153846154 0.6347826086956522 0.006153846153846154 0.008695652173913044
0 0.78 0.6478260869565218 0.012307692307692308 0.011594202898550725
0 0.7415384615384616 0.6811594202898551 0.012307692307692308 0.011594202898550725
0 0.68 0.644927536231884 0.012307692307692308 0.011594202898550725
0 0.6569230769230769 0.7057971014492753 0.012307692307692308 0.011594202898550725
0 0.3476923076923077 0.6840579710144927 0.012307692307692308 0.011594202898550725
0 0.7569230769230769 0.7130434782608696 0.013846153846153847 0.017391304347826087
0 0.1646153846153846 0.717391304347826 0.013846153846153847 0.017391304347826087
0 0.9030769230769231 0.6173913043478261 0.006153846153846154 0.008695652173913044
0 0.5092307692307693 0.7318840579710145 0.013846153846153847 0.017391304347826087
0 0.7692307692307693 0.7028985507246377 0.012307692307692308 0.011594202898550725
0 0.9907692307692307 0.8594202898550725 0.026153846153846153 0.02608695652173913
0 0.2676923076923077 0.6942028985507246 0.012307692307692308 0.011594202898550725
0 0.7153846153846154 0.6652173913043479 0.012307692307692308 0.011594202898550725
0 0.1476923076923077 0.7130434782608696 0.013846153846153847 0.017391304347826087
0 0.8307692307692308 0.7884057971014493 0.021538461538461538 0.02318840579710145
0 0.6476923076923077 0.7536231884057971 0.013846153846153847 0.017391304347826087
0 0.8646153846153846 0.6260869565217392 0.006153846153846154 0.008695652173913044
0 0.5261538461538462 0.6579710144927536 0.012307692307692308 0.011594202898550725
0 0.3830769230769231 0.6927536231884058 0.012307692307692308 0.011594202898550725
0 0.8553846153846154 0.6275362318840579 0.006153846153846154 0.008695652173913044
0 0.9 0.6260869565217392 0.006153846153846154 0.008695652173913044
0 0.28923076923076924 0.6956521739130435 0.012307692307692308 0.011594202898550725
0 0.7861538461538462 0.7492753623188406 0.013846153846153847 0.017391304347826087
0 0.9107692307692308 0.6275362318840579 0.006153846153846154 0.008695652173913044
0 0.21076923076923076 0.8101449275362319 0.021538461538461538 0.02318840579710145
0 0.7569230769230769 0.6304347826086957 0.006153846153846154 0.008695652173913044
0 0.6953846153846154 0.6985507246376812 0.012307692307692308 0.011594202898550725
0 0.5969230769230769 0.7521739130434782 0.013846153846153847 0.017391304347826087
0 0.4707692307692308 0.691304347826087 0.012307692307692308 0.011594202898550725
0 0.7430769230769231 0.744927536231884 0.013846153846153847 0.017391304347826087
0 0.9215384615384615 0.6260869565217392 0.006153846153846154 0.008695652173913044
0 0.5538461538461539 0.6521739130434783 0.012307692307692308 0.011594202898550725
0 0.06 0.7144927536231884 0.015384615384615385 0.017391304347826087
0 0.5015384615384615 0.6579710144927536 0.012307692307692308 0.011594202898550725
0 0.36923076923076925 0.782608695652174 0.021538461538461538 0.02318840579710145
0 0.09230769230769231 0.7014492753623188 0.012307692307692308 0.014492753623188406
0 0.7369230769230769 0.6333333333333333 0.006153846153846154 0.008695652173913044
0 0.05692307692307692 0.9391304347826087 0.03538461538461538 0.03333333333333333
0 0.9338461538461539 0.6275362318840579 0.006153846153846154 0.008695652173913044
0 0.8707692307692307 0.672463768115942 0.012307692307692308 0.011594202898550725
0 0.40923076923076923 0.8159420289855073 0.021538461538461538 0.02318840579710145
0 0.5646153846153846 0.6898550724637681 0.012307692307692308 0.011594202898550725
0 0.9092307692307692 0.6478260869565218 0.006153846153846154 0.008695652173913044
0 0.6338461538461538 0.991304347826087 0.03538461538461538 0.03333333333333333
0 0.6353846153846154 0.6971014492753623 0.012307692307692308 0.011594202898550725
0 0.9215384615384615 0.6463768115942029 0.006153846153846154 0.008695652173913044
0 0.5876923076923077 0.6927536231884058 0.012307692307692308 0.011594202898550725
0 0.5230769230769231 0.9898550724637681 0.03538461538461538 0.03333333333333333
0 0.8246153846153846 0.691304347826087 0.012307692307692308 0.011594202898550725
0 0.6584615384615384 0.9347826086956522 0.03538461538461538 0.03333333333333333
0 0.9123076923076923 0.9637681159420289 0.03538461538461538 0.03333333333333333
0 0.3230769230769231 0.744927536231884 0.013846153846153847 0.017391304347826087
0 0.5923076923076923 0.9898550724637681 0.03538461538461538 0.03333333333333333
0 0.3707692307692308 0.8420289855072464 0.021538461538461538 0.02318840579710145
0 0.6276923076923077 0.7101449275362319 0.013846153846153847 0.017391304347826087
0 0.8492307692307692 0.7811594202898551 0.021538461538461538 0.02318840579710145
0 0.8830769230769231 0.6420289855072464 0.006153846153846154 0.008695652173913044
0 0.26153846153846155 0.7724637681159421 0.018461538461538463 0.021739130434782608
0 0.8923076923076924 0.618840579710145 0.006153846153846154 0.008695652173913044
0 0.8676923076923077 0.6434782608695652 0.012307692307692308 0.011594202898550725
0 0.4230769230769231 0.9956521739130435 0.027692307692307693 0.02753623188405797
0 0.3646153846153846 0.6695652173913044 0.012307692307692308 0.011594202898550725
0 0.6446153846153846 0.6550724637681159 0.012307692307692308 0.011594202898550725
0 0.5323076923076923 0.6840579710144927 0.012307692307692308 0.011594202898550725
0 0.9876923076923076 0.6594202898550725 0.006153846153846154 0.008695652173913044
0 0.9446153846153846 0.6304347826086957 0.006153846153846154 0.008695652173913044
0 0.823076923076923 0.636231884057971 0.006153846153846154 0.008695652173913044
0 0.6723076923076923 0.6869565217391305 0.012307692307692308 0.011594202898550725
0 0.5553846153846154 0.6985507246376812 0.012307692307692308 0.011594202898550725
0 0.5492307692307692 0.7405797101449275 0.013846153846153847 0.017391304347826087
0 0.7476923076923077 0.6463768115942029 0.012307692307692308 0.011594202898550725
0 0.35384615384615387 0.8115942028985508 0.021538461538461538 0.02318840579710145
0 0.48 0.6826086956521739 0.012307692307692308 0.011594202898550725
0 0.4907692307692308 0.7840579710144927 0.021538461538461538 0.02318840579710145
0 0.6061538461538462 0.6971014492753623 0.012307692307692308 0.011594202898550725
0 0.20153846153846153 0.6869565217391305 0.012307692307692308 0.011594202898550725
0 0.96 0.6333333333333333 0.006153846153846154 0.008695652173913044
0 0.9138461538461539 0.6376811594202898 0.006153846153846154 0.008695652173913044
0 0.6246153846153846 0.6855072463768116 0.012307692307692308 0.011594202898550725
0 0.5415384615384615 0.8101449275362319 0.021538461538461538 0.02318840579710145
0 0.683076923076923 0.6652173913043479 0.012307692307692308 0.011594202898550725
0 0.52 0.6855072463768116 0.012307692307692308 0.011594202898550725
0 0.45692307692307693 0.8188405797101449 0.021538461538461538 0.02318840579710145
0 0.7907692307692308 0.6275362318840579 0.006153846153846154 0.008695652173913044
