0 0.0514018691588785 0.7861635220125787 0.09579439252336448 0.1792452830188679
0 0.5233644859813084 0.449685534591195 0.05841121495327103 0.08176100628930817
0 0.2780373831775701 0.7578616352201258 0.09579439252336448 0.1792452830188679
0 0.9135514018691588 0.16352201257861634 0.030373831775700934 0.05660377358490566
0 0.26635514018691586 0.8490566037735849 0.09579439252336448 0.1792452830188679
0 0.9088785046728972 0.11320754716981132 0.030373831775700934 0.05660377358490566
0 0.7079439252336449 0.02830188679245283 0.030373831775700934 0.05660377358490566
0 0.6495327102803738 0.42138364779874216 0.05841121495327103 0.08176100628930817
0 0.2523364485981308 0.018867924528301886 0.030373831775700934 0.05660377358490566
0 0.2336448598130841 0.33962264150943394 0.04672897196261682 0.07547169811320754
0 0.42289719626168226 0.14465408805031446 0.030373831775700934 0.05660377358490566
0 0.2266355140186916 0.14465408805031446 0.030373831775700934 0.05660377358490566
0 0.985981308411215 0.4968553459119497 0.05841121495327103 0.08176100628930817
0 0.1705607476635514 0.06289308176100629 0.030373831775700934 0.05660377358490566
0 0.3925233644859813 0.0440251572327044 0.030373831775700934 0.05660377358490566
0 0.08644859813084112 0.44025157232704404 0.05841121495327103 0.08176100628930817
0 0.8855140186915887 0.20754716981132076 0.04672897196261682 0.07547169811320754
0 0.25934579439252337 0.2578616352201258 0.04672897196261682 0.07547169811320754
0 0.7313084112149533 0.0440251572327044 0.030373831775700934 0.05660377358490566
0 0.102803738317757 0.5251572327044025 0.05841121495327103 0.08176100628930817
0 0.8434579439252337 0.20440251572327045 0.04672897196261682 0.07547169811320754
0 0.8154205607476636 0.050314465408805034 0.030373831775700934 0.05660377358490566
0 0.6355140186915887 0.7452830188679245 0.09579439252336448 0.1792452830188679
0 0.2967289719626168 0.4339622641509434 0.05841121495327103 0.08176100628930817
0 0.4532710280373832 0.9088050314465409 0.09579439252336448 0.1792452830188679
0 0.7406542056074766 0.3270440251572327 0.04672897196261682 0.07547169811320754
0 0.28738317757009346 0.040880503144654086 0.030373831775700934 0.05660377358490566
0 0.04439252336448598 0.3270440251572327 0.04672897196261682 0.07547169811320754
0 0.037383177570093455 0.12578616352201258 0.030373831775700934 0.05660377358490566
0 0.0514018691588785 0.9088050314465409 0.09579439252336448 0.1792452830188679
0 0.3060747663551402 0.25157232704402516 0.04672897196261682 0.07547169811320754
0 0.4602803738317757 0.44025157232704404 0.05841121495327103 0.08176100628930817
0 0.14485981308411214 0.33647798742138363 0.04672897196261682 0.07547169811320754
0 0.4439252336448598 0.05345911949685535 0.030373831775700934 0.05660377358490566
0 0.6845794392523364 0.9559748427672956 0.09579439252336448 0.1792452830188679
0 0.06775700934579439 0.08490566037735849 0.030373831775700934 0.05660377358490566
0 0.22429906542056074 0.050314465408805034 0.030373831775700934 0.05660377358490566
0 0.3317757009345794 0.14465408805031446 0.030373831775700934 0.05660377358490566
0 0.8130841121495327 0.1949685534591195 0.04672897196261682 0.07547169811320754
0 0.07710280373831775 0.1509433962264151 0.030373831775700934 0.05660377358490566
0 0.8598130841121495 0.03459119496855346 0.030373831775700934 0.05660377358490566
0 0.7289719626168224 0.5 0.05841121495327103 0.08176100628930817
0 0.2383177570093458 0.42452830188679247 0.05841121495327103 0.08176100628930817
0 0.5350467289719626 0.2578616352201258 0.04672897196261682 0.07547169811320754
0 0.5 0.05345911949685535 0.030373831775700934 0.05660377358490566
0 0.75 0.19811320754716982 0.04672897196261682 0.07547169811320754
0 0.9626168224299065 0.2641509433962264 0.04672897196261682 0.07547169811320754
0 0.7453271028037384 0.018867924528301886 0.030373831775700934 0.05660377358490566
0 0.5887850467289719 0.39622641509433965 0.0514018691588785 0.07861635220125786
0 0.6448598130841121 0.8710691823899371 0.09579439252336448 0.1792452830188679
0 0.9182242990654206 0.8930817610062893 0.09579439252336448 0.1792452830188679
0 0.397196261682243 0.5314465408805031 0.05841121495327103 0.08176100628930817
0 0.8364485981308412 0.9591194968553459 0.09579439252336448 0.1792452830188679
0 0.9392523364485982 0.21069182389937108 0.04672897196261682 0.07547169811320754
0 0.3037383177570093 0.8773584905660378 0.09579439252336448 0.1792452830188679
0 0.6612149532710281 0.5062893081761006 0.05841121495327103 0.08176100628930817
0 0.4672897196261682 0.18867924528301888 0.04672897196261682 0.07547169811320754
0 0.6425233644859814 0.1761006289308176 0.04672897196261682 0.07547169811320754
0 0.29906542056074764 0.08176100628930817 0.030373831775700934 0.05660377358490566
0 0.6962616822429907 0.8836477987421384 0.09579439252336448 0.1792452830188679
0 0.6822429906542056 0.5974842767295597 0.05841121495327103 0.08176100628930817
0 0.7990654205607477 0.4779874213836478 0.05841121495327103 0.08176100628930817
0 0.9742990654205608 0.32075471698113206 0.04672897196261682 0.07547169811320754
0 0.42289719626168226 0.025157232704402517 0.030373831775700934 0.05660377358490566
0 0.4158878504672897 0.7924528301886793 0.09579439252336448 0.1792452830188679
0 0.8107476635514018 0.7075471698113207 0.06775700934579439 0.10377358490566038
0 0.09345794392523364 0.006289308176100629 0.030373831775700934 0.05660377358490566
0 0.308411214953271 0.19811320754716982 0.04672897196261682 0.07547169811320754
0 0.19158878504672897 0.34591194968553457 0.04672897196261682 0.07547169811320754
0 0.13551401869158877 0.06918238993710692 0.030373831775700934 0.05660377358490566
0 0.8574766355140186 0.8616352201257862 0.09579439252336448 0.1792452830188679
0 0.5864485981308412 0.2610062893081761 0.04672897196261682 0.07547169811320754
0 0.4205607476635514 0.05660377358490566 0.030373831775700934 0.05660377358490566
0 0.5607476635514018 0.5628930817610063 0.05841121495327103 0.08176100628930817
0 0.1378504672897196 0.012578616352201259 0.030373831775700934 0.05660377358490566
0 0.8901869158878505 0.279874213836478 0.04672897196261682 0.07547169811320754
0 0.007009345794392523 0.46226415094339623 0.0514018691588785 0.07861635220125786
0 0.4322429906542056 0.2893081761006289 0.04672897196261682 0.07547169811320754
0 0.14953271028037382 0.48427672955974843 0.05841121495327103 0.08176100628930817
0 0.633177570093458 0.22012578616352202 0.04672897196261682 0.07547169811320754
0 0.24299065420560748 0.2169811320754717 0.04672897196261682 0.07547169811320754
0 0.19626168224299065 0.20754716981132076 0.04672897196261682 0.07547169811320754
0 0.26401869158878505 0.03773584905660377 0.030373831775700934 0.05660377358490566
0 0.6799065420560748 0.018867924528301886 0.030373831775700934 0.05660377358490566
0 0.3317757009345794 0.4779874213836478 0.05841121495327103 0.08176100628930817
0 0.4369158878504673 0.20440251572327045 0.04672897196261682 0.07547169811320754
0 0.04439252336448598 0.5440251572327044 0.05841121495327103 0.08176100628930817
0 0.8785046728971962 0.7044025157232704 0.07710280373831775 0.1289308176100629
0 0.6705607476635514 0.1949685534591195 0.04672897196261682 0.07547169811320754
0 0.397196261682243 0.27672955974842767 0.04672897196261682 0.07547169811320754
0 0.10046728971962617 0.330188679245283 0.04672897196261682 0.07547169811320754
0 0.1939252336448598 0.7672955974842768 0.09579439252336448 0.1792452830188679
0 0.26401869158878505 0.49056603773584906 0.05841121495327103 0.08176100628930817
0 0.3294392523364486 0.08490566037735849 0.030373831775700934 0.05660377358490566
0 0.05841121495327103 0.389937106918239 0.04672897196261682 0.07547169811320754
0 0.4602803738317757 0.5377358490566038 0.05841121495327103 0.08176100628930817
0 0.6518691588785047 0.015723270440251572 0.03271028037383177 0.059748427672955975
0 0.17289719626168223 0.10377358490566038 0.030373831775700934 0.05660377358490566
0 0.7827102803738317 0.12264150943396226 0.030373831775700934 0.05660377358490566
0 0.719626168224299 0.20125786163522014 0.04672897196261682 0.07547169811320754
