0 0.121875 0.48055555555555557 0.1 0.20277777777777778
0 0.390625 0.18611111111111112 0.0734375 0.15
0 0.2859375 0.40555555555555556 0.1 0.20277777777777778
0 0.5859375 0.4638888888888889 0.1 0.20277777777777778
0 0.084375 0.2361111111111111 0.0734375 0.15
0 0.8921875 0.21944444444444444 0.0734375 0.15
0 0.625 0.2611111111111111 0.0734375 0.15
0 0.7890625 0.5194444444444445 0.1 0.20277777777777778
0 0.4625 0.21944444444444444 0.0734375 0.15
0 0.7078125 0.16944444444444445 0.0734375 0.15
0 0.5640625 0.21666666666666667 0.0734375 0.15
0 0.503125 0.8083333333333333 0.1 0.2388888888888889
0 0.1875 0.2388888888888889 0.0734375 0.15
0 0.2359375 0.18888888888888888 0.0734375 0.15
