0 0.1517684887459807 0.5294117647058824 0.05980707395498392 0.11861137897782063
0 0.667524115755627 0.3944069431051109 0.028938906752411574 0.04918032786885246
0 0.0360128617363344 0.40790742526518803 0.030868167202572346 0.05400192864030858
0 0.5054662379421222 0.46287367405978785 0.05530546623794212 0.09643201542912247
0 0.48617363344051445 0.390549662487946 0.02765273311897106 0.04628736740597879
0 0.5266881028938907 0.3780135004821601 0.02765273311897106 0.04628736740597879
0 0.3909967845659164 0.3789778206364513 0.02765273311897106 0.04628736740597879
0 0.12797427652733118 0.4136933461909354 0.020578778135048232 0.044358727097396335
0 0.32540192926045014 0.4069431051108968 0.0360128617363344 0.08100289296046287
0 0.8913183279742766 0.43201542912246865 0.04565916398713826 0.10221793635486982
0 0.24694533762057877 0.4185149469623915 0.020578778135048232 0.044358727097396335
0 0.8128617363344052 0.3490838958534233 0.0180064308681672 0.02700096432015429
0 0.637299035369775 0.4030858244937319 0.028938906752411574 0.04918032786885246
0 0.2945337620578778 0.3866923818707811 0.020578778135048232 0.044358727097396335
0 0.6289389067524116 0.36933461909353904 0.028938906752411574 0.04918032786885246
0 0.28038585209003214 0.43297974927675986 0.020578778135048232 0.044358727097396335
0 0.6726688102893891 0.46287367405978785 0.028938906752411574 0.04918032786885246
0 0.5845659163987138 0.4030858244937319 0.028938906752411574 0.04918032786885246
0 0.32090032154340836 0.38476374156219867 0.021864951768488745 0.044358727097396335
0 0.06109324758842444 0.4223722275795564 0.030868167202572346 0.05400192864030858
0 0.797427652733119 0.4030858244937319 0.04501607717041801 0.08968177434908389
0 0.016720257234726688 0.4165863066538091 0.030868167202572346 0.05400192864030858
0 0.5048231511254019 0.3837994214079074 0.02765273311897106 0.04628736740597879
0 0.08488745980707396 0.420443587270974 0.030868167202572346 0.05400192864030858
0 0.842443729903537 0.38862102217936356 0.0180064308681672 0.02700096432015429
0 0.39807073954983924 0.49855351976856316 0.07652733118971061 0.18900675024108005
0 0.1832797427652733 0.4339440694310511 0.020578778135048232 0.044358727097396335
0 0.4379421221864952 0.39247830279652846 0.02765273311897106 0.04628736740597879
0 0.7485530546623794 0.4426229508196721 0.07266881028938907 0.12921890067502412
0 0.21672025723472668 0.4165863066538091 0.020578778135048232 0.044358727097396335
0 0.9016077170418006 0.3770491803278688 0.0180064308681672 0.02700096432015429
0 0.5639871382636656 0.5303760848601736 0.08810289389067524 0.1677917068466731
0 0.8488745980707395 0.45901639344262296 0.04565916398713826 0.10221793635486982
0 0.9118971061093247 0.5969141755062681 0.08681672025723473 0.14368370298939248
