0 0.37782640408460977 0.276 0.04449307075127644 0.096
0 0.4762946754194019 0.132 0.029905178701677606 0.08
0 0.650619985412108 0.22 0.04449307075127644 0.096
0 0.06564551422319474 0.15 0.029905178701677606 0.08
0 0.7957695113056164 0.182 0.029905178701677606 0.08
0 0.7476294675419402 0.322 0.04449307075127644 0.096
0 0.675419401896426 0.12 0.029905178701677606 0.08
0 0.08898614150255288 0.154 0.029905178701677606 0.08
0 0.8541210795040116 0.212 0.04449307075127644 0.096
0 0.2100656455142232 0.304 0.04449307075127644 0.096
0 0.13712618526622902 0.31 0.04449307075127644 0.096
0 0.5404814004376368 0.174 0.029905178701677606 0.08
0 0.29832239241429614 0.254 0.04449307075127644 0.096
0 0.3012399708242159 0.13 0.029905178701677606 0.08
0 0.4427425237053246 0.118 0.029905178701677606 0.08
0 0.6921954777534646 0.482 0.06783369803063458 0.164
0 0.08971553610503283 0.114 0.029905178701677606 0.08
0 0.5404814004376368 0.118 0.029905178701677606 0.08
0 0.10940919037199125 0.192 0.029905178701677606 0.08
0 0.10065645514223195 0.284 0.04449307075127644 0.096
0 0.26914660831509846 0.126 0.029905178701677606 0.08
0 0.46900072939460247 0.082 0.029905178701677606 0.08
0 0.8606856309263311 0.54 0.06783369803063458 0.164
0 0.5572574762946754 0.364 0.06783369803063458 0.164
0 0.29832239241429614 0.414 0.06783369803063458 0.164
0 0.14952589350838805 0.122 0.029905178701677606 0.08
0 0.525893508388038 0.258 0.04449307075127644 0.096
0 0.5280816921954777 0.22 0.04449307075127644 0.096
0 0.7892049598832969 0.098 0.029905178701677606 0.08
0 0.9263311451495259 0.176 0.029905178701677606 0.08
0 0.6360320933625091 0.096 0.029905178701677606 0.08
0 0.012399708242159009 0.328 0.06783369803063458 0.164
0 0.22975929978118162 0.276 0.04449307075127644 0.096
0 0.36542669584245074 0.216 0.04449307075127644 0.096
0 0.9175784099197666 0.05 0.037199124726477024 0.088
0 0.010211524434719184 0.18 0.03938730853391685 0.1
0 0.9190371991247265 0.106 0.029905178701677606 0.08
0 0.5098468271334792 0.452 0.06783369803063458 0.164
0 0.9146608315098468 0.386 0.06783369803063458 0.164
0 0.8227571115973742 0.102 0.029905178701677606 0.08
0 0.04011670313639679 0.164 0.029905178701677606 0.08
0 0.7855579868708972 0.238 0.04449307075127644 0.096
0 0.23413566739606126 0.13 0.029905178701677606 0.08
0 0.2698760029175784 0.356 0.06783369803063458 0.164
0 0.9146608315098468 0.3 0.04449307075127644 0.096
0 0.34062727935813275 0.172 0.029905178701677606 0.08
0 0.2137126185266229 0.428 0.06783369803063458 0.164
0 0.3413566739606127 0.088 0.029905178701677606 0.08
0 0.5010940919037199 0.156 0.029905178701677606 0.08
0 0.22538293216630198 0.094 0.029905178701677606 0.08
0 0.5441283734500365 0.046 0.03355215171407731 0.084
0 0.20714806710430342 0.152 0.029905178701677606 0.08
0 0.7549234135667396 0.074 0.029905178701677606 0.08
0 0.9679066374908826 0.094 0.046681254558716266 0.108
0 0.37636761487964987 0.1 0.029905178701677606 0.08
0 0.7724288840262582 0.14 0.029905178701677606 0.08
0 0.762217359591539 0.114 0.029905178701677606 0.08
0 0.6301969365426696 0.096 0.029905178701677606 0.08
0 0.986870897155361 0.094 0.046681254558716266 0.108
