0 0.7902439024390244 0.12895377128953772 0.032520325203252036 0.04866180048661801
0 0.6926829268292682 0.9805352798053528 0.03414634146341464 0.051094890510948905
0 0.7479674796747967 0.9829683698296837 0.03414634146341464 0.051094890510948905
0 0.7804878048780488 0.004866180048661801 0.032520325203252036 0.04866180048661801
0 0.5414634146341464 0.145985401459854 0.032520325203252036 0.04866180048661801
0 0.767479674796748 0.8978102189781022 0.03414634146341464 0.051094890510948905
0 0.5609756097560976 0.6739659367396593 0.032520325203252036 0.046228710462287104
0 0.5983739837398374 0.5231143552311436 0.032520325203252036 0.04866180048661801
0 0.8878048780487805 0.5815085158150851 0.032520325203252036 0.046228710462287104
0 0.5073170731707317 0.45498783454987834 0.032520325203252036 0.04866180048661801
0 0.9349593495934959 0.5863746958637469 0.032520325203252036 0.046228710462287104
0 0.1983739837398374 0.5474452554744526 0.032520325203252036 0.046228710462287104
0 0.8406504065040651 0.5912408759124088 0.032520325203252036 0.046228710462287104
0 0.3951219512195122 0.9221411192214112 0.03414634146341464 0.051094890510948905
0 0.07479674796747968 0.3381995133819951 0.032520325203252036 0.04866180048661801
0 0.34959349593495936 0.7420924574209246 0.032520325203252036 0.046228710462287104
0 0.8764227642276423 0.2725060827250608 0.032520325203252036 0.04866180048661801
0 0.08455284552845528 0.5644768856447688 0.032520325203252036 0.046228710462287104
0 0.03902439024390244 0.18248175182481752 0.032520325203252036 0.04866180048661801
0 0.24390243902439024 0.34306569343065696 0.032520325203252036 0.04866180048661801
0 0.27479674796747966 0.8880778588807786 0.03414634146341464 0.051094890510948905
0 0.9024390243902439 0.20681265206812652 0.032520325203252036 0.04866180048661801
0 0.05365853658536585 0.9513381995133819 0.03414634146341464 0.051094890510948905
0 0.07317073170731707 0.7347931873479319 0.032520325203252036 0.046228710462287104
0 0.23739837398373984 0.15815085158150852 0.032520325203252036 0.04866180048661801
0 0.8682926829268293 0.9829683698296837 0.03414634146341464 0.051094890510948905
0 0.24552845528455283 0.8564476885644768 0.032520325203252036 0.046228710462287104
0 0.33170731707317075 0.24574209245742093 0.032520325203252036 0.04866180048661801
0 0.9024390243902439 0.9708029197080292 0.03414634146341464 0.051094890510948905
0 0.43577235772357725 0.7153284671532847 0.032520325203252036 0.046228710462287104
0 0.432520325203252 0.07542579075425791 0.032520325203252036 0.04866180048661801
0 0.7495934959349594 0.19708029197080293 0.032520325203252036 0.04866180048661801
0 0.583739837398374 0.06082725060827251 0.032520325203252036 0.04866180048661801
0 0.45365853658536587 0.45255474452554745 0.032520325203252036 0.04866180048661801
0 0.6487804878048781 0.29927007299270075 0.032520325203252036 0.04866180048661801
0 0.4585365853658537 0.29927007299270075 0.032520325203252036 0.04866180048661801
0 0.4845528455284553 0.15328467153284672 0.032520325203252036 0.04866180048661801
0 0.18536585365853658 0.708029197080292 0.032520325203252036 0.046228710462287104
0 0.8439024390243902 0.1922141119221411 0.032520325203252036 0.04866180048661801
0 0.35609756097560974 0.15571776155717762 0.032520325203252036 0.04866180048661801
0 0.7121951219512195 0.5036496350364964 0.032520325203252036 0.04866180048661801
0 0.008130081300813009 0.948905109489051 0.03414634146341464 0.051094890510948905
0 0.383739837398374 0.09245742092457421 0.032520325203252036 0.04866180048661801
0 0.5121951219512195 0.6885644768856448 0.032520325203252036 0.046228710462287104
0 0.5642276422764227 0.44038929440389296 0.032520325203252036 0.04866180048661801
0 0.510569105691057 0.31143552311435524 0.032520325203252036 0.04866180048661801
0 0.14308943089430895 0.2798053527980535 0.032520325203252036 0.04866180048661801
0 0.13983739837398373 0.559610705596107 0.032520325203252036 0.046228710462287104
0 0.06341463414634146 0.49635036496350365 0.032520325203252036 0.04866180048661801
0 0.9528455284552846 0.4793187347931874 0.032520325203252036 0.04866180048661801
0 0.8357723577235773 0.49878345498783455 0.032520325203252036 0.04866180048661801
0 0.6878048780487804 0.6058394160583942 0.032520325203252036 0.046228710462287104
0 0.11544715447154472 0.17761557177615572 0.032520325203252036 0.04866180048661801
0 0.7414634146341463 0.7420924574209246 0.032520325203252036 0.046228710462287104
0 0.5203252032520326 0.5985401459854015 0.032520325203252036 0.046228710462287104
0 0.7544715447154472 0.8588807785888077 0.032520325203252036 0.046228710462287104
0 0.8975609756097561 0.7518248175182481 0.032520325203252036 0.046228710462287104
0 0.5642276422764227 0.38929440389294406 0.032520325203252036 0.04866180048661801
0 0.04715447154471545 0.40389294403892945 0.032520325203252036 0.04866180048661801
0 0.6926829268292682 0.2384428223844282 0.032520325203252036 0.04866180048661801
0 0.9300813008130081 0.41119221411192214 0.032520325203252036 0.04866180048661801
0 0.41788617886178864 0.41849148418491483 0.032520325203252036 0.04866180048661801
0 0.624390243902439 0.8734793187347932 0.03414634146341464 0.051094890510948905
0 0.13658536585365855 0.3333333333333333 0.032520325203252036 0.04866180048661801
0 0.3333333333333333 0.38686131386861317 0.032520325203252036 0.04866180048661801
0 0.8520325203252033 0.3333333333333333 0.032520325203252036 0.04866180048661801
0 0.6211382113821138 0.44282238442822386 0.032520325203252036 0.04866180048661801
0 0.1040650406504065 0.41605839416058393 0.032520325203252036 0.04866180048661801
0 0.6959349593495935 0.7469586374695864 0.032520325203252036 0.046228710462287104
0 0.6715447154471544 0.6520681265206812 0.032520325203252036 0.046228710462287104
0 0.967479674796748 0.9659367396593674 0.03414634146341464 0.051094890510948905
0 0.06504065040650407 0.8710462287104623 0.03414634146341464 0.051094890510948905
0 0.791869918699187 0.8978102189781022 0.03414634146341464 0.051094890510948905
0 0.2048780487804878 0.40632603406326034 0.032520325203252036 0.04866180048661801
0 0.8097560975609757 0.9343065693430657 0.03414634146341464 0.051094890510948905
0 0.2926829268292683 0.40389294403892945 0.032520325203252036 0.04866180048661801
0 0.13658536585365855 0.09732360097323602 0.032520325203252036 0.04866180048661801
0 0.0975609756097561 0.6642335766423357 0.032520325203252036 0.046228710462287104
0 0.2813008130081301 0.3333333333333333 0.032520325203252036 0.04866180048661801
0 0.34471544715447155 0.45012165450121655 0.032520325203252036 0.04866180048661801
0 0.6650406504065041 0.8880778588807786 0.03414634146341464 0.051094890510948905
0 0.45203252032520325 0.8588807785888077 0.032520325203252036 0.046228710462287104
0 0.7821138211382114 0.3284671532846715 0.032520325203252036 0.04866180048661801
0 0.5121951219512195 0.06569343065693431 0.032520325203252036 0.04866180048661801
0 0.6829268292682927 0.36253041362530414 0.032520325203252036 0.04866180048661801
0 0.5560975609756098 0.8321167883211679 0.032520325203252036 0.046228710462287104
0 0.14146341463414633 0.8686131386861314 0.03414634146341464 0.051094890510948905
0 0.4682926829268293 0.681265206812652 0.032520325203252036 0.046228710462287104
0 0.026016260162601626 0.5279805352798054 0.032520325203252036 0.04866180048661801
0 0.8 0.4257907542579075 0.032520325203252036 0.04866180048661801
0 0.36097560975609755 0.829683698296837 0.032520325203252036 0.046228710462287104
0 0.4682926829268293 0.8686131386861314 0.03414634146341464 0.051094890510948905
0 0.5707317073170731 0.6058394160583942 0.032520325203252036 0.046228710462287104
0 0.1951219512195122 0.9124087591240876 0.03414634146341464 0.051094890510948905
0 0.45691056910569106 0.6253041362530414 0.032520325203252036 0.046228710462287104
0 0.16260162601626016 0.48175182481751827 0.032520325203252036 0.04866180048661801
0 0.7121951219512195 0.8491484184914841 0.032520325203252036 0.046228710462287104
0 0.7495934959349594 0.8223844282238443 0.032520325203252036 0.046228710462287104
0 0.9528455284552846 0.2116788321167883 0.032520325203252036 0.04866180048661801
0 0.5495934959349593 0.2141119221411192 0.032520325203252036 0.04866180048661801
0 0.17398373983739837 0.9075425790754258 0.03414634146341464 0.051094890510948905
0 0.3934959349593496 0.732360097323601 0.032520325203252036 0.046228710462287104
0 0.25691056910569104 0.6399026763990268 0.032520325203252036 0.046228710462287104
0 0.4926829268292683 0.8369829683698297 0.032520325203252036 0.046228710462287104
0 0.8308943089430895 0.3819951338199513 0.032520325203252036 0.04866180048661801
0 0.28292682926829266 0.22627737226277372 0.032520325203252036 0.04866180048661801
0 0.7333333333333333 0.6009732360097324 0.032520325203252036 0.046228710462287104
0 0.6455284552845528 0.7031630170316302 0.032520325203252036 0.046228710462287104
0 0.2991869918699187 0.14841849148418493 0.032520325203252036 0.04866180048661801
0 0.9398373983739837 0.11678832116788321 0.032520325203252036 0.04866180048661801
0 0.4878048780487805 0.5231143552311436 0.032520325203252036 0.04866180048661801
0 0.07804878048780488 0.26277372262773724 0.032520325203252036 0.04866180048661801
0 0.22601626016260162 0.4768856447688564 0.032520325203252036 0.04866180048661801
0 0.28780487804878047 0.7664233576642335 0.032520325203252036 0.046228710462287104
0 0.5073170731707317 0.38929440389294406 0.032520325203252036 0.04866180048661801
0 0.8747967479674796 0.12408759124087591 0.032520325203252036 0.04866180048661801
0 0.9349593495934959 0.27007299270072993 0.032520325203252036 0.04866180048661801
0 0.23252032520325203 0.9124087591240876 0.03414634146341464 0.051094890510948905
0 0.06666666666666667 0.927007299270073 0.03414634146341464 0.051094890510948905
0 0.8569105691056911 0.8491484184914841 0.032520325203252036 0.046228710462287104
0 0.3089430894308943 0.5474452554744526 0.032520325203252036 0.046228710462287104
0 0.032520325203252036 0.3357664233576642 0.032520325203252036 0.04866180048661801
0 0.3804878048780488 0.5425790754257908 0.032520325203252036 0.046228710462287104
0 0.191869918699187 0.2749391727493917 0.032520325203252036 0.04866180048661801
0 0.816260162601626 0.23357664233576642 0.032520325203252036 0.04866180048661801
0 0.6341463414634146 0.6009732360097324 0.032520325203252036 0.046228710462287104
0 0.3252032520325203 0.09002433090024331 0.032520325203252036 0.04866180048661801
0 0.40487804878048783 0.8345498783454988 0.032520325203252036 0.046228710462287104
0 0.5609756097560976 0.30413625304136255 0.032520325203252036 0.04866180048661801
0 0.9186991869918699 0.8491484184914841 0.032520325203252036 0.046228710462287104
0 0.21951219512195122 0.2822384428223844 0.032520325203252036 0.04866180048661801
0 0.3821138211382114 0.902676399026764 0.03414634146341464 0.051094890510948905
0 0.3934959349593496 0.6204379562043796 0.032520325203252036 0.046228710462287104
0 0.9040650406504065 0.8394160583941606 0.032520325203252036 0.046228710462287104
0 0.011382113821138212 0.8978102189781022 0.03414634146341464 0.051094890510948905
0 0.5853658536585366 0.1435523114355231 0.032520325203252036 0.04866180048661801
0 0.7284552845528456 0.0340632603406326 0.032520325203252036 0.04866180048661801
0 0.4113821138211382 0.17761557177615572 0.032520325203252036 0.04866180048661801
0 0.43902439024390244 0.14841849148418493 0.032520325203252036 0.04866180048661801
0 0.8943089430894309 0.49391727493917276 0.032520325203252036 0.04866180048661801
0 0.21300813008130082 0.8856447688564477 0.03414634146341464 0.051094890510948905
0 0.08943089430894309 0.13381995133819952 0.032520325203252036 0.04866180048661801
0 0.8536585365853658 0.9075425790754258 0.03414634146341464 0.051094890510948905
0 0.6617886178861788 0.8442822384428224 0.032520325203252036 0.046228710462287104
0 0.775609756097561 0.5036496350364964 0.032520325203252036 0.04866180048661801
0 0.02926829268292683 0.5693430656934306 0.032520325203252036 0.046228710462287104
0 0.15772357723577235 0.41605839416058393 0.032520325203252036 0.04866180048661801
0 0.9886178861788618 0.8150851581508516 0.032520325203252036 0.046228710462287104
0 0.11382113821138211 0.48661800486618007 0.032520325203252036 0.04866180048661801
0 0.9235772357723577 0.9659367396593674 0.03414634146341464 0.051094890510948905
0 0.15609756097560976 0.9391727493917275 0.03414634146341464 0.051094890510948905
0 0.13008130081300814 0.6739659367396593 0.032520325203252036 0.046228710462287104
0 0.24227642276422764 0.2773722627737226 0.032520325203252036 0.04866180048661801
0 0.5983739837398374 0.30900243309002434 0.032520325203252036 0.04866180048661801
0 0.3284552845528455 0.7493917274939172 0.032520325203252036 0.046228710462287104
0 0.056910569105691054 0.635036496350365 0.032520325203252036 0.046228710462287104
0 0.6146341463414634 0.22871046228710462 0.032520325203252036 0.04866180048661801
0 0.4065040650406504 0.45985401459854014 0.032520325203252036 0.04866180048661801
0 0.2016260162601626 0.3333333333333333 0.032520325203252036 0.04866180048661801
0 0.16260162601626016 0.17761557177615572 0.032520325203252036 0.04866180048661801
0 0.24552845528455283 0.7055961070559611 0.032520325203252036 0.046228710462287104
0 0.6764227642276422 0.44038929440389296 0.032520325203252036 0.04866180048661801
0 0.016260162601626018 0.6763990267639902 0.032520325203252036 0.046228710462287104
0 0.7967479674796748 0.32116788321167883 0.032520325203252036 0.04866180048661801
0 0.3284552845528455 0.8734793187347932 0.03414634146341464 0.051094890510948905
0 0.6894308943089431 0.8686131386861314 0.03414634146341464 0.051094890510948905
0 0.35284552845528455 0.7737226277372263 0.032520325203252036 0.046228710462287104
0 0.3252032520325203 0.6204379562043796 0.032520325203252036 0.046228710462287104
0 0.2975609756097561 0.09975669099756691 0.032520325203252036 0.04866180048661801
0 0.022764227642276424 0.009732360097323601 0.032520325203252036 0.04866180048661801
0 0.6048780487804878 0.781021897810219 0.032520325203252036 0.046228710462287104
0 0.526829268292683 0.537712895377129 0.032520325203252036 0.04866180048661801
0 0.3934959349593496 0.39416058394160586 0.032520325203252036 0.04866180048661801
0 0.44227642276422763 0.23357664233576642 0.032520325203252036 0.04866180048661801
0 0.7886178861788617 0.9659367396593674 0.03414634146341464 0.051094890510948905
0 0.8357723577235773 0.732360097323601 0.032520325203252036 0.046228710462287104
0 0.2943089430894309 0.4744525547445255 0.032520325203252036 0.04866180048661801
0 0.9463414634146341 0.7566909975669099 0.032520325203252036 0.046228710462287104
0 0.432520325203252 0.38929440389294406 0.032520325203252036 0.04866180048661801
0 0.030894308943089432 0.7566909975669099 0.032520325203252036 0.046228710462287104
0 0.16747967479674797 0.878345498783455 0.03414634146341464 0.051094890510948905
0 0.11544715447154472 0.9416058394160584 0.03414634146341464 0.051094890510948905
0 0.5609756097560976 0.9343065693430657 0.03414634146341464 0.051094890510948905
0 0.02113821138211382 0.8832116788321168 0.03414634146341464 0.051094890510948905
0 0.12682926829268293 0.7201946472019465 0.032520325203252036 0.046228710462287104
0 0.6634146341463415 0.5279805352798054 0.032520325203252036 0.04866180048661801
0 0.9447154471544715 0.9610705596107056 0.03414634146341464 0.051094890510948905
0 0.42601626016260163 0.8321167883211679 0.032520325203252036 0.046228710462287104
0 0.16097560975609757 0.6326034063260341 0.032520325203252036 0.046228710462287104
0 0.567479674796748 0.8661800486618005 0.032520325203252036 0.046228710462287104
0 0.5008130081300813 0.22384428223844283 0.032520325203252036 0.04866180048661801
0 0.8601626016260162 0.7274939172749392 0.032520325203252036 0.046228710462287104
0 0.6861788617886179 0.9805352798053528 0.03414634146341464 0.051094890510948905
0 0.7886178861788617 0.5863746958637469 0.032520325203252036 0.046228710462287104
0 0.7089430894308943 0.8929440389294404 0.03414634146341464 0.051094890510948905
0 0.7252032520325203 0.12895377128953772 0.032520325203252036 0.04866180048661801
0 0.9723577235772358 0.5717761557177615 0.032520325203252036 0.046228710462287104
0 0.3284552845528455 0.30900243309002434 0.032520325203252036 0.04866180048661801
0 0.04878048780487805 0.11192214111922141 0.032520325203252036 0.04866180048661801
0 0.9528455284552846 0.7226277372262774 0.032520325203252036 0.046228710462287104
0 0.7300813008130081 0.2895377128953771 0.032520325203252036 0.04866180048661801
0 0.03577235772357724 0.2895377128953771 0.032520325203252036 0.04866180048661801
0 0.2552845528455285 0.41362530413625304 0.032520325203252036 0.04866180048661801
0 0.22764227642276422 0.6472019464720195 0.032520325203252036 0.046228710462287104
0 0.3902439024390244 0.23114355231143552 0.032520325203252036 0.04866180048661801
0 0.6455284552845528 0.1386861313868613 0.032520325203252036 0.04866180048661801
0 0.8943089430894309 0.6472019464720195 0.032520325203252036 0.046228710462287104
0 0.24878048780487805 0.5401459854014599 0.032520325203252036 0.04866180048661801
0 0.9154471544715447 0.3381995133819951 0.032520325203252036 0.04866180048661801
0 0.6439024390243903 0.36739659367396593 0.032520325203252036 0.04866180048661801
0 0.5203252032520326 0.902676399026764 0.03414634146341464 0.051094890510948905
0 0.6032520325203252 0.6934306569343066 0.032520325203252036 0.046228710462287104
0 0.8 0.7347931873479319 0.032520325203252036 0.046228710462287104
0 0.8520325203252033 0.4233576642335766 0.032520325203252036 0.04866180048661801
0 0.4 0.30413625304136255 0.032520325203252036 0.04866180048661801
0 0.4878048780487805 0.8734793187347932 0.03414634146341464 0.051094890510948905
0 0.8845528455284553 0.8004866180048662 0.032520325203252036 0.046228710462287104
0 0.0032520325203252032 0.19708029197080293 0.032520325203252036 0.04866180048661801
0 0.8130081300813008 0.8199513381995134 0.032520325203252036 0.046228710462287104
0 0.9853658536585366 0.26277372262773724 0.032520325203252036 0.04866180048661801
0 0.5382113821138211 0.8491484184914841 0.032520325203252036 0.046228710462287104
0 0.08943089430894309 0.9659367396593674 0.03414634146341464 0.051094890510948905
0 0.3642276422764228 0.8710462287104623 0.03414634146341464 0.051094890510948905
0 0.7317073170731707 0.36009732360097324 0.032520325203252036 0.04866180048661801
