0 0.8134765625 0.27842809364548493 0.01953125 0.0451505016722408
0 0.25244140625 0.2633779264214047 0.02490234375 0.046822742474916385
0 0.01123046875 0.34698996655518394 0.02490234375 0.056856187290969896
0 0.208984375 0.28678929765886285 0.02197265625 0.042642140468227424
0 0.109375 0.033444816053511704 0.0126953125 0.025919732441471572
0 0.81591796875 0.3536789297658863 0.02490234375 0.056856187290969896
0 0.58056640625 0.5342809364548495 0.0498046875 0.10785953177257525
0 0.91552734375 0.25 0.02392578125 0.05518394648829431
0 0.767578125 0.11705685618729098 0.013671875 0.03177257525083612
0 0.06494140625 0.3377926421404682 0.02490234375 0.056856187290969896
0 0.271484375 0.2717391304347826 0.02490234375 0.046822742474916385
0 0.7578125 0.07107023411371237 0.013671875 0.03177257525083612
0 0.26171875 0.09197324414715718 0.013671875 0.028428093645484948
0 0.4814453125 0.10451505016722408 0.01416015625 0.025919732441471572
0 0.22802734375 0.046822742474916385 0.013671875 0.028428093645484948
0 0.9873046875 0.31438127090301005 0.02392578125 0.05518394648829431
0 0.38671875 0.07525083612040134 0.013671875 0.028428093645484948
0 0.08154296875 0.13210702341137123 0.01953125 0.04180602006688963
0 0.48388671875 0.31270903010033446 0.10498046875 0.20735785953177258
0 0.732421875 0.13795986622073578 0.013671875 0.03177257525083612
0 0.37939453125 0.023411371237458192 0.013671875 0.028428093645484948
0 0.9296875 0.12959866220735786 0.013671875 0.03177257525083612
0 0.0029296875 0.0903010033444816 0.0107421875 0.019230769230769232
0 0.04833984375 0.1362876254180602 0.01953125 0.04180602006688963
0 0.1845703125 0.35451505016722407 0.02490234375 0.056856187290969896
0 0.294921875 0.029264214046822744 0.013671875 0.028428093645484948
0 0.1728515625 0.2408026755852843 0.02197265625 0.042642140468227424
0 0.8193359375 0.12290969899665552 0.013671875 0.03177257525083612
0 0.72705078125 0.13377926421404682 0.013671875 0.03177257525083612
0 0.208984375 0.22324414715719063 0.02197265625 0.042642140468227424
0 0.7421875 0.056020066889632104 0.013671875 0.03177257525083612
0 0.365234375 0.41722408026755853 0.02490234375 0.056856187290969896
0 0.45166015625 0.12876254180602006 0.01953125 0.04180602006688963
0 0.5791015625 0.0033444816053511705 0.013671875 0.021739130434782608
0 0.23681640625 0.19899665551839466 0.02197265625 0.042642140468227424
0 0.93603515625 0.06605351170568562 0.013671875 0.03177257525083612
0 0.18017578125 0.3419732441471572 0.02490234375 0.056856187290969896
0 0.5625 0.09448160535117058 0.01416015625 0.025919732441471572
0 0.470703125 0.17642140468227424 0.01318359375 0.033444816053511704
0 0.5908203125 0.19230769230769232 0.0166015625 0.038461538461538464
0 0.63037109375 0.15719063545150502 0.0166015625 0.038461538461538464
0 0.81591796875 0.1806020066889632 0.0166015625 0.038461538461538464
0 0.8857421875 0.10618729096989966 0.013671875 0.03177257525083612
0 0.80224609375 0.00919732441471572 0.01123046875 0.024247491638795988
0 0.2177734375 0.13210702341137123 0.01953125 0.04180602006688963
0 0.5400390625 0.47157190635451507 0.0498046875 0.10785953177257525
0 0.6416015625 0.47408026755852845 0.0498046875 0.10785953177257525
0 0.091796875 0.06521739130434782 0.0126953125 0.025919732441471572
0 0.3173828125 0.6295986622073578 0.0498046875 0.10785953177257525
0 0.42431640625 0.31438127090301005 0.02490234375 0.056856187290969896
0 0.54150390625 0.24414715719063546 0.02490234375 0.046822742474916385
0 0.6455078125 0.26421404682274247 0.01953125 0.0451505016722408
0 0.30419921875 0.05518394648829431 0.013671875 0.028428093645484948
0 0.1875 0.046822742474916385 0.013671875 0.028428093645484948
0 0.68603515625 0.12709030100334448 0.01416015625 0.025919732441471572
0 0.85400390625 0.31187290969899667 0.02490234375 0.056856187290969896
0 0.068359375 0.03762541806020067 0.0126953125 0.025919732441471572
0 0.8505859375 0.09782608695652174 0.013671875 0.03177257525083612
0 0.38818359375 0.5158862876254181 0.0322265625 0.08193979933110368
0 0.5908203125 0.12959866220735786 0.01416015625 0.025919732441471572
0 0.70849609375 0.11371237458193979 0.013671875 0.03177257525083612
0 0.2734375 0.4540133779264214 0.0498046875 0.10785953177257525
0 0.54150390625 0.06354515050167224 0.01416015625 0.025919732441471572
0 0.80615234375 0.4506688963210702 0.033203125 0.07775919732441472
0 0.64697265625 0.16471571906354515 0.0166015625 0.038461538461538464
0 0.3369140625 0.24665551839464883 0.02490234375 0.046822742474916385
0 0.3662109375 0.05016722408026756 0.013671875 0.028428093645484948
0 0.81591796875 0.08361204013377926 0.013671875 0.03177257525083612
0 0.05078125 0.22157190635451504 0.02197265625 0.042642140468227424
0 0.6982421875 0.4230769230769231 0.02490234375 0.056856187290969896
0 0.86181640625 0.23244147157190637 0.02392578125 0.05518394648829431
0 0.9208984375 0.4498327759197324 0.033203125 0.07775919732441472
0 0.96630859375 0.5819397993311036 0.0498046875 0.10785953177257525
0 0.51513671875 0.021739130434782608 0.01123046875 0.024247491638795988
0 0.96875 0.2382943143812709 0.02392578125 0.05518394648829431
0 0.2978515625 0.08528428093645485 0.013671875 0.028428093645484948
0 0.01416015625 0.270066889632107 0.02197265625 0.042642140468227424
0 0.6396484375 0.09113712374581939 0.01416015625 0.025919732441471572
0 0.6162109375 0.09698996655518395 0.01416015625 0.025919732441471572
0 0.791015625 0.1688963210702341 0.0166015625 0.038461538461538464
0 0.74658203125 0.20819397993311037 0.01953125 0.0451505016722408
0 0.65869140625 0.20652173913043478 0.01953125 0.0451505016722408
0 0.314453125 0.004180602006688963 0.013671875 0.021739130434782608
0 0.52099609375 0.19230769230769232 0.0166015625 0.038461538461538464
0 0.86669921875 0.08277591973244147 0.013671875 0.03177257525083612
0 0.2578125 0.0451505016722408 0.013671875 0.028428093645484948
0 0.56591796875 0.31438127090301005 0.02490234375 0.056856187290969896
0 0.24169921875 0.09782608695652174 0.013671875 0.028428093645484948
0 0.4931640625 0.08612040133779264 0.01416015625 0.025919732441471572
0 0.68115234375 0.23076923076923078 0.01953125 0.0451505016722408
0 0.09716796875 0.3294314381270903 0.02490234375 0.056856187290969896
0 0.64501953125 0.10033444816053512 0.01416015625 0.025919732441471572
0 0.2802734375 0.20652173913043478 0.01953125 0.04180602006688963
0 0.3427734375 0.023411371237458192 0.013671875 0.028428093645484948
0 0.02685546875 0.1479933110367893 0.01953125 0.04180602006688963
0 0.1005859375 0.2683946488294314 0.02197265625 0.042642140468227424
0 0.42431640625 0.10953177257525083 0.01416015625 0.025919732441471572
0 0.2587890625 0.19230769230769232 0.01953125 0.04180602006688963
0 0.125 0.22324414715719063 0.02197265625 0.042642140468227424
0 0.3662109375 0.0 0.013671875 0.021739130434782608
0 0.712890625 0.5668896321070234 0.0498046875 0.10785953177257525
0 0.35595703125 0.07441471571906355 0.013671875 0.028428093645484948
0 0.9306640625 0.362876254180602 0.02490234375 0.056856187290969896
0 0.6533203125 0.05518394648829431 0.01416015625 0.025919732441471572
0 0.14404296875 0.17307692307692307 0.01953125 0.04180602006688963
0 0.1279296875 0.1705685618729097 0.01953125 0.04180602006688963
0 0.365234375 0.25585284280936454 0.02490234375 0.046822742474916385
0 0.708984375 0.2265886287625418 0.01953125 0.0451505016722408
0 0.07861328125 0.15802675585284282 0.01953125 0.04180602006688963
0 0.15234375 0.04013377926421405 0.0126953125 0.025919732441471572
0 0.4482421875 0.04598662207357859 0.01416015625 0.025919732441471572
0 0.1923828125 0.09866220735785954 0.013671875 0.028428093645484948
0 0.16748046875 0.13377926421404682 0.01953125 0.04180602006688963
0 0.765625 0.2633779264214047 0.01953125 0.0451505016722408
0 0.58935546875 0.03678929765886288 0.01123046875 0.024247491638795988
0 0.55615234375 0.1354515050167224 0.01416015625 0.025919732441471572
0 0.72021484375 0.005852842809364548 0.01123046875 0.024247491638795988
0 0.5751953125 0.2516722408026756 0.02490234375 0.046822742474916385
0 0.43701171875 0.08361204013377926 0.01416015625 0.025919732441471572
0 0.95361328125 0.052675585284280936 0.013671875 0.03177257525083612
0 0.10009765625 0.010033444816053512 0.0126953125 0.025919732441471572
0 0.59423828125 0.052675585284280936 0.01416015625 0.025919732441471572
0 0.97998046875 0.12290969899665552 0.013671875 0.03177257525083612
0 0.6279296875 0.3168896321070234 0.02490234375 0.056856187290969896
0 0.646484375 0.5551839464882943 0.0498046875 0.10785953177257525
0 0.7783203125 0.10785953177257525 0.013671875 0.03177257525083612
0 0.73681640625 0.34782608695652173 0.02490234375 0.056856187290969896
0 0.16650390625 0.3511705685618729 0.02490234375 0.056856187290969896
0 0.42724609375 0.24331103678929766 0.02490234375 0.046822742474916385
0 0.13623046875 0.5535117056856187 0.0302734375 0.07274247491638795
0 0.20556640625 0.0451505016722408 0.013671875 0.028428093645484948
0 0.86767578125 0.1705685618729097 0.0166015625 0.038461538461538464
0 0.47607421875 0.03511705685618729 0.01123046875 0.024247491638795988
0 0.14794921875 0.061036789297658864 0.0126953125 0.025919732441471572
0 0.86083984375 0.02508361204013378 0.01123046875 0.024247491638795988
0 0.61181640625 0.40468227424749165 0.02490234375 0.056856187290969896
0 0.125 0.08946488294314381 0.0126953125 0.025919732441471572
0 0.69482421875 0.07107023411371237 0.01416015625 0.025919732441471572
0 0.5419921875 0.0016722408026755853 0.013671875 0.021739130434782608
0 0.68505859375 0.16387959866220736 0.0166015625 0.038461538461538464
0 0.857421875 0.4389632107023411 0.033203125 0.07775919732441472
0 0.2763671875 0.14381270903010032 0.01953125 0.04180602006688963
0 0.04052734375 0.046822742474916385 0.0126953125 0.025919732441471572
0 0.322265625 0.05518394648829431 0.013671875 0.028428093645484948
0 0.72119140625 0.26672240802675584 0.01953125 0.0451505016722408
0 0.6220703125 0.14297658862876253 0.0166015625 0.038461538461538464
0 0.51025390625 0.09866220735785954 0.01416015625 0.025919732441471572
0 0.7236328125 0.06856187290969899 0.013671875 0.03177257525083612
0 0.08447265625 0.6304347826086957 0.02783203125 0.0677257525083612
0 0.37841796875 0.16220735785953178 0.01953125 0.04180602006688963
0 0.2685546875 0.3403010033444816 0.02490234375 0.056856187290969896
0 0.2880859375 0.2692307692307692 0.02490234375 0.046822742474916385
0 0.33203125 0.09448160535117058 0.013671875 0.028428093645484948
0 0.39501953125 0.11538461538461539 0.013671875 0.028428093645484948
0 0.31103515625 0.24163879598662208 0.02490234375 0.046822742474916385
0 0.58154296875 0.1939799331103679 0.0166015625 0.038461538461538464
0 0.61572265625 0.026755852842809364 0.01123046875 0.024247491638795988
0 0.58984375 0.08862876254180602 0.01416015625 0.025919732441471572
0 0.521484375 0.005016722408026756 0.01123046875 0.024247491638795988
0 0.54736328125 0.18561872909698995 0.0166015625 0.038461538461538464
0 0.29296875 0.15384615384615385 0.01953125 0.04180602006688963
0 0.42236328125 0.18227424749163879 0.01953125 0.04180602006688963
0 0.3447265625 0.13294314381270902 0.01953125 0.04180602006688963
0 0.91162109375 0.17809364548494983 0.0166015625 0.038461538461538464
0 0.62890625 0.22073578595317725 0.01953125 0.0451505016722408
0 0.65966796875 0.01254180602006689 0.01123046875 0.024247491638795988
0 0.74365234375 0.011705685618729096 0.01123046875 0.024247491638795988
0 0.97802734375 0.17892976588628762 0.0166015625 0.038461538461538464
0 0.8701171875 0.5903010033444817 0.0498046875 0.10785953177257525
0 0.044921875 0.4531772575250836 0.0302734375 0.07274247491638795
0 0.51318359375 0.1488294314381271 0.0166015625 0.038461538461538464
0 0.55859375 0.042642140468227424 0.01416015625 0.025919732441471572
0 0.51025390625 0.05936454849498328 0.01416015625 0.025919732441471572
