0 0.17687074829931973 0.7612244897959184 0.04353741496598639 0.08979591836734693
0 0.508843537414966 0.5673469387755102 0.014965986394557823 0.02040816326530612
0 0.817687074829932 0.7693877551020408 0.04353741496598639 0.08979591836734693
0 0.6530612244897959 0.5102040816326531 0.0027210884353741495 0.0
0 0.7659863945578231 0.8183673469387756 0.04353741496598639 0.08979591836734693
0 0.17959183673469387 0.5469387755102041 0.014965986394557823 0.02040816326530612
0 0.8244897959183674 0.6693877551020408 0.03537414965986395 0.0673469387755102
0 0.6598639455782312 0.763265306122449 0.04353741496598639 0.08979591836734693
0 0.9523809523809523 0.5265306122448979 0.0027210884353741495 0.0
0 0.654421768707483 0.5653061224489796 0.014965986394557823 0.02040816326530612
0 0.48435374149659866 0.5183673469387755 0.0027210884353741495 0.0
0 0.8503401360544217 0.5469387755102041 0.014965986394557823 0.02040816326530612
0 0.48299319727891155 0.5775510204081633 0.014965986394557823 0.02040816326530612
0 0.582312925170068 0.5204081632653061 0.0027210884353741495 0.0
0 0.9523809523809523 0.5877551020408164 0.02857142857142857 0.04285714285714286
0 0.7959183673469388 0.5428571428571428 0.014965986394557823 0.02040816326530612
0 0.7142857142857143 0.6020408163265306 0.02857142857142857 0.04285714285714286
0 0.9659863945578231 0.4816326530612245 0.0027210884353741495 0.0
0 0.04217687074829932 0.5979591836734693 0.02857142857142857 0.04285714285714286
0 0.817687074829932 0.5224489795918368 0.0027210884353741495 0.0
0 0.5061224489795918 0.5306122448979592 0.014965986394557823 0.02040816326530612
0 0.14965986394557823 0.7755102040816326 0.04353741496598639 0.08979591836734693
0 0.9823129251700681 0.6224489795918368 0.021768707482993196 0.030612244897959183
0 0.3414965986394558 0.32040816326530613 0.02857142857142857 0.06326530612244897
0 0.9346938775510204 0.5061224489795918 0.0027210884353741495 0.0
0 0.6312925170068027 0.5142857142857142 0.0027210884353741495 0.0
0 0.6149659863945578 0.5755102040816327 0.017687074829931974 0.024489795918367346
0 0.09795918367346938 0.5530612244897959 0.017687074829931974 0.024489795918367346
0 0.3510204081632653 0.773469387755102 0.04353741496598639 0.08979591836734693
0 0.5428571428571428 0.789795918367347 0.04353741496598639 0.08979591836734693
0 0.6585034013605442 0.5979591836734693 0.02857142857142857 0.04285714285714286
0 0.4965986394557823 0.5265306122448979 0.0027210884353741495 0.0
0 0.817687074829932 0.5489795918367347 0.014965986394557823 0.02040816326530612
0 0.9251700680272109 0.5551020408163265 0.014965986394557823 0.02040816326530612
0 0.4380952380952381 0.5612244897959183 0.00816326530612245 0.01020408163265306
0 0.8802721088435375 0.5653061224489796 0.00816326530612245 0.01020408163265306
0 0.4925170068027211 0.5775510204081633 0.014965986394557823 0.02040816326530612
0 0.5918367346938775 0.6755102040816326 0.03537414965986395 0.0673469387755102
0 0.5251700680272109 0.5469387755102041 0.014965986394557823 0.02040816326530612
0 0.7741496598639456 0.5183673469387755 0.0027210884353741495 0.0
0 0.006802721088435374 0.6265306122448979 0.027210884353741496 0.04897959183673469
0 0.8095238095238095 0.5346938775510204 0.014965986394557823 0.02040816326530612
0 0.9482993197278912 0.7 0.03537414965986395 0.0673469387755102
0 0.37006802721088433 0.32857142857142857 0.02857142857142857 0.06326530612244897
0 0.4965986394557823 0.563265306122449 0.014965986394557823 0.02040816326530612
0 0.6435374149659864 0.6163265306122448 0.024489795918367346 0.04285714285714286
0 0.7428571428571429 0.6591836734693878 0.03537414965986395 0.0673469387755102
0 0.9727891156462585 0.7775510204081633 0.04353741496598639 0.08979591836734693
0 0.6244897959183674 0.5244897959183673 0.0027210884353741495 0.0
0 0.6653061224489796 0.4775510204081633 0.0027210884353741495 0.0
0 0.7605442176870748 0.5653061224489796 0.0027210884353741495 0.0
0 0.3346938775510204 0.2755102040816326 0.02857142857142857 0.06326530612244897
0 0.308843537414966 0.5653061224489796 0.014965986394557823 0.02040816326530612
0 0.2925170068027211 0.889795918367347 0.0707482993197279 0.13877551020408163
0 0.6707482993197279 0.5510204081632653 0.014965986394557823 0.02040816326530612
0 0.7537414965986394 0.5163265306122449 0.0027210884353741495 0.0
0 0.8666666666666667 0.5285714285714286 0.0027210884353741495 0.0
0 0.4163265306122449 0.5653061224489796 0.00816326530612245 0.01020408163265306
0 0.8272108843537415 0.5326530612244897 0.014965986394557823 0.02040816326530612
0 0.9877551020408163 0.6693877551020408 0.03537414965986395 0.0673469387755102
0 0.5142857142857142 0.5204081632653061 0.0027210884353741495 0.0
0 0.43537414965986393 0.7510204081632653 0.04353741496598639 0.08979591836734693
0 0.4448979591836735 0.5224489795918368 0.0027210884353741495 0.0
0 0.09387755102040816 0.7081632653061225 0.03537414965986395 0.0673469387755102
0 0.4530612244897959 0.5244897959183673 0.0027210884353741495 0.0
0 0.9142857142857143 0.5346938775510204 0.014965986394557823 0.02040816326530612
0 0.5931972789115646 0.5795918367346938 0.02857142857142857 0.04285714285714286
0 0.9591836734693877 0.8428571428571429 0.04353741496598639 0.08979591836734693
0 0.5374149659863946 0.5795918367346938 0.02857142857142857 0.04285714285714286
0 0.6938775510204082 0.7122448979591837 0.03537414965986395 0.0673469387755102
0 0.926530612244898 0.5224489795918368 0.0027210884353741495 0.0
0 0.9591836734693877 0.5591836734693878 0.014965986394557823 0.02040816326530612
0 0.47210884353741495 0.5387755102040817 0.014965986394557823 0.02040816326530612
0 0.6285714285714286 0.7489795918367347 0.04353741496598639 0.08979591836734693
0 0.8081632653061225 0.9734693877551021 0.0707482993197279 0.11632653061224489
0 0.6285714285714286 0.5653061224489796 0.010884353741496598 0.014285714285714285
0 0.8843537414965986 0.563265306122449 0.00816326530612245 0.01020408163265306
0 0.6503401360544218 0.6489795918367347 0.03537414965986395 0.0673469387755102
0 0.7918367346938775 0.5714285714285714 0.014965986394557823 0.02040816326530612
0 0.8027210884353742 0.5122448979591837 0.0027210884353741495 0.0
0 0.4489795918367347 0.9755102040816327 0.0707482993197279 0.11632653061224489
0 0.9836734693877551 0.4857142857142857 0.0027210884353741495 0.0
0 0.5129251700680272 0.5530612244897959 0.014965986394557823 0.02040816326530612
0 0.7646258503401361 0.5265306122448979 0.0027210884353741495 0.0
0 0.638095238095238 0.5061224489795918 0.0027210884353741495 0.0
0 0.5687074829931973 0.5428571428571428 0.014965986394557823 0.02040816326530612
0 0.014965986394557823 0.6755102040816326 0.027210884353741496 0.04897959183673469
0 0.6340136054421769 0.5306122448979592 0.014965986394557823 0.02040816326530612
0 0.7755102040816326 0.5877551020408164 0.02857142857142857 0.04285714285714286
0 0.1836734693877551 0.5346938775510204 0.014965986394557823 0.02040816326530612
0 0.6190476190476191 0.5530612244897959 0.014965986394557823 0.02040816326530612
0 0.6979591836734694 0.5510204081632653 0.014965986394557823 0.02040816326530612
0 0.8625850340136054 0.5510204081632653 0.014965986394557823 0.02040816326530612
0 0.7605442176870748 0.5224489795918368 0.0027210884353741495 0.0
0 0.9333333333333333 0.573469387755102 0.021768707482993196 0.030612244897959183
0 0.46122448979591835 0.5530612244897959 0.014965986394557823 0.02040816326530612
0 0.5428571428571428 0.5387755102040817 0.014965986394557823 0.02040816326530612
0 0.3115646258503401 0.5530612244897959 0.014965986394557823 0.02040816326530612
0 0.29931972789115646 0.2163265306122449 0.02857142857142857 0.06326530612244897
0 0.5414965986394558 0.5571428571428572 0.014965986394557823 0.02040816326530612
0 0.8680272108843538 0.6836734693877551 0.03537414965986395 0.0673469387755102
0 0.44625850340136053 0.5775510204081633 0.017687074829931974 0.024489795918367346
0 0.4326530612244898 0.5387755102040817 0.014965986394557823 0.02040816326530612
0 0.6190476190476191 0.5081632653061224 0.0027210884353741495 0.0
0 0.7918367346938775 0.5285714285714286 0.0027210884353741495 0.0
0 0.9170068027210885 0.5224489795918368 0.0027210884353741495 0.0
0 0.01904761904761905 0.7183673469387755 0.0326530612244898 0.05918367346938776
0 0.6571428571428571 0.5224489795918368 0.0027210884353741495 0.0
0 0.40272108843537413 0.9204081632653062 0.0707482993197279 0.11632653061224489
0 0.4775510204081633 0.5938775510204082 0.02857142857142857 0.04285714285714286
0 0.46802721088435373 0.5163265306122449 0.0027210884353741495 0.0
0 0.6108843537414966 0.5224489795918368 0.0027210884353741495 0.0
0 0.8965986394557823 0.6387755102040816 0.02585034013605442 0.04285714285714286
0 0.7170068027210884 0.6755102040816326 0.03537414965986395 0.0673469387755102
0 0.27755102040816326 0.2 0.024489795918367346 0.05102040816326531
0 0.8571428571428571 0.5 0.0027210884353741495 0.0
0 0.6258503401360545 0.5346938775510204 0.014965986394557823 0.02040816326530612
0 0.8993197278911564 0.5285714285714286 0.0027210884353741495 0.0
0 0.7034013605442176 0.6142857142857143 0.02857142857142857 0.04285714285714286
0 0.9823129251700681 0.5591836734693878 0.014965986394557823 0.02040816326530612
0 0.15918367346938775 0.5408163265306123 0.014965986394557823 0.02040816326530612
0 0.6857142857142857 0.536734693877551 0.014965986394557823 0.02040816326530612
0 0.9904761904761905 0.5408163265306123 0.005442176870748299 0.004081632653061225
0 0.2680272108843537 0.5469387755102041 0.014965986394557823 0.02040816326530612
0 0.7387755102040816 0.5102040816326531 0.0027210884353741495 0.0
0 0.7387755102040816 0.6265306122448979 0.031292517006802724 0.05510204081632653
0 0.6435374149659864 0.5530612244897959 0.014965986394557823 0.02040816326530612
0 0.9401360544217687 0.5061224489795918 0.0027210884353741495 0.0
0 0.014965986394557823 0.5816326530612245 0.01904761904761905 0.030612244897959183
0 0.4707482993197279 0.9224489795918367 0.0707482993197279 0.11632653061224489
0 0.6190476190476191 0.6836734693877551 0.03537414965986395 0.0673469387755102
0 0.5931972789115646 0.7489795918367347 0.04353741496598639 0.08979591836734693
0 0.44625850340136053 0.5551020408163265 0.014965986394557823 0.02040816326530612
0 0.42993197278911566 0.5061224489795918 0.00816326530612245 0.01020408163265306
0 0.7115646258503401 0.6551020408163265 0.03537414965986395 0.0673469387755102
0 0.5605442176870749 0.5061224489795918 0.0027210884353741495 0.0
0 0.13333333333333333 0.5428571428571428 0.014965986394557823 0.02040816326530612
0 0.47891156462585033 0.6244897959183674 0.014965986394557823 0.02040816326530612
0 0.891156462585034 0.5469387755102041 0.014965986394557823 0.02040816326530612
0 0.9306122448979591 0.6020408163265306 0.02857142857142857 0.04285714285714286
0 0.8925170068027211 0.7061224489795919 0.03537414965986395 0.0673469387755102
0 0.47210884353741495 0.5591836734693878 0.014965986394557823 0.02040816326530612
0 0.7224489795918367 0.5204081632653061 0.0027210884353741495 0.0
0 0.8598639455782313 0.6040816326530613 0.02857142857142857 0.04285714285714286
0 0.11564625850340136 0.5408163265306123 0.017687074829931974 0.024489795918367346
0 0.6163265306122448 0.6387755102040816 0.031292517006802724 0.05510204081632653
0 0.8054421768707483 0.563265306122449 0.010884353741496598 0.014285714285714285
0 0.5863945578231292 0.5469387755102041 0.014965986394557823 0.02040816326530612
0 0.7727891156462585 0.5020408163265306 0.0027210884353741495 0.0
0 0.7170068027210884 0.5591836734693878 0.014965986394557823 0.02040816326530612
0 0.6 0.5183673469387755 0.0027210884353741495 0.0
0 0.691156462585034 0.5653061224489796 0.017687074829931974 0.024489795918367346
