0 0.5047984644913628 0.431740614334471 0.016314779270633396 0.040955631399317405
0 0.21880998080614203 0.3003412969283277 0.007677543186180422 0.015358361774744027
0 0.6833013435700576 0.3532423208191126 0.013435700575815739 0.025597269624573378
0 0.44625719769673705 0.5204778156996587 0.026871401151631478 0.05631399317406143
0 0.41938579654510555 0.6177474402730375 0.03742802303262956 0.06484641638225255
0 0.019193857965451054 0.41638225255972694 0.013435700575815739 0.030716723549488054
0 0.9155470249520153 0.431740614334471 0.016314779270633396 0.040955631399317405
0 0.5902111324376199 0.39590443686006827 0.013435700575815739 0.025597269624573378
0 0.009596928982725527 0.49658703071672355 0.01055662188099808 0.027303754266211604
0 0.6813819577735125 0.3771331058020478 0.013435700575815739 0.025597269624573378
0 0.12859884836852206 0.8276450511945392 0.04030710172744722 0.08532423208191127
0 0.3560460652591171 0.21331058020477817 0.007677543186180422 0.015358361774744027
0 0.8714011516314779 0.4402730375426621 0.016314779270633396 0.040955631399317405
0 0.34452975047984646 0.621160409556314 0.03742802303262956 0.06484641638225255
0 0.7476007677543186 0.5546075085324232 0.026871401151631478 0.05631399317406143
0 0.7715930902111324 0.431740614334471 0.016314779270633396 0.040955631399317405
0 0.8800383877159309 0.39419795221843 0.013435700575815739 0.025597269624573378
0 0.7072936660268714 0.5511945392491467 0.026871401151631478 0.05631399317406143
0 0.3857965451055662 0.5648464163822525 0.026871401151631478 0.05631399317406143
0 0.04702495201535509 0.5290102389078498 0.026871401151631478 0.05631399317406143
0 0.6487523992322457 0.3771331058020478 0.013435700575815739 0.025597269624573378
0 0.2476007677543186 0.44197952218430037 0.016314779270633396 0.040955631399317405
0 0.8800383877159309 0.3447098976109215 0.013435700575815739 0.025597269624573378
0 0.1324376199616123 0.40102389078498296 0.005758157389635317 0.015358361774744027
0 0.9040307101727447 0.44880546075085326 0.016314779270633396 0.040955631399317405
0 0.33013435700575816 0.30887372013651876 0.007677543186180422 0.015358361774744027
0 0.8656429942418427 0.378839590443686 0.013435700575815739 0.025597269624573378
0 0.6669865642994242 0.3651877133105802 0.013435700575815739 0.025597269624573378
0 0.5633397312859885 0.552901023890785 0.026871401151631478 0.05631399317406143
0 0.46065259117082535 0.30716723549488056 0.008637236084452975 0.017064846416382253
0 0.32149712092130517 0.30204778156996587 0.007677543186180422 0.015358361774744027
0 0.1257197696737044 0.4197952218430034 0.005758157389635317 0.015358361774744027
0 0.44337811900191937 0.33447098976109213 0.008637236084452975 0.017064846416382253
0 0.5095969289827256 0.3412969283276451 0.007677543186180422 0.015358361774744027
0 0.6976967370441459 0.4863481228668942 0.016314779270633396 0.040955631399317405
0 0.9117082533589251 0.6996587030716723 0.03550863723608445 0.06484641638225255
0 0.6142034548944337 0.43856655290102387 0.016314779270633396 0.040955631399317405
0 0.2667946257197697 0.39419795221843 0.007677543186180422 0.015358361774744027
0 0.536468330134357 0.8856655290102389 0.04030710172744722 0.08532423208191127
0 0.17562380038387715 0.8651877133105802 0.04030710172744722 0.08532423208191127
0 0.7044145873320538 0.3583617747440273 0.013435700575815739 0.025597269624573378
0 0.781190019193858 0.42150170648464164 0.013435700575815739 0.025597269624573378
0 0.5700575815738963 0.4402730375426621 0.016314779270633396 0.040955631399317405
0 0.463531669865643 0.6160409556313993 0.03742802303262956 0.06484641638225255
0 0.510556621880998 0.3993174061433447 0.013435700575815739 0.025597269624573378
0 0.13051823416506717 0.7491467576791809 0.03550863723608445 0.06484641638225255
0 0.6497120921305183 0.45563139931740615 0.016314779270633396 0.040955631399317405
0 0.14107485604606526 0.48976109215017066 0.016314779270633396 0.040955631399317405
0 0.6583493282149712 0.9146757679180887 0.04030710172744722 0.08532423208191127
0 0.4165067178502879 0.5460750853242321 0.026871401151631478 0.05631399317406143
0 0.29558541266794625 0.3703071672354949 0.007677543186180422 0.015358361774744027
0 0.11228406909788867 0.4300341296928328 0.007677543186180422 0.020477815699658702
0 0.7207293666026872 0.45733788395904434 0.016314779270633396 0.040955631399317405
0 0.963531669865643 0.44368600682593856 0.013435700575815739 0.02901023890784983
0 0.3848368522072937 0.8071672354948806 0.04030710172744722 0.08532423208191127
0 0.6880998080614203 0.39761092150170646 0.013435700575815739 0.025597269624573378
0 0.5575815738963532 0.45563139931740615 0.016314779270633396 0.040955631399317405
0 0.45873320537428025 0.447098976109215 0.016314779270633396 0.040955631399317405
0 0.5978886756238004 0.36006825938566556 0.013435700575815739 0.025597269624573378
0 0.9664107485604606 0.36177474402730375 0.013435700575815739 0.025597269624573378
0 0.7859884836852208 0.590443686006826 0.03742802303262956 0.06484641638225255
0 0.6525911708253359 0.3225255972696246 0.007677543186180422 0.015358361774744027
0 0.809021113243762 0.7030716723549488 0.03550863723608445 0.06484641638225255
0 0.005758157389635317 0.4402730375426621 0.016314779270633396 0.03754266211604096
0 0.30902111324376197 0.4061433447098976 0.007677543186180422 0.015358361774744027
0 0.7610364683301344 0.3856655290102389 0.013435700575815739 0.025597269624573378
0 0.5489443378119002 0.31569965870307165 0.007677543186180422 0.015358361774744027
0 0.2840690978886756 0.5426621160409556 0.026871401151631478 0.05631399317406143
0 0.4884836852207294 0.4812286689419795 0.016314779270633396 0.040955631399317405
0 0.8262955854126679 0.5170648464163823 0.026871401151631478 0.05631399317406143
0 0.7562380038387716 0.3583617747440273 0.013435700575815739 0.025597269624573378
0 0.6708253358925144 0.6160409556313993 0.03742802303262956 0.06484641638225255
0 0.5633397312859885 0.36177474402730375 0.013435700575815739 0.025597269624573378
0 0.8358925143953935 0.568259385665529 0.026871401151631478 0.05631399317406143
0 0.32821497120921306 0.4180887372013652 0.007677543186180422 0.015358361774744027
0 0.15355086372360843 0.6075085324232082 0.03742802303262956 0.06484641638225255
0 0.3550863723608445 0.4761092150170648 0.016314779270633396 0.040955631399317405
0 0.4596928982725528 0.3412969283276451 0.008637236084452975 0.017064846416382253
0 0.1833013435700576 0.23720136518771331 0.0067178502879078695 0.015358361774744027
0 0.06333973128598848 0.7559726962457338 0.036468330134357005 0.06996587030716724
0 0.29846449136276393 0.431740614334471 0.016314779270633396 0.040955631399317405
0 0.2667946257197697 0.43856655290102387 0.016314779270633396 0.040955631399317405
0 0.3512476007677543 0.8020477815699659 0.04030710172744722 0.08532423208191127
0 0.2399232245681382 0.38054607508532423 0.007677543186180422 0.015358361774744027
0 0.491362763915547 0.3822525597269625 0.008637236084452975 0.017064846416382253
0 0.1967370441458733 0.5426621160409556 0.026871401151631478 0.05631399317406143
0 0.11900191938579655 0.4761092150170648 0.016314779270633396 0.040955631399317405
0 0.2504798464491363 0.363481228668942 0.007677543186180422 0.015358361774744027
0 0.14587332053742802 0.37542662116040953 0.005758157389635317 0.015358361774744027
0 0.1967370441458733 0.36689419795221845 0.005758157389635317 0.015358361774744027
0 0.6190019193857965 0.35494880546075086 0.013435700575815739 0.025597269624573378
0 0.30134357005758156 0.6109215017064846 0.03742802303262956 0.06484641638225255
0 0.6573896353166987 0.5955631399317406 0.03742802303262956 0.06484641638225255
0 0.5758157389635317 0.9061433447098977 0.04030710172744722 0.08532423208191127
0 0.2965451055662188 0.3515358361774744 0.007677543186180422 0.015358361774744027
0 0.7130518234165067 0.3890784982935154 0.013435700575815739 0.025597269624573378
0 0.6343570057581573 0.5443686006825939 0.026871401151631478 0.05631399317406143
0 0.2696737044145873 0.35494880546075086 0.007677543186180422 0.015358361774744027
0 0.45681381957773515 0.363481228668942 0.008637236084452975 0.017064846416382253
0 0.2437619961612284 0.4931740614334471 0.016314779270633396 0.040955631399317405
0 0.5038387715930902 0.3703071672354949 0.008637236084452975 0.017064846416382253
0 0.32437619961612285 0.3856655290102389 0.007677543186180422 0.015358361774744027
0 0.8061420345489443 0.4880546075085324 0.016314779270633396 0.040955631399317405
0 0.15067178502879078 0.3122866894197952 0.005758157389635317 0.015358361774744027
0 0.33493282149712095 0.3122866894197952 0.007677543186180422 0.015358361774744027
0 0.6295585412667947 0.4061433447098976 0.013435700575815739 0.025597269624573378
0 0.11420345489443379 0.40102389078498296 0.005758157389635317 0.015358361774744027
0 0.9366602687140115 0.3873720136518771 0.013435700575815739 0.025597269624573378
0 0.5710172744721689 0.5102389078498294 0.026871401151631478 0.05631399317406143
0 0.272552783109405 0.89419795221843 0.04030710172744722 0.08532423208191127
0 0.744721689059501 0.6672354948805461 0.03550863723608445 0.06484641638225255
0 0.9568138195777351 0.295221843003413 0.013435700575815739 0.025597269624573378
0 0.7303262955854126 0.3037542662116041 0.007677543186180422 0.015358361774744027
0 0.5412667946257198 0.35494880546075086 0.013435700575815739 0.025597269624573378
0 0.8829174664107485 0.9880546075085325 0.04030710172744722 0.08532423208191127
0 0.21497120921305182 0.6825938566552902 0.03550863723608445 0.06484641638225255
0 0.9884836852207294 0.6023890784982935 0.023032629558541268 0.04607508532423208
0 0.008637236084452975 0.39590443686006827 0.013435700575815739 0.030716723549488054
0 0.22072936660268713 0.43686006825938567 0.016314779270633396 0.040955631399317405
0 0.4760076775431862 0.33276450511945393 0.008637236084452975 0.017064846416382253
0 0.011516314779270634 0.6638225255972696 0.028790786948176585 0.05631399317406143
0 0.8982725527831094 0.5204778156996587 0.026871401151631478 0.05631399317406143
0 0.7140115163147792 0.3515358361774744 0.013435700575815739 0.025597269624573378
0 0.8445297504798465 0.6552901023890785 0.03742802303262956 0.06484641638225255
0 0.7927063339731286 0.4044368600682594 0.013435700575815739 0.025597269624573378
0 0.2869481765834933 0.4590443686006826 0.016314779270633396 0.040955631399317405
0 0.09692898272552783 0.40784982935153585 0.005758157389635317 0.015358361774744027
0 0.6151631477927063 0.6399317406143344 0.03742802303262956 0.06484641638225255
0 0.6746641074856046 0.3890784982935154 0.013435700575815739 0.025597269624573378
0 0.16026871401151632 0.515358361774744 0.026871401151631478 0.05631399317406143
0 0.23704414587332054 0.36689419795221845 0.007677543186180422 0.015358361774744027
0 0.2869481765834933 0.7781569965870307 0.03550863723608445 0.06484641638225255
0 0.5355086372360844 0.3924914675767918 0.013435700575815739 0.025597269624573378
0 0.1017274472168906 0.32081911262798635 0.005758157389635317 0.015358361774744027
0 0.974088291746641 0.40102389078498296 0.013435700575815739 0.025597269624573378
0 0.525911708253359 0.35494880546075086 0.013435700575815739 0.025597269624573378
0 0.6122840690978887 0.5034129692832765 0.026871401151631478 0.05631399317406143
0 0.10940499040307101 0.4112627986348123 0.005758157389635317 0.015358361774744027
0 0.5719769673704415 0.9982935153583617 0.04030710172744722 0.08532423208191127
0 0.5786948176583493 0.36860068259385664 0.013435700575815739 0.025597269624573378
0 0.23224568138195778 0.36860068259385664 0.007677543186180422 0.015358361774744027
0 0.5508637236084453 0.39419795221843 0.013435700575815739 0.025597269624573378
0 0.05470249520153551 0.4044368600682594 0.005758157389635317 0.015358361774744027
0 0.29846449136276393 0.6484641638225256 0.03742802303262956 0.06484641638225255
0 0.4021113243761996 0.48976109215017066 0.016314779270633396 0.040955631399317405
0 0.4712092130518234 0.49658703071672355 0.016314779270633396 0.040955631399317405
0 0.6804222648752399 0.4300341296928328 0.014395393474088292 0.032423208191126277
0 0.519193857965451 0.46757679180887374 0.016314779270633396 0.040955631399317405
0 0.2648752399232246 0.36860068259385664 0.007677543186180422 0.015358361774744027
0 0.007677543186180422 0.7815699658703071 0.036468330134357005 0.06996587030716724
0 0.9884836852207294 0.6825938566552902 0.02399232245681382 0.04948805460750853
0 0.2399232245681382 0.5733788395904437 0.026871401151631478 0.05631399317406143
0 0.30326295585412666 0.4812286689419795 0.016314779270633396 0.040955631399317405
0 0.4846449136276392 0.3703071672354949 0.008637236084452975 0.017064846416382253
0 0.272552783109405 0.4761092150170648 0.016314779270633396 0.040955631399317405
0 0.6420345489443378 0.4129692832764505 0.013435700575815739 0.025597269624573378
0 0.09500959692898273 0.6143344709897611 0.03742802303262956 0.06484641638225255
0 0.33205374280230326 0.5273037542662116 0.026871401151631478 0.05631399317406143
0 0.22168905950095968 0.3293515358361775 0.007677543186180422 0.015358361774744027
0 0.7140115163147792 0.45733788395904434 0.016314779270633396 0.040955631399317405
0 0.44625719769673705 0.31569965870307165 0.008637236084452975 0.017064846416382253
0 0.6679462571976967 0.4812286689419795 0.016314779270633396 0.040955631399317405
0 0.555662188099808 0.36860068259385664 0.013435700575815739 0.025597269624573378
0 0.7610364683301344 0.7849829351535836 0.03550863723608445 0.06484641638225255
0 0.48272552783109407 0.552901023890785 0.026871401151631478 0.05631399317406143
0 0.5028790786948176 0.40784982935153585 0.008637236084452975 0.017064846416382253
0 0.8349328214971209 0.42662116040955633 0.014395393474088292 0.032423208191126277
0 0.5758157389635317 0.643344709897611 0.03742802303262956 0.06484641638225255
0 0.5547024952015355 0.4197952218430034 0.013435700575815739 0.025597269624573378
0 0.7677543186180422 0.47952218430034127 0.016314779270633396 0.040955631399317405
0 0.33013435700575816 0.3839590443686007 0.007677543186180422 0.015358361774744027
0 0.47024952015355087 0.3378839590443686 0.008637236084452975 0.017064846416382253
0 0.11900191938579655 0.6860068259385665 0.03550863723608445 0.06484641638225255
0 0.9040307101727447 0.36177474402730375 0.013435700575815739 0.025597269624573378
0 0.46257197696737046 0.295221843003413 0.008637236084452975 0.017064846416382253
0 0.5220729366602687 0.43686006825938567 0.016314779270633396 0.040955631399317405
0 0.663147792706334 0.31569965870307165 0.007677543186180422 0.015358361774744027
0 0.2591170825335892 0.41467576791808874 0.007677543186180422 0.015358361774744027
0 0.22072936660268713 0.4880546075085324 0.016314779270633396 0.040955631399317405
0 0.09021113243761997 0.4931740614334471 0.016314779270633396 0.040955631399317405
0 0.9414587332053743 0.46245733788395904 0.016314779270633396 0.040955631399317405
0 0.5095969289827256 0.6023890784982935 0.03742802303262956 0.06484641638225255
0 0.10748560460652591 0.4641638225255973 0.016314779270633396 0.040955631399317405
0 0.46065259117082535 0.7935153583617748 0.04030710172744722 0.08532423208191127
0 0.9923224568138196 0.4880546075085324 0.013435700575815739 0.02901023890784983
0 0.7149712092130518 0.6621160409556314 0.03742802303262956 0.06484641638225255
0 0.07677543186180422 0.6450511945392492 0.03742802303262956 0.06484641638225255
0 0.6842610364683301 0.3037542662116041 0.007677543186180422 0.015358361774744027
0 0.21976967370441458 0.34982935153583616 0.007677543186180422 0.015358361774744027
0 0.28790786948176583 0.3856655290102389 0.007677543186180422 0.015358361774744027
0 0.6007677543186181 0.4641638225255973 0.016314779270633396 0.040955631399317405
0 0.2600767754318618 0.4522184300341297 0.016314779270633396 0.040955631399317405
0 0.2783109404990403 0.4249146757679181 0.007677543186180422 0.015358361774744027
0 0.8061420345489443 0.41467576791808874 0.013435700575815739 0.025597269624573378
0 0.9952015355086372 0.9709897610921502 0.03550863723608445 0.06484641638225255
0 0.6257197696737045 0.31399317406143346 0.007677543186180422 0.015358361774744027
0 0.31477927063339733 0.44197952218430037 0.016314779270633396 0.040955631399317405
0 0.15451055662188098 0.4778156996587031 0.016314779270633396 0.040955631399317405
0 0.47888675623800386 0.44880546075085326 0.016314779270633396 0.040955631399317405
0 0.31094049904030713 0.3856655290102389 0.007677543186180422 0.015358361774744027
0 0.9865642994241842 0.36006825938566556 0.013435700575815739 0.025597269624573378
0 0.4731285988483685 0.3873720136518771 0.008637236084452975 0.017064846416382253
0 0.4740882917466411 0.30887372013651876 0.008637236084452975 0.017064846416382253
0 0.7332053742802304 0.3771331058020478 0.013435700575815739 0.025597269624573378
