0 0.24427083333333333 0.7222222222222222 0.0078125 0.017592592592592594
0 0.25364583333333335 0.7194444444444444 0.0078125 0.017592592592592594
0 0.9625 0.7018518518518518 0.0109375 0.023148148148148147
0 0.9744791666666667 0.7157407407407408 0.0109375 0.023148148148148147
0 0.071875 0.6148148148148148 0.004166666666666667 0.008333333333333333
0 0.08072916666666667 0.7129629629629629 0.0078125 0.017592592592592594
0 0.28177083333333336 0.774074074074074 0.0078125 0.017592592592592594
0 0.09739583333333333 0.6796296296296296 0.0078125 0.017592592592592594
0 0.5869791666666667 0.8037037037037037 0.028645833333333332 0.06296296296296296
0 0.93125 0.924074074074074 0.034895833333333334 0.06018518518518518
0 0.7921875 0.7768518518518519 0.008854166666666666 0.05092592592592592
0 0.34427083333333336 0.3648148148148148 0.022395833333333334 0.05092592592592592
0 0.6020833333333333 0.6851851851851852 0.0109375 0.023148148148148147
0 0.046875 0.5370370370370371 0.004166666666666667 0.008333333333333333
0 0.13072916666666667 0.6703703703703704 0.0078125 0.017592592592592594
0 0.15260416666666668 0.7240740740740741 0.0125 0.022222222222222223
0 0.6786458333333333 0.7768518518518519 0.028645833333333332 0.06296296296296296
0 0.053125 0.6972222222222222 0.0078125 0.017592592592592594
0 0.9302083333333333 0.7 0.0109375 0.023148148148148147
0 0.2734375 0.7148148148148148 0.0078125 0.017592592592592594
0 0.3171875 0.36203703703703705 0.022395833333333334 0.05092592592592592
0 0.43645833333333334 0.3490740740740741 0.022395833333333334 0.05092592592592592
0 0.07239583333333334 0.7601851851851852 0.0171875 0.03611111111111111
0 0.584375 0.7314814814814815 0.0109375 0.023148148148148147
0 0.9213541666666667 0.8083333333333333 0.008854166666666666 0.05092592592592592
0 0.14635416666666667 0.6833333333333333 0.0078125 0.017592592592592594
0 0.7171875 0.7407407407407407 0.0109375 0.023148148148148147
0 0.9484375 0.7296296296296296 0.0109375 0.023148148148148147
0 0.821875 0.7148148148148148 0.0109375 0.023148148148148147
0 0.7484375 0.8611111111111112 0.028645833333333332 0.06296296296296296
0 0.6182291666666667 0.712037037037037 0.0109375 0.023148148148148147
0 0.8880208333333334 0.6527777777777778 0.0109375 0.023148148148148147
0 0.7359375 0.6518518518518519 0.0109375 0.023148148148148147
0 0.033854166666666664 0.5333333333333333 0.004166666666666667 0.008333333333333333
0 0.9802083333333333 0.7490740740740741 0.009375 0.03518518518518519
0 0.0171875 0.7324074074074074 0.0171875 0.03611111111111111
0 0.0578125 0.8694444444444445 0.0171875 0.03611111111111111
0 0.19739583333333333 0.7685185185185185 0.009895833333333333 0.03148148148148148
0 0.009895833333333333 0.48148148148148145 0.004166666666666667 0.008333333333333333
0 0.9765625 0.674074074074074 0.0109375 0.023148148148148147
0 0.8755208333333333 0.700925925925926 0.0109375 0.023148148148148147
0 0.22916666666666666 0.7064814814814815 0.026041666666666668 0.03888888888888889
0 0.7796875 0.6824074074074075 0.0109375 0.023148148148148147
0 0.05677083333333333 0.6361111111111111 0.004166666666666667 0.008333333333333333
0 0.0515625 0.7851851851851852 0.0171875 0.03611111111111111
0 0.859375 0.8166666666666667 0.008854166666666666 0.05092592592592592
0 0.3125 0.7564814814814815 0.0078125 0.017592592592592594
0 0.6942708333333333 0.6981481481481482 0.0109375 0.023148148148148147
0 0.011979166666666667 0.8 0.0171875 0.03611111111111111
0 0.0609375 0.6888888888888889 0.0078125 0.017592592592592594
0 0.23645833333333333 0.6481481481481481 0.0078125 0.017592592592592594
0 0.009895833333333333 0.5148148148148148 0.004166666666666667 0.008333333333333333
0 0.8234375 0.6833333333333333 0.0109375 0.023148148148148147
0 0.275 0.7472222222222222 0.0078125 0.017592592592592594
0 0.6296875 0.8583333333333333 0.028645833333333332 0.06296296296296296
0 0.18385416666666668 0.6731481481481482 0.0078125 0.017592592592592594
0 0.19427083333333334 0.6833333333333333 0.0078125 0.017592592592592594
0 0.8010416666666667 0.7287037037037037 0.0109375 0.023148148148148147
0 0.011979166666666667 0.7435185185185185 0.0171875 0.03611111111111111
0 0.9348958333333334 0.7490740740740741 0.008854166666666666 0.05092592592592592
0 0.096875 0.6481481481481481 0.004166666666666667 0.008333333333333333
0 0.033854166666666664 0.712037037037037 0.0078125 0.017592592592592594
0 0.19375 0.7175925925925926 0.009895833333333333 0.03148148148148148
0 0.022916666666666665 0.55 0.004166666666666667 0.008333333333333333
0 0.8822916666666667 0.85 0.008854166666666666 0.05092592592592592
0 0.24375 0.6990740740740741 0.0078125 0.017592592592592594
0 0.18229166666666666 0.7314814814814815 0.009895833333333333 0.03148148148148148
0 0.06927083333333334 0.7111111111111111 0.0078125 0.017592592592592594
0 0.8604166666666667 0.7444444444444445 0.0109375 0.023148148148148147
0 0.7359375 0.9175925925925926 0.028645833333333332 0.06296296296296296
0 0.0234375 0.7175925925925926 0.0078125 0.017592592592592594
0 0.39947916666666666 0.337037037037037 0.022395833333333334 0.05092592592592592
0 0.0234375 0.4861111111111111 0.004166666666666667 0.008333333333333333
0 0.83125 0.7805555555555556 0.008854166666666666 0.05092592592592592
0 0.99375 0.6972222222222222 0.0109375 0.023148148148148147
0 0.9411458333333333 0.6888888888888889 0.0109375 0.023148148148148147
0 0.8864583333333333 0.9805555555555555 0.034895833333333334 0.06018518518518518
0 0.909375 0.7175925925925926 0.0109375 0.023148148148148147
0 0.034895833333333334 0.5703703703703704 0.004166666666666667 0.008333333333333333
0 0.46458333333333335 0.30277777777777776 0.022395833333333334 0.05092592592592592
0 0.0953125 0.7574074074074074 0.0171875 0.03611111111111111
0 0.903125 0.6925925925925925 0.0109375 0.023148148148148147
0 0.7234375 0.6981481481481482 0.0109375 0.023148148148148147
0 0.4859375 0.34629629629629627 0.022395833333333334 0.05092592592592592
0 0.7666666666666667 0.7240740740740741 0.0109375 0.023148148148148147
0 0.12291666666666666 0.7138888888888889 0.0125 0.022222222222222223
0 0.1625 0.6925925925925925 0.0078125 0.017592592592592594
0 0.0828125 0.5435185185185185 0.004166666666666667 0.008333333333333333
0 0.08489583333333334 0.8027777777777778 0.0171875 0.03611111111111111
0 0.13697916666666668 0.7037037037037037 0.0125 0.022222222222222223
