0 0.3532258064516129 0.1108695652173913 0.0064516129032258064 0.008695652173913044
0 0.3935483870967742 0.6728260869565217 0.012903225806451613 0.021739130434782608
0 0.867741935483871 0.7532608695652174 0.01532258064516129 0.02608695652173913
0 0.24838709677419354 0.5706521739130435 0.018548387096774192 0.030434782608695653
0 0.3193548387096774 0.3032608695652174 0.014516129032258065 0.01956521739130435
0 0.8129032258064516 0.5934782608695652 0.018548387096774192 0.030434782608695653
0 0.42258064516129035 0.15760869565217392 0.0064516129032258064 0.008695652173913044
0 0.12741935483870967 0.2608695652173913 0.012096774193548387 0.016304347826086956
0 0.4830645161290323 0.842391304347826 0.018548387096774192 0.030434782608695653
0 0.09435483870967742 0.2619565217391304 0.012096774193548387 0.016304347826086956
0 0.5032258064516129 0.09347826086956522 0.0064516129032258064 0.008695652173913044
0 0.7370967741935484 0.41630434782608694 0.014516129032258065 0.01956521739130435
0 0.0 0.06847826086956521 0.0032258064516129032 0.005434782608695652
0 0.09435483870967742 0.7858695652173913 0.018548387096774192 0.030434782608695653
0 0.49112903225806454 0.3108695652173913 0.014516129032258065 0.01956521739130435
0 0.25806451612903225 0.358695652173913 0.014516129032258065 0.01956521739130435
0 0.38064516129032255 0.09891304347826087 0.0064516129032258064 0.008695652173913044
0 0.8435483870967742 0.683695652173913 0.018548387096774192 0.030434782608695653
0 0.4080645161290323 0.22717391304347825 0.012096774193548387 0.016304347826086956
0 0.11129032258064517 0.4 0.014516129032258065 0.01956521739130435
0 0.21854838709677418 0.8054347826086956 0.018548387096774192 0.030434782608695653
0 0.06693548387096775 0.5934782608695652 0.018548387096774192 0.030434782608695653
0 0.24516129032258063 0.03695652173913044 0.0064516129032258064 0.008695652173913044
0 0.03225806451612903 0.841304347826087 0.01532258064516129 0.02608695652173913
0 0.004838709677419355 0.3847826086956522 0.010483870967741936 0.014130434782608696
0 0.5338709677419354 0.7880434782608695 0.018548387096774192 0.030434782608695653
0 0.25483870967741934 0.5065217391304347 0.014516129032258065 0.01956521739130435
0 0.04596774193548387 0.5358695652173913 0.014516129032258065 0.01956521739130435
0 0.029838709677419355 0.3847826086956522 0.010483870967741936 0.014130434782608696
0 0.2435483870967742 0.3358695652173913 0.014516129032258065 0.01956521739130435
0 0.5346774193548387 0.4880434782608696 0.014516129032258065 0.01956521739130435
0 0.6983870967741935 0.29891304347826086 0.014516129032258065 0.01956521739130435
0 0.589516129032258 0.3467391304347826 0.014516129032258065 0.01956521739130435
0 0.5016129032258064 0.23043478260869565 0.012096774193548387 0.016304347826086956
0 0.32903225806451614 0.825 0.018548387096774192 0.030434782608695653
0 0.2854838709677419 0.43478260869565216 0.014516129032258065 0.01956521739130435
0 0.2 0.44456521739130433 0.014516129032258065 0.01956521739130435
0 0.728225806451613 0.2967391304347826 0.014516129032258065 0.01956521739130435
0 0.4467741935483871 0.475 0.014516129032258065 0.01956521739130435
0 0.7241935483870968 0.4673913043478261 0.014516129032258065 0.01956521739130435
0 0.7153225806451613 0.9141304347826087 0.018548387096774192 0.030434782608695653
0 0.20725806451612902 0.26521739130434785 0.012096774193548387 0.016304347826086956
0 0.23387096774193547 0.4097826086956522 0.014516129032258065 0.01956521739130435
0 0.29354838709677417 0.6434782608695652 0.018548387096774192 0.030434782608695653
0 0.4685483870967742 0.39565217391304347 0.014516129032258065 0.01956521739130435
0 0.11612903225806452 0.36086956521739133 0.014516129032258065 0.01956521739130435
0 0.6653225806451613 0.2891304347826087 0.014516129032258065 0.01956521739130435
0 0.22580645161290322 0.5391304347826087 0.014516129032258065 0.01956521739130435
0 0.542741935483871 0.3358695652173913 0.014516129032258065 0.01956521739130435
0 0.5887096774193549 0.866304347826087 0.018548387096774192 0.030434782608695653
0 0.6774193548387096 0.6173913043478261 0.018548387096774192 0.030434782608695653
0 0.32661290322580644 0.017391304347826087 0.0064516129032258064 0.008695652173913044
0 0.49274193548387096 0.5978260869565217 0.018548387096774192 0.030434782608695653
0 0.29435483870967744 0.5293478260869565 0.014516129032258065 0.01956521739130435
0 0.6201612903225806 0.907608695652174 0.018548387096774192 0.030434782608695653
0 0.7701612903225806 0.8673913043478261 0.018548387096774192 0.030434782608695653
0 0.6701612903225806 0.8119565217391305 0.018548387096774192 0.030434782608695653
0 0.27580645161290324 0.8630434782608696 0.018548387096774192 0.030434782608695653
0 0.04838709677419355 0.33369565217391306 0.014516129032258065 0.01956521739130435
0 0.7193548387096774 0.3684782608695652 0.014516129032258065 0.01956521739130435
0 0.10725806451612903 0.8326086956521739 0.018548387096774192 0.030434782608695653
0 0.00564516129032258 0.5271739130434783 0.010483870967741936 0.014130434782608696
0 0.4080645161290323 0.8130434782608695 0.018548387096774192 0.030434782608695653
0 0.3975806451612903 0.4989130434782609 0.014516129032258065 0.01956521739130435
0 0.3943548387096774 0.43478260869565216 0.014516129032258065 0.01956521739130435
0 0.018548387096774192 0.35 0.010483870967741936 0.014130434782608696
0 0.4806451612903226 0.14673913043478262 0.0064516129032258064 0.008695652173913044
0 0.00564516129032258 0.558695652173913 0.010483870967741936 0.014130434782608696
0 0.29516129032258065 0.02608695652173913 0.0064516129032258064 0.008695652173913044
0 0.7040322580645161 0.23043478260869565 0.010483870967741936 0.014130434782608696
0 0.22822580645161292 0.34782608695652173 0.014516129032258065 0.01956521739130435
0 0.16048387096774194 0.7652173913043478 0.018548387096774192 0.030434782608695653
0 0.3709677419354839 0.375 0.014516129032258065 0.01956521739130435
0 0.17258064516129032 0.43043478260869567 0.014516129032258065 0.01956521739130435
0 0.3548387096774194 0.46630434782608693 0.014516129032258065 0.01956521739130435
0 0.049193548387096775 0.35543478260869565 0.014516129032258065 0.01956521739130435
0 0.635483870967742 0.7445652173913043 0.018548387096774192 0.030434782608695653
0 0.4532258064516129 0.6380434782608696 0.018548387096774192 0.030434782608695653
0 0.4290322580645161 0.4108695652173913 0.014516129032258065 0.01956521739130435
0 0.2217741935483871 0.375 0.014516129032258065 0.01956521739130435
0 0.1064516129032258 0.05652173913043478 0.00564516129032258 0.007608695652173913
0 0.15806451612903225 0.34130434782608693 0.014516129032258065 0.01956521739130435
0 0.7895161290322581 0.5445652173913044 0.014516129032258065 0.01956521739130435
0 0.07016129032258064 0.483695652173913 0.014516129032258065 0.01956521739130435
0 0.6016129032258064 0.4989130434782609 0.014516129032258065 0.01956521739130435
0 0.432258064516129 0.5369565217391304 0.014516129032258065 0.01956521739130435
0 0.19435483870967743 0.7663043478260869 0.018548387096774192 0.030434782608695653
0 0.5403225806451613 0.41956521739130437 0.014516129032258065 0.01956521739130435
0 0.11612903225806452 0.4423913043478261 0.014516129032258065 0.01956521739130435
0 0.13225806451612904 0.44782608695652176 0.014516129032258065 0.01956521739130435
0 0.275 0.2956521739130435 0.014516129032258065 0.01956521739130435
0 0.7443548387096774 0.31956521739130433 0.014516129032258065 0.01956521739130435
0 0.47016129032258064 0.7641304347826087 0.018548387096774192 0.030434782608695653
0 0.08387096774193549 0.3467391304347826 0.014516129032258065 0.01956521739130435
0 0.6564516129032258 0.4934782608695652 0.014516129032258065 0.01956521739130435
0 0.38629032258064516 0.758695652173913 0.018548387096774192 0.030434782608695653
0 0.41854838709677417 0.5826086956521739 0.018548387096774192 0.030434782608695653
0 0.5193548387096775 0.35108695652173916 0.014516129032258065 0.01956521739130435
0 0.12258064516129032 0.5130434782608696 0.014516129032258065 0.01956521739130435
0 0.20080645161290323 0.29782608695652174 0.014516129032258065 0.01956521739130435
0 0.2838709677419355 0.7782608695652173 0.018548387096774192 0.030434782608695653
0 0.6798387096774193 0.22717391304347825 0.012096774193548387 0.016304347826086956
0 0.6 0.475 0.014516129032258065 0.01956521739130435
0 0.2524193548387097 0.3793478260869565 0.014516129032258065 0.01956521739130435
0 0.04838709677419355 0.8804347826086957 0.01532258064516129 0.02608695652173913
0 0.38548387096774195 0.002173913043478261 0.0032258064516129032 0.005434782608695652
0 0.6596774193548387 0.6782608695652174 0.012903225806451613 0.021739130434782608
0 0.6387096774193548 0.45217391304347826 0.014516129032258065 0.01956521739130435
0 0.025806451612903226 0.5902173913043478 0.012903225806451613 0.021739130434782608
0 0.5395161290322581 0.691304347826087 0.018548387096774192 0.030434782608695653
0 0.33306451612903226 0.375 0.014516129032258065 0.01956521739130435
0 0.5564516129032258 0.5402173913043479 0.014516129032258065 0.01956521739130435
0 0.625 0.6271739130434782 0.018548387096774192 0.030434782608695653
0 0.15161290322580645 0.3858695652173913 0.014516129032258065 0.01956521739130435
0 0.6387096774193548 0.26956521739130435 0.012096774193548387 0.016304347826086956
0 0.2661290322580645 0.34130434782608693 0.014516129032258065 0.01956521739130435
0 0.21935483870967742 0.0391304347826087 0.0064516129032258064 0.008695652173913044
0 0.1879032258064516 0.32608695652173914 0.014516129032258065 0.01956521739130435
