0 0.0417989417989418 0.9807280513918629 0.025396825396825397 0.11563169164882227
0 0.35608465608465606 0.5182012847965739 0.006349206349206349 0.032119914346895075
0 0.45714285714285713 0.6980728051391863 0.02328042328042328 0.06852248394004283
0 0.4201058201058201 0.6017130620985011 0.008465608465608466 0.047109207708779445
0 0.653968253968254 0.7366167023554604 0.02328042328042328 0.06852248394004283
0 0.8312169312169312 0.6788008565310493 0.02328042328042328 0.06852248394004283
0 0.41164021164021164 0.6017130620985011 0.008465608465608466 0.047109207708779445
0 0.17724867724867724 0.708779443254818 0.02328042328042328 0.06852248394004283
0 0.07989417989417989 0.6766595289079229 0.02328042328042328 0.06852248394004283
0 0.2608465608465608 0.6338329764453962 0.008465608465608466 0.047109207708779445
0 0.7915343915343915 0.6723768736616702 0.02328042328042328 0.06852248394004283
0 0.5687830687830688 0.6209850107066381 0.011111111111111112 0.019271948608137045
0 0.28624338624338624 0.5781584582441114 0.008465608465608466 0.047109207708779445
0 0.015873015873015872 0.5588865096359743 0.008465608465608466 0.04068522483940043
0 0.6973544973544974 0.550321199143469 0.010052910052910053 0.042826552462526764
0 0.5058201058201058 0.6038543897216274 0.008465608465608466 0.047109207708779445
0 0.25555555555555554 0.5546038543897216 0.008465608465608466 0.047109207708779445
0 0.7857142857142857 0.5289079229122056 0.010052910052910053 0.042826552462526764
0 0.5412698412698412 0.6102783725910065 0.011111111111111112 0.019271948608137045
0 0.4597883597883598 0.5867237687366167 0.008465608465608466 0.047109207708779445
0 0.23015873015873015 0.556745182012848 0.008465608465608466 0.047109207708779445
0 0.18994708994708995 0.8458244111349036 0.025396825396825397 0.11563169164882227
0 0.16772486772486772 0.5717344753747323 0.008465608465608466 0.047109207708779445
0 0.06084656084656084 0.569593147751606 0.008465608465608466 0.047109207708779445
0 0.2804232804232804 0.6059957173447538 0.008465608465608466 0.047109207708779445
0 0.9248677248677248 0.9400428265524625 0.025396825396825397 0.11563169164882227
0 0.3968253968253968 0.708779443254818 0.02328042328042328 0.06852248394004283
0 0.5100529100529101 0.683083511777302 0.02328042328042328 0.06852248394004283
0 0.3455026455026455 0.6381156316916489 0.008465608465608466 0.047109207708779445
0 0.04814814814814815 0.734475374732334 0.02328042328042328 0.06852248394004283
0 0.3513227513227513 0.6895074946466809 0.02328042328042328 0.06852248394004283
0 0.44391534391534393 0.6488222698072805 0.02328042328042328 0.06852248394004283
0 0.7 0.6788008565310493 0.02328042328042328 0.06852248394004283
0 0.5862433862433862 0.5267665952890792 0.010052910052910053 0.042826552462526764
0 0.45555555555555555 0.6274089935760171 0.008465608465608466 0.047109207708779445
0 0.8629629629629629 0.8950749464668094 0.025396825396825397 0.11563169164882227
0 0.10317460317460317 0.7665952890792291 0.025396825396825397 0.11563169164882227
0 0.1433862433862434 0.7109207708779444 0.02328042328042328 0.06852248394004283
0 0.15608465608465608 0.6381156316916489 0.008465608465608466 0.047109207708779445
0 0.4650793650793651 0.6466809421841542 0.02328042328042328 0.06852248394004283
0 0.07724867724867725 0.6017130620985011 0.008465608465608466 0.047109207708779445
0 0.9962962962962963 0.9122055674518201 0.025396825396825397 0.11563169164882227
0 0.9333333333333333 0.8586723768736617 0.025396825396825397 0.11563169164882227
0 0.22328042328042327 0.6659528907922913 0.02328042328042328 0.06852248394004283
0 0.39576719576719577 0.5910064239828694 0.008465608465608466 0.047109207708779445
0 0.1931216931216931 0.569593147751606 0.008465608465608466 0.047109207708779445
0 0.5677248677248677 0.6809421841541756 0.02328042328042328 0.06852248394004283
0 0.9481481481481482 0.5310492505353319 0.010052910052910053 0.042826552462526764
0 0.4275132275132275 0.6916488222698073 0.02328042328042328 0.06852248394004283
0 0.059788359788359786 0.6466809421841542 0.02328042328042328 0.06852248394004283
0 0.5523809523809524 0.4925053533190578 0.010052910052910053 0.042826552462526764
0 0.24285714285714285 0.6145610278372591 0.008465608465608466 0.047109207708779445
0 0.4740740740740741 0.6209850107066381 0.008465608465608466 0.047109207708779445
0 0.482010582010582 0.8394004282655246 0.025396825396825397 0.11563169164882227
0 0.27724867724867724 0.6381156316916489 0.008465608465608466 0.047109207708779445
0 0.20582010582010582 0.6509635974304069 0.02328042328042328 0.06852248394004283
0 0.21957671957671956 0.5674518201284796 0.008465608465608466 0.047109207708779445
0 0.8666666666666667 0.7473233404710921 0.025396825396825397 0.11563169164882227
0 0.40370370370370373 0.9785867237687366 0.025396825396825397 0.11563169164882227
0 0.22962962962962963 0.6102783725910065 0.008465608465608466 0.047109207708779445
0 0.4613756613756614 0.6081370449678801 0.008465608465608466 0.047109207708779445
0 0.1380952380952381 0.5674518201284796 0.008465608465608466 0.047109207708779445
0 0.03597883597883598 0.715203426124197 0.02328042328042328 0.06852248394004283
0 0.4973544973544973 0.715203426124197 0.02328042328042328 0.06852248394004283
0 0.4756613756613757 0.7516059957173448 0.025396825396825397 0.11563169164882227
0 0.023809523809523808 0.6209850107066381 0.008465608465608466 0.04068522483940043
0 0.4402116402116402 0.7687366167023555 0.025396825396825397 0.11563169164882227
0 0.3386243386243386 0.5952890792291221 0.008465608465608466 0.047109207708779445
0 0.019576719576719578 0.5717344753747323 0.008465608465608466 0.04068522483940043
0 0.6894179894179894 0.9421841541755889 0.025396825396825397 0.11563169164882227
0 0.36455026455026457 0.588865096359743 0.008465608465608466 0.047109207708779445
0 0.5015873015873016 0.6381156316916489 0.008465608465608466 0.047109207708779445
0 0.21587301587301588 0.6017130620985011 0.008465608465608466 0.047109207708779445
0 0.30264550264550266 0.7066381156316917 0.02328042328042328 0.06852248394004283
0 0.03439153439153439 0.6295503211991434 0.008465608465608466 0.047109207708779445
0 0.9296296296296296 0.7858672376873662 0.025396825396825397 0.11563169164882227
0 0.31693121693121695 0.6124197002141327 0.008465608465608466 0.047109207708779445
0 0.0291005291005291 0.5738758029978587 0.008465608465608466 0.04068522483940043
0 0.5857142857142857 0.8029978586723768 0.025396825396825397 0.11563169164882227
0 0.37407407407407406 0.5995717344753747 0.008465608465608466 0.047109207708779445
0 0.27195767195767195 0.5717344753747323 0.008465608465608466 0.047109207708779445
0 0.015873015873015872 0.6209850107066381 0.008465608465608466 0.04068522483940043
0 0.6322751322751323 0.8029978586723768 0.025396825396825397 0.11563169164882227
0 0.25132275132275134 0.588865096359743 0.008465608465608466 0.047109207708779445
0 0.45925925925925926 0.9357601713062098 0.025396825396825397 0.11563169164882227
0 0.5365079365079365 0.6702355460385439 0.02328042328042328 0.06852248394004283
0 0.019576719576719578 0.702355460385439 0.02328042328042328 0.057815845824411134
0 0.1111111111111111 0.5802997858672377 0.008465608465608466 0.047109207708779445
0 0.6857142857142857 0.7366167023554604 0.02328042328042328 0.06852248394004283
0 0.36243386243386244 0.6466809421841542 0.02328042328042328 0.06852248394004283
0 0.047619047619047616 0.5974304068522484 0.008465608465608466 0.047109207708779445
0 0.7867724867724868 0.7408993576017131 0.02328042328042328 0.06852248394004283
0 0.27936507936507937 0.5546038543897216 0.008465608465608466 0.047109207708779445
0 0.3576719576719577 0.6017130620985011 0.008465608465608466 0.047109207708779445
0 0.7566137566137566 0.702355460385439 0.02328042328042328 0.06852248394004283
0 0.4888888888888889 0.6573875802997858 0.02328042328042328 0.06852248394004283
0 0.6703703703703704 0.8629550321199143 0.025396825396825397 0.11563169164882227
0 0.6185185185185185 0.6916488222698073 0.02328042328042328 0.06852248394004283
0 0.31058201058201057 0.49678800856531047 0.006349206349206349 0.032119914346895075
0 0.011111111111111112 0.6145610278372591 0.008465608465608466 0.04068522483940043
0 0.07142857142857142 0.6445396145610278 0.02328042328042328 0.06852248394004283
0 0.8269841269841269 0.9314775160599572 0.025396825396825397 0.11563169164882227
0 0.9206349206349206 0.7237687366167024 0.02328042328042328 0.06852248394004283
0 0.825925925925926 0.5481798715203426 0.010052910052910053 0.042826552462526764
0 0.7566137566137566 0.9507494646680942 0.025396825396825397 0.11563169164882227
0 0.638095238095238 0.6552462526766595 0.02328042328042328 0.06852248394004283
0 0.34814814814814815 0.5931477516059958 0.008465608465608466 0.047109207708779445
0 0.7142857142857143 0.9785867237687366 0.025396825396825397 0.11563169164882227
0 0.4380952380952381 0.6081370449678801 0.008465608465608466 0.047109207708779445
0 0.12063492063492064 0.5802997858672377 0.008465608465608466 0.047109207708779445
0 0.9984126984126984 0.7259100642398287 0.02328042328042328 0.057815845824411134
0 0.5470899470899471 0.6573875802997858 0.02328042328042328 0.06852248394004283
0 0.12804232804232804 0.6252676659528907 0.008465608465608466 0.047109207708779445
0 0.5238095238095238 0.6573875802997858 0.02328042328042328 0.06852248394004283
0 0.38941798941798944 0.6531049250535332 0.02328042328042328 0.06852248394004283
0 0.3814814814814815 0.6167023554603854 0.008465608465608466 0.047109207708779445
0 0.4164021164021164 0.7644539614561028 0.025396825396825397 0.11563169164882227
0 0.5952380952380952 0.6252676659528907 0.011111111111111112 0.019271948608137045
0 0.3074074074074074 0.6274089935760171 0.008465608465608466 0.047109207708779445
0 0.06666666666666667 0.5931477516059958 0.008465608465608466 0.047109207708779445
0 0.21216931216931217 0.702355460385439 0.02328042328042328 0.06852248394004283
0 0.982010582010582 0.7794432548179872 0.025396825396825397 0.11563169164882227
0 0.4306878306878307 0.6488222698072805 0.02328042328042328 0.06852248394004283
0 0.11375661375661375 0.6723768736616702 0.02328042328042328 0.06852248394004283
0 0.40793650793650793 0.6616702355460385 0.02328042328042328 0.06852248394004283
0 0.6407407407407407 0.7066381156316917 0.02328042328042328 0.06852248394004283
0 0.06825396825396825 0.7473233404710921 0.025396825396825397 0.11563169164882227
0 0.6613756613756614 0.6381156316916489 0.012698412698412698 0.057815845824411134
0 0.32645502645502644 0.6659528907922913 0.02328042328042328 0.06852248394004283
0 0.7328042328042328 0.7323340471092077 0.02328042328042328 0.06852248394004283
0 0.13756613756613756 0.6102783725910065 0.008465608465608466 0.047109207708779445
0 0.21481481481481482 0.7773019271948608 0.025396825396825397 0.11563169164882227
0 0.7084656084656085 0.7708779443254818 0.025396825396825397 0.11563169164882227
0 0.4068783068783069 0.8865096359743041 0.025396825396825397 0.11563169164882227
0 0.44761904761904764 0.5867237687366167 0.008465608465608466 0.047109207708779445
0 0.5851851851851851 0.7194860813704497 0.02328042328042328 0.06852248394004283
0 0.5195767195767196 0.5182012847965739 0.010052910052910053 0.042826552462526764
0 0.6661375661375661 0.6916488222698073 0.02328042328042328 0.06852248394004283
0 0.3396825396825397 0.7301927194860813 0.02328042328042328 0.06852248394004283
0 0.2560846560846561 0.7044967880085653 0.02328042328042328 0.06852248394004283
0 0.6153439153439153 0.8758029978586723 0.025396825396825397 0.11563169164882227
0 0.33915343915343915 0.5588865096359743 0.008465608465608466 0.047109207708779445
0 0.7724867724867724 0.7901498929336188 0.025396825396825397 0.11563169164882227
0 0.629100529100529 0.9850107066381156 0.025396825396825397 0.11563169164882227
0 0.9878306878306878 0.8394004282655246 0.025396825396825397 0.11563169164882227
0 0.873015873015873 0.69593147751606 0.02328042328042328 0.06852248394004283
0 0.6671957671957672 0.5417558886509636 0.010052910052910053 0.042826552462526764
0 0.5544973544973545 0.7794432548179872 0.025396825396825397 0.11563169164882227
0 0.7174603174603175 0.6680942184154176 0.02328042328042328 0.06852248394004283
0 0.2962962962962963 0.588865096359743 0.008465608465608466 0.047109207708779445
0 0.18042328042328043 0.6316916488222698 0.008465608465608466 0.047109207708779445
0 0.5957671957671957 0.6659528907922913 0.02328042328042328 0.06852248394004283
0 0.355026455026455 0.5781584582441114 0.008465608465608466 0.047109207708779445
0 0.37936507936507935 0.5010706638115632 0.006349206349206349 0.032119914346895075
0 0.8312169312169312 0.7858672376873662 0.025396825396825397 0.11563169164882227
0 0.05291005291005291 0.6402569593147751 0.008465608465608466 0.047109207708779445
0 0.335978835978836 0.828693790149893 0.025396825396825397 0.11563169164882227
0 0.4756613756613757 0.6852248394004282 0.02328042328042328 0.06852248394004283
0 0.28994708994708995 0.6274089935760171 0.008465608465608466 0.047109207708779445
0 0.9582010582010582 0.7366167023554604 0.02328042328042328 0.06852248394004283
0 0.1349206349206349 0.7044967880085653 0.02328042328042328 0.06852248394004283
0 0.23862433862433863 0.6916488222698073 0.02328042328042328 0.06852248394004283
0 0.08888888888888889 0.5995717344753747 0.008465608465608466 0.047109207708779445
0 0.335978835978836 0.6359743040685225 0.008465608465608466 0.047109207708779445
0 0.2746031746031746 0.6916488222698073 0.02328042328042328 0.06852248394004283
0 0.26402116402116405 0.9122055674518201 0.025396825396825397 0.11563169164882227
0 0.17671957671957672 0.5588865096359743 0.008465608465608466 0.047109207708779445
0 0.1931216931216931 0.6466809421841542 0.02328042328042328 0.06852248394004283
0 0.33015873015873015 0.4817987152034261 0.006349206349206349 0.032119914346895075
0 0.25925925925925924 0.569593147751606 0.008465608465608466 0.047109207708779445
0 0.12962962962962962 0.6916488222698073 0.02328042328042328 0.06852248394004283
0 0.03756613756613757 0.5653104925053534 0.008465608465608466 0.047109207708779445
0 0.20317460317460317 0.5481798715203426 0.008465608465608466 0.047109207708779445
0 0.007407407407407408 0.6873661670235546 0.02328042328042328 0.057815845824411134
0 0.7423280423280423 0.5224839400428265 0.010052910052910053 0.042826552462526764
