0 0.6194029850746269 0.6442953020134228 0.01791044776119403 0.024608501118568233
0 0.9686567164179104 0.5973154362416108 0.01791044776119403 0.024608501118568233
0 0.5373134328358209 0.49440715883668906 0.008955223880597015 0.015659955257270694
0 0.691044776119403 0.5570469798657718 0.008955223880597015 0.015659955257270694
0 0.6925373134328359 0.4697986577181208 0.0029850746268656717 0.006711409395973154
0 0.7597014925373134 0.48769574944071586 0.0029850746268656717 0.006711409395973154
0 0.5149253731343284 0.5771812080536913 0.008955223880597015 0.015659955257270694
0 0.7432835820895523 0.87248322147651 0.026865671641791045 0.0447427293064877
0 0.6283582089552239 0.47874720357941836 0.0029850746268656717 0.006711409395973154
0 0.808955223880597 0.5592841163310962 0.008955223880597015 0.015659955257270694
0 0.18208955223880596 0.6286353467561522 0.01791044776119403 0.024608501118568233
0 0.6880597014925374 0.5123042505592841 0.008955223880597015 0.015659955257270694
0 0.6164179104477612 0.6085011185682326 0.01791044776119403 0.024608501118568233
0 0.7477611940298508 0.5615212527964206 0.008955223880597015 0.015659955257270694
0 0.6149253731343284 0.680089485458613 0.01791044776119403 0.024608501118568233
0 0.7373134328358208 0.5615212527964206 0.008955223880597015 0.015659955257270694
0 0.735820895522388 0.4809843400447427 0.0029850746268656717 0.006711409395973154
0 0.5805970149253732 0.6129753914988815 0.01791044776119403 0.024608501118568233
0 0.7223880597014926 0.5704697986577181 0.008955223880597015 0.015659955257270694
0 0.7686567164179104 0.5659955257270693 0.008955223880597015 0.015659955257270694
0 0.744776119402985 0.6621923937360179 0.01791044776119403 0.024608501118568233
0 0.1701492537313433 0.912751677852349 0.026865671641791045 0.0447427293064877
0 0.6597014925373135 0.5100671140939598 0.008955223880597015 0.015659955257270694
0 0.764179104477612 0.4966442953020134 0.008955223880597015 0.015659955257270694
0 0.6671641791044776 0.47651006711409394 0.0029850746268656717 0.006711409395973154
0 0.6686567164179105 0.6017897091722595 0.01791044776119403 0.024608501118568233
0 0.7716417910447761 0.5302013422818792 0.008955223880597015 0.015659955257270694
0 0.8656716417910447 0.6331096196868009 0.01791044776119403 0.024608501118568233
0 0.7432835820895523 0.4966442953020134 0.008955223880597015 0.015659955257270694
0 0.8611940298507462 0.5906040268456376 0.013432835820895522 0.020134228187919462
0 0.7283582089552239 0.5637583892617449 0.008955223880597015 0.015659955257270694
0 0.9940298507462687 0.5302013422818792 0.010447761194029851 0.017897091722595078
0 0.03880597014925373 0.6845637583892618 0.01791044776119403 0.024608501118568233
0 0.6343283582089553 0.5413870246085011 0.008955223880597015 0.015659955257270694
0 0.6134328358208955 0.5704697986577181 0.008955223880597015 0.015659955257270694
0 0.5701492537313433 0.49440715883668906 0.008955223880597015 0.015659955257270694
0 0.24477611940298508 0.8612975391498882 0.026865671641791045 0.0447427293064877
0 0.14925373134328357 0.6532438478747203 0.01791044776119403 0.024608501118568233
0 0.8223880597014925 0.4966442953020134 0.008955223880597015 0.015659955257270694
0 0.005970149253731343 0.8098434004474273 0.026865671641791045 0.0447427293064877
0 0.13134328358208955 0.6487695749440716 0.01791044776119403 0.024608501118568233
0 0.20597014925373133 0.5682326621923938 0.008955223880597015 0.015659955257270694
0 0.935820895522388 0.5503355704697986 0.008955223880597015 0.015659955257270694
0 0.817910447761194 0.8657718120805369 0.026865671641791045 0.0447427293064877
0 0.22238805970149253 0.756152125279642 0.026865671641791045 0.0447427293064877
0 0.6895522388059702 0.7069351230425056 0.01791044776119403 0.024608501118568233
0 0.5343283582089552 0.5033557046979866 0.008955223880597015 0.015659955257270694
0 0.5044776119402985 0.6062639821029083 0.01791044776119403 0.024608501118568233
0 0.6402985074626866 0.5190156599552572 0.008955223880597015 0.015659955257270694
0 0.06865671641791045 0.5883668903803132 0.014925373134328358 0.02237136465324385
0 0.42686567164179107 0.5123042505592841 0.008955223880597015 0.015659955257270694
0 0.041791044776119404 0.7986577181208053 0.026865671641791045 0.0447427293064877
0 0.9029850746268657 0.9798657718120806 0.026865671641791045 0.0447427293064877
0 0.13432835820895522 0.7494407158836689 0.026865671641791045 0.0447427293064877
0 0.27313432835820894 0.5078299776286354 0.008955223880597015 0.015659955257270694
0 0.9701492537313433 0.6286353467561522 0.01791044776119403 0.024608501118568233
0 0.014925373134328358 0.6577181208053692 0.01791044776119403 0.024608501118568233
0 0.8134328358208955 0.4966442953020134 0.008955223880597015 0.015659955257270694
0 0.1746268656716418 0.6129753914988815 0.01791044776119403 0.024608501118568233
0 0.9507462686567164 0.6308724832214765 0.01791044776119403 0.024608501118568233
0 0.2208955223880597 0.5525727069351231 0.008955223880597015 0.015659955257270694
0 0.673134328358209 0.6196868008948546 0.01791044776119403 0.024608501118568233
0 0.8074626865671641 0.5279642058165548 0.008955223880597015 0.015659955257270694
0 0.7731343283582089 0.6219239373601789 0.01791044776119403 0.024608501118568233
0 0.049253731343283584 0.6286353467561522 0.01791044776119403 0.024608501118568233
0 0.6149253731343284 0.47874720357941836 0.0029850746268656717 0.006711409395973154
0 0.10298507462686567 0.5682326621923938 0.008955223880597015 0.015659955257270694
0 0.6776119402985075 0.5771812080536913 0.008955223880597015 0.015659955257270694
0 0.6283582089552239 0.5659955257270693 0.008955223880597015 0.015659955257270694
0 0.744776119402985 0.9060402684563759 0.026865671641791045 0.0447427293064877
0 0.8716417910447761 0.5458612975391499 0.008955223880597015 0.015659955257270694
0 0.6656716417910448 0.6219239373601789 0.01791044776119403 0.024608501118568233
0 0.6417910447761194 0.5480984340044742 0.008955223880597015 0.015659955257270694
0 0.755223880597015 0.48769574944071586 0.0029850746268656717 0.006711409395973154
0 0.573134328358209 0.5659955257270693 0.008955223880597015 0.015659955257270694
0 0.8328358208955224 0.5369127516778524 0.008955223880597015 0.015659955257270694
0 0.5537313432835821 0.5503355704697986 0.008955223880597015 0.015659955257270694
0 0.7119402985074627 0.4899328859060403 0.0029850746268656717 0.006711409395973154
0 0.6358208955223881 0.5816554809843401 0.008955223880597015 0.015659955257270694
0 0.7791044776119403 0.5391498881431768 0.008955223880597015 0.015659955257270694
0 0.034328358208955224 0.6308724832214765 0.01791044776119403 0.024608501118568233
0 0.8194029850746268 0.6890380313199105 0.01791044776119403 0.024608501118568233
0 0.6268656716417911 0.49217002237136465 0.008955223880597015 0.015659955257270694
0 0.5552238805970149 0.47651006711409394 0.0029850746268656717 0.006711409395973154
0 0.6194029850746269 0.5592841163310962 0.008955223880597015 0.015659955257270694
0 0.5955223880597015 0.5570469798657718 0.008955223880597015 0.015659955257270694
0 0.16716417910447762 0.5883668903803132 0.008955223880597015 0.015659955257270694
0 0.7134328358208956 0.6420581655480985 0.01791044776119403 0.024608501118568233
0 0.7417910447761195 0.5749440715883669 0.008955223880597015 0.015659955257270694
0 0.8223880597014925 0.9485458612975392 0.026865671641791045 0.0447427293064877
0 0.3238805970149254 0.407158836689038 0.07164179104477612 0.15436241610738255
0 0.6537313432835821 0.8948545861297539 0.026865671641791045 0.0447427293064877
0 0.8402985074626865 0.5234899328859061 0.008955223880597015 0.015659955257270694
0 0.7626865671641792 0.5302013422818792 0.008955223880597015 0.015659955257270694
0 0.7970149253731343 0.5816554809843401 0.008955223880597015 0.015659955257270694
0 0.5582089552238806 0.5727069351230425 0.008955223880597015 0.015659955257270694
0 0.6895522388059702 0.6666666666666666 0.01791044776119403 0.024608501118568233
0 0.8044776119402985 0.6040268456375839 0.01791044776119403 0.024608501118568233
0 0.7611940298507462 0.6845637583892618 0.01791044776119403 0.024608501118568233
0 0.5671641791044776 0.48322147651006714 0.0029850746268656717 0.006711409395973154
0 0.7761194029850746 0.4966442953020134 0.008955223880597015 0.015659955257270694
0 0.6805970149253732 0.5615212527964206 0.008955223880597015 0.015659955257270694
0 0.7313432835820896 0.697986577181208 0.01791044776119403 0.024608501118568233
0 0.48955223880597015 0.5749440715883669 0.008955223880597015 0.015659955257270694
0 0.9925373134328358 0.6129753914988815 0.013432835820895522 0.020134228187919462
0 0.7238805970149254 0.5234899328859061 0.008955223880597015 0.015659955257270694
0 0.7044776119402985 0.5324384787472036 0.008955223880597015 0.015659955257270694
0 0.6029850746268657 0.6174496644295302 0.01791044776119403 0.024608501118568233
0 0.8805970149253731 0.5771812080536913 0.008955223880597015 0.015659955257270694
0 0.9746268656716418 0.5145413870246085 0.008955223880597015 0.015659955257270694
0 0.023880597014925373 0.6756152125279642 0.01791044776119403 0.024608501118568233
0 0.10746268656716418 0.5861297539149888 0.008955223880597015 0.015659955257270694
0 0.22835820895522388 0.5995525727069351 0.01791044776119403 0.024608501118568233
0 0.5940298507462687 0.48769574944071586 0.0029850746268656717 0.006711409395973154
0 0.5805970149253732 0.5548098434004475 0.008955223880597015 0.015659955257270694
0 0.041791044776119404 0.6621923937360179 0.01791044776119403 0.024608501118568233
0 0.664179104477612 0.48769574944071586 0.0029850746268656717 0.006711409395973154
0 0.5835820895522388 0.6331096196868009 0.01791044776119403 0.024608501118568233
0 0.5567164179104478 0.5906040268456376 0.013432835820895522 0.020134228187919462
0 0.6 0.6375838926174496 0.01791044776119403 0.024608501118568233
0 0.8671641791044776 0.6152125279642058 0.01791044776119403 0.024608501118568233
0 0.5194029850746269 0.5548098434004475 0.008955223880597015 0.015659955257270694
0 0.753731343283582 0.5346756152125279 0.008955223880597015 0.015659955257270694
0 0.746268656716418 0.5190156599552572 0.008955223880597015 0.015659955257270694
0 0.5671641791044776 0.4742729306487696 0.0029850746268656717 0.006711409395973154
0 0.7880597014925373 0.5480984340044742 0.008955223880597015 0.015659955257270694
0 0.7656716417910447 0.5816554809843401 0.008955223880597015 0.015659955257270694
0 0.7656716417910447 0.47874720357941836 0.0029850746268656717 0.006711409395973154
0 0.6388059701492538 0.49217002237136465 0.008955223880597015 0.015659955257270694
0 0.5507462686567164 0.5637583892617449 0.008955223880597015 0.015659955257270694
0 0.6179104477611941 0.5145413870246085 0.008955223880597015 0.015659955257270694
0 0.5985074626865672 0.47874720357941836 0.0029850746268656717 0.006711409395973154
0 0.14029850746268657 0.6129753914988815 0.01791044776119403 0.024608501118568233
0 0.6940298507462687 0.5234899328859061 0.008955223880597015 0.015659955257270694
0 0.8850746268656716 0.6062639821029083 0.01791044776119403 0.024608501118568233
0 0.6074626865671642 0.5033557046979866 0.008955223880597015 0.015659955257270694
0 0.06716417910447761 0.7583892617449665 0.026865671641791045 0.0447427293064877
0 0.6611940298507463 0.7114093959731543 0.01791044776119403 0.024608501118568233
0 0.7149253731343284 0.5838926174496645 0.008955223880597015 0.015659955257270694
0 0.8865671641791045 0.6733780760626398 0.01791044776119403 0.024608501118568233
0 0.753731343283582 0.5771812080536913 0.008955223880597015 0.015659955257270694
0 0.1626865671641791 0.5973154362416108 0.01791044776119403 0.024608501118568233
0 0.4791044776119403 0.5190156599552572 0.008955223880597015 0.015659955257270694
0 0.7313432835820896 0.5816554809843401 0.008955223880597015 0.015659955257270694
0 0.6432835820895523 0.5906040268456376 0.013432835820895522 0.020134228187919462
0 0.7895522388059701 0.4966442953020134 0.008955223880597015 0.015659955257270694
0 0.9283582089552239 0.5212527964205816 0.008955223880597015 0.015659955257270694
0 0.5432835820895522 0.4742729306487696 0.0029850746268656717 0.006711409395973154
0 0.17313432835820897 0.6375838926174496 0.01791044776119403 0.024608501118568233
0 0.8671641791044776 0.5279642058165548 0.008955223880597015 0.015659955257270694
0 0.6 0.49217002237136465 0.008955223880597015 0.015659955257270694
0 0.9537313432835821 0.6778523489932886 0.01791044776119403 0.024608501118568233
0 0.7417910447761195 0.5436241610738255 0.008955223880597015 0.015659955257270694
0 0.16716417910447762 0.6532438478747203 0.01791044776119403 0.024608501118568233
0 0.6805970149253732 0.49217002237136465 0.008955223880597015 0.015659955257270694
0 0.4716417910447761 0.5525727069351231 0.008955223880597015 0.015659955257270694
0 0.11492537313432835 0.8970917225950783 0.026865671641791045 0.0447427293064877
0 0.5835820895522388 0.47651006711409394 0.0029850746268656717 0.006711409395973154
0 0.6373134328358209 0.5637583892617449 0.008955223880597015 0.015659955257270694
0 0.7029850746268657 0.47651006711409394 0.0029850746268656717 0.006711409395973154
0 0.9029850746268657 0.5659955257270693 0.008955223880597015 0.015659955257270694
0 0.16119402985074627 0.6085011185682326 0.01791044776119403 0.024608501118568233
0 0.5074626865671642 0.5391498881431768 0.008955223880597015 0.015659955257270694
0 0.18358208955223881 0.6510067114093959 0.01791044776119403 0.024608501118568233
0 0.6253731343283582 0.49217002237136465 0.008955223880597015 0.015659955257270694
0 0.6313432835820896 0.6263982102908278 0.01791044776119403 0.024608501118568233
0 0.2 0.6375838926174496 0.01791044776119403 0.024608501118568233
0 0.608955223880597 0.48322147651006714 0.0029850746268656717 0.006711409395973154
0 0.8641791044776119 0.5436241610738255 0.008955223880597015 0.015659955257270694
0 0.9388059701492537 0.7024608501118568 0.01791044776119403 0.024608501118568233
0 0.9298507462686567 0.6823266219239373 0.01791044776119403 0.024608501118568233
0 0.6776119402985075 0.5324384787472036 0.008955223880597015 0.015659955257270694
0 0.9283582089552239 0.6263982102908278 0.01791044776119403 0.024608501118568233
0 0.9388059701492537 0.8165548098434005 0.026865671641791045 0.0447427293064877
0 0.5686567164179105 0.5950782997762863 0.010447761194029851 0.017897091722595078
0 0.5537313432835821 0.5324384787472036 0.008955223880597015 0.015659955257270694
0 0.753731343283582 0.6263982102908278 0.01791044776119403 0.024608501118568233
0 0.6268656716417911 0.4697986577181208 0.0029850746268656717 0.006711409395973154
0 0.7313432835820896 0.5480984340044742 0.008955223880597015 0.015659955257270694
0 0.7194029850746269 0.5413870246085011 0.008955223880597015 0.015659955257270694
0 0.7597014925373134 0.6062639821029083 0.01791044776119403 0.024608501118568233
0 0.9477611940298507 0.5592841163310962 0.008955223880597015 0.015659955257270694
0 0.18059701492537314 0.8008948545861297 0.026865671641791045 0.0447427293064877
0 0.7402985074626866 0.4966442953020134 0.008955223880597015 0.015659955257270694
0 0.5417910447761194 0.5928411633109619 0.010447761194029851 0.017897091722595078
0 0.9776119402985075 0.5413870246085011 0.010447761194029851 0.017897091722595078
0 0.7925373134328358 0.6510067114093959 0.01791044776119403 0.024608501118568233
0 0.5925373134328358 0.4697986577181208 0.0029850746268656717 0.006711409395973154
0 0.19552238805970149 0.5771812080536913 0.008955223880597015 0.015659955257270694
0 0.7970149253731343 0.5592841163310962 0.008955223880597015 0.015659955257270694
0 0.8477611940298507 0.5011185682326622 0.008955223880597015 0.015659955257270694
0 0.826865671641791 0.5950782997762863 0.013432835820895522 0.020134228187919462
0 0.1582089552238806 0.5548098434004475 0.008955223880597015 0.015659955257270694
0 0.2462686567164179 0.7695749440715883 0.026865671641791045 0.0447427293064877
0 0.7029850746268657 0.4988814317673378 0.008955223880597015 0.015659955257270694
0 0.06417910447761194 0.6040268456375839 0.01791044776119403 0.024608501118568233
0 0.6671641791044776 0.5413870246085011 0.008955223880597015 0.015659955257270694
0 0.6507462686567164 0.5592841163310962 0.008955223880597015 0.015659955257270694
0 0.6656716417910448 0.5570469798657718 0.008955223880597015 0.015659955257270694
0 0.508955223880597 0.5637583892617449 0.008955223880597015 0.015659955257270694
0 0.9283582089552239 0.5413870246085011 0.008955223880597015 0.015659955257270694
0 0.09253731343283582 0.6152125279642058 0.01791044776119403 0.024608501118568233
0 0.9388059701492537 0.5324384787472036 0.008955223880597015 0.015659955257270694
0 0.7477611940298508 0.49440715883668906 0.008955223880597015 0.015659955257270694
0 0.21492537313432836 0.7919463087248322 0.026865671641791045 0.0447427293064877
0 0.564179104477612 0.5346756152125279 0.008955223880597015 0.015659955257270694
0 0.5567164179104478 0.49440715883668906 0.008955223880597015 0.015659955257270694
0 0.9149253731343283 0.6241610738255033 0.01791044776119403 0.024608501118568233
0 0.6014925373134329 0.5525727069351231 0.008955223880597015 0.015659955257270694
0 0.8940298507462686 0.5928411633109619 0.013432835820895522 0.020134228187919462
0 0.8462686567164179 0.6174496644295302 0.01791044776119403 0.024608501118568233
0 0.7985074626865671 0.5413870246085011 0.008955223880597015 0.015659955257270694
0 0.6223880597014926 0.5883668903803132 0.008955223880597015 0.015659955257270694
0 0.7910447761194029 0.6129753914988815 0.01791044776119403 0.024608501118568233
0 0.6970149253731344 0.6868008948545862 0.01791044776119403 0.024608501118568233
0 0.5298507462686567 0.5458612975391499 0.008955223880597015 0.015659955257270694
0 0.9208955223880597 0.5682326621923938 0.008955223880597015 0.015659955257270694
0 0.029850746268656716 0.7360178970917226 0.01791044776119403 0.024608501118568233
0 0.8417910447761194 0.4966442953020134 0.008955223880597015 0.015659955257270694
0 0.23582089552238805 0.912751677852349 0.026865671641791045 0.0447427293064877
0 0.5373134328358209 0.4854586129753915 0.0029850746268656717 0.006711409395973154
0 0.5835820895522388 0.5413870246085011 0.008955223880597015 0.015659955257270694
0 0.5477611940298508 0.4854586129753915 0.0029850746268656717 0.006711409395973154
0 0.014925373134328358 0.7158836689038032 0.01791044776119403 0.024608501118568233
0 0.6582089552238806 0.4899328859060403 0.0029850746268656717 0.006711409395973154
0 0.9238805970149254 0.6062639821029083 0.01791044776119403 0.024608501118568233
0 0.5044776119402985 0.5055928411633109 0.008955223880597015 0.015659955257270694
0 0.8119402985074626 0.6263982102908278 0.01791044776119403 0.024608501118568233
0 0.8462686567164179 0.5548098434004475 0.008955223880597015 0.015659955257270694
0 0.5343283582089552 0.5995525727069351 0.01791044776119403 0.024608501118568233
0 0.8194029850746268 0.610738255033557 0.01791044776119403 0.024608501118568233
0 0.5925373134328358 0.5950782997762863 0.013432835820895522 0.020134228187919462
0 0.2462686567164179 0.5145413870246085 0.008955223880597015 0.015659955257270694
0 0.6477611940298508 1.0022371364653244 0.026865671641791045 0.0447427293064877
0 0.7805970149253731 0.5615212527964206 0.008955223880597015 0.015659955257270694
0 0.6432835820895523 0.4809843400447427 0.0029850746268656717 0.006711409395973154
0 0.6671641791044776 0.6711409395973155 0.01791044776119403 0.024608501118568233
0 0.6014925373134329 0.5973154362416108 0.01791044776119403 0.024608501118568233
0 0.5164179104477612 0.5928411633109619 0.013432835820895522 0.020134228187919462
0 0.5298507462686567 0.5749440715883669 0.008955223880597015 0.015659955257270694
0 0.13134328358208955 0.5838926174496645 0.008955223880597015 0.015659955257270694
0 0.682089552238806 0.4809843400447427 0.0029850746268656717 0.006711409395973154
0 0.9044776119402985 0.7293064876957495 0.01791044776119403 0.024608501118568233
0 0.7597014925373134 0.5190156599552572 0.008955223880597015 0.015659955257270694
0 0.7970149253731343 0.5123042505592841 0.008955223880597015 0.015659955257270694
0 0.056716417910447764 0.6599552572706935 0.01791044776119403 0.024608501118568233
0 0.8611940298507462 0.5346756152125279 0.008955223880597015 0.015659955257270694
0 0.8074626865671641 0.4988814317673378 0.008955223880597015 0.015659955257270694
0 0.8104477611940298 0.7203579418344519 0.01791044776119403 0.024608501118568233
0 0.06417910447761194 0.6442953020134228 0.01791044776119403 0.024608501118568233
0 0.8656716417910447 0.5727069351230425 0.008955223880597015 0.015659955257270694
0 0.03582089552238806 0.70917225950783 0.01791044776119403 0.024608501118568233
0 0.7194029850746269 0.47874720357941836 0.0029850746268656717 0.006711409395973154
0 0.5835820895522388 0.5055928411633109 0.008955223880597015 0.015659955257270694
0 0.7268656716417911 0.4809843400447427 0.0029850746268656717 0.006711409395973154
0 0.6507462686567164 0.6174496644295302 0.01791044776119403 0.024608501118568233
0 0.4417910447761194 0.5167785234899329 0.008955223880597015 0.015659955257270694
0 0.6582089552238806 0.5950782997762863 0.01791044776119403 0.024608501118568233
0 0.8686567164179104 0.6644295302013423 0.01791044776119403 0.024608501118568233
0 0.8104477611940298 0.5928411633109619 0.010447761194029851 0.017897091722595078
0 0.9059701492537313 0.5548098434004475 0.008955223880597015 0.015659955257270694
0 0.9044776119402985 0.5324384787472036 0.008955223880597015 0.015659955257270694
0 0.9552238805970149 0.5771812080536913 0.008955223880597015 0.015659955257270694
0 0.826865671641791 0.5704697986577181 0.008955223880597015 0.015659955257270694
0 0.6865671641791045 0.5704697986577181 0.008955223880597015 0.015659955257270694
0 0.8895522388059701 0.5592841163310962 0.008955223880597015 0.015659955257270694
0 0.09850746268656717 0.5950782997762863 0.013432835820895522 0.020134228187919462
0 0.8313432835820895 0.5503355704697986 0.008955223880597015 0.015659955257270694
0 0.5835820895522388 0.5950782997762863 0.010447761194029851 0.017897091722595078
0 0.7805970149253731 0.6219239373601789 0.01791044776119403 0.024608501118568233
0 0.7298507462686568 0.48769574944071586 0.0029850746268656717 0.006711409395973154
0 0.5611940298507463 0.5100671140939598 0.008955223880597015 0.015659955257270694
0 0.8686567164179104 0.5190156599552572 0.008955223880597015 0.015659955257270694
0 0.5895522388059702 0.5682326621923938 0.008955223880597015 0.015659955257270694
0 0.4716417910447761 0.5659955257270693 0.008955223880597015 0.015659955257270694
0 0.6537313432835821 0.5794183445190156 0.008955223880597015 0.015659955257270694
0 0.6059701492537314 0.5391498881431768 0.008955223880597015 0.015659955257270694
0 0.7522388059701492 0.7293064876957495 0.01791044776119403 0.024608501118568233
0 0.7820895522388059 0.5883668903803132 0.008955223880597015 0.015659955257270694
0 0.6074626865671642 0.4697986577181208 0.0029850746268656717 0.006711409395973154
0 0.8805970149253731 0.6420581655480985 0.01791044776119403 0.024608501118568233
0 0.8477611940298507 0.5794183445190156 0.008955223880597015 0.015659955257270694
0 0.03731343283582089 0.7628635346756152 0.026865671641791045 0.0447427293064877
0 0.1373134328358209 0.7829977628635347 0.026865671641791045 0.0447427293064877
0 0.6776119402985075 0.5436241610738255 0.008955223880597015 0.015659955257270694
0 0.16716417910447762 0.5615212527964206 0.008955223880597015 0.015659955257270694
0 0.8522388059701492 0.7472035794183445 0.01791044776119403 0.024608501118568233
0 0.1880597014925373 0.7583892617449665 0.026865671641791045 0.0447427293064877
0 0.8328358208955224 0.7293064876957495 0.01791044776119403 0.024608501118568233
0 0.8223880597014925 0.4988814317673378 0.008955223880597015 0.015659955257270694
0 0.007462686567164179 0.6778523489932886 0.01791044776119403 0.024608501118568233
0 0.7134328358208956 0.5145413870246085 0.008955223880597015 0.015659955257270694
0 0.056716417910447764 0.6196868008948546 0.01791044776119403 0.024608501118568233
0 0.48059701492537316 0.5615212527964206 0.008955223880597015 0.015659955257270694
0 0.22388059701492538 0.5771812080536913 0.008955223880597015 0.015659955257270694
0 0.7492537313432835 0.6040268456375839 0.01791044776119403 0.024608501118568233
0 0.0791044776119403 0.6442953020134228 0.01791044776119403 0.024608501118568233
0 0.1208955223880597 0.6040268456375839 0.01791044776119403 0.024608501118568233
0 0.8059701492537313 0.6554809843400448 0.01791044776119403 0.024608501118568233
0 0.6119402985074627 0.49217002237136465 0.008955223880597015 0.015659955257270694
0 0.7507462686567165 0.4809843400447427 0.0029850746268656717 0.006711409395973154
0 0.08656716417910448 0.6263982102908278 0.01791044776119403 0.024608501118568233
0 0.8835820895522388 0.8456375838926175 0.026865671641791045 0.0447427293064877
0 0.6940298507462687 0.4854586129753915 0.0029850746268656717 0.006711409395973154
0 0.5358208955223881 0.5190156599552572 0.008955223880597015 0.015659955257270694
0 0.835820895522388 0.6040268456375839 0.01791044776119403 0.024608501118568233
0 0.5850746268656717 0.49440715883668906 0.008955223880597015 0.015659955257270694
0 0.6791044776119403 0.4697986577181208 0.0029850746268656717 0.006711409395973154
0 0.9417910447761194 0.8702460850111857 0.026865671641791045 0.0447427293064877
0 0.6328358208955224 0.610738255033557 0.01791044776119403 0.024608501118568233
0 0.9432835820895522 0.7337807606263982 0.01791044776119403 0.024608501118568233
0 0.7029850746268657 0.5637583892617449 0.008955223880597015 0.015659955257270694
0 0.08656716417910448 0.5749440715883669 0.008955223880597015 0.015659955257270694
0 0.7104477611940299 0.5302013422818792 0.008955223880597015 0.015659955257270694
0 0.5761194029850746 0.48769574944071586 0.0029850746268656717 0.006711409395973154
0 0.15522388059701492 0.6733780760626398 0.01791044776119403 0.024608501118568233
0 0.8701492537313433 0.5928411633109619 0.013432835820895522 0.020134228187919462
0 0.21492537313432836 0.610738255033557 0.01791044776119403 0.024608501118568233
0 0.673134328358209 0.8993288590604027 0.026865671641791045 0.0447427293064877
0 0.5537313432835821 0.639821029082774 0.01791044776119403 0.024608501118568233
0 0.6880597014925374 0.5391498881431768 0.008955223880597015 0.015659955257270694
0 0.8761194029850746 0.5190156599552572 0.008955223880597015 0.015659955257270694
0 0.5746268656716418 0.5480984340044742 0.008955223880597015 0.015659955257270694
0 0.6194029850746269 0.738255033557047 0.01791044776119403 0.024608501118568233
0 0.6343283582089553 0.5055928411633109 0.008955223880597015 0.015659955257270694
0 0.8805970149253731 0.5346756152125279 0.008955223880597015 0.015659955257270694
0 0.1044776119402985 0.6174496644295302 0.01791044776119403 0.024608501118568233
0 0.07164179104477612 0.6308724832214765 0.01791044776119403 0.024608501118568233
0 0.6164179104477612 0.49217002237136465 0.008955223880597015 0.015659955257270694
0 0.4626865671641791 0.5480984340044742 0.008955223880597015 0.015659955257270694
0 0.7388059701492538 0.4742729306487696 0.0029850746268656717 0.006711409395973154
0 0.1880597014925373 0.6040268456375839 0.01791044776119403 0.024608501118568233
0 0.24925373134328357 0.5525727069351231 0.008955223880597015 0.015659955257270694
0 0.8597014925373134 0.680089485458613 0.01791044776119403 0.024608501118568233
0 0.9119402985074627 0.5973154362416108 0.01791044776119403 0.024608501118568233
0 0.8582089552238806 0.5212527964205816 0.008955223880597015 0.015659955257270694
0 0.9059701492537313 0.6711409395973155 0.01791044776119403 0.024608501118568233
0 0.010447761194029851 0.7539149888143176 0.026865671641791045 0.0447427293064877
0 0.05223880597014925 0.70917225950783 0.01791044776119403 0.024608501118568233
0 0.208955223880597 0.5503355704697986 0.008955223880597015 0.015659955257270694
0 0.18208955223880596 0.5637583892617449 0.008955223880597015 0.015659955257270694
0 0.7567164179104477 0.5503355704697986 0.008955223880597015 0.015659955257270694
0 0.417910447761194 0.48769574944071586 0.0029850746268656717 0.006711409395973154
0 0.6537313432835821 0.668903803131991 0.01791044776119403 0.024608501118568233
0 0.011940298507462687 0.6420581655480985 0.01791044776119403 0.024608501118568233
0 0.8074626865671641 0.4966442953020134 0.008955223880597015 0.015659955257270694
0 0.7895522388059701 0.7046979865771812 0.01791044776119403 0.024608501118568233
0 0.15671641791044777 0.6286353467561522 0.01791044776119403 0.024608501118568233
0 0.16119402985074627 0.7516778523489933 0.026865671641791045 0.0447427293064877
0 0.7 0.5279642058165548 0.008955223880597015 0.015659955257270694
0 0.0791044776119403 0.7874720357941835 0.026865671641791045 0.0447427293064877
0 0.8940298507462686 0.6129753914988815 0.01791044776119403 0.024608501118568233
0 0.673134328358209 0.4899328859060403 0.0029850746268656717 0.006711409395973154
0 0.7895522388059701 0.5682326621923938 0.008955223880597015 0.015659955257270694
0 0.6955223880597015 0.6040268456375839 0.01791044776119403 0.024608501118568233
0 0.7388059701492538 0.6152125279642058 0.01791044776119403 0.024608501118568233
0 0.6029850746268657 0.5749440715883669 0.008955223880597015 0.015659955257270694
0 0.5447761194029851 0.6129753914988815 0.01791044776119403 0.024608501118568233
0 0.7671641791044777 0.5234899328859061 0.008955223880597015 0.015659955257270694
