0 0.23095703125 0.5706959706959707 0.00537109375 0.011721611721611722
0 0.77197265625 0.5472527472527473 0.00341796875 0.003663003663003663
0 0.7802734375 0.5362637362637362 0.00341796875 0.003663003663003663
0 0.73681640625 0.5355311355311355 0.00341796875 0.003663003663003663
0 0.78857421875 0.5553113553113553 0.02197265625 0.03076923076923077
0 0.796875 0.6043956043956044 0.02197265625 0.03076923076923077
0 0.46875 0.5487179487179488 0.005859375 0.013186813186813187
0 0.65283203125 0.6007326007326007 0.02197265625 0.03076923076923077
0 0.8935546875 0.5208791208791209 0.00341796875 0.003663003663003663
0 0.701171875 0.5868131868131868 0.02197265625 0.03076923076923077
0 0.451171875 0.6227106227106227 0.02880859375 0.03956043956043956
0 0.4833984375 0.5311355311355311 0.00390625 0.009523809523809525
0 0.61669921875 0.5406593406593406 0.00341796875 0.003663003663003663
0 0.5390625 0.5282051282051282 0.00390625 0.009523809523809525
0 0.17529296875 0.6036630036630036 0.01953125 0.030036630036630037
0 0.994140625 0.6051282051282051 0.01123046875 0.01978021978021978
0 0.99462890625 0.5443223443223443 0.00537109375 0.007326007326007326
0 0.2568359375 0.5706959706959707 0.00537109375 0.011721611721611722
0 0.75048828125 0.6051282051282051 0.02197265625 0.03076923076923077
0 0.6572265625 0.5538461538461539 0.02197265625 0.03076923076923077
0 0.64306640625 0.5853479853479854 0.02197265625 0.03076923076923077
0 0.10498046875 0.5684981684981685 0.0078125 0.01904761904761905
0 0.54296875 0.547985347985348 0.00390625 0.009523809523809525
0 0.85400390625 0.5274725274725275 0.00341796875 0.003663003663003663
0 0.53564453125 0.5267399267399268 0.00390625 0.009523809523809525
0 0.27734375 0.528937728937729 0.00537109375 0.011721611721611722
0 0.79541015625 0.5868131868131868 0.02197265625 0.03076923076923077
0 0.216796875 0.5787545787545788 0.00537109375 0.011721611721611722
0 0.6630859375 0.5318681318681319 0.00341796875 0.003663003663003663
0 0.341796875 0.5655677655677656 0.01318359375 0.024175824175824177
0 0.7529296875 0.5465201465201465 0.00341796875 0.003663003663003663
0 0.99560546875 0.643956043956044 0.00732421875 0.011721611721611722
0 0.52734375 0.5538461538461539 0.005859375 0.013186813186813187
0 0.5634765625 0.5538461538461539 0.005859375 0.013186813186813187
0 0.7958984375 0.6637362637362637 0.0283203125 0.04542124542124542
0 0.84912109375 0.5282051282051282 0.00341796875 0.003663003663003663
0 0.8232421875 0.5384615384615384 0.00341796875 0.003663003663003663
0 0.337890625 0.495970695970696 0.00537109375 0.007326007326007326
0 0.39208984375 0.5252747252747253 0.00390625 0.009523809523809525
0 0.2490234375 0.5252747252747253 0.00537109375 0.011721611721611722
0 0.6494140625 0.5699633699633699 0.02197265625 0.03076923076923077
0 0.7060546875 0.5465201465201465 0.00341796875 0.003663003663003663
0 0.6669921875 0.5736263736263736 0.02197265625 0.03076923076923077
0 0.98193359375 0.5443223443223443 0.00341796875 0.003663003663003663
0 0.96533203125 0.5443223443223443 0.00341796875 0.003663003663003663
0 0.8662109375 0.5311355311355311 0.00341796875 0.003663003663003663
0 0.7607421875 0.528937728937729 0.00341796875 0.003663003663003663
0 0.70263671875 0.5282051282051282 0.00341796875 0.003663003663003663
0 0.5068359375 0.528937728937729 0.00390625 0.009523809523809525
0 0.69775390625 0.5457875457875457 0.00341796875 0.003663003663003663
0 0.64794921875 0.5076923076923077 0.00341796875 0.003663003663003663
0 0.5576171875 0.5538461538461539 0.00537109375 0.011721611721611722
0 0.9150390625 0.5435897435897435 0.00341796875 0.003663003663003663
0 0.98974609375 0.5391941391941392 0.00537109375 0.007326007326007326
0 0.4970703125 0.6564102564102564 0.02880859375 0.03956043956043956
0 0.69189453125 0.6007326007326007 0.02197265625 0.03076923076923077
0 0.67578125 0.5230769230769231 0.00341796875 0.003663003663003663
0 0.8623046875 0.5487179487179488 0.01123046875 0.01978021978021978
0 0.84423828125 0.5406593406593406 0.00341796875 0.003663003663003663
0 0.95947265625 0.5304029304029304 0.00341796875 0.003663003663003663
0 0.31201171875 0.7750915750915751 0.05126953125 0.08571428571428572
0 0.10693359375 0.608058608058608 0.01953125 0.030036630036630037
0 0.736328125 0.5802197802197803 0.02197265625 0.03076923076923077
0 0.6298828125 0.608058608058608 0.02197265625 0.03076923076923077
0 0.9375 0.526007326007326 0.00341796875 0.003663003663003663
0 0.91455078125 0.5267399267399268 0.00341796875 0.003663003663003663
0 0.376953125 0.5802197802197803 0.01318359375 0.024175824175824177
0 0.439453125 0.5326007326007326 0.00390625 0.009523809523809525
0 0.80615234375 0.5758241758241758 0.02197265625 0.03076923076923077
0 0.92236328125 0.5443223443223443 0.00341796875 0.003663003663003663
0 0.23583984375 0.5311355311355311 0.00537109375 0.011721611721611722
0 0.4970703125 0.5743589743589743 0.01318359375 0.024175824175824177
0 0.30322265625 0.48717948717948717 0.00537109375 0.007326007326007326
0 0.78515625 0.545054945054945 0.00341796875 0.003663003663003663
0 0.853515625 0.5421245421245421 0.00341796875 0.003663003663003663
0 0.435546875 0.5582417582417583 0.00830078125 0.01684981684981685
0 0.38671875 0.7648351648351648 0.0263671875 0.05201465201465202
0 0.98193359375 0.5318681318681319 0.00341796875 0.003663003663003663
0 0.650390625 0.6835164835164835 0.0283203125 0.04542124542124542
0 0.39501953125 0.5523809523809524 0.00830078125 0.01684981684981685
0 0.6201171875 0.8131868131868132 0.05078125 0.09597069597069598
0 0.060546875 0.5743589743589743 0.0078125 0.01904761904761905
0 0.90283203125 0.5216117216117216 0.00341796875 0.003663003663003663
0 0.6025390625 0.5311355311355311 0.00537109375 0.007326007326007326
0 0.8173828125 0.5626373626373626 0.02197265625 0.03076923076923077
0 0.87060546875 0.8102564102564103 0.05078125 0.09597069597069598
0 0.07958984375 0.5743589743589743 0.0078125 0.01904761904761905
0 0.8466796875 0.5714285714285714 0.02197265625 0.03076923076923077
0 0.51611328125 0.5377289377289377 0.00390625 0.009523809523809525
0 0.89599609375 0.567032967032967 0.01123046875 0.01978021978021978
0 0.51123046875 0.5296703296703297 0.00390625 0.009523809523809525
0 0.71044921875 0.528937728937729 0.00341796875 0.003663003663003663
0 0.462890625 0.5384615384615384 0.00390625 0.009523809523809525
0 0.79931640625 0.526007326007326 0.00341796875 0.003663003663003663
0 0.7587890625 0.5655677655677656 0.02197265625 0.03076923076923077
0 0.80078125 0.5531135531135531 0.02197265625 0.03076923076923077
0 0.88037109375 0.5494505494505495 0.01123046875 0.01978021978021978
0 0.42529296875 0.5626373626373626 0.00830078125 0.01684981684981685
0 0.87353515625 0.5267399267399268 0.00341796875 0.003663003663003663
0 0.96533203125 0.5897435897435898 0.01123046875 0.01978021978021978
0 0.93701171875 0.5406593406593406 0.00341796875 0.003663003663003663
0 0.896484375 0.5435897435897435 0.00341796875 0.003663003663003663
0 0.408203125 0.5641025641025641 0.00830078125 0.01684981684981685
0 0.36669921875 0.526007326007326 0.00390625 0.009523809523809525
0 0.40380859375 0.589010989010989 0.01318359375 0.024175824175824177
0 0.35009765625 0.6175824175824176 0.02880859375 0.03956043956043956
0 0.94580078125 0.5377289377289377 0.00341796875 0.003663003663003663
0 0.2568359375 0.5032967032967033 0.00537109375 0.010256410256410256
0 0.994140625 0.5267399267399268 0.00341796875 0.003663003663003663
0 0.77294921875 0.6007326007326007 0.02197265625 0.03076923076923077
0 0.37255859375 0.5692307692307692 0.01318359375 0.024175824175824177
0 0.1875 0.5706959706959707 0.00537109375 0.011721611721611722
0 0.541015625 0.567032967032967 0.01318359375 0.024175824175824177
0 0.15380859375 0.5824175824175825 0.01806640625 0.02564102564102564
0 0.6748046875 0.5553113553113553 0.02197265625 0.03076923076923077
0 0.68896484375 0.5304029304029304 0.00341796875 0.003663003663003663
0 0.7705078125 0.5377289377289377 0.00341796875 0.003663003663003663
0 0.51416015625 0.5648351648351648 0.01318359375 0.024175824175824177
0 0.53271484375 0.5494505494505495 0.005859375 0.013186813186813187
0 0.38134765625 0.5516483516483517 0.005859375 0.013186813186813187
0 0.4296875 0.5882783882783883 0.01318359375 0.024175824175824177
0 0.79541015625 0.528937728937729 0.00341796875 0.003663003663003663
0 0.37353515625 0.5487179487179488 0.005859375 0.013186813186813187
0 0.59326171875 0.5274725274725275 0.01123046875 0.020512820512820513
0 0.4697265625 0.5340659340659341 0.00390625 0.009523809523809525
0 0.3720703125 0.5274725274725275 0.00390625 0.009523809523809525
0 0.7373046875 0.6835164835164835 0.0283203125 0.04542124542124542
0 0.951171875 0.528937728937729 0.00341796875 0.003663003663003663
0 0.46923828125 0.5816849816849817 0.01318359375 0.024175824175824177
0 0.44921875 0.5582417582417583 0.00830078125 0.01684981684981685
0 0.3466796875 0.5501831501831502 0.00537109375 0.007326007326007326
0 0.20556640625 0.5684981684981685 0.00537109375 0.011721611721611722
0 0.1318359375 0.5684981684981685 0.0126953125 0.021245421245421246
0 0.16796875 0.5648351648351648 0.00537109375 0.011721611721611722
0 0.70751953125 0.6153846153846154 0.02197265625 0.03076923076923077
0 0.87744140625 0.5677655677655677 0.01123046875 0.01978021978021978
0 0.19775390625 0.5611721611721612 0.00537109375 0.011721611721611722
0 0.49169921875 0.5311355311355311 0.00390625 0.009523809523809525
0 0.57275390625 0.5326007326007326 0.01123046875 0.020512820512820513
0 0.619140625 0.6051282051282051 0.02197265625 0.03076923076923077
0 0.8349609375 0.5743589743589743 0.02197265625 0.03076923076923077
0 0.68017578125 0.5699633699633699 0.02197265625 0.03076923076923077
0 0.97216796875 0.5311355311355311 0.00341796875 0.003663003663003663
0 0.73046875 0.545054945054945 0.00341796875 0.003663003663003663
0 0.9189453125 0.5282051282051282 0.00341796875 0.003663003663003663
0 0.25244140625 0.6424908424908425 0.01953125 0.030036630036630037
0 0.7626953125 0.5347985347985348 0.00341796875 0.003663003663003663
0 0.80859375 0.5406593406593406 0.00341796875 0.003663003663003663
0 0.18701171875 0.6307692307692307 0.01953125 0.030036630036630037
0 0.23681640625 0.5956043956043956 0.01806640625 0.02564102564102564
0 0.455078125 0.7611721611721611 0.0263671875 0.05201465201465202
0 0.4912109375 0.5619047619047619 0.00830078125 0.01684981684981685
0 0.63916015625 0.5523809523809524 0.01708984375 0.023443223443223443
0 0.53271484375 0.5311355311355311 0.00390625 0.009523809523809525
0 0.56298828125 0.5428571428571428 0.005859375 0.013186813186813187
0 0.40185546875 0.5728937728937729 0.01318359375 0.024175824175824177
0 0.30517578125 0.5692307692307692 0.00537109375 0.011721611721611722
0 0.66162109375 0.5765567765567765 0.02197265625 0.03076923076923077
0 0.08447265625 0.7274725274725274 0.05126953125 0.08571428571428572
0 0.421875 0.526007326007326 0.00390625 0.009523809523809525
0 0.71630859375 0.5362637362637362 0.00341796875 0.003663003663003663
0 0.66796875 0.5340659340659341 0.00341796875 0.003663003663003663
0 0.64501953125 0.5413919413919414 0.00341796875 0.003663003663003663
0 0.2705078125 0.5824175824175825 0.01806640625 0.02564102564102564
0 0.34765625 0.5692307692307692 0.01318359375 0.024175824175824177
0 0.3857421875 0.5472527472527473 0.00830078125 0.01684981684981685
0 0.6259765625 0.5223443223443224 0.00341796875 0.003663003663003663
0 0.7060546875 0.578021978021978 0.02197265625 0.03076923076923077
0 0.1748046875 0.567032967032967 0.00537109375 0.011721611721611722
0 0.74609375 0.5384615384615384 0.00341796875 0.003663003663003663
0 0.63525390625 0.5391941391941392 0.00341796875 0.003663003663003663
0 0.62109375 0.5355311355311355 0.00341796875 0.003663003663003663
0 0.98291015625 0.5831501831501832 0.01123046875 0.01978021978021978
0 0.314453125 0.48937728937728936 0.00537109375 0.007326007326007326
0 0.82177734375 0.6095238095238096 0.02197265625 0.03076923076923077
0 0.8994140625 0.6197802197802198 0.01123046875 0.01978021978021978
0 0.8466796875 0.528937728937729 0.00341796875 0.003663003663003663
0 0.291015625 0.5721611721611721 0.00537109375 0.011721611721611722
0 0.4697265625 0.5655677655677656 0.01318359375 0.024175824175824177
0 0.9541015625 0.5326007326007326 0.00341796875 0.003663003663003663
0 0.78369140625 0.5282051282051282 0.00341796875 0.003663003663003663
0 0.32958984375 0.5582417582417583 0.00927734375 0.01684981684981685
0 0.53515625 0.5846153846153846 0.01318359375 0.024175824175824177
0 0.3779296875 0.5904761904761905 0.01318359375 0.024175824175824177
0 0.35791015625 0.5157509157509158 0.00390625 0.009523809523809525
0 0.51025390625 0.5421245421245421 0.005859375 0.013186813186813187
0 0.7119140625 0.5413919413919414 0.00341796875 0.003663003663003663
0 0.6875 0.545054945054945 0.00341796875 0.003663003663003663
0 0.74169921875 0.5531135531135531 0.02197265625 0.03076923076923077
0 0.7421875 0.5706959706959707 0.02197265625 0.03076923076923077
0 0.4609375 0.5523809523809524 0.00830078125 0.01684981684981685
0 0.1357421875 0.5838827838827839 0.01806640625 0.02564102564102564
0 0.52392578125 0.5296703296703297 0.00390625 0.009523809523809525
0 0.05517578125 0.5956043956043956 0.0078125 0.01904761904761905
0 0.82958984375 0.5282051282051282 0.00341796875 0.003663003663003663
0 0.52197265625 0.6256410256410256 0.02880859375 0.03956043956043956
0 0.49462890625 0.547985347985348 0.005859375 0.013186813186813187
0 0.47802734375 0.528937728937729 0.00390625 0.009523809523809525
0 0.34814453125 0.5897435897435898 0.01318359375 0.024175824175824177
0 0.79248046875 0.5384615384615384 0.00341796875 0.003663003663003663
0 0.4853515625 0.5787545787545788 0.01318359375 0.024175824175824177
0 0.40283203125 0.5282051282051282 0.00390625 0.009523809523809525
0 0.62548828125 0.5648351648351648 0.02197265625 0.03076923076923077
