0 0.40199888950583007 0.391304347826087 0.006662965019433648 0.01254180602006689
0 0.3231538034425319 0.36789297658862874 0.003331482509716824 0.007525083612040134
0 0.10272071071626875 0.4105351170568562 0.00555247084952804 0.010033444816053512
0 0.17601332593003888 0.33612040133779264 0.00277623542476402 0.005852842809364548
0 0.6751804553026096 0.5066889632107023 0.014436424208772903 0.03260869565217391
0 0.5902276513048307 0.3486622073578595 0.002220988339811216 0.005016722408026756
0 0.4131038312048862 0.3704013377926421 0.003331482509716824 0.007525083612040134
0 0.40644086618545255 0.4908026755852843 0.01110494169905608 0.02508361204013378
0 0.8062187673514714 0.35785953177257523 0.003331482509716824 0.007525083612040134
0 0.13214880621876735 0.3177257525083612 0.00277623542476402 0.005852842809364548
0 0.7584675180455303 0.3511705685618729 0.003331482509716824 0.007525083612040134
0 0.21543586896168795 0.33612040133779264 0.00277623542476402 0.005852842809364548
0 0.8906163242642976 0.5301003344481605 0.014436424208772903 0.03260869565217391
0 0.1660188784008884 0.3979933110367893 0.00555247084952804 0.010033444816053512
0 0.300388672959467 0.47575250836120403 0.01110494169905608 0.02508361204013378
0 0.15546918378678512 0.32608695652173914 0.00277623542476402 0.005852842809364548
0 0.2903942254303165 0.4306020066889632 0.008883953359244865 0.01839464882943144
0 0.49028317601332594 0.3377926421404682 0.002220988339811216 0.005016722408026756
0 0.5535813436979455 0.3712374581939799 0.003331482509716824 0.007525083612040134
0 0.12159911160466408 0.4013377926421405 0.00555247084952804 0.010033444816053512
0 0.6735147140477512 0.3862876254180602 0.006662965019433648 0.011705685618729096
0 0.7040533037201555 0.3403010033444816 0.003331482509716824 0.006688963210702341
0 0.40644086618545255 0.4230769230769231 0.006662965019433648 0.01254180602006689
0 0.2903942254303165 0.35535117056856186 0.00555247084952804 0.010869565217391304
0 0.9439200444197668 0.35785953177257523 0.003331482509716824 0.007525083612040134
0 0.7418101054969461 0.45568561872909696 0.01110494169905608 0.02508361204013378
0 0.6163242642976124 0.524247491638796 0.014436424208772903 0.03260869565217391
0 0.12382009994447529 0.3177257525083612 0.00277623542476402 0.005852842809364548
0 0.5136035535813437 0.4222408026755853 0.006662965019433648 0.01254180602006689
0 0.8795113825652415 0.3737458193979933 0.003331482509716824 0.007525083612040134
0 0.2881732370905053 0.41722408026755853 0.006662965019433648 0.01254180602006689
0 0.8795113825652415 0.33612040133779264 0.003331482509716824 0.007525083612040134
0 0.06385341476957246 0.431438127090301 0.009994447529150472 0.017558528428093644
0 0.4031093836757357 0.4423076923076923 0.01110494169905608 0.02508361204013378
0 0.7101610216546363 0.45568561872909696 0.01110494169905608 0.02508361204013378
0 0.6252082176568573 0.3779264214046823 0.003331482509716824 0.007525083612040134
0 0.634647418101055 0.4423076923076923 0.01110494169905608 0.02508361204013378
0 0.6068850638534148 0.34531772575250835 0.002220988339811216 0.005016722408026756
0 0.3048306496390894 0.36538461538461536 0.003331482509716824 0.007525083612040134
0 0.9666851749028318 0.45484949832775917 0.01110494169905608 0.02508361204013378
0 0.855635757912271 0.5551839464882943 0.014436424208772903 0.03260869565217391
0 0.08828428650749584 0.3879598662207358 0.00555247084952804 0.010033444816053512
0 0.7229317046085508 0.3511705685618729 0.003331482509716824 0.006688963210702341
0 0.3614658523042754 0.5083612040133779 0.013325930038867296 0.030936454849498328
0 0.49305941143808996 0.3754180602006689 0.003331482509716824 0.007525083612040134
0 0.7773459189339256 0.6362876254180602 0.02387562465297057 0.05016722408026756
0 0.7568017767906718 0.3311036789297659 0.003331482509716824 0.007525083612040134
0 0.6124375347029428 0.3403010033444816 0.002220988339811216 0.005016722408026756
0 0.529705719044975 0.3528428093645485 0.002220988339811216 0.005016722408026756
0 0.3020544142143254 0.4280936454849498 0.006662965019433648 0.01254180602006689
0 0.32759578012215435 0.40217391304347827 0.006662965019433648 0.01254180602006689
0 0.9006107717934481 0.3795986622073579 0.003331482509716824 0.007525083612040134
0 0.4464186563020544 0.36705685618729095 0.003331482509716824 0.007525083612040134
0 0.7923375902276513 0.5250836120401338 0.014436424208772903 0.03260869565217391
0 0.49361465852304276 0.33528428093645485 0.002220988339811216 0.005016722408026756
0 0.7079400333148251 0.3528428093645485 0.003331482509716824 0.006688963210702341
0 0.4441976679622432 0.3520066889632107 0.002220988339811216 0.005016722408026756
0 0.37034980566352027 0.49581939799331104 0.01110494169905608 0.02508361204013378
0 0.9933370349805664 0.3302675585284281 0.00277623542476402 0.005852842809364548
0 0.8439755691282621 0.6496655518394648 0.02387562465297057 0.05016722408026756
0 0.8939478067740144 0.3486622073578595 0.003331482509716824 0.007525083612040134
0 0.49472515269294837 0.451505016722408 0.01110494169905608 0.02508361204013378
0 0.6679622431982232 0.3302675585284281 0.003331482509716824 0.006688963210702341
0 0.8778456413103831 0.358695652173913 0.003331482509716824 0.007525083612040134
0 0.5769017212659634 0.4423076923076923 0.01110494169905608 0.02508361204013378
0 0.38200999444752914 0.40217391304347827 0.006662965019433648 0.01254180602006689
0 0.937812326485286 0.36622073578595316 0.003331482509716824 0.007525083612040134
0 0.9322598556357579 0.35702341137123744 0.003331482509716824 0.007525083612040134
0 0.6413103831204886 0.34364548494983277 0.003331482509716824 0.006688963210702341
0 0.9300388672959466 0.4280936454849498 0.006662965019433648 0.011705685618729096
0 0.4053303720155469 0.38377926421404684 0.006662965019433648 0.01254180602006689
0 0.5186007773459189 0.358695652173913 0.003331482509716824 0.007525083612040134
0 0.413659078289839 0.38461538461538464 0.006662965019433648 0.01254180602006689
0 0.7912270960577457 0.5593645484949833 0.014436424208772903 0.03260869565217391
0 0.9122709605774569 0.45819397993311034 0.01110494169905608 0.02508361204013378
0 0.7518045530260966 0.3804347826086957 0.004997223764575236 0.00919732441471572
0 0.642976124375347 0.33277591973244147 0.003331482509716824 0.006688963210702341
0 0.39811215991116045 0.4230769230769231 0.006662965019433648 0.01254180602006689
0 0.8406440866185453 0.43561872909698995 0.009994447529150472 0.021739130434782608
0 0.6618545252637423 0.4222408026755853 0.006662965019433648 0.011705685618729096
0 0.357023875624653 0.5275919732441472 0.013325930038867296 0.030936454849498328
0 0.5347029428095502 0.4297658862876254 0.006662965019433648 0.01254180602006689
0 0.6474181010549694 0.3536789297658863 0.003331482509716824 0.006688963210702341
0 0.9461410327595781 0.36789297658862874 0.003331482509716824 0.007525083612040134
0 0.4619655746807329 0.3879598662207358 0.006662965019433648 0.01254180602006689
0 0.5513603553581343 0.39214046822742477 0.006662965019433648 0.01254180602006689
0 0.5818989450305386 0.5301003344481605 0.014436424208772903 0.03260869565217391
0 0.07828983897834536 0.41387959866220736 0.00555247084952804 0.010033444816053512
0 0.600777345918934 0.3595317725752508 0.003331482509716824 0.007525083612040134
0 0.6107717934480844 0.3754180602006689 0.003331482509716824 0.007525083612040134
0 0.33092726263187117 0.3202341137123746 0.002220988339811216 0.005016722408026756
0 0.10494169905607996 0.3285953177257525 0.00277623542476402 0.005852842809364548
0 0.5680177679067185 0.5066889632107023 0.014436424208772903 0.03260869565217391
0 0.5019433647973348 0.4590301003344482 0.01110494169905608 0.02508361204013378
0 0.7268184342032205 0.4222408026755853 0.006662965019433648 0.011705685618729096
0 0.14769572459744587 0.3896321070234114 0.00555247084952804 0.010033444816053512
0 0.8162132148806219 0.5476588628762542 0.014436424208772903 0.03260869565217391
0 0.3170460855080511 0.32525083612040134 0.002220988339811216 0.005016722408026756
0 0.4836202109938923 0.35451505016722407 0.002220988339811216 0.005016722408026756
0 0.7884508606329816 0.38545150501672243 0.006662965019433648 0.011705685618729096
0 0.5113825652415325 0.4790969899665552 0.01110494169905608 0.02508361204013378
0 0.722376457523598 0.5610367892976589 0.014436424208772903 0.03260869565217391
0 0.5868961687951139 0.3896321070234114 0.006662965019433648 0.011705685618729096
0 0.6651860077734592 0.5593645484949833 0.014436424208772903 0.03260869565217391
0 0.11493614658523042 0.4205685618729097 0.009994447529150472 0.017558528428093644
0 0.3925596890616324 0.4406354515050167 0.01110494169905608 0.02508361204013378
0 0.9838978345363687 0.3294314381270903 0.00277623542476402 0.005852842809364548
0 0.67129372570794 0.3177257525083612 0.003331482509716824 0.006688963210702341
0 0.7801221543586896 0.33612040133779264 0.003331482509716824 0.007525083612040134
0 0.4714047751249306 0.4105351170568562 0.006662965019433648 0.01254180602006689
0 0.2792892837312604 0.4774247491638796 0.01110494169905608 0.02508361204013378
0 0.9883398112159911 0.3319397993311037 0.00277623542476402 0.005852842809364548
0 0.679622431982232 0.5376254180602007 0.014436424208772903 0.03260869565217391
0 0.9061632426429761 0.33361204013377926 0.003331482509716824 0.007525083612040134
0 0.47584675180455305 0.4406354515050167 0.01110494169905608 0.02508361204013378
0 0.923375902276513 0.3737458193979933 0.003331482509716824 0.007525083612040134
0 0.6513048306496391 0.35535117056856186 0.003331482509716824 0.006688963210702341
0 0.6474181010549694 0.34782608695652173 0.003331482509716824 0.006688963210702341
0 0.8478622987229317 0.5025083612040134 0.014436424208772903 0.03260869565217391
0 0.5491393670183231 0.3804347826086957 0.004997223764575236 0.010033444816053512
0 0.43531371460299834 0.4188963210702341 0.006662965019433648 0.01254180602006689
0 0.6046640755136036 0.4765886287625418 0.01110494169905608 0.02508361204013378
0 0.1693503609106052 0.32525083612040134 0.00277623542476402 0.005852842809364548
0 0.32815102720710715 0.41722408026755853 0.006662965019433648 0.01254180602006689
0 0.6240977234869517 0.5994983277591973 0.02387562465297057 0.05016722408026756
0 0.8078845086063298 0.39381270903010035 0.006662965019433648 0.011705685618729096
0 0.08828428650749584 0.3804347826086957 0.00555247084952804 0.010033444816053512
0 0.29650194336479735 0.391304347826087 0.006662965019433648 0.01254180602006689
0 0.3375902276513048 0.34782608695652173 0.002220988339811216 0.005016722408026756
0 0.6901721265963354 0.44732441471571904 0.01110494169905608 0.02508361204013378
0 0.14991671293725709 0.41471571906354515 0.00555247084952804 0.010033444816053512
0 0.5169350360910605 0.338628762541806 0.002220988339811216 0.005016722408026756
0 0.7007218212104387 0.35785953177257523 0.003331482509716824 0.007525083612040134
0 0.45474736257634646 0.4439799331103679 0.01110494169905608 0.02508361204013378
0 0.9816768461965575 0.36622073578595316 0.003331482509716824 0.007525083612040134
0 0.2665186007773459 0.39297658862876256 0.025541365907828985 0.05351170568561873
0 0.3381454747362576 0.41387959866220736 0.006662965019433648 0.01254180602006689
0 0.5036091060521932 0.6647157190635451 0.02387562465297057 0.05016722408026756
0 0.6607440310938367 0.532608695652174 0.014436424208772903 0.03260869565217391
0 0.09605774569683509 0.3795986622073579 0.00555247084952804 0.010033444816053512
0 0.8445308162132149 0.35535117056856186 0.003331482509716824 0.007525083612040134
0 0.6929483620210994 0.3779264214046823 0.003331482509716824 0.007525083612040134
0 0.10161021654636314 0.39297658862876256 0.00555247084952804 0.010033444816053512
0 0.42087729039422545 0.34698996655518394 0.002220988339811216 0.005016722408026756
0 0.17101610216546362 0.36705685618729095 0.00555247084952804 0.010033444816053512
0 0.7662409772348695 0.3795986622073579 0.003331482509716824 0.007525083612040134
0 0.11382565241532482 0.4498327759197324 0.009994447529150472 0.017558528428093644
0 0.5669072737368129 0.3595317725752508 0.003331482509716824 0.007525083612040134
0 0.5413659078289839 0.33361204013377926 0.002220988339811216 0.005016722408026756
0 0.6574125485841199 0.4782608695652174 0.01110494169905608 0.02508361204013378
0 0.6152137701277068 0.34698996655518394 0.002220988339811216 0.005016722408026756
0 0.8606329816768462 0.3754180602006689 0.003331482509716824 0.007525083612040134
0 0.29317046085508053 0.407190635451505 0.006662965019433648 0.01254180602006689
0 0.8939478067740144 0.5777591973244147 0.02387562465297057 0.05016722408026756
0 0.19211549139367018 0.34615384615384615 0.00277623542476402 0.005852842809364548
0 0.3886729594669628 0.34448160535117056 0.002220988339811216 0.005016722408026756
0 0.9255968906163242 0.5175585284280937 0.014436424208772903 0.03260869565217391
0 0.8095502498611882 0.49247491638795987 0.01110494169905608 0.02508361204013378
0 0.9800111049416991 0.3277591973244147 0.00277623542476402 0.005852842809364548
0 0.4813992226540811 0.4489966555183946 0.01110494169905608 0.02508361204013378
0 0.15602443087173792 0.3804347826086957 0.00555247084952804 0.010033444816053512
0 0.7312604108828429 0.38210702341137126 0.00555247084952804 0.010033444816053512
0 0.4303164908384231 0.3979933110367893 0.006662965019433648 0.01254180602006689
0 0.8267629094947252 0.4489966555183946 0.01110494169905608 0.02508361204013378
0 0.7956690727373681 0.3988294314381271 0.006662965019433648 0.011705685618729096
0 0.9883398112159911 0.3595317725752508 0.00277623542476402 0.005852842809364548
0 0.9883398112159911 0.637123745819398 0.018878400888395337 0.04096989966555184
0 0.7595780122154359 0.46404682274247494 0.01110494169905608 0.02508361204013378
0 0.4053303720155469 0.3712374581939799 0.003331482509716824 0.007525083612040134
0 0.8106607440310938 0.32608695652173914 0.003331482509716824 0.007525083612040134
0 0.3325930038867296 0.41304347826086957 0.006662965019433648 0.01254180602006689
0 0.8634092171016102 0.34698996655518394 0.003331482509716824 0.007525083612040134
0 0.45086063298167683 0.3528428093645485 0.002220988339811216 0.005016722408026756
0 0.9183786785119378 0.3219063545150502 0.003331482509716824 0.007525083612040134
0 0.8139922265408107 0.32608695652173914 0.003331482509716824 0.007525083612040134
0 0.3214880621876735 0.38127090301003347 0.003886729594669628 0.008361204013377926
0 0.48917268184342033 0.36872909698996653 0.003331482509716824 0.007525083612040134
0 0.866740699611327 0.4096989966555184 0.006662965019433648 0.011705685618729096
0 0.7201554691837868 0.41387959866220736 0.006662965019433648 0.011705685618729096
0 0.9572459744586341 0.44732441471571904 0.01110494169905608 0.02508361204013378
0 0.38367573570238755 0.3511705685618729 0.002220988339811216 0.005016722408026756
0 0.8084397556912826 0.43561872909698995 0.008883953359244865 0.01839464882943144
0 0.6224319822320933 0.3528428093645485 0.002220988339811216 0.005016722408026756
0 0.5891171571349251 0.3612040133779264 0.003331482509716824 0.007525083612040134
0 0.779011660188784 0.3520066889632107 0.003331482509716824 0.007525083612040134
0 0.6563020544142143 0.318561872909699 0.003331482509716824 0.006688963210702341
0 0.7190449750138812 0.5125418060200669 0.014436424208772903 0.03260869565217391
0 0.9639089394780678 0.32357859531772576 0.007218212104386452 0.014214046822742474
0 0.5002776235424764 0.4397993311036789 0.01110494169905608 0.02508361204013378
0 0.6540810660744031 0.40635451505016723 0.006662965019433648 0.011705685618729096
0 0.742365352581899 0.4331103678929766 0.008883953359244865 0.01839464882943144
0 0.855635757912271 0.34448160535117056 0.003331482509716824 0.007525083612040134
0 0.12770682953914492 0.3862876254180602 0.00555247084952804 0.010033444816053512
0 0.9883398112159911 0.3202341137123746 0.00277623542476402 0.005852842809364548
0 0.6318711826762909 0.38127090301003347 0.004997223764575236 0.00919732441471572
0 0.5691282620766241 0.39548494983277593 0.006662965019433648 0.01254180602006689
0 0.09883398112159911 0.3862876254180602 0.00555247084952804 0.010033444816053512
0 0.4253192670738479 0.34698996655518394 0.002220988339811216 0.005016722408026756
0 0.575235980011105 0.3695652173913043 0.003331482509716824 0.007525083612040134
0 0.08051082731815658 0.3770903010033445 0.00555247084952804 0.010033444816053512
0 0.3631315935591338 0.3804347826086957 0.00555247084952804 0.010869565217391304
0 0.668517490283176 0.3896321070234114 0.006662965019433648 0.011705685618729096
0 0.4153248195446974 0.34698996655518394 0.002220988339811216 0.005016722408026756
0 0.600777345918934 0.39297658862876256 0.006662965019433648 0.011705685618729096
0 0.8473070516379789 0.4280936454849498 0.006662965019433648 0.011705685618729096
0 0.609106052193226 0.43561872909698995 0.007773459189339256 0.015050167224080268
0 0.781787895613548 0.32608695652173914 0.003331482509716824 0.007525083612040134
0 0.9394780677401444 0.32274247491638797 0.003331482509716824 0.007525083612040134
0 0.4036646307606885 0.3511705685618729 0.002220988339811216 0.005016722408026756
0 0.11715713492504164 0.3887959866220736 0.00555247084952804 0.010033444816053512
0 0.48861743475846753 0.41555183946488294 0.006662965019433648 0.01254180602006689
0 0.4441976679622432 0.3896321070234114 0.006662965019433648 0.01254180602006689
0 0.45474736257634646 0.3704013377926421 0.003331482509716824 0.007525083612040134
0 0.6157690172126596 0.552675585284281 0.014436424208772903 0.03260869565217391
0 0.7801221543586896 0.3311036789297659 0.003331482509716824 0.007525083612040134
0 0.9350360910605219 0.6346153846153846 0.02387562465297057 0.05016722408026756
0 0.6862853970016657 0.3311036789297659 0.003331482509716824 0.006688963210702341
0 0.6746252082176568 0.3745819397993311 0.003331482509716824 0.007525083612040134
0 0.13325930038867295 0.39464882943143814 0.00555247084952804 0.010033444816053512
0 0.14436424208772905 0.32441471571906355 0.00277623542476402 0.005852842809364548
0 0.7601332593003887 0.4105351170568562 0.006662965019433648 0.011705685618729096
0 0.9305941143808995 0.4908026755852843 0.01110494169905608 0.02508361204013378
0 0.614658523042754 0.4230769230769231 0.006662965019433648 0.011705685618729096
0 0.46807329261521374 0.3503344481605351 0.002220988339811216 0.005016722408026756
0 0.08162132148806218 0.47240802675585286 0.011660188784008884 0.023411371237458192
0 0.4097723486951694 0.3520066889632107 0.002220988339811216 0.005016722408026756
0 0.6179900055524709 0.431438127090301 0.006662965019433648 0.011705685618729096
0 0.5152692948362021 0.4122073578595318 0.006662965019433648 0.01254180602006689
0 0.9800111049416991 0.45652173913043476 0.01110494169905608 0.02508361204013378
0 0.9772348695169351 0.3210702341137124 0.007218212104386452 0.014214046822742474
0 0.5558023320377568 0.4657190635451505 0.01110494169905608 0.02508361204013378
0 0.923375902276513 0.32274247491638797 0.003331482509716824 0.007525083612040134
0 0.5047196002220988 0.3879598662207358 0.006662965019433648 0.01254180602006689
0 0.572459744586341 0.34782608695652173 0.002220988339811216 0.005016722408026756
0 0.07440310938367574 0.3971571906354515 0.00555247084952804 0.010033444816053512
0 0.5913381454747363 0.3528428093645485 0.002220988339811216 0.005016722408026756
0 0.6596335369239311 0.39297658862876256 0.006662965019433648 0.011705685618729096
0 0.13048306496390893 0.31605351170568563 0.00277623542476402 0.005852842809364548
0 0.9239311493614658 0.3494983277591973 0.003331482509716824 0.007525083612040134
0 0.8023320377568017 0.41304347826086957 0.006662965019433648 0.011705685618729096
0 0.07440310938367574 0.4423076923076923 0.009994447529150472 0.017558528428093644
0 0.13714602998334258 0.47491638795986624 0.011660188784008884 0.023411371237458192
0 0.11660188784008883 0.40217391304347827 0.00555247084952804 0.010033444816053512
0 0.8817323709050527 0.32274247491638797 0.003331482509716824 0.007525083612040134
0 0.4852859522487507 0.34364548494983277 0.002220988339811216 0.005016722408026756
0 0.8062187673514714 0.33361204013377926 0.003331482509716824 0.007525083612040134
0 0.8484175458078845 0.4790969899665552 0.01110494169905608 0.02508361204013378
0 0.5635757912270961 0.43394648829431437 0.006662965019433648 0.01254180602006689
0 0.3042754025541366 0.4397993311036789 0.01110494169905608 0.02508361204013378
0 0.9239311493614658 0.41387959866220736 0.006662965019433648 0.011705685618729096
0 0.9761243753470294 0.7006688963210702 0.02387562465297057 0.05016722408026756
0 0.3337034980566352 0.42642140468227424 0.006662965019433648 0.01254180602006689
0 0.8195446973903387 0.39548494983277593 0.006662965019433648 0.011705685618729096
0 0.6268739589117157 0.3419732441471572 0.002220988339811216 0.005016722408026756
0 0.578012215435869 0.47240802675585286 0.01110494169905608 0.02508361204013378
0 0.6235424764019989 0.358695652173913 0.003331482509716824 0.007525083612040134
0 0.06718489727928928 0.4013377926421405 0.00555247084952804 0.010033444816053512
0 0.7812326485285952 0.46153846153846156 0.01110494169905608 0.02508361204013378
0 0.1810105496946141 0.34615384615384615 0.00277623542476402 0.005852842809364548
0 0.6612992781787895 0.3603678929765886 0.003331482509716824 0.007525083612040134
0 0.3181565796779567 0.342809364548495 0.002220988339811216 0.005016722408026756
0 0.5530260966129927 0.504180602006689 0.014436424208772903 0.03260869565217391
0 0.5785674625208218 0.4096989966555184 0.006662965019433648 0.01254180602006689
0 0.6152137701277068 0.3779264214046823 0.003331482509716824 0.007525083612040134
0 0.4181010549694614 0.3503344481605351 0.002220988339811216 0.005016722408026756
0 0.6135480288728484 0.35535117056856186 0.00277623542476402 0.005852842809364548
0 0.45419211549139366 0.43645484949832775 0.007773459189339256 0.015050167224080268
0 0.9572459744586341 0.42474916387959866 0.006662965019433648 0.011705685618729096
0 0.8051082731815657 0.32525083612040134 0.003331482509716824 0.007525083612040134
0 0.5452526374236535 0.451505016722408 0.01110494169905608 0.02508361204013378
0 0.3348139922265408 0.47240802675585286 0.01110494169905608 0.02508361204013378
0 0.6046640755136036 0.4080267558528428 0.006662965019433648 0.011705685618729096
0 0.6013325930038868 0.4214046822742475 0.006662965019433648 0.011705685618729096
0 0.2220988339811216 0.33612040133779264 0.00277623542476402 0.005852842809364548
0 0.7218212104386452 0.47575250836120403 0.01110494169905608 0.02508361204013378
0 0.5024986118822876 0.4188963210702341 0.006662965019433648 0.01254180602006689
0 0.08717379233759023 0.32274247491638797 0.00277623542476402 0.005852842809364548
0 0.8706274292059967 0.38377926421404684 0.003886729594669628 0.008361204013377926
0 0.5335924486396446 0.45652173913043476 0.01110494169905608 0.02508361204013378
0 0.3214880621876735 0.42642140468227424 0.006662965019433648 0.01254180602006689
0 0.11937812326485286 0.4707357859531773 0.011660188784008884 0.023411371237458192
0 0.8761799000555247 0.44732441471571904 0.01110494169905608 0.02508361204013378
0 0.32481954469739033 0.3787625418060201 0.003331482509716824 0.007525083612040134
0 0.35313714602998336 0.4673913043478261 0.01110494169905608 0.02508361204013378
0 0.3042754025541366 0.38545150501672243 0.006662965019433648 0.01254180602006689
0 0.1110494169905608 0.4322742474916388 0.009994447529150472 0.017558528428093644
0 0.32870627429205995 0.3486622073578595 0.002220988339811216 0.005016722408026756
0 0.5830094392004442 0.38127090301003347 0.004997223764575236 0.00919732441471572
0 0.18767351471404775 0.34782608695652173 0.00277623542476402 0.005852842809364548
0 0.8317601332593004 0.45735785953177255 0.01110494169905608 0.02508361204013378
0 0.8456413103831205 0.46070234113712377 0.01110494169905608 0.02508361204013378
0 0.7673514714047751 0.44565217391304346 0.01110494169905608 0.02508361204013378
0 0.7695724597445863 0.3603678929765886 0.003331482509716824 0.007525083612040134
0 0.5613548028872848 0.33528428093645485 0.002220988339811216 0.005016722408026756
0 0.13048306496390893 0.40384615384615385 0.00555247084952804 0.010033444816053512
0 0.4181010549694614 0.6153846153846154 0.02387562465297057 0.05016722408026756
0 0.9094947251526929 0.3720735785953177 0.003331482509716824 0.007525083612040134
0 0.5480288728484175 0.33277591973244147 0.002220988339811216 0.005016722408026756
0 0.7617990005552471 0.38461538461538464 0.006662965019433648 0.011705685618729096
0 0.6446418656302054 0.3177257525083612 0.003331482509716824 0.006688963210702341
0 0.38367573570238755 0.4280936454849498 0.006662965019433648 0.01254180602006689
0 0.15880066629650194 0.39548494983277593 0.00555247084952804 0.010033444816053512
0 0.5291504719600222 0.4406354515050167 0.01110494169905608 0.02508361204013378
0 0.8995002776235425 0.3637123745819398 0.003331482509716824 0.007525083612040134
0 0.7512493059411438 0.39297658862876256 0.006662965019433648 0.011705685618729096
0 0.39755691282620764 0.49581939799331104 0.01110494169905608 0.02508361204013378
0 0.6196557468073293 0.3695652173913043 0.003331482509716824 0.007525083612040134
0 0.4480843975569128 0.48578595317725753 0.01110494169905608 0.02508361204013378
0 0.0977234869516935 0.5158862876254181 0.011660188784008884 0.023411371237458192
0 0.14380899500277625 0.3704013377926421 0.00555247084952804 0.010033444816053512
0 0.7323709050527485 0.3511705685618729 0.003331482509716824 0.007525083612040134
0 0.3781232648528595 0.3394648829431438 0.002220988339811216 0.005016722408026756
0 0.6302054414214325 0.34448160535117056 0.002220988339811216 0.005016722408026756
0 0.16157690172126596 0.38294314381270905 0.00555247084952804 0.010033444816053512
0 0.6873958911715713 0.3277591973244147 0.003331482509716824 0.006688963210702341
0 0.4697390338700722 0.4180602006688963 0.006662965019433648 0.01254180602006689
0 0.3609106052193226 0.38377926421404684 0.006662965019433648 0.01254180602006689
0 0.3009439200444198 0.3770903010033445 0.003331482509716824 0.007525083612040134
0 0.8223209328151028 0.43478260869565216 0.007773459189339256 0.015050167224080268
0 0.10660744031093837 0.3979933110367893 0.00555247084952804 0.010033444816053512
0 0.7084952803997779 0.3971571906354515 0.006662965019433648 0.011705685618729096
0 0.8411993337034981 0.4230769230769231 0.006662965019433648 0.011705685618729096
0 0.575235980011105 0.6011705685618729 0.02387562465297057 0.05016722408026756
0 0.16157690172126596 0.3729096989966555 0.00555247084952804 0.010033444816053512
0 0.5030538589672404 0.40384615384615385 0.006662965019433648 0.01254180602006689
0 0.3231538034425319 0.3603678929765886 0.003331482509716824 0.007525083612040134
0 0.5824541921154914 0.41387959866220736 0.006662965019433648 0.011705685618729096
0 0.5136035535813437 0.40217391304347827 0.006662965019433648 0.01254180602006689
0 0.9977790116601888 0.35535117056856186 0.00277623542476402 0.005852842809364548
0 0.5868961687951139 0.34782608695652173 0.002220988339811216 0.005016722408026756
0 0.8117712382009994 0.3520066889632107 0.003331482509716824 0.007525083612040134
0 0.8872848417545808 0.5133779264214047 0.014436424208772903 0.03260869565217391
0 0.7612437534702943 0.3285953177257525 0.003331482509716824 0.007525083612040134
0 0.5408106607440311 0.3536789297658863 0.002220988339811216 0.005016722408026756
0 0.5674625208217657 0.3311036789297659 0.002220988339811216 0.005016722408026756
0 0.48861743475846753 0.35618729096989965 0.003331482509716824 0.007525083612040134
0 0.3198223209328151 0.32441471571906355 0.002220988339811216 0.005016722408026756
0 0.45363686840644085 0.3503344481605351 0.002220988339811216 0.005016722408026756
0 0.9416990560799556 0.3302675585284281 0.003331482509716824 0.007525083612040134
0 0.580788450860633 0.3971571906354515 0.006662965019433648 0.01254180602006689
0 0.16046640755136035 0.32608695652173914 0.00277623542476402 0.005852842809364548
0 0.6501943364797335 0.34615384615384615 0.003331482509716824 0.006688963210702341
0 0.32537479178234313 0.32525083612040134 0.002220988339811216 0.005016722408026756
0 0.7962243198223209 0.48494983277591974 0.01110494169905608 0.02508361204013378
0 0.031093836757357024 0.21989966555183946 0.03997779011660189 0.09698996655518395
0 0.45086063298167683 0.34698996655518394 0.002220988339811216 0.005016722408026756
0 0.09383675735702388 0.4698996655518395 0.011660188784008884 0.023411371237458192
0 0.09883398112159911 0.40384615384615385 0.00555247084952804 0.010033444816053512
0 0.07884508606329817 0.40384615384615385 0.00555247084952804 0.010033444816053512
0 0.3892282065519156 0.4531772575250836 0.01110494169905608 0.02508361204013378
0 0.8506385341476957 0.40468227424749165 0.006662965019433648 0.011705685618729096
0 0.7484730705163798 0.4289297658862876 0.006662965019433648 0.011705685618729096
0 0.756246529705719 0.3403010033444816 0.003331482509716824 0.007525083612040134
0 0.9400333148250972 0.4205685618729097 0.006662965019433648 0.011705685618729096
0 0.8012215435868961 0.3904682274247492 0.006662965019433648 0.011705685618729096
0 0.498611882287618 0.5250836120401338 0.014436424208772903 0.03260869565217391
0 0.5086063298167685 0.4088628762541806 0.006662965019433648 0.01254180602006689
0 0.7495835646862854 0.35618729096989965 0.003331482509716824 0.007525083612040134
0 0.3448084397556913 0.4105351170568562 0.006662965019433648 0.01254180602006689
0 0.5930038867295947 0.35785953177257523 0.003331482509716824 0.007525083612040134
0 0.7679067184897279 0.42391304347826086 0.006662965019433648 0.011705685618729096
0 0.6340921710161022 0.3394648829431438 0.00277623542476402 0.005852842809364548
0 0.2898389783453637 0.3528428093645485 0.004441976679622432 0.00919732441471572
0 0.6679622431982232 0.3603678929765886 0.003331482509716824 0.007525083612040134
0 0.7184897279289284 0.3879598662207358 0.006662965019433648 0.011705685618729096
0 0.8151027207107163 0.35618729096989965 0.003331482509716824 0.007525083612040134
0 0.110494169905608 0.40468227424749165 0.00555247084952804 0.010033444816053512
0 0.6513048306496391 0.318561872909699 0.003331482509716824 0.006688963210702341
0 0.49416990560799556 0.5811036789297659 0.02387562465297057 0.05016722408026756
0 0.8567462520821766 0.5292642140468228 0.014436424208772903 0.03260869565217391
0 0.9094947251526929 0.4899665551839465 0.01110494169905608 0.02508361204013378
0 0.6674069961132704 0.3177257525083612 0.003331482509716824 0.006688963210702341
0 0.640199888950583 0.3603678929765886 0.003331482509716824 0.007525083612040134
0 0.29539144919489174 0.4506688963210702 0.01110494169905608 0.02508361204013378
0 0.32537479178234313 0.5117056856187291 0.013325930038867296 0.030936454849498328
0 0.8106607440310938 0.34615384615384615 0.003331482509716824 0.007525083612040134
0 0.6835091615769017 0.3277591973244147 0.003331482509716824 0.006688963210702341
0 0.6440866185452526 0.32274247491638797 0.003331482509716824 0.006688963210702341
0 0.8956135480288728 0.3729096989966555 0.003331482509716824 0.007525083612040134
0 0.10660744031093837 0.46321070234113715 0.011660188784008884 0.023411371237458192
0 0.8961687951138256 0.3403010033444816 0.003331482509716824 0.007525083612040134
0 0.781787895613548 0.4280936454849498 0.006662965019433648 0.011705685618729096
0 0.4586340921710161 0.3503344481605351 0.002220988339811216 0.005016722408026756
0 0.4308717379233759 0.3520066889632107 0.002220988339811216 0.005016722408026756
0 0.2920599666851749 0.5192307692307693 0.013325930038867296 0.030936454849498328
0 0.5413659078289839 0.36872909698996653 0.003331482509716824 0.007525083612040134
0 0.6302054414214325 0.3963210702341137 0.006662965019433648 0.011705685618729096
0 0.4875069405885619 0.3988294314381271 0.006662965019433648 0.01254180602006689
0 0.8850638534147696 0.4080267558528428 0.006662965019433648 0.011705685618729096
0 0.5335924486396446 0.5183946488294314 0.014436424208772903 0.03260869565217391
0 0.47973348139922267 0.3979933110367893 0.006662965019433648 0.01254180602006689
0 0.8228761799000556 0.35535117056856186 0.003331482509716824 0.007525083612040134
0 0.9933370349805664 0.35785953177257523 0.00277623542476402 0.005852842809364548
0 0.6074403109383676 0.4005016722408027 0.006662965019433648 0.011705685618729096
0 0.110494169905608 0.38127090301003347 0.00555247084952804 0.010033444816053512
0 0.8828428650749583 0.42725752508361203 0.006662965019433648 0.011705685618729096
0 0.4297612437534703 0.34531772575250835 0.002220988339811216 0.005016722408026756
0 0.9322598556357579 0.3302675585284281 0.003331482509716824 0.007525083612040134
0 0.863964464186563 0.3294314381270903 0.003331482509716824 0.007525083612040134
0 0.3453636868406441 0.3904682274247492 0.006662965019433648 0.01254180602006689
0 0.47362576346474183 0.3996655518394649 0.006662965019433648 0.01254180602006689
0 0.10049972237645752 0.38127090301003347 0.00555247084952804 0.010033444816053512
0 0.4330927262631871 0.358695652173913 0.003331482509716824 0.007525083612040134
0 0.7579122709605774 0.4306020066889632 0.006662965019433648 0.011705685618729096
0 0.32704053303720154 0.32441471571906355 0.002220988339811216 0.005016722408026756
0 0.5946696279844531 0.3520066889632107 0.002220988339811216 0.005016722408026756
0 0.42032204330927264 0.42474916387959866 0.006662965019433648 0.01254180602006689
0 0.13103831204886174 0.4122073578595318 0.00555247084952804 0.010033444816053512
0 0.15935591338145474 0.40301003344481606 0.00555247084952804 0.010033444816053512
0 0.94058856191005 0.3770903010033445 0.003331482509716824 0.007525083612040134
0 0.9006107717934481 0.34448160535117056 0.003331482509716824 0.007525083612040134
0 0.6601887840088839 0.33277591973244147 0.003331482509716824 0.006688963210702341
0 0.06496390893947807 0.3770903010033445 0.00555247084952804 0.010033444816053512
0 0.6563020544142143 0.34448160535117056 0.003331482509716824 0.006688963210702341
0 0.09050527484730705 0.38127090301003347 0.00555247084952804 0.010033444816053512
0 0.9905607995558023 0.43478260869565216 0.007773459189339256 0.015050167224080268
0 0.6368684064408662 0.35535117056856186 0.003331482509716824 0.006688963210702341
0 0.7129372570794004 0.35451505016722407 0.003331482509716824 0.006688963210702341
0 0.470294280955025 0.3729096989966555 0.003331482509716824 0.007525083612040134
0 0.8034425319267073 0.38377926421404684 0.006662965019433648 0.011705685618729096
0 0.6501943364797335 0.4974916387959866 0.01110494169905608 0.02508361204013378
0 0.16546363131593558 0.39214046822742477 0.00555247084952804 0.010033444816053512
0 0.9766796224319823 0.40635451505016723 0.00555247084952804 0.010033444816053512
0 0.9866740699611327 0.5953177257525084 0.014436424208772903 0.03260869565217391
0 0.5641310383120489 0.41722408026755853 0.006662965019433648 0.01254180602006689
0 0.9666851749028318 0.4230769230769231 0.006662965019433648 0.011705685618729096
0 0.9966685174902832 0.36538461538461536 0.00277623542476402 0.005852842809364548
0 0.0694058856191005 0.4774247491638796 0.011660188784008884 0.023411371237458192
0 0.6624097723486951 0.3177257525083612 0.003331482509716824 0.006688963210702341
0 0.4153248195446974 0.3695652173913043 0.003331482509716824 0.007525083612040134
0 0.6041088284286508 0.3603678929765886 0.003331482509716824 0.007525083612040134
0 0.3220433092726263 0.40551839464882944 0.006662965019433648 0.01254180602006689
0 0.7284841754580789 0.3904682274247492 0.006662965019433648 0.011705685618729096
0 0.8911715713492504 0.33361204013377926 0.003331482509716824 0.007525083612040134
0 0.35036091060521934 0.43812709030100333 0.007773459189339256 0.015050167224080268
0 0.779011660188784 0.4005016722408027 0.006662965019433648 0.011705685618729096
0 0.34258745141588004 0.42474916387959866 0.006662965019433648 0.01254180602006689
0 0.7123820099944476 0.41387959866220736 0.006662965019433648 0.011705685618729096
0 0.09494725152692948 0.42474916387959866 0.009994447529150472 0.017558528428093644
0 0.4297612437534703 0.4698996655518395 0.01110494169905608 0.02508361204013378
0 0.7834536368684064 0.41471571906354515 0.006662965019433648 0.011705685618729096
0 0.7157134925041644 0.43645484949832775 0.007773459189339256 0.015050167224080268
0 0.17212659633536925 0.391304347826087 0.00555247084952804 0.010033444816053512
0 0.745141588006663 0.3511705685618729 0.003331482509716824 0.007525083612040134
0 0.6074403109383676 0.35785953177257523 0.003331482509716824 0.007525083612040134
0 0.9777901166018879 0.3319397993311037 0.007218212104386452 0.014214046822742474
0 0.4325374791782343 0.4439799331103679 0.01110494169905608 0.02508361204013378
0 0.41865630205441423 0.43561872909698995 0.006662965019433648 0.01254180602006689
0 0.8872848417545808 0.3494983277591973 0.003331482509716824 0.007525083612040134
0 0.47473625763464744 0.42391304347826086 0.006662965019433648 0.01254180602006689
0 0.8661854525263742 0.3795986622073579 0.003331482509716824 0.007525083612040134
0 0.8722931704608551 0.5016722408026756 0.014436424208772903 0.03260869565217391
0 0.8900610771793448 0.46404682274247494 0.01110494169905608 0.02508361204013378
0 0.7445863409217102 0.4188963210702341 0.006662965019433648 0.011705685618729096
0 0.38478622987229316 0.4431438127090301 0.01110494169905608 0.02508361204013378
0 0.6979455857856747 0.3193979933110368 0.003331482509716824 0.006688963210702341
0 0.3403664630760688 0.38461538461538464 0.006662965019433648 0.01254180602006689
0 0.09494725152692948 0.3269230769230769 0.00277623542476402 0.005852842809364548
0 0.4625208217656857 0.40468227424749165 0.006662965019433648 0.01254180602006689
0 0.4691837867851194 0.34531772575250835 0.002220988339811216 0.005016722408026756
0 0.5663520266518601 0.34615384615384615 0.002220988339811216 0.005016722408026756
0 0.9583564686285397 0.43645484949832775 0.007773459189339256 0.015050167224080268
0 0.5424764019988895 0.39548494983277593 0.006662965019433648 0.01254180602006689
0 0.6946141032759579 0.4774247491638796 0.01110494169905608 0.02508361204013378
0 0.7568017767906718 0.39464882943143814 0.006662965019433648 0.011705685618729096
0 0.9489172681843421 0.5409698996655519 0.014436424208772903 0.03260869565217391
0 0.7556912826207662 0.34531772575250835 0.003331482509716824 0.007525083612040134
0 0.6352026651860078 0.5066889632107023 0.014436424208772903 0.03260869565217391
0 0.5646862853970017 0.33444816053511706 0.002220988339811216 0.005016722408026756
0 0.7706829539144919 0.38461538461538464 0.00555247084952804 0.010033444816053512
0 0.8606329816768462 0.4188963210702341 0.006662965019433648 0.011705685618729096
0 0.12159911160466408 0.3177257525083612 0.00277623542476402 0.005852842809364548
0 0.8972792892837312 0.4439799331103679 0.01110494169905608 0.02508361204013378
0 0.832870627429206 0.3887959866220736 0.006662965019433648 0.011705685618729096
0 0.8906163242642976 0.3536789297658863 0.003331482509716824 0.007525083612040134
0 0.6135480288728484 0.3612040133779264 0.003331482509716824 0.007525083612040134
0 0.33092726263187117 0.34364548494983277 0.002220988339811216 0.005016722408026756
0 0.14769572459744587 0.38377926421404684 0.00555247084952804 0.010033444816053512
0 0.4963908939478068 0.40551839464882944 0.006662965019433648 0.01254180602006689
0 0.6857301499167129 0.3403010033444816 0.003331482509716824 0.006688963210702341
0 0.6907273736812882 0.3311036789297659 0.003331482509716824 0.006688963210702341
0 0.7134925041643532 0.3394648829431438 0.003331482509716824 0.006688963210702341
0 0.5496946141032759 0.6061872909698997 0.02387562465297057 0.05016722408026756
0 0.7634647418101055 0.5234113712374582 0.014436424208772903 0.03260869565217391
0 0.4047751249305941 0.46070234113712377 0.01110494169905608 0.02508361204013378
0 0.6474181010549694 0.3745819397993311 0.003331482509716824 0.007525083612040134
0 0.4286507495835647 0.35535117056856186 0.002220988339811216 0.005016722408026756
0 0.4314269850083287 0.4899665551839465 0.01110494169905608 0.02508361204013378
0 0.5169350360910605 0.5117056856187291 0.014436424208772903 0.03260869565217391
0 0.1810105496946141 0.33361204013377926 0.00277623542476402 0.005852842809364548
0 0.4253192670738479 0.35451505016722407 0.002220988339811216 0.005016722408026756
0 0.8795113825652415 0.6061872909698997 0.02387562465297057 0.05016722408026756
0 0.9100499722376457 0.3319397993311037 0.003331482509716824 0.007525083612040134
0 0.7034980566352027 0.3637123745819398 0.003331482509716824 0.007525083612040134
0 0.6102165463631316 0.3486622073578595 0.002220988339811216 0.005016722408026756
0 0.4453081621321488 0.40468227424749165 0.006662965019433648 0.01254180602006689
0 0.5446973903387007 0.42391304347826086 0.006662965019433648 0.01254180602006689
0 0.34925041643531374 0.4197324414715719 0.006662965019433648 0.01254180602006689
0 0.6835091615769017 0.33612040133779264 0.003331482509716824 0.006688963210702341
0 0.1543586896168795 0.4280936454849498 0.009994447529150472 0.017558528428093644
0 0.5508051082731815 0.34364548494983277 0.002220988339811216 0.005016722408026756
0 0.8728484175458079 0.36454849498327757 0.003331482509716824 0.007525083612040134
0 0.6152137701277068 0.46321070234113715 0.01110494169905608 0.02508361204013378
0 0.5907828983897835 0.4180602006688963 0.006662965019433648 0.011705685618729096
0 0.6213214880621877 0.4005016722408027 0.006662965019433648 0.011705685618729096
0 0.4691837867851194 0.38127090301003347 0.004997223764575236 0.010033444816053512
0 0.7629094947251527 0.34615384615384615 0.003331482509716824 0.007525083612040134
0 0.2915047196002221 0.36622073578595316 0.00555247084952804 0.010869565217391304
0 0.13436979455857856 0.32525083612040134 0.00277623542476402 0.005852842809364548
0 0.4847307051637979 0.459866220735786 0.01110494169905608 0.02508361204013378
0 0.6540810660744031 0.387123745819398 0.006662965019433648 0.011705685618729096
0 0.44086618545252637 0.3704013377926421 0.003331482509716824 0.007525083612040134
0 0.34869516935036093 0.3996655518394649 0.006662965019433648 0.01254180602006689
0 0.4580788450860633 0.4088628762541806 0.006662965019433648 0.01254180602006689
0 0.9139367018323153 0.6914715719063546 0.02387562465297057 0.05016722408026756
0 0.7912270960577457 0.29515050167224083 0.004997223764575236 0.007525083612040134
0 0.4153248195446974 0.4774247491638796 0.01110494169905608 0.02508361204013378
0 0.6612992781787895 0.3411371237458194 0.003331482509716824 0.006688963210702341
0 0.47806774014436426 0.34448160535117056 0.002220988339811216 0.005016722408026756
0 0.6801776790671848 0.34531772575250835 0.003331482509716824 0.006688963210702341
0 0.5563575791227096 0.3494983277591973 0.002220988339811216 0.005016722408026756
0 0.7695724597445863 0.3494983277591973 0.003331482509716824 0.007525083612040134
0 0.4103275957801222 0.4322742474916388 0.006662965019433648 0.01254180602006689
0 0.1943364797334814 0.33695652173913043 0.00277623542476402 0.005852842809364548
0 0.5941143808995003 0.34531772575250835 0.002220988339811216 0.005016722408026756
0 0.8645197112715158 0.35702341137123744 0.003331482509716824 0.007525083612040134
0 0.5902276513048307 0.4306020066889632 0.006662965019433648 0.011705685618729096
0 0.5180455302609661 0.4874581939799331 0.01110494169905608 0.02508361204013378
0 0.16490838423098278 0.40635451505016723 0.00555247084952804 0.010033444816053512
0 0.6540810660744031 0.4389632107023411 0.007773459189339256 0.015050167224080268
0 0.5774569683509162 0.358695652173913 0.003331482509716824 0.007525083612040134
0 0.5791227096057746 0.34615384615384615 0.002220988339811216 0.005016722408026756
0 0.4258745141588007 0.4122073578595318 0.006662965019433648 0.01254180602006689
0 0.688506385341477 0.3377926421404682 0.003331482509716824 0.006688963210702341
0 0.5219322598556357 0.3520066889632107 0.002220988339811216 0.005016722408026756
0 0.9466962798445309 0.45652173913043476 0.01110494169905608 0.02508361204013378
0 0.9156024430871738 0.36538461538461536 0.003331482509716824 0.007525083612040134
0 0.8900610771793448 0.3595317725752508 0.003331482509716824 0.007525083612040134
0 0.45641310383120487 0.34782608695652173 0.002220988339811216 0.005016722408026756
0 0.3442531926707385 0.46404682274247494 0.01110494169905608 0.02508361204013378
0 0.4441976679622432 0.3311036789297659 0.002220988339811216 0.005016722408026756
0 0.45363686840644085 0.4991638795986622 0.012770682953914493 0.028428093645484948
0 0.6263187118267629 0.4782608695652174 0.01110494169905608 0.02508361204013378
0 0.6185452526374237 0.4908026755852843 0.01110494169905608 0.02508361204013378
0 0.5569128262076624 0.35702341137123744 0.003331482509716824 0.007525083612040134
0 0.3914491948917268 0.40217391304347827 0.006662965019433648 0.01254180602006689
0 0.3575791227096058 0.48494983277591974 0.01110494169905608 0.02508361204013378
0 0.9533592448639645 0.4180602006688963 0.006662965019433648 0.011705685618729096
0 0.9927817878956136 0.36622073578595316 0.00277623542476402 0.005852842809364548
0 0.9561354802887285 0.5091973244147158 0.014436424208772903 0.03260869565217391
0 0.2915047196002221 0.3745819397993311 0.00555247084952804 0.010869565217391304
0 0.9922265408106608 0.4197324414715719 0.007773459189339256 0.016722408026755852
0 0.9089394780677401 0.3612040133779264 0.003331482509716824 0.007525083612040134
0 0.5385896724042198 0.4866220735785953 0.01110494169905608 0.02508361204013378
0 0.7018323153803443 0.4665551839464883 0.01110494169905608 0.02508361204013378
0 0.11493614658523042 0.39464882943143814 0.00555247084952804 0.010033444816053512
0 0.4430871737923376 0.34615384615384615 0.002220988339811216 0.005016722408026756
0 0.48917268184342033 0.38377926421404684 0.006662965019433648 0.01254180602006689
0 0.19877845641310382 0.33361204013377926 0.00277623542476402 0.005852842809364548
0 0.1532481954469739 0.3695652173913043 0.00555247084952804 0.010033444816053512
0 0.8395335924486397 0.39381270903010035 0.006662965019433648 0.011705685618729096
0 0.8772903942254303 0.3486622073578595 0.003331482509716824 0.007525083612040134
0 0.9172681843420322 0.40217391304347827 0.006662965019433648 0.011705685618729096
0 0.3448084397556913 0.49331103678929766 0.01110494169905608 0.02508361204013378
0 0.47806774014436426 0.3695652173913043 0.003331482509716824 0.007525083612040134
0 0.4841754580788451 0.4105351170568562 0.006662965019433648 0.01254180602006689
0 0.41976679622431984 0.38377926421404684 0.006662965019433648 0.01254180602006689
0 0.3942254303164908 0.3503344481605351 0.002220988339811216 0.005016722408026756
0 0.9106052193225985 0.41638795986622074 0.006662965019433648 0.011705685618729096
0 0.9139367018323153 0.32525083612040134 0.003331482509716824 0.007525083612040134
0 0.6268739589117157 0.407190635451505 0.006662965019433648 0.011705685618729096
0 0.7579122709605774 0.32608695652173914 0.003331482509716824 0.007525083612040134
0 0.5963353692393115 0.40468227424749165 0.006662965019433648 0.011705685618729096
0 0.41921154913936703 0.4540133779264214 0.01110494169905608 0.02508361204013378
0 0.9255968906163242 0.3804347826086957 0.003331482509716824 0.007525083612040134
0 0.648528595224875 0.3302675585284281 0.003331482509716824 0.006688963210702341
0 0.9033870072182121 0.3210702341137124 0.003331482509716824 0.007525083612040134
0 0.665741254858412 0.3971571906354515 0.006662965019433648 0.011705685618729096
0 0.688506385341477 0.5075250836120402 0.014436424208772903 0.03260869565217391
0 0.7518045530260966 0.5744147157190636 0.014436424208772903 0.03260869565217391
0 0.7234869516935036 0.40217391304347827 0.006662965019433648 0.011705685618729096
0 0.5896724042198779 0.38127090301003347 0.004997223764575236 0.00919732441471572
0 0.6979455857856747 0.3887959866220736 0.006662965019433648 0.011705685618729096
0 0.6340921710161022 0.5585284280936454 0.014436424208772903 0.03260869565217391
0 0.08606329816768463 0.4214046822742475 0.009994447529150472 0.017558528428093644
0 0.5735702387562466 0.3762541806020067 0.003331482509716824 0.007525083612040134
0 0.5885619100499723 0.46321070234113715 0.01110494169905608 0.02508361204013378
0 0.5180455302609661 0.4414715719063545 0.01110494169905608 0.02508361204013378
0 0.7740144364242088 0.4088628762541806 0.006662965019433648 0.011705685618729096
0 0.5674625208217657 0.4690635451505017 0.01110494169905608 0.02508361204013378
0 0.5652415324819545 0.3494983277591973 0.002220988339811216 0.005016722408026756
0 0.9894503053858967 0.3520066889632107 0.00277623542476402 0.005852842809364548
0 0.8017767906718489 0.4498327759197324 0.01110494169905608 0.02508361204013378
0 0.33037201554691836 0.42474916387959866 0.006662965019433648 0.01254180602006689
0 0.6335369239311494 0.4222408026755853 0.006662965019433648 0.011705685618729096
0 0.4963908939478068 0.42642140468227424 0.006662965019433648 0.01254180602006689
0 0.7151582454192116 0.3795986622073579 0.003331482509716824 0.007525083612040134
0 0.6313159355913381 0.3528428093645485 0.00277623542476402 0.005852842809364548
0 0.4836202109938923 0.42725752508361203 0.006662965019433648 0.01254180602006689
0 0.6968350916157691 0.411371237458194 0.006662965019433648 0.011705685618729096
0 0.29872293170460856 0.34615384615384615 0.002220988339811216 0.005016722408026756
0 0.7940033314825097 0.42642140468227424 0.006662965019433648 0.011705685618729096
0 0.6674069961132704 0.35451505016722407 0.003331482509716824 0.006688963210702341
0 0.4602998334258745 0.3503344481605351 0.002220988339811216 0.005016722408026756
0 0.16213214880621876 0.391304347826087 0.00555247084952804 0.010033444816053512
0 0.410882842865075 0.4105351170568562 0.006662965019433648 0.01254180602006689
0 0.9983342587451416 0.33612040133779264 0.00277623542476402 0.005852842809364548
0 0.6735147140477512 0.35785953177257523 0.003331482509716824 0.007525083612040134
0 0.8539700166574126 0.5953177257525084 0.02387562465297057 0.05016722408026756
0 0.7123820099944476 0.3603678929765886 0.003331482509716824 0.007525083612040134
0 0.7495835646862854 0.3285953177257525 0.003331482509716824 0.007525083612040134
0 0.49416990560799556 0.39548494983277593 0.006662965019433648 0.01254180602006689
0 0.07218212104386452 0.411371237458194 0.00555247084952804 0.010033444816053512
0 0.8967240421987784 0.3319397993311037 0.003331482509716824 0.007525083612040134
0 0.14602998334258746 0.4331103678929766 0.009994447529150472 0.017558528428093644
0 0.7590227651304831 0.40217391304347827 0.006662965019433648 0.011705685618729096
0 0.779011660188784 0.3620401337792642 0.003331482509716824 0.007525083612040134
0 0.3320377568017768 0.5886287625418061 0.013325930038867296 0.030936454849498328
0 0.6785119378123264 0.45568561872909696 0.01110494169905608 0.02508361204013378
0 0.3875624652970572 0.4180602006688963 0.006662965019433648 0.01254180602006689
0 0.7518045530260966 0.34698996655518394 0.003331482509716824 0.007525083612040134
0 0.928928373126041 0.41722408026755853 0.006662965019433648 0.011705685618729096
0 0.413659078289839 0.3511705685618729 0.002220988339811216 0.005016722408026756
0 0.42087729039422545 0.39464882943143814 0.006662965019433648 0.01254180602006689
0 0.08828428650749584 0.3712374581939799 0.00555247084952804 0.010033444816053512
0 0.8001110494169905 0.4013377926421405 0.006662965019433648 0.011705685618729096
0 0.6535258189894503 0.3770903010033445 0.003331482509716824 0.007525083612040134
0 0.17157134925041642 0.38461538461538464 0.00555247084952804 0.010033444816053512
0 0.37034980566352027 0.4498327759197324 0.01110494169905608 0.02508361204013378
0 0.8456413103831205 0.362876254180602 0.003331482509716824 0.007525083612040134
0 0.4602998334258745 0.4188963210702341 0.006662965019433648 0.01254180602006689
0 0.41865630205441423 0.411371237458194 0.006662965019433648 0.01254180602006689
0 0.42254303164908386 0.3528428093645485 0.002220988339811216 0.005016722408026756
0 0.5341476957245974 0.3319397993311037 0.002220988339811216 0.005016722408026756
0 0.7257079400333148 0.3419732441471572 0.003331482509716824 0.006688963210702341
0 0.8756246529705719 0.34531772575250835 0.003331482509716824 0.007525083612040134
0 0.35424764019988897 0.36705685618729095 0.003331482509716824 0.007525083612040134
0 0.6029983342587452 0.3536789297658863 0.00277623542476402 0.005852842809364548
0 0.5657967795669073 0.3704013377926421 0.003331482509716824 0.007525083612040134
0 0.6707384786229872 0.34782608695652173 0.003331482509716824 0.006688963210702341
0 0.45030538589672403 0.40301003344481606 0.006662965019433648 0.01254180602006689
0 0.8028872848417545 0.3285953177257525 0.003331482509716824 0.007525083612040134
0 0.642976124375347 0.34782608695652173 0.003331482509716824 0.006688963210702341
0 0.12215435868961688 0.38294314381270905 0.00555247084952804 0.010033444816053512
0 0.4880621876735147 0.34782608695652173 0.002220988339811216 0.005016722408026756
0 0.07717934480843976 0.38545150501672243 0.00555247084952804 0.010033444816053512
0 0.6290949472515269 0.35702341137123744 0.003331482509716824 0.007525083612040134
0 0.07218212104386452 0.3804347826086957 0.00555247084952804 0.010033444816053512
0 0.8617434758467518 0.3595317725752508 0.003331482509716824 0.007525083612040134
0 0.6929483620210994 0.4214046822742475 0.006662965019433648 0.011705685618729096
0 0.08606329816768463 0.3963210702341137 0.00555247084952804 0.010033444816053512
0 0.6568573014991671 0.45568561872909696 0.01110494169905608 0.02508361204013378
0 0.444752915047196 0.4414715719063545 0.01110494169905608 0.02508361204013378
0 0.8084397556912826 0.5953177257525084 0.02387562465297057 0.05016722408026756
0 0.7490283176013326 0.5133779264214047 0.014436424208772903 0.03260869565217391
0 0.7751249305941144 0.33361204013377926 0.003331482509716824 0.007525083612040134
0 0.603553581343698 0.38210702341137126 0.003886729594669628 0.008361204013377926
0 0.49194891726818435 0.3536789297658863 0.002220988339811216 0.005016722408026756
0 0.13603553581343697 0.4389632107023411 0.009994447529150472 0.017558528428093644
0 0.17046085508051081 0.3779264214046823 0.00555247084952804 0.010033444816053512
0 0.8911715713492504 0.32441471571906355 0.003331482509716824 0.007525083612040134
0 0.49250416435313715 0.34698996655518394 0.002220988339811216 0.005016722408026756
0 0.06551915602443087 0.4214046822742475 0.009994447529150472 0.017558528428093644
0 0.410882842865075 0.3996655518394649 0.006662965019433648 0.01254180602006689
0 0.1260410882842865 0.41722408026755853 0.00555247084952804 0.010033444816053512
0 0.11993337034980567 0.43561872909698995 0.009994447529150472 0.017558528428093644
0 0.5130483064963909 0.3520066889632107 0.002220988339811216 0.005016722408026756
0 0.3331482509716824 0.5543478260869565 0.013325930038867296 0.030936454849498328
0 0.14103275957801223 0.4005016722408027 0.00555247084952804 0.010033444816053512
0 0.5063853414769572 0.3595317725752508 0.003331482509716824 0.007525083612040134
0 0.43697945585785675 0.35451505016722407 0.002220988339811216 0.005016722408026756
0 0.5763464741810106 0.4230769230769231 0.006662965019433648 0.01254180602006689
0 0.9044975013881177 0.411371237458194 0.006662965019433648 0.011705685618729096
0 0.7756801776790672 0.5275919732441472 0.014436424208772903 0.03260869565217391
0 0.991671293725708 0.5250836120401338 0.014436424208772903 0.03260869565217391
0 0.07107162687395892 0.45819397993311034 0.009994447529150472 0.017558528428093644
0 0.674069961132704 0.3511705685618729 0.003331482509716824 0.006688963210702341
0 0.4719600222098834 0.5050167224080268 0.014436424208772903 0.03260869565217391
0 0.10438645197112716 0.4397993311036789 0.009994447529150472 0.017558528428093644
0 0.9317046085508051 0.4489966555183946 0.01110494169905608 0.02508361204013378
0 0.138811771238201 0.31521739130434784 0.00277623542476402 0.005852842809364548
0 0.5374791782343142 0.3536789297658863 0.002220988339811216 0.005016722408026756
0 0.38367573570238755 0.3411371237458194 0.002220988339811216 0.005016722408026756
0 0.7412548584119933 0.4389632107023411 0.009994447529150472 0.021739130434782608
0 0.9133814547473625 0.407190635451505 0.006662965019433648 0.011705685618729096
0 0.6751804553026096 0.42474916387959866 0.006662965019433648 0.011705685618729096
0 0.36979455857856747 0.38461538461538464 0.006662965019433648 0.01254180602006689
0 0.9067184897279289 0.34782608695652173 0.003331482509716824 0.007525083612040134
0 0.8700721821210439 0.3486622073578595 0.003331482509716824 0.007525083612040134
0 0.5852304275402554 0.3729096989966555 0.003331482509716824 0.007525083612040134
0 0.41921154913936703 0.5192307692307693 0.014436424208772903 0.03260869565217391
0 0.8350916157690172 0.35702341137123744 0.003331482509716824 0.007525083612040134
0 0.4630760688506385 0.3511705685618729 0.002220988339811216 0.005016722408026756
0 0.4636313159355913 0.36872909698996653 0.003331482509716824 0.007525083612040134
0 0.6951693503609107 0.4280936454849498 0.006662965019433648 0.011705685618729096
0 0.648528595224875 0.520066889632107 0.014436424208772903 0.03260869565217391
0 0.09994447529150471 0.4523411371237458 0.009994447529150472 0.017558528428093644
0 0.42420877290394227 0.36789297658862874 0.003331482509716824 0.007525083612040134
0 0.9133814547473625 0.4297658862876254 0.006662965019433648 0.011705685618729096
0 0.9566907273736813 0.32357859531772576 0.004997223764575236 0.010033444816053512
0 0.3320377568017768 0.39381270903010035 0.006662965019433648 0.01254180602006689
0 0.6507495835646863 0.4180602006688963 0.006662965019433648 0.011705685618729096
0 0.9228206551915602 0.4531772575250836 0.01110494169905608 0.02508361204013378
0 0.06774014436424208 0.44816053511705684 0.009994447529150472 0.017558528428093644
0 0.8795113825652415 0.3520066889632107 0.003331482509716824 0.007525083612040134
0 0.8561910049972238 0.35785953177257523 0.003331482509716824 0.007525083612040134
0 0.5841199333703498 0.35451505016722407 0.00277623542476402 0.006688963210702341
0 0.19988895058300943 0.36705685618729095 0.003331482509716824 0.006688963210702341
0 0.6496390893947807 0.3979933110367893 0.006662965019433648 0.011705685618729096
0 0.11937812326485286 0.4489966555183946 0.009994447529150472 0.017558528428093644
0 0.7390338700721821 0.38377926421404684 0.004997223764575236 0.00919732441471572
0 0.8028872848417545 0.46488294314381273 0.01110494169905608 0.02508361204013378
0 0.5924486396446419 0.3787625418060201 0.003331482509716824 0.007525083612040134
0 0.538034425319267 0.33361204013377926 0.002220988339811216 0.005016722408026756
0 0.8789561354802887 0.552675585284281 0.014436424208772903 0.03260869565217391
0 0.569683509161577 0.3536789297658863 0.002220988339811216 0.005016722408026756
0 0.5291504719600222 0.39548494983277593 0.006662965019433648 0.01254180602006689
0 0.7573570238756246 0.3595317725752508 0.003331482509716824 0.007525083612040134
0 0.3331482509716824 0.3494983277591973 0.002220988339811216 0.005016722408026756
0 0.7290394225430317 0.46153846153846156 0.01110494169905608 0.02508361204013378
0 0.694058856191005 0.3377926421404682 0.003331482509716824 0.006688963210702341
0 0.3475846751804553 0.3177257525083612 0.002220988339811216 0.005016722408026756
0 0.5791227096057746 0.42642140468227424 0.006662965019433648 0.01254180602006689
0 0.8822876179900055 0.3862876254180602 0.006662965019433648 0.011705685618729096
0 0.6335369239311494 0.35785953177257523 0.003331482509716824 0.007525083612040134
0 0.4841754580788451 0.49247491638795987 0.01110494169905608 0.02508361204013378
0 0.13603553581343697 0.3720735785953177 0.00555247084952804 0.010033444816053512
0 0.7284841754580789 0.44481605351170567 0.01110494169905608 0.02508361204013378
0 0.5469183786785119 0.3503344481605351 0.002220988339811216 0.005016722408026756
0 0.4275402554136591 0.38377926421404684 0.006662965019433648 0.01254180602006689
0 0.8850638534147696 0.4707357859531773 0.01110494169905608 0.02508361204013378
0 0.8411993337034981 0.5493311036789298 0.014436424208772903 0.03260869565217391
0 0.8784008883953359 0.3996655518394649 0.006662965019433648 0.011705685618729096
0 0.1271515824541921 0.3177257525083612 0.00277623542476402 0.005852842809364548
0 0.6191004997223765 0.3603678929765886 0.003331482509716824 0.007525083612040134
0 0.5613548028872848 0.5593645484949833 0.014436424208772903 0.03260869565217391
0 0.1815657967795669 0.36789297658862874 0.00555247084952804 0.010033444816053512
0 0.9444752915047196 0.4707357859531773 0.01110494169905608 0.02508361204013378
0 0.8500832870627429 0.3862876254180602 0.006662965019433648 0.011705685618729096
0 0.4319822320932815 0.36872909698996653 0.003331482509716824 0.007525083612040134
0 0.8267629094947252 0.3862876254180602 0.006662965019433648 0.011705685618729096
0 0.07773459189339256 0.3269230769230769 0.00277623542476402 0.005852842809364548
0 0.13159355913381454 0.38210702341137126 0.00555247084952804 0.010033444816053512
0 0.3864519711271516 0.47157190635451507 0.01110494169905608 0.02508361204013378
0 0.9383675735702388 0.407190635451505 0.006662965019433648 0.011705685618729096
0 0.3731260410882843 0.4289297658862876 0.006662965019433648 0.01254180602006689
0 0.1254858411993337 0.31605351170568563 0.00277623542476402 0.005852842809364548
0 0.4025541365907829 0.43561872909698995 0.006662965019433648 0.01254180602006689
0 0.35147140477512495 0.38461538461538464 0.006662965019433648 0.01254180602006689
0 0.917823431426985 0.5493311036789298 0.014436424208772903 0.03260869565217391
0 0.8134369794558579 0.42474916387959866 0.006662965019433648 0.011705685618729096
0 0.46585230427540253 0.34782608695652173 0.002220988339811216 0.005016722408026756
0 0.5163797890061077 0.3503344481605351 0.002220988339811216 0.005016722408026756
0 0.8267629094947252 0.4013377926421405 0.006662965019433648 0.011705685618729096
0 0.32537479178234313 0.4983277591973244 0.01110494169905608 0.02508361204013378
0 0.10993892282065519 0.41555183946488294 0.00555247084952804 0.010033444816053512
0 0.416435313714603 0.35618729096989965 0.003331482509716824 0.007525083612040134
0 0.5424764019988895 0.342809364548495 0.002220988339811216 0.005016722408026756
0 0.1799000555247085 0.3795986622073579 0.00555247084952804 0.010033444816053512
0 0.09217101610216547 0.39381270903010035 0.00555247084952804 0.010033444816053512
0 0.9578012215435869 0.5936454849498328 0.02387562465297057 0.05016722408026756
0 0.997223764575236 0.3202341137123746 0.00277623542476402 0.005852842809364548
0 0.4292059966685175 0.3704013377926421 0.003331482509716824 0.007525083612040134
0 0.3459189339255969 0.32441471571906355 0.002220988339811216 0.005016722408026756
0 0.7656857301499167 0.3311036789297659 0.003331482509716824 0.007525083612040134
0 0.5519156024430871 0.3520066889632107 0.002220988339811216 0.005016722408026756
0 0.3464741810105497 0.43561872909698995 0.006662965019433648 0.01254180602006689
0 0.7679067184897279 0.3269230769230769 0.003331482509716824 0.007525083612040134
0 0.6551915602443087 0.35702341137123744 0.003331482509716824 0.007525083612040134
0 0.45030538589672403 0.38210702341137126 0.003331482509716824 0.007525083612040134
0 0.8861743475846752 0.362876254180602 0.003331482509716824 0.007525083612040134
0 0.47529150471960024 0.3795986622073579 0.003331482509716824 0.007525083612040134
0 0.9927817878956136 0.4096989966555184 0.004441976679622432 0.008361204013377926
0 0.3014991671293726 0.39548494983277593 0.006662965019433648 0.01254180602006689
0 0.08828428650749584 0.45568561872909696 0.009994447529150472 0.017558528428093644
0 0.13548028872848417 0.318561872909699 0.00277623542476402 0.005852842809364548
0 0.6635202665186007 0.3494983277591973 0.003331482509716824 0.006688963210702341
0 0.688506385341477 0.3712374581939799 0.003331482509716824 0.007525083612040134
0 0.12881732370905052 0.3277591973244147 0.00277623542476402 0.005852842809364548
0 0.4819544697390339 0.36789297658862874 0.003331482509716824 0.007525083612040134
0 0.9861188228761799 0.3737458193979933 0.00277623542476402 0.005852842809364548
0 0.5546918378678511 0.342809364548495 0.002220988339811216 0.005016722408026756
0 0.8145474736257635 0.33444816053511706 0.003331482509716824 0.007525083612040134
0 0.7340366463076069 0.35702341137123744 0.003331482509716824 0.007525083612040134
0 0.5963353692393115 0.4498327759197324 0.01110494169905608 0.02508361204013378
0 0.5308162132148806 0.580267558528428 0.02387562465297057 0.05016722408026756
0 0.06551915602443087 0.4096989966555184 0.00555247084952804 0.010033444816053512
0 0.14103275957801223 0.318561872909699 0.00277623542476402 0.005852842809364548
0 0.12992781787895613 0.45819397993311034 0.009994447529150472 0.017558528428093644
0 0.645752359800111 0.4531772575250836 0.01110494169905608 0.02508361204013378
0 0.5258189894503054 0.4122073578595318 0.006662965019433648 0.01254180602006689
0 0.3947806774014436 0.3795986622073579 0.003331482509716824 0.007525083612040134
0 0.1515824541921155 0.407190635451505 0.00555247084952804 0.010033444816053512
0 0.4591893392559689 0.5292642140468228 0.014436424208772903 0.03260869565217391
0 0.7234869516935036 0.387123745819398 0.006662965019433648 0.011705685618729096
0 0.37978900610771793 0.391304347826087 0.006662965019433648 0.01254180602006689
0 0.773459189339256 0.32608695652173914 0.003331482509716824 0.007525083612040134
0 0.9194891726818434 0.33277591973244147 0.003331482509716824 0.007525083612040134
0 0.8684064408661855 0.4188963210702341 0.006662965019433648 0.011705685618729096
0 0.7701277068295391 0.3377926421404682 0.003331482509716824 0.007525083612040134
0 0.45419211549139366 0.4908026755852843 0.01110494169905608 0.02508361204013378
0 0.45252637423653524 0.4197324414715719 0.006662965019433648 0.01254180602006689
0 0.7717934480843975 0.39381270903010035 0.006662965019433648 0.011705685618729096
0 0.47640199888950585 0.47324414715719065 0.01110494169905608 0.02508361204013378
0 0.7157134925041644 0.6195652173913043 0.02387562465297057 0.05016722408026756
0 0.6418656302054414 0.38210702341137126 0.004997223764575236 0.00919732441471572
0 0.5508051082731815 0.33277591973244147 0.002220988339811216 0.005016722408026756
0 0.4597445863409217 0.46488294314381273 0.01110494169905608 0.02508361204013378
0 0.4825097168239867 0.34615384615384615 0.002220988339811216 0.005016722408026756
0 0.07606885063853415 0.4289297658862876 0.009994447529150472 0.017558528428093644
0 0.8883953359244864 0.3219063545150502 0.003331482509716824 0.007525083612040134
0 0.8784008883953359 0.4765886287625418 0.01110494169905608 0.02508361204013378
0 0.31482509716823986 0.4414715719063545 0.01110494169905608 0.02508361204013378
0 0.7501388117712382 0.46404682274247494 0.01110494169905608 0.02508361204013378
0 0.8695169350360911 0.4406354515050167 0.01110494169905608 0.02508361204013378
0 0.3331482509716824 0.338628762541806 0.002220988339811216 0.005016722408026756
0 0.9861188228761799 0.36454849498327757 0.00277623542476402 0.005852842809364548
0 0.9694614103275958 0.5267558528428093 0.014436424208772903 0.03260869565217391
0 0.6435313714602998 0.4280936454849498 0.006662965019433648 0.011705685618729096
0 0.9772348695169351 0.5158862876254181 0.014436424208772903 0.03260869565217391
0 0.4614103275957801 0.3762541806020067 0.003331482509716824 0.007525083612040134
0 0.7390338700721821 0.358695652173913 0.003331482509716824 0.007525083612040134
0 0.6840644086618545 0.3486622073578595 0.003331482509716824 0.006688963210702341
0 0.21043864519711272 0.33695652173913043 0.00277623542476402 0.005852842809364548
0 0.9650194336479734 0.4088628762541806 0.006662965019433648 0.011705685618729096
0 0.35369239311493617 0.3486622073578595 0.002220988339811216 0.005016722408026756
0 0.6923931149361466 0.34615384615384615 0.003331482509716824 0.006688963210702341
0 0.32870627429205995 0.3762541806020067 0.003331482509716824 0.007525083612040134
0 0.14547473625763466 0.44648829431438125 0.009994447529150472 0.017558528428093644
0 0.1110494169905608 0.38461538461538464 0.00555247084952804 0.010033444816053512
0 0.9278178789561354 0.3210702341137124 0.003331482509716824 0.007525083612040134
0 0.9833425874514159 0.35785953177257523 0.00277623542476402 0.005852842809364548
0 0.8117712382009994 0.5025083612040134 0.014436424208772903 0.03260869565217391
0 0.5952248750694059 0.3963210702341137 0.006662965019433648 0.011705685618729096
0 0.7773459189339256 0.5050167224080268 0.014436424208772903 0.03260869565217391
0 0.5441421432537479 0.33361204013377926 0.002220988339811216 0.005016722408026756
0 0.5385896724042198 0.4096989966555184 0.006662965019433648 0.01254180602006689
0 0.32704053303720154 0.3419732441471572 0.002220988339811216 0.005016722408026756
0 0.8573014991671294 0.3996655518394649 0.006662965019433648 0.011705685618729096
0 0.7096057745696835 0.3779264214046823 0.003331482509716824 0.007525083612040134
0 0.3753470294280955 0.4080267558528428 0.006662965019433648 0.01254180602006689
0 0.4430871737923376 0.5167224080267558 0.014436424208772903 0.03260869565217391
0 0.9955580233203776 0.552675585284281 0.01665741254858412 0.03678929765886288
0 0.9533592448639645 0.4816053511705686 0.01110494169905608 0.02508361204013378
0 0.6218767351471405 0.39214046822742477 0.006662965019433648 0.011705685618729096
0 0.9922265408106608 0.3210702341137124 0.00277623542476402 0.005852842809364548
0 0.688506385341477 0.3494983277591973 0.003331482509716824 0.006688963210702341
0 0.7212659633536924 0.362876254180602 0.003331482509716824 0.007525083612040134
0 0.4969461410327596 0.4690635451505017 0.01110494169905608 0.02508361204013378
0 0.9650194336479734 0.5560200668896321 0.014436424208772903 0.03260869565217391
0 0.13214880621876735 0.4214046822742475 0.009994447529150472 0.017558528428093644
0 0.5841199333703498 0.3494983277591973 0.002220988339811216 0.005016722408026756
0 0.4275402554136591 0.4297658862876254 0.006662965019433648 0.01254180602006689
0 0.714047751249306 0.40217391304347827 0.006662965019433648 0.011705685618729096
0 0.06607440310938367 0.38377926421404684 0.00555247084952804 0.010033444816053512
0 0.6368684064408662 0.338628762541806 0.003331482509716824 0.006688963210702341
0 0.1510272071071627 0.3294314381270903 0.00277623542476402 0.005852842809364548
0 0.29983342587451417 0.407190635451505 0.006662965019433648 0.01254180602006689
0 0.39589117157134923 0.41387959866220736 0.006662965019433648 0.01254180602006689
0 0.7828983897834536 0.3779264214046823 0.003331482509716824 0.007525083612040134
0 0.1393670183231538 0.32525083612040134 0.00277623542476402 0.005852842809364548
0 0.1121599111604664 0.3285953177257525 0.00277623542476402 0.005852842809364548
0 0.8967240421987784 0.35451505016722407 0.003331482509716824 0.007525083612040134
0 0.8511937812326485 0.3311036789297659 0.003331482509716824 0.007525083612040134
0 0.9239311493614658 0.36538461538461536 0.003331482509716824 0.007525083612040134
0 0.6729594669627984 0.3996655518394649 0.006662965019433648 0.011705685618729096
0 0.7973348139922265 0.540133779264214 0.014436424208772903 0.03260869565217391
0 0.7473625763464742 0.3411371237458194 0.003331482509716824 0.007525083612040134
0 0.39811215991116045 0.3511705685618729 0.002220988339811216 0.005016722408026756
0 0.5974458634092171 0.34531772575250835 0.002220988339811216 0.005016722408026756
0 0.1393670183231538 0.45819397993311034 0.009994447529150472 0.017558528428093644
0 0.5880066629650195 0.35618729096989965 0.003331482509716824 0.007525083612040134
0 0.6046640755136036 0.342809364548495 0.002220988339811216 0.005016722408026756
0 0.6846196557468073 0.5986622073578596 0.02387562465297057 0.05016722408026756
0 0.8373126041088285 0.28762541806020064 0.003331482509716824 0.007525083612040134
0 0.8856191004997224 0.3411371237458194 0.003331482509716824 0.007525083612040134
0 0.6229872293170461 0.41638795986622074 0.006662965019433648 0.011705685618729096
0 0.6129927817878956 0.39214046822742477 0.006662965019433648 0.011705685618729096
0 0.5596890616324264 0.3729096989966555 0.003331482509716824 0.007525083612040134
0 0.6729594669627984 0.4874581939799331 0.01110494169905608 0.02508361204013378
0 0.6363131593559134 0.34448160535117056 0.003331482509716824 0.006688963210702341
0 0.9389228206551916 0.47324414715719065 0.01110494169905608 0.02508361204013378
0 0.12048861743475847 0.3294314381270903 0.00277623542476402 0.005852842809364548
0 0.7617990005552471 0.4874581939799331 0.01110494169905608 0.02508361204013378
0 0.6851749028317601 0.40301003344481606 0.006662965019433648 0.011705685618729096
0 0.7867851193781232 0.3988294314381271 0.006662965019433648 0.011705685618729096
0 0.46585230427540253 0.391304347826087 0.006662965019433648 0.01254180602006689
0 0.5907828983897835 0.5551839464882943 0.014436424208772903 0.03260869565217391
0 0.09050527484730705 0.43812709030100333 0.009994447529150472 0.017558528428093644
0 0.4830649639089395 0.391304347826087 0.006662965019433648 0.01254180602006689
0 0.20433092726263188 0.33528428093645485 0.00277623542476402 0.005852842809364548
0 0.5535813436979455 0.4866220735785953 0.01110494169905608 0.02508361204013378
0 0.40755136035535816 0.34448160535117056 0.002220988339811216 0.005016722408026756
0 0.6418656302054414 0.4866220735785953 0.01110494169905608 0.02508361204013378
0 0.6096612992781788 0.3612040133779264 0.003331482509716824 0.007525083612040134
0 0.8661854525263742 0.3511705685618729 0.003331482509716824 0.007525083612040134
0 0.6041088284286508 0.338628762541806 0.002220988339811216 0.005016722408026756
0 0.14547473625763466 0.4230769230769231 0.009994447529150472 0.017558528428093644
0 0.4825097168239867 0.3862876254180602 0.006662965019433648 0.01254180602006689
0 0.14825097168239867 0.532608695652174 0.011660188784008884 0.023411371237458192
0 0.5374791782343142 0.39548494983277593 0.006662965019433648 0.01254180602006689
0 0.6268739589117157 0.3520066889632107 0.002220988339811216 0.005016722408026756
0 0.7001665741254859 0.3411371237458194 0.003331482509716824 0.006688963210702341
0 0.34980566352026654 0.34531772575250835 0.002220988339811216 0.005016722408026756
0 0.7190449750138812 0.3536789297658863 0.003331482509716824 0.006688963210702341
0 0.6518600777345919 0.5510033444816054 0.014436424208772903 0.03260869565217391
0 0.5180455302609661 0.3745819397993311 0.003331482509716824 0.007525083612040134
0 0.781787895613548 0.4406354515050167 0.01110494169905608 0.02508361204013378
0 0.10660744031093837 0.3887959866220736 0.00555247084952804 0.010033444816053512
0 0.5991116046640755 0.5827759197324415 0.02387562465297057 0.05016722408026756
0 0.7540255413659078 0.4523411371237458 0.01110494169905608 0.02508361204013378
0 0.12826207662409772 0.4908026755852843 0.011660188784008884 0.023411371237458192
0 0.29317046085508053 0.4197324414715719 0.006662965019433648 0.01254180602006689
0 0.38534147695724597 0.5133779264214047 0.014436424208772903 0.03260869565217391
0 0.4458634092171016 0.4698996655518395 0.01110494169905608 0.02508361204013378
0 0.6501943364797335 0.3612040133779264 0.003331482509716824 0.007525083612040134
0 0.4636313159355913 0.48327759197324416 0.01110494169905608 0.02508361204013378
0 0.33037201554691836 0.4590301003344482 0.01110494169905608 0.02508361204013378
0 0.14214325374791784 0.32441471571906355 0.00277623542476402 0.005852842809364548
0 0.1787895613548029 0.3377926421404682 0.00277623542476402 0.005852842809364548
0 0.43586896168795114 0.34782608695652173 0.002220988339811216 0.005016722408026756
0 0.6879511382565242 0.3795986622073579 0.003331482509716824 0.007525083612040134
0 0.31315935591338145 0.46070234113712377 0.01110494169905608 0.02508361204013378
0 0.5996668517490283 0.34782608695652173 0.002220988339811216 0.005016722408026756
