0 0.5859766277128547 0.30376344086021506 0.01669449081803005 0.02956989247311828
0 0.4791318864774624 0.25806451612903225 0.021702838063439065 0.043010752688172046
0 0.18196994991652754 0.25 0.021702838063439065 0.043010752688172046
0 0.2654424040066778 0.260752688172043 0.021702838063439065 0.043010752688172046
0 0.15859766277128548 0.17204301075268819 0.045075125208681135 0.08064516129032258
0 0.5141903171953256 0.3172043010752688 0.01669449081803005 0.02956989247311828
0 0.29716193656093487 0.26881720430107525 0.021702838063439065 0.043010752688172046
0 0.22036727879799667 0.2446236559139785 0.021702838063439065 0.043010752688172046
0 0.5225375626043406 0.2661290322580645 0.01669449081803005 0.02956989247311828
0 0.34223706176961605 0.26344086021505375 0.021702838063439065 0.043010752688172046
0 0.22537562604340566 0.2849462365591398 0.021702838063439065 0.043010752688172046
0 0.41402337228714525 0.2553763440860215 0.021702838063439065 0.043010752688172046
0 0.5492487479131887 0.2903225806451613 0.01669449081803005 0.02956989247311828
0 0.7011686143572621 0.25 0.04340567612687813 0.07795698924731183
0 0.05509181969949917 0.25806451612903225 0.045075125208681135 0.08064516129032258
0 0.1285475792988314 0.24731182795698925 0.06176961602671119 0.12634408602150538
0 0.46243739565943237 0.25268817204301075 0.021702838063439065 0.043010752688172046
0 0.6193656093489148 0.31989247311827956 0.01669449081803005 0.02956989247311828
0 0.28046744574290483 0.25806451612903225 0.021702838063439065 0.043010752688172046
