0 0.7152083333333333 0.31432002401681175 0.07520833333333334 0.1591113779645752
0 0.450625 0.007805463824677274 0.059375 0.10897628339837886
0 0.233125 0.12969078354848393 0.058958333333333335 0.10777544280996698
0 0.7589583333333333 0.13569498649054337 0.058958333333333335 0.10777544280996698
0 0.72875 0.08736115280696488 0.058958333333333335 0.10777544280996698
0 0.0225 0.2428700090063044 0.05979166666666667 0.11047733413389373
0 0.8554166666666667 0.49654758330831583 0.11125 0.21735214650255177
0 0.7045833333333333 0.2395676973881717 0.07520833333333334 0.1591113779645752
0 0.36875 0.1903332332632843 0.05979166666666667 0.11047733413389373
0 0.536875 0.41969378564995496 0.194375 0.3476433503452417
0 0.8233333333333334 0.3146202341639147 0.06145833333333333 0.12278595016511558
0 0.396875 0.2836985890123086 0.05979166666666667 0.11047733413389373
0 0.49875 0.20354247973581507 0.05979166666666667 0.11047733413389373
0 0.19458333333333333 0.06724707295106575 0.058958333333333335 0.10777544280996698
0 0.3 0.06634644250975683 0.058958333333333335 0.10777544280996698
0 0.24145833333333333 0.21795256679675773 0.05979166666666667 0.11047733413389373
0 0.049375 0.1020714500150105 0.058958333333333335 0.10777544280996698
0 0.11416666666666667 0.27889522665866107 0.07166666666666667 0.15881116781747223
