0 0.459 0.5262368815592204 0.014 0.026986506746626688
0 0.183 0.5217391304347826 0.009 0.014992503748125937
0 0.472 0.5487256371814093 0.014 0.026986506746626688
0 0.727 0.5337331334332833 0.018 0.03298350824587706
0 0.117 0.5427286356821589 0.049 0.08995502248875563
0 0.869 0.5757121439280359 0.014 0.022488755622188907
0 0.699 0.5427286356821589 0.014 0.02848575712143928
0 0.572 0.4572713643178411 0.01 0.01649175412293853
0 0.486 0.48425787106446777 0.01 0.01649175412293853
0 0.731 0.5712143928035982 0.029 0.047976011994003
0 0.554 0.4512743628185907 0.01 0.01649175412293853
0 0.262 0.512743628185907 0.046 0.08095952023988005
0 0.034 0.5082458770614693 0.029 0.053973013493253376
0 0.616 0.6251874062968515 0.01 0.01649175412293853
0 0.364 0.4527736131934033 0.006 0.010494752623688156
0 0.921 0.5757121439280359 0.025 0.041979010494752625
0 0.528 0.5892053973013494 0.023 0.044977511244377814
0 0.688 0.5592203898050975 0.014 0.02848575712143928
0 0.99 0.8125937031484258 0.011 0.022488755622188907
0 0.798 0.5262368815592204 0.033 0.050974512743628186
0 0.303 0.5097451274362819 0.046 0.08095952023988005
0 0.375 0.512743628185907 0.051 0.08395802098950525
0 0.225 0.5082458770614693 0.02 0.035982008995502246
0 0.709 0.5472263868065967 0.018 0.03298350824587706
0 0.658 0.5577211394302849 0.014 0.02848575712143928
0 0.128 0.5667166416791605 0.009 0.014992503748125937
0 0.497 0.5427286356821589 0.014 0.026986506746626688
0 0.906 0.5577211394302849 0.025 0.041979010494752625
0 0.533 0.4542728635682159 0.01 0.01649175412293853
0 0.557 0.5772113943028486 0.023 0.044977511244377814
0 0.631 0.5937031484257871 0.01 0.01649175412293853
0 0.587 0.4617691154422789 0.01 0.01649175412293853
0 0.584 0.5322338830584707 0.014 0.026986506746626688
0 0.345 0.4542728635682159 0.006 0.010494752623688156
