0 0.53125 0.43547453703703703 0.020061728395061727 0.04050925925925926
0 0.4479166666666667 0.4675925925925926 0.018518518518518517 0.03414351851851852
0 0.6290509259259259 0.5043402777777778 0.020061728395061727 0.04050925925925926
0 0.730516975308642 0.4748263888888889 0.050540123456790126 0.10561342592592593
0 0.4853395061728395 0.37789351851851855 0.06539351851851852 0.12818287037037038
0 0.6817129629629629 0.5109953703703703 0.05941358024691358 0.11255787037037036
0 0.06809413580246913 0.4710648148148148 0.05632716049382716 0.1267361111111111
0 0.7779706790123457 0.5121527777777778 0.02353395061728395 0.04195601851851852
0 0.5929783950617284 0.5306712962962963 0.020061728395061727 0.04050925925925926
0 0.345679012345679 0.5526620370370371 0.05150462962962963 0.09722222222222222
0 0.5464891975308642 0.4664351851851852 0.020061728395061727 0.04050925925925926
0 0.029128086419753087 0.5370370370370371 0.05632716049382716 0.1267361111111111
0 0.12037037037037036 0.5529513888888888 0.05632716049382716 0.1267361111111111
0 0.3447145061728395 0.41001157407407407 0.04552469135802469 0.07899305555555555
0 0.9099151234567902 0.5318287037037037 0.0466820987654321 0.08188657407407407
0 0.4085648148148148 0.5107060185185185 0.055748456790123455 0.09114583333333333
0 0.9380787037037037 0.46412037037037035 0.0466820987654321 0.08188657407407407
0 0.9926697530864198 0.4826388888888889 0.0466820987654321 0.08188657407407407
