0 0.1765625 0.15119047619047618 0.0065625 0.01488095238095238
0 0.680625 0.10357142857142858 0.0046875 0.01488095238095238
0 0.1209375 0.07083333333333333 0.0065625 0.01488095238095238
0 0.785 0.04047619047619048 0.0046875 0.0125
0 0.7771875 0.008333333333333333 0.0046875 0.0125
0 0.6334375 0.1529761904761905 0.0090625 0.025595238095238095
0 0.66 0.22321428571428573 0.0090625 0.025595238095238095
0 0.45125 0.11785714285714285 0.0065625 0.01488095238095238
0 0.4990625 0.2833333333333333 0.009375 0.024404761904761905
0 0.3453125 0.06666666666666667 0.0065625 0.01488095238095238
0 0.34375 0.5470238095238096 0.0240625 0.04523809523809524
0 0.2909375 0.07321428571428572 0.0065625 0.01488095238095238
0 0.1525 0.5744047619047619 0.0240625 0.04523809523809524
0 0.3696875 0.06607142857142857 0.0065625 0.01488095238095238
0 0.6859375 0.1619047619047619 0.0090625 0.025595238095238095
0 0.529375 0.02142857142857143 0.0065625 0.014285714285714285
0 0.78375 0.05 0.0046875 0.0125
0 0.5109375 0.256547619047619 0.009375 0.024404761904761905
0 0.5034375 0.002976190476190476 0.0065625 0.0125
0 0.7290625 0.06488095238095239 0.0046875 0.01488095238095238
0 0.7928125 0.025595238095238095 0.0046875 0.0125
0 0.9596875 0.18035714285714285 0.0078125 0.015476190476190477
0 0.2478125 0.060714285714285714 0.0065625 0.01488095238095238
0 0.0240625 0.1523809523809524 0.0121875 0.02976190476190476
0 0.991875 0.07976190476190476 0.0046875 0.0125
0 0.4253125 0.06785714285714285 0.0065625 0.01488095238095238
0 0.3996875 0.022023809523809525 0.0065625 0.0125
0 0.3809375 0.014285714285714285 0.0065625 0.0125
0 0.7203125 0.030952380952380953 0.0046875 0.0125
0 0.33125 0.02976190476190476 0.0065625 0.01369047619047619
0 0.6246875 0.16785714285714284 0.0090625 0.025595238095238095
0 0.688125 0.08511904761904762 0.0046875 0.01488095238095238
0 0.783125 0.006547619047619048 0.0046875 0.0125
0 0.488125 0.08214285714285714 0.0065625 0.01488095238095238
0 0.4415625 0.023809523809523808 0.0065625 0.0125
0 0.555625 0.002976190476190476 0.0078125 0.019642857142857142
0 0.671875 0.21845238095238095 0.0090625 0.025595238095238095
0 0.0090625 0.24047619047619048 0.0121875 0.025
