0 0.3882567137005007 0.3198906356801094 0.014110150204824761 0.022556390977443608
0 0.4456076467910787 0.3007518796992481 0.014110150204824761 0.022556390977443608
0 0.4911242603550296 0.23103212576896787 0.009103322712790168 0.015037593984962405
0 0.42876649977241693 0.4894053315105947 0.04050978607191625 0.06288448393711552
0 0.5279927173418297 0.45659603554340394 0.04050978607191625 0.06288448393711552
0 0.6618115612198452 0.3390293916609706 0.014110150204824761 0.022556390977443608
0 0.4101046882111971 0.3390293916609706 0.014110150204824761 0.022556390977443608
0 0.7032316795630406 0.4531784005468216 0.04050978607191625 0.06288448393711552
0 0.4729176149294492 0.2822966507177033 0.009103322712790168 0.015037593984962405
0 0.12107419208010924 0.3458646616541353 0.014110150204824761 0.022556390977443608
0 0.649977241693218 0.6097060833902939 0.06690942193900774 0.12371838687628162
0 0.35912608101957216 0.34518113465481887 0.014110150204824761 0.022556390977443608
0 0.6795630405097861 0.4538619275461381 0.04050978607191625 0.06288448393711552
0 0.4920345926263086 0.39097744360902253 0.020937642239417388 0.03349282296650718
0 0.37960855712335 0.3089542036910458 0.014110150204824761 0.022556390977443608
0 0.267637687756031 0.36363636363636365 0.014110150204824761 0.022556390977443608
0 0.38279472007282656 0.4244702665755297 0.04050978607191625 0.06288448393711552
0 0.35821574874829315 0.20232399179767602 0.009103322712790168 0.015037593984962405
0 0.2849340009103323 0.26657552973342447 0.009103322712790168 0.015037593984962405
0 0.8479745106964042 0.4818865345181135 0.04050978607191625 0.06288448393711552
0 0.0018206645425580337 0.4894053315105947 0.033682294037323625 0.05809979494190021
0 0.3463814292216659 0.19070403280929596 0.009103322712790168 0.015037593984962405
0 0.24806554392353208 0.4032809295967191 0.020937642239417388 0.03349282296650718
0 0.5284478834774693 0.26247436773752564 0.009103322712790168 0.015037593984962405
0 0.33227127901684117 0.2734107997265892 0.009103322712790168 0.015037593984962405
0 0.07510241238051889 0.49965823650034175 0.04050978607191625 0.06288448393711552
0 0.6527082385070551 0.2693096377306904 0.009103322712790168 0.015037593984962405
0 0.4010013654984069 0.3219412166780588 0.014110150204824761 0.022556390977443608
0 0.13837050523441055 0.5782638414217361 0.06690942193900774 0.12371838687628162
0 0.27173418297678653 0.4504442925495557 0.04050978607191625 0.06288448393711552
0 0.7528447883477469 0.5112781954887218 0.04050978607191625 0.06288448393711552
0 0.6854802002730996 0.2761449077238551 0.009103322712790168 0.015037593984962405
0 0.3072371415566682 0.24333561175666438 0.009103322712790168 0.015037593984962405
0 0.33181611288120166 0.3588516746411483 0.014110150204824761 0.022556390977443608
0 0.3627674101046882 0.39097744360902253 0.020937642239417388 0.03349282296650718
0 0.3837050523441056 0.3397129186602871 0.014110150204824761 0.022556390977443608
0 0.5466545289030497 0.27409432672590567 0.009103322712790168 0.015037593984962405
0 0.48338643604915793 0.3349282296650718 0.014110150204824761 0.022556390977443608
0 0.20983158852981337 0.3943950786056049 0.020937642239417388 0.03349282296650718
0 0.1292671825216204 0.41216678058783324 0.04050978607191625 0.06288448393711552
0 0.16613563950842059 0.3923444976076555 0.020937642239417388 0.03349282296650718
0 0.5562130177514792 0.2952836637047163 0.009103322712790168 0.015037593984962405
0 0.4710969503868912 0.35611756664388244 0.014110150204824761 0.022556390977443608
0 0.34365043240782883 0.24880382775119617 0.009103322712790168 0.015037593984962405
0 0.20072826581702322 0.4456596035543404 0.04050978607191625 0.06288448393711552
0 0.31178880291306327 0.2932330827067669 0.009103322712790168 0.015037593984962405
0 0.03550295857988166 0.34039644565960353 0.007737824305871643 0.014354066985645933
0 0.5197997269003186 0.4408749145591251 0.04050978607191625 0.06288448393711552
0 0.134274010013655 0.39917976760082025 0.020937642239417388 0.03349282296650718
0 0.7023213472917615 0.2761449077238551 0.009103322712790168 0.015037593984962405
0 0.17159763313609466 0.27409432672590567 0.014110150204824761 0.022556390977443608
0 0.39326354119253526 0.47368421052631576 0.04050978607191625 0.06288448393711552
0 0.06053709604005462 0.3362952836637047 0.005917159763313609 0.012303485987696514
0 0.4269458352298589 0.3650034176349966 0.020937642239417388 0.03349282296650718
0 0.8543468365953573 0.33287764866712233 0.014110150204824761 0.022556390977443608
0 0.5179790623577606 0.42105263157894735 0.04050978607191625 0.06288448393711552
0 0.8834774692762859 0.4354066985645933 0.04050978607191625 0.06288448393711552
0 0.434228493400091 0.42720437457279564 0.04050978607191625 0.06288448393711552
0 0.5393718707328174 0.32946001367054 0.014110150204824761 0.022556390977443608
0 0.5862539827036869 0.39849624060150374 0.020937642239417388 0.03349282296650718
0 0.5539371870732818 0.4730006835269993 0.04050978607191625 0.06288448393711552
0 0.2867546654528903 0.380041011619959 0.020937642239417388 0.03349282296650718
0 0.13290851160673645 0.3390293916609706 0.014110150204824761 0.022556390977443608
0 0.26308602639963585 0.4169514695830485 0.04050978607191625 0.06288448393711552
0 0.755575785161584 0.27546138072453863 0.009103322712790168 0.015037593984962405
0 0.6458807464724624 0.38961038961038963 0.020937642239417388 0.03349282296650718
0 0.6436049157942649 0.34039644565960353 0.014110150204824761 0.022556390977443608
0 0.5065999089667729 0.278879015721121 0.009103322712790168 0.015037593984962405
0 0.26445152480655437 0.39712918660287083 0.020937642239417388 0.03349282296650718
0 0.4556213017751479 0.4449760765550239 0.04050978607191625 0.06288448393711552
0 0.3404642694583523 0.44907723855092274 0.04050978607191625 0.06288448393711552
0 0.8670914883932636 0.35064935064935066 0.014110150204824761 0.022556390977443608
0 0.39189804278561674 0.2686261107313739 0.009103322712790168 0.015037593984962405
0 0.8893946290395994 0.6076555023923444 0.06690942193900774 0.12371838687628162
0 0.5461993627674101 0.20710868079289133 0.009103322712790168 0.015037593984962405
0 0.22075557578516158 0.3697881066302119 0.020937642239417388 0.03349282296650718
0 0.058716431497496585 0.3588516746411483 0.005917159763313609 0.012303485987696514
0 0.31952662721893493 0.3028024606971975 0.014110150204824761 0.022556390977443608
0 0.8233955393718707 0.24538619275461382 0.009103322712790168 0.015037593984962405
0 0.008192990441511151 0.40464798359535203 0.04050978607191625 0.06288448393711552
0 0.48839326354119256 0.2987012987012987 0.014110150204824761 0.022556390977443608
0 0.7205279927173418 0.38550922761449075 0.020937642239417388 0.03349282296650718
0 0.30086481565771506 0.44771018455228984 0.04050978607191625 0.06288448393711552
0 0.3345471096950387 0.26452494873547505 0.009103322712790168 0.015037593984962405
0 0.5070550751024124 0.3444976076555024 0.014110150204824761 0.022556390977443608
0 0.16477014110150204 0.35611756664388244 0.014110150204824761 0.022556390977443608
0 0.6408739189804279 0.4128503075871497 0.04050978607191625 0.06288448393711552
0 0.513882567137005 0.39712918660287083 0.020937642239417388 0.03349282296650718
0 0.19572143832498862 0.3253588516746411 0.014110150204824761 0.022556390977443608
0 0.12107419208010924 0.3144224196855776 0.014110150204824761 0.022556390977443608
0 0.7532999544833865 0.6144907723855092 0.06690942193900774 0.12371838687628162
0 0.4219390077378243 0.38072453861927547 0.020937642239417388 0.03349282296650718
0 0.22394173873463813 0.39166097060833904 0.020937642239417388 0.03349282296650718
0 0.6354119253527537 0.9193438140806562 0.12835685025034138 0.20847573479152426
0 0.812926718252162 0.42857142857142855 0.04050978607191625 0.06288448393711552
0 0.594446973145198 0.26452494873547505 0.009103322712790168 0.015037593984962405
0 0.42011834319526625 0.29460013670539986 0.009103322712790168 0.015037593984962405
0 0.3136094674556213 0.35816814764183186 0.014110150204824761 0.022556390977443608
0 0.5197997269003186 0.3178400546821599 0.014110150204824761 0.022556390977443608
0 0.5857988165680473 0.44429254955570746 0.04050978607191625 0.06288448393711552
0 0.3336367774237597 0.3745727956254272 0.020937642239417388 0.03349282296650718
0 0.6235776058261265 0.42720437457279564 0.04050978607191625 0.06288448393711552
0 0.30131998179335456 0.3397129186602871 0.014110150204824761 0.022556390977443608
0 0.04278561675011379 0.32262474367737526 0.007737824305871643 0.014354066985645933
0 0.7159763313609467 0.4053315105946685 0.020937642239417388 0.03349282296650718
0 0.5976331360946746 0.49213943950786054 0.04050978607191625 0.06288448393711552
0 0.37551206190259445 0.3520164046479836 0.014110150204824761 0.022556390977443608
0 0.3409194355939918 0.40669856459330145 0.020937642239417388 0.03349282296650718
0 0.16021847974510697 0.3267259056732741 0.014110150204824761 0.022556390977443608
0 0.19162494310423306 0.3499658236500342 0.014110150204824761 0.022556390977443608
0 0.2967683204369595 0.42173615857826385 0.04050978607191625 0.06288448393711552
0 0.31770596267637685 0.26247436773752564 0.009103322712790168 0.015037593984962405
0 0.28265817023213474 0.3595352016404648 0.014110150204824761 0.022556390977443608
0 0.41283568502503415 0.3533834586466165 0.014110150204824761 0.022556390977443608
0 0.5830678197542103 0.26999316473000684 0.009103322712790168 0.015037593984962405
0 0.3045061447428311 0.3089542036910458 0.014110150204824761 0.022556390977443608
0 0.3837050523441056 0.4395078605604921 0.04050978607191625 0.06288448393711552
0 0.056440600819299046 0.4073820915926179 0.020937642239417388 0.03349282296650718
0 0.24806554392353208 0.3157894736842105 0.014110150204824761 0.022556390977443608
0 0.0009103322712790169 0.4203691045796309 0.007737824305871643 0.014354066985645933
0 0.4547109695038689 0.35816814764183186 0.014110150204824761 0.022556390977443608
0 0.33864360491579426 0.5112781954887218 0.04050978607191625 0.06288448393711552
0 0.5284478834774693 0.29801777170198224 0.014110150204824761 0.022556390977443608
0 0.42967683204369594 0.1872863978127136 0.009103322712790168 0.015037593984962405
0 0.6681838871187984 0.37320574162679426 0.020937642239417388 0.03349282296650718
0 0.4010013654984069 0.3588516746411483 0.014110150204824761 0.022556390977443608
0 0.06645425580336822 0.3178400546821599 0.014110150204824761 0.022556390977443608
0 0.45653163404642694 0.28708133971291866 0.009103322712790168 0.015037593984962405
0 0.18252162039144287 0.38961038961038963 0.020937642239417388 0.03349282296650718
0 0.9376422394173873 0.5030758714969241 0.04050978607191625 0.06288448393711552
0 0.5562130177514792 0.3738892686261107 0.020937642239417388 0.03349282296650718
0 0.35821574874829315 0.24675324675324675 0.009103322712790168 0.015037593984962405
0 0.12835685025034138 0.38345864661654133 0.020937642239417388 0.03349282296650718
0 0.7364588074647246 0.4319890635680109 0.04050978607191625 0.06288448393711552
0 0.6854802002730996 0.3889268626110731 0.020937642239417388 0.03349282296650718
0 0.39280837505689575 0.19070403280929596 0.009103322712790168 0.015037593984962405
0 0.4710969503868912 0.3069036226930964 0.014110150204824761 0.022556390977443608
0 0.3609467455621302 0.3253588516746411 0.014110150204824761 0.022556390977443608
0 0.9098771051433774 0.278879015721121 0.009103322712790168 0.015037593984962405
0 0.6513427401001366 0.4579630895420369 0.04050978607191625 0.06288448393711552
0 0.8010923987255348 0.3233082706766917 0.014110150204824761 0.022556390977443608
0 0.7733272644515248 0.41216678058783324 0.04050978607191625 0.06288448393711552
0 0.4437869822485207 0.2809295967190704 0.009103322712790168 0.015037593984962405
0 0.5612198452435139 0.42720437457279564 0.04050978607191625 0.06288448393711552
0 0.41420118343195267 0.833902939166097 0.12835685025034138 0.20847573479152426
0 0.6973145197997269 0.3397129186602871 0.014110150204824761 0.022556390977443608
0 0.42148384160218477 0.4025974025974026 0.020937642239417388 0.03349282296650718
0 0.5603095129722349 0.3321941216678059 0.014110150204824761 0.022556390977443608
0 0.3873463814292217 0.3752563226247437 0.020937642239417388 0.03349282296650718
0 0.6345015930814747 0.35406698564593303 0.014110150204824761 0.022556390977443608
0 0.46882111970869367 0.252904989747095 0.009103322712790168 0.015037593984962405
0 0.04369594902139281 0.5652768284347232 0.06690942193900774 0.12371838687628162
0 0.11470186618115612 0.3978127136021873 0.020937642239417388 0.03349282296650718
0 0.3309057806099226 0.2809295967190704 0.009103322712790168 0.015037593984962405
0 0.9499317250796541 0.4408749145591251 0.033682294037323625 0.05263157894736842
0 0.781520254893036 0.43130553656869447 0.04050978607191625 0.06288448393711552
0 0.41875284478834773 0.4463431305536569 0.04050978607191625 0.06288448393711552
0 0.5275375512061903 0.39371155160628846 0.020937642239417388 0.03349282296650718
0 0.41283568502503415 0.19685577580314423 0.009103322712790168 0.015037593984962405
0 0.5339098771051434 0.2843472317156528 0.009103322712790168 0.015037593984962405
0 0.36504324078288575 0.2843472317156528 0.009103322712790168 0.015037593984962405
0 0.8807464724624487 0.4818865345181135 0.04050978607191625 0.06288448393711552
0 0.31952662721893493 0.31510594668489406 0.014110150204824761 0.022556390977443608
0 0.1356395084205735 0.2836637047163363 0.014110150204824761 0.022556390977443608
0 0.058716431497496585 0.34859876965140124 0.005917159763313609 0.012303485987696514
0 0.8384160218479745 0.4299384825700615 0.04050978607191625 0.06288448393711552
0 0.7505689576695493 0.23171565276828435 0.009103322712790168 0.015037593984962405
0 0.3418297678652708 0.33356117566643884 0.014110150204824761 0.022556390977443608
0 0.3723258989531179 0.20847573479152426 0.009103322712790168 0.015037593984962405
0 0.04551661356395084 0.3513328776486671 0.007737824305871643 0.014354066985645933
0 0.26217569412835684 0.3390293916609706 0.014110150204824761 0.022556390977443608
0 0.9003186162949477 0.23923444976076555 0.009103322712790168 0.015037593984962405
0 0.3158852981338188 0.4149008885850991 0.04050978607191625 0.06288448393711552
0 0.7177969959035048 0.5741626794258373 0.06690942193900774 0.12371838687628162
0 0.3773327264451525 0.24948735475051265 0.009103322712790168 0.015037593984962405
0 0.7664997724169322 0.3697881066302119 0.020937642239417388 0.03349282296650718
0 0.6162949476558944 0.303485987696514 0.014110150204824761 0.022556390977443608
0 0.17159763313609466 0.3643198906356801 0.014110150204824761 0.022556390977443608
0 0.7223486572598998 0.4764183185235817 0.04050978607191625 0.06288448393711552
0 0.48520710059171596 0.5734791524265208 0.06690942193900774 0.12371838687628162
0 0.7619481110605371 0.44019138755980863 0.04050978607191625 0.06288448393711552
0 0.013654984069185253 0.34859876965140124 0.007737824305871643 0.014354066985645933
0 0.7874374146563495 0.2809295967190704 0.009103322712790168 0.015037593984962405
0 0.569412835685025 0.28503075871496925 0.009103322712790168 0.015037593984962405
0 0.6986800182066454 0.4107997265892003 0.04050978607191625 0.06288448393711552
0 0.83340919435594 0.2727272727272727 0.009103322712790168 0.015037593984962405
0 0.7537551206190259 0.16062884483937115 0.009103322712790168 0.015037593984962405
0 0.22576240327719618 0.417634996582365 0.04050978607191625 0.06288448393711552
0 0.7346381429221666 0.3308270676691729 0.014110150204824761 0.022556390977443608
0 0.6199362767410105 0.3868762816131237 0.020937642239417388 0.03349282296650718
0 0.4274010013654984 0.24128503075871496 0.009103322712790168 0.015037593984962405
0 0.46882111970869367 0.3267259056732741 0.014110150204824761 0.022556390977443608
0 0.4274010013654984 0.26247436773752564 0.009103322712790168 0.015037593984962405
0 0.010013654984069186 0.37047163362952834 0.007737824305871643 0.014354066985645933
0 0.10559854346836596 0.9678742310321258 0.12835685025034138 0.20847573479152426
0 0.5930814747382794 0.3028024606971975 0.014110150204824761 0.022556390977443608
0 0.324988620846609 0.2522214627477785 0.009103322712790168 0.015037593984962405
0 0.4456076467910787 0.40054682159945315 0.020937642239417388 0.03349282296650718
0 0.3154301319981793 0.2781954887218045 0.009103322712790168 0.015037593984962405
0 0.39326354119253526 0.39712918660287083 0.020937642239417388 0.03349282296650718
0 0.2976786527082385 0.48667122351332875 0.04050978607191625 0.06288448393711552
0 0.6126536185707784 0.3718386876281613 0.020937642239417388 0.03349282296650718
0 0.3791533909877105 0.45727956254272045 0.04050978607191625 0.06288448393711552
0 0.02548930359581247 0.3677375256322625 0.007737824305871643 0.014354066985645933
0 0.24123805188893946 0.4429254955570745 0.04050978607191625 0.06288448393711552
0 0.3673190714610833 0.3007518796992481 0.014110150204824761 0.022556390977443608
0 0.32817478379608556 0.19480519480519481 0.009103322712790168 0.015037593984962405
0 0.05917159763313609 0.37593984962406013 0.020937642239417388 0.03349282296650718
0 0.03732362312243969 0.37320574162679426 0.007737824305871643 0.014354066985645933
0 0.35776058261265364 0.36363636363636365 0.014110150204824761 0.022556390977443608
0 0.5803368229403733 0.24948735475051265 0.009103322712790168 0.015037593984962405
0 0.7578516158397816 0.3157894736842105 0.014110150204824761 0.022556390977443608
0 0.5106964041875285 0.3116883116883117 0.014110150204824761 0.022556390977443608
0 0.18798361401911698 0.49760765550239233 0.04050978607191625 0.06288448393711552
0 0.43969048702776514 0.24538619275461382 0.009103322712790168 0.015037593984962405
0 0.5871643149749659 0.3397129186602871 0.014110150204824761 0.022556390977443608
0 0.31816112881201636 0.3964456596035543 0.020937642239417388 0.03349282296650718
0 0.2275830678197542 0.3513328776486671 0.014110150204824761 0.022556390977443608
0 0.14565316340464268 0.4559125085440875 0.04050978607191625 0.06288448393711552
0 0.5721438324988621 0.19070403280929596 0.009103322712790168 0.015037593984962405
0 0.404642694583523 0.19412166780587833 0.009103322712790168 0.015037593984962405
0 0.3900773782430587 0.22146274777853725 0.009103322712790168 0.015037593984962405
0 0.7542102867546655 0.42378673957621327 0.04050978607191625 0.06288448393711552
0 0.6126536185707784 0.3568010936431989 0.014110150204824761 0.022556390977443608
0 0.5857988165680473 0.42378673957621327 0.04050978607191625 0.06288448393711552
0 0.5521165225307237 0.3267259056732741 0.014110150204824761 0.022556390977443608
0 0.5766954938552572 0.3089542036910458 0.014110150204824761 0.022556390977443608
0 0.35730541647701414 0.4155844155844156 0.04050978607191625 0.06288448393711552
0 0.04369594902139281 0.7703349282296651 0.12835685025034138 0.20847573479152426
0 0.4820209376422394 0.42515379357484623 0.04050978607191625 0.06288448393711552
0 0.48702776513427404 0.45864661654135336 0.04050978607191625 0.06288448393711552
