0 0.11020408163265306 0.8711433756805808 0.0653061224489796 0.14519056261343014
0 0.3377551020408163 0.33212341197822143 0.0653061224489796 0.14519056261343014
0 0.19285714285714287 0.3484573502722323 0.0653061224489796 0.14519056261343014
0 0.7989795918367347 0.26860254083484575 0.0653061224489796 0.14519056261343014
0 0.5295918367346939 0.38838475499092556 0.0653061224489796 0.14519056261343014
0 0.976530612244898 0.7386569872958257 0.0653061224489796 0.14519056261343014
0 0.6489795918367347 0.7767695099818511 0.0653061224489796 0.14519056261343014
0 0.9071428571428571 0.8421052631578947 0.0653061224489796 0.14519056261343014
0 0.3673469387755102 0.5789473684210527 0.0653061224489796 0.14519056261343014
0 0.2979591836734694 0.6715063520871143 0.0653061224489796 0.14519056261343014
0 0.6561224489795918 0.9201451905626135 0.0653061224489796 0.14519056261343014
0 0.6908163265306122 0.24500907441016334 0.0653061224489796 0.14519056261343014
0 0.37551020408163266 0.18330308529945555 0.0653061224489796 0.14519056261343014
0 0.5979591836734693 0.3466424682395644 0.0653061224489796 0.14519056261343014
0 0.9387755102040817 0.11796733212341198 0.0653061224489796 0.14519056261343014
0 0.3826530612244898 0.6878402903811253 0.08673469387755102 0.1869328493647913
0 0.3408163265306122 0.9600725952813067 0.0653061224489796 0.14519056261343014
0 0.6193877551020408 0.41197822141560797 0.0653061224489796 0.14519056261343014
0 0.8734693877551021 0.25226860254083483 0.0653061224489796 0.14519056261343014
0 0.7765306122448979 0.7313974591651543 0.0653061224489796 0.14519056261343014
0 0.7540816326530613 0.46823956442831216 0.0653061224489796 0.14519056261343014
0 0.42959183673469387 0.32667876588021777 0.0653061224489796 0.14519056261343014
0 0.09591836734693877 0.38294010889292196 0.0653061224489796 0.14519056261343014
0 0.8765306122448979 0.4192377495462795 0.0653061224489796 0.14519056261343014
0 0.4316326530612245 0.17604355716878403 0.0653061224489796 0.14519056261343014
0 0.04795918367346939 0.73502722323049 0.0653061224489796 0.14519056261343014
0 0.9132653061224489 0.5771324863883848 0.0653061224489796 0.14519056261343014
0 0.9836734693877551 0.41197822141560797 0.0653061224489796 0.14519056261343014
0 0.2785714285714286 0.5517241379310345 0.0653061224489796 0.14519056261343014
0 0.4857142857142857 0.956442831215971 0.0653061224489796 0.14519056261343014
0 0.19183673469387755 0.7749546279491834 0.0653061224489796 0.14519056261343014
0 0.7387755102040816 0.6442831215970962 0.0653061224489796 0.14519056261343014
0 0.5091836734693878 0.5372050816696915 0.0653061224489796 0.14519056261343014
