0 0.045706371191135735 0.6319148936170212 0.07340720221606649 0.1851063829787234
0 0.25346260387811637 0.9872340425531915 0.07340720221606649 0.1851063829787234
0 0.16066481994459833 0.7021276595744681 0.08725761772853186 0.1851063829787234
0 0.9584487534626038 0.4787234042553192 0.05124653739612189 0.10851063829787234
0 0.2853185595567867 0.09787234042553192 0.036011080332409975 0.06808510638297872
0 0.7368421052631579 0.1723404255319149 0.04293628808864266 0.06808510638297872
0 0.6565096952908587 0.5212765957446809 0.05124653739612189 0.10851063829787234
0 0.25069252077562326 0.18085106382978725 0.030470914127423823 0.059574468085106386
0 0.5470914127423823 0.09787234042553192 0.036011080332409975 0.06808510638297872
0 0.9002770083102493 0.7617021276595745 0.08725761772853186 0.1851063829787234
0 0.5997229916897507 0.03404255319148936 0.036011080332409975 0.06808510638297872
0 0.38227146814404434 0.41702127659574467 0.04293628808864266 0.10851063829787234
0 0.7936288088642659 0.5787234042553191 0.05124653739612189 0.10851063829787234
0 0.6952908587257618 0.26382978723404255 0.04293628808864266 0.10851063829787234
0 0.49445983379501385 0.9787234042553191 0.07340720221606649 0.1851063829787234
0 0.09556786703601108 0.49148936170212765 0.060941828254847646 0.10638297872340426
0 0.7825484764542936 0.37872340425531914 0.04293628808864266 0.10851063829787234
0 0.4224376731301939 0.9829787234042553 0.07340720221606649 0.1851063829787234
0 0.43351800554016623 0.10851063829787234 0.036011080332409975 0.06808510638297872
0 0.9653739612188366 0.9872340425531915 0.07340720221606649 0.1851063829787234
0 0.7520775623268698 1.0021276595744681 0.07340720221606649 0.1851063829787234
0 0.5692520775623269 0.6957446808510638 0.08725761772853186 0.1851063829787234
0 0.1925207756232687 0.43617021276595747 0.060941828254847646 0.10638297872340426
0 0.3518005540166205 0.28297872340425534 0.04293628808864266 0.10851063829787234
0 0.5803324099722992 0.30425531914893617 0.04293628808864266 0.10851063829787234
0 0.04016620498614958 0.7680851063829788 0.07340720221606649 0.1851063829787234
0 0.9916897506925207 0.6574468085106383 0.10526315789473684 0.1851063829787234
0 0.8614958448753463 0.38085106382978723 0.04293628808864266 0.10851063829787234
0 0.045706371191135735 0.44042553191489364 0.04293628808864266 0.10638297872340426
0 0.11772853185595568 0.18936170212765957 0.030470914127423823 0.059574468085106386
0 0.925207756232687 0.5957446808510638 0.05124653739612189 0.10851063829787234
0 0.9141274238227147 0.9425531914893617 0.07340720221606649 0.1851063829787234
0 0.4362880886426593 0.21914893617021278 0.04293628808864266 0.10851063829787234
0 0.44182825484764543 0.42127659574468085 0.05124653739612189 0.10851063829787234
0 0.018005540166204988 0.44468085106382976 0.04293628808864266 0.10638297872340426
0 0.9930747922437673 0.7446808510638298 0.08725761772853186 0.1851063829787234
0 0.5346260387811634 0.3723404255319149 0.04293628808864266 0.10851063829787234
0 0.9529085872576177 0.26382978723404255 0.04293628808864266 0.10851063829787234
0 0.26177285318559557 0.6212765957446809 0.060941828254847646 0.10638297872340426
0 0.6662049861495845 0.35106382978723405 0.04293628808864266 0.10851063829787234
0 0.6232686980609419 0.0574468085106383 0.036011080332409975 0.06808510638297872
0 0.33518005540166207 0.07659574468085106 0.036011080332409975 0.06808510638297872
0 0.6011080332409973 0.14468085106382977 0.04293628808864266 0.06808510638297872
0 0.7091412742382271 0.32340425531914896 0.04293628808864266 0.10851063829787234
0 0.3587257617728532 0.1425531914893617 0.04293628808864266 0.06808510638297872
0 0.6481994459833795 0.15531914893617021 0.04293628808864266 0.06808510638297872
0 0.4099722991689751 0.5297872340425532 0.05124653739612189 0.10851063829787234
0 0.16481994459833796 0.08297872340425531 0.02631578947368421 0.059574468085106386
0 0.3157894736842105 0.8021276595744681 0.07340720221606649 0.1851063829787234
0 0.13019390581717452 0.8936170212765957 0.07340720221606649 0.1851063829787234
0 0.40443213296398894 0.2957446808510638 0.04293628808864266 0.10851063829787234
0 0.30886426592797783 0.05531914893617021 0.036011080332409975 0.06808510638297872
0 0.997229916897507 0.46170212765957447 0.05124653739612189 0.10851063829787234
0 0.8393351800554016 0.6957446808510638 0.08725761772853186 0.1851063829787234
0 0.7770083102493075 0.7085106382978723 0.08725761772853186 0.1851063829787234
0 0.9085872576177285 0.37872340425531914 0.04293628808864266 0.10851063829787234
0 0.3518005540166205 0.7042553191489361 0.08725761772853186 0.1851063829787234
0 0.9556786703601108 0.027659574468085105 0.036011080332409975 0.06808510638297872
0 0.1883656509695291 0.9319148936170213 0.07340720221606649 0.1851063829787234
0 0.1592797783933518 0.24680851063829787 0.030470914127423823 0.059574468085106386
0 0.8393351800554016 0.42127659574468085 0.05124653739612189 0.10851063829787234
0 0.7063711911357341 0.14042553191489363 0.04293628808864266 0.06808510638297872
0 0.0664819944598338 0.07446808510638298 0.02631578947368421 0.059574468085106386
0 0.5457063711911357 0.5361702127659574 0.05124653739612189 0.10851063829787234
0 0.2299168975069252 0.8595744680851064 0.07340720221606649 0.1851063829787234
0 0.26038781163434904 0.3170212765957447 0.05124653739612189 0.10638297872340426
0 0.3808864265927978 0.10638297872340426 0.036011080332409975 0.06808510638297872
0 0.0 0.8893617021276595 0.07340720221606649 0.1851063829787234
0 0.12049861495844875 0.774468085106383 0.07340720221606649 0.1851063829787234
0 0.14958448753462603 0.5 0.060941828254847646 0.10638297872340426
0 0.8822714681440443 0.1574468085106383 0.04293628808864266 0.06808510638297872
0 0.7686980609418282 0.17872340425531916 0.04293628808864266 0.06808510638297872
0 0.11911357340720222 0.41914893617021276 0.060941828254847646 0.10638297872340426
0 0.7797783933518005 0.7978723404255319 0.07340720221606649 0.1851063829787234
0 0.11218836565096953 0.2297872340425532 0.030470914127423823 0.059574468085106386
0 0.3254847645429363 0.5680851063829787 0.05124653739612189 0.10851063829787234
0 0.6662049861495845 0.16382978723404254 0.04293628808864266 0.06808510638297872
0 0.2548476454293629 0.46595744680851064 0.060941828254847646 0.10638297872340426
0 0.09141274238227147 0.35106382978723405 0.05124653739612189 0.10638297872340426
0 0.6080332409972299 0.6106382978723405 0.05124653739612189 0.10851063829787234
0 0.11772853185595568 0.676595744680851 0.08725761772853186 0.1851063829787234
0 0.724376731301939 0.8148936170212766 0.07340720221606649 0.1851063829787234
0 0.25069252077562326 0.7425531914893617 0.08725761772853186 0.1851063829787234
0 0.33933518005540164 0.3404255319148936 0.04293628808864266 0.10851063829787234
