0 0.19140625 0.3333333333333333 0.01025390625 0.021577380952380952
0 0.27099609375 0.29464285714285715 0.00732421875 0.013392857142857142
0 0.33544921875 0.33110119047619047 0.01025390625 0.021577380952380952
0 0.0087890625 0.35714285714285715 0.01025390625 0.021577380952380952
0 0.95849609375 0.7485119047619048 0.03955078125 0.07514880952380952
0 0.0400390625 0.36904761904761907 0.01025390625 0.021577380952380952
0 0.568359375 0.6644345238095238 0.0361328125 0.06473214285714286
0 0.16455078125 0.26711309523809523 0.00732421875 0.013392857142857142
0 0.21728515625 0.5684523809523809 0.0361328125 0.06473214285714286
0 0.796875 0.4330357142857143 0.01220703125 0.021577380952380952
0 0.27880859375 0.30357142857142855 0.00732421875 0.013392857142857142
0 0.1015625 0.2663690476190476 0.00732421875 0.013392857142857142
0 0.115234375 0.36904761904761907 0.01025390625 0.021577380952380952
0 0.17919921875 0.5691964285714286 0.0361328125 0.06473214285714286
0 0.00390625 0.4166666666666667 0.01220703125 0.021577380952380952
0 0.17919921875 0.7931547619047619 0.03955078125 0.07514880952380952
0 0.328125 0.609375 0.0361328125 0.06473214285714286
0 0.7587890625 0.40848214285714285 0.01220703125 0.021577380952380952
0 0.767578125 0.36681547619047616 0.01025390625 0.021577380952380952
0 0.09375 0.3318452380952381 0.01025390625 0.021577380952380952
0 0.962890625 0.30357142857142855 0.00732421875 0.013392857142857142
0 0.3837890625 0.7470238095238095 0.03955078125 0.07514880952380952
0 0.88720703125 0.2767857142857143 0.00732421875 0.013392857142857142
0 0.783203125 0.40327380952380953 0.01220703125 0.021577380952380952
0 0.4677734375 0.45982142857142855 0.01220703125 0.021577380952380952
0 0.35888671875 0.38392857142857145 0.01025390625 0.021577380952380952
0 0.154296875 0.5773809523809523 0.0361328125 0.06473214285714286
0 0.2607421875 0.32142857142857145 0.01025390625 0.021577380952380952
0 0.4560546875 0.5974702380952381 0.0361328125 0.06473214285714286
0 0.2080078125 0.36160714285714285 0.01025390625 0.021577380952380952
0 0.36181640625 0.42336309523809523 0.01220703125 0.021577380952380952
0 0.818359375 0.34970238095238093 0.01025390625 0.021577380952380952
0 0.43994140625 0.36681547619047616 0.01025390625 0.021577380952380952
0 0.25341796875 0.5372023809523809 0.0361328125 0.06473214285714286
0 0.7802734375 0.34672619047619047 0.01025390625 0.021577380952380952
0 0.890625 0.2269345238095238 0.00732421875 0.013392857142857142
0 0.1435546875 0.6160714285714286 0.0361328125 0.06473214285714286
0 0.4169921875 0.5892857142857143 0.0361328125 0.06473214285714286
0 0.2890625 0.45089285714285715 0.01220703125 0.021577380952380952
0 0.2236328125 0.40625 0.01220703125 0.021577380952380952
0 0.5849609375 0.48735119047619047 0.01220703125 0.021577380952380952
0 0.728515625 0.47098214285714285 0.01220703125 0.021577380952380952
0 0.12451171875 0.42336309523809523 0.01220703125 0.021577380952380952
0 0.15283203125 0.265625 0.00732421875 0.013392857142857142
0 0.12109375 0.44568452380952384 0.01220703125 0.021577380952380952
0 0.41015625 0.3169642857142857 0.01025390625 0.021577380952380952
0 0.2353515625 0.36086309523809523 0.01025390625 0.021577380952380952
0 0.26220703125 0.43898809523809523 0.01220703125 0.021577380952380952
0 0.078125 0.7254464285714286 0.03955078125 0.07514880952380952
0 0.2236328125 0.3005952380952381 0.00732421875 0.013392857142857142
0 0.27978515625 0.42931547619047616 0.01220703125 0.021577380952380952
0 0.6943359375 0.45610119047619047 0.01220703125 0.021577380952380952
0 0.68505859375 0.40401785714285715 0.01220703125 0.021577380952380952
0 0.05078125 0.9389880952380952 0.03955078125 0.07514880952380952
0 0.775390625 0.3333333333333333 0.01025390625 0.021577380952380952
0 0.85791015625 0.6822916666666666 0.03955078125 0.07514880952380952
0 0.7548828125 0.38913690476190477 0.01025390625 0.021577380952380952
0 0.10986328125 0.3705357142857143 0.01025390625 0.021577380952380952
0 0.19677734375 0.8638392857142857 0.03955078125 0.07514880952380952
0 0.2568359375 0.3288690476190476 0.01025390625 0.021577380952380952
0 0.8408203125 0.3913690476190476 0.01025390625 0.021577380952380952
0 0.4072265625 0.3601190476190476 0.01025390625 0.021577380952380952
0 0.16015625 0.9508928571428571 0.03955078125 0.07514880952380952
0 0.4140625 0.6644345238095238 0.0361328125 0.06473214285714286
0 0.4560546875 0.4270833333333333 0.01220703125 0.021577380952380952
0 0.068359375 0.35119047619047616 0.01025390625 0.021577380952380952
0 0.2451171875 0.29985119047619047 0.00732421875 0.013392857142857142
0 0.2158203125 0.36904761904761907 0.01025390625 0.021577380952380952
0 0.12890625 0.34226190476190477 0.01025390625 0.021577380952380952
0 0.79443359375 0.2805059523809524 0.00732421875 0.013392857142857142
0 0.8935546875 0.34375 0.01025390625 0.021577380952380952
0 0.00732421875 0.3794642857142857 0.0107421875 0.021577380952380952
0 0.25146484375 0.671875 0.0361328125 0.06473214285714286
0 0.3408203125 0.5111607142857143 0.02392578125 0.043154761904761904
0 0.1494140625 0.34151785714285715 0.01025390625 0.021577380952380952
0 0.72021484375 0.3117559523809524 0.01025390625 0.021577380952380952
0 0.45849609375 0.39880952380952384 0.01025390625 0.021577380952380952
0 0.40673828125 0.35342261904761907 0.01025390625 0.021577380952380952
0 0.021484375 0.4270833333333333 0.01220703125 0.021577380952380952
0 0.1318359375 0.37648809523809523 0.01025390625 0.021577380952380952
0 0.13232421875 0.26264880952380953 0.00732421875 0.013392857142857142
0 0.29443359375 0.9084821428571429 0.03955078125 0.07514880952380952
0 0.1767578125 0.5558035714285714 0.0361328125 0.06473214285714286
0 0.236328125 0.29464285714285715 0.00732421875 0.013392857142857142
0 0.11181640625 0.7418154761904762 0.03955078125 0.07514880952380952
0 0.21826171875 0.35342261904761907 0.01025390625 0.021577380952380952
0 0.72119140625 0.38764880952380953 0.01025390625 0.021577380952380952
0 0.20947265625 0.3898809523809524 0.01025390625 0.021577380952380952
0 0.46923828125 0.3162202380952381 0.01025390625 0.021577380952380952
0 0.9833984375 0.36904761904761907 0.0078125 0.01488095238095238
0 0.2490234375 0.31919642857142855 0.01025390625 0.021577380952380952
0 0.9765625 0.24404761904761904 0.00732421875 0.013392857142857142
0 0.6572265625 0.4836309523809524 0.01220703125 0.021577380952380952
0 0.01708984375 0.4412202380952381 0.01220703125 0.021577380952380952
0 0.8037109375 0.3697916666666667 0.01025390625 0.021577380952380952
0 0.96435546875 0.5714285714285714 0.0361328125 0.06473214285714286
0 0.33544921875 0.36160714285714285 0.01025390625 0.021577380952380952
0 0.484375 0.7046130952380952 0.03955078125 0.07514880952380952
0 0.89208984375 0.31547619047619047 0.01025390625 0.021577380952380952
0 0.1875 0.48660714285714285 0.01220703125 0.021577380952380952
0 0.4775390625 0.4055059523809524 0.01220703125 0.021577380952380952
0 0.05224609375 0.40848214285714285 0.01220703125 0.021577380952380952
0 0.83984375 0.35267857142857145 0.01025390625 0.021577380952380952
0 0.82568359375 0.40029761904761907 0.01025390625 0.021577380952380952
0 0.19775390625 0.42038690476190477 0.01220703125 0.021577380952380952
0 0.11181640625 0.5193452380952381 0.0361328125 0.06473214285714286
0 0.27197265625 0.5513392857142857 0.0361328125 0.06473214285714286
0 0.6953125 0.08110119047619048 0.0078125 0.01488095238095238
0 0.87939453125 0.4270833333333333 0.01220703125 0.021577380952380952
0 0.0849609375 0.375 0.01025390625 0.021577380952380952
0 0.3486328125 0.30431547619047616 0.00732421875 0.013392857142857142
0 0.3037109375 0.33110119047619047 0.01025390625 0.021577380952380952
0 0.3134765625 0.33779761904761907 0.01025390625 0.021577380952380952
0 0.08544921875 0.34375 0.01025390625 0.021577380952380952
0 0.2978515625 0.4010416666666667 0.01025390625 0.021577380952380952
0 0.65087890625 0.4486607142857143 0.01220703125 0.021577380952380952
0 0.65869140625 0.6421130952380952 0.0361328125 0.06473214285714286
0 0.2646484375 0.34375 0.01025390625 0.021577380952380952
0 0.1845703125 0.4174107142857143 0.01220703125 0.021577380952380952
0 0.3916015625 0.49255952380952384 0.01806640625 0.031994047619047616
0 0.0458984375 0.3601190476190476 0.01025390625 0.021577380952380952
0 0.9306640625 0.3898809523809524 0.01025390625 0.021577380952380952
0 0.92236328125 0.5602678571428571 0.0361328125 0.06473214285714286
0 0.23828125 0.3474702380952381 0.01025390625 0.021577380952380952
0 0.81103515625 0.3430059523809524 0.01025390625 0.021577380952380952
0 0.14599609375 0.5238095238095238 0.0361328125 0.06473214285714286
0 0.02734375 0.36160714285714285 0.01025390625 0.021577380952380952
0 0.88525390625 0.32961309523809523 0.01025390625 0.021577380952380952
0 0.20556640625 0.5215773809523809 0.0361328125 0.06473214285714286
0 0.15283203125 0.24404761904761904 0.00732421875 0.013392857142857142
0 0.34765625 0.4010416666666667 0.01025390625 0.021577380952380952
0 0.00146484375 0.25669642857142855 0.0087890625 0.01711309523809524
0 0.29296875 0.7373511904761905 0.03955078125 0.07514880952380952
0 0.05712890625 0.3586309523809524 0.01025390625 0.021577380952380952
0 0.49609375 0.32589285714285715 0.01025390625 0.021577380952380952
0 0.8359375 0.28720238095238093 0.00732421875 0.013392857142857142
0 0.93212890625 0.8028273809523809 0.03955078125 0.07514880952380952
0 0.82666015625 0.5721726190476191 0.0361328125 0.06473214285714286
0 0.61376953125 0.44419642857142855 0.01220703125 0.021577380952380952
0 0.31591796875 0.39732142857142855 0.01025390625 0.021577380952380952
0 0.314453125 0.37351190476190477 0.01025390625 0.021577380952380952
0 0.15966796875 0.41369047619047616 0.01220703125 0.021577380952380952
0 0.41259765625 0.34226190476190477 0.01025390625 0.021577380952380952
0 0.33203125 0.30952380952380953 0.01025390625 0.021577380952380952
0 0.06591796875 0.6101190476190477 0.0361328125 0.06473214285714286
0 0.83984375 0.3742559523809524 0.01025390625 0.021577380952380952
0 0.20556640625 0.34077380952380953 0.01025390625 0.021577380952380952
0 0.74267578125 0.5416666666666666 0.0361328125 0.06473214285714286
0 0.08203125 0.3638392857142857 0.01025390625 0.021577380952380952
0 0.35888671875 0.49032738095238093 0.01220703125 0.021577380952380952
0 0.58740234375 0.3489583333333333 0.01025390625 0.021577380952380952
0 0.03955078125 0.4166666666666667 0.01220703125 0.021577380952380952
0 0.16796875 0.25818452380952384 0.00732421875 0.013392857142857142
0 0.69384765625 0.7120535714285714 0.03955078125 0.07514880952380952
0 0.3095703125 0.4642857142857143 0.01220703125 0.021577380952380952
0 0.13525390625 0.35119047619047616 0.01025390625 0.021577380952380952
0 0.02392578125 0.8809523809523809 0.03955078125 0.07514880952380952
0 0.81689453125 0.4479166666666667 0.01220703125 0.021577380952380952
0 0.09326171875 0.3787202380952381 0.01025390625 0.021577380952380952
0 0.24658203125 0.3400297619047619 0.01025390625 0.021577380952380952
0 0.17431640625 0.49032738095238093 0.01220703125 0.021577380952380952
0 0.06591796875 0.40773809523809523 0.01220703125 0.021577380952380952
0 0.25341796875 0.30952380952380953 0.01025390625 0.021577380952380952
0 0.09130859375 0.3958333333333333 0.01025390625 0.021577380952380952
0 0.21240234375 0.4174107142857143 0.01220703125 0.021577380952380952
0 0.7314453125 0.39657738095238093 0.01025390625 0.021577380952380952
0 0.9052734375 0.5944940476190477 0.0361328125 0.06473214285714286
0 0.935546875 0.26264880952380953 0.00732421875 0.013392857142857142
0 0.4482421875 0.7388392857142857 0.03955078125 0.07514880952380952
0 0.0556640625 0.7834821428571429 0.03955078125 0.07514880952380952
0 0.7998046875 0.33630952380952384 0.01025390625 0.021577380952380952
0 0.74169921875 0.35342261904761907 0.01025390625 0.021577380952380952
0 0.77392578125 0.5230654761904762 0.0361328125 0.06473214285714286
0 0.21435546875 0.5327380952380952 0.0361328125 0.06473214285714286
0 0.32421875 0.5200892857142857 0.0361328125 0.06473214285714286
0 0.99951171875 0.6443452380952381 0.03662109375 0.06696428571428571
0 0.26220703125 0.3318452380952381 0.01025390625 0.021577380952380952
0 0.7802734375 0.30580357142857145 0.00732421875 0.013392857142857142
0 0.78564453125 0.35193452380952384 0.01025390625 0.021577380952380952
0 0.8974609375 0.41889880952380953 0.01220703125 0.021577380952380952
0 0.77734375 0.6116071428571429 0.0361328125 0.06473214285714286
0 0.24853515625 0.39880952380952384 0.01025390625 0.021577380952380952
0 0.830078125 0.36904761904761907 0.01025390625 0.021577380952380952
0 0.08642578125 0.24702380952380953 0.00732421875 0.013392857142857142
0 0.798828125 0.3541666666666667 0.01025390625 0.021577380952380952
0 0.5439453125 0.44494047619047616 0.01220703125 0.021577380952380952
0 0.23828125 0.27976190476190477 0.00732421875 0.013392857142857142
0 0.98974609375 0.7075892857142857 0.03955078125 0.07514880952380952
0 0.4462890625 0.5639880952380952 0.0361328125 0.06473214285714286
0 0.2119140625 0.3072916666666667 0.00732421875 0.013392857142857142
0 0.36376953125 0.359375 0.01025390625 0.021577380952380952
0 0.5517578125 0.5007440476190477 0.01220703125 0.021577380952380952
0 0.408203125 0.5208333333333334 0.0361328125 0.06473214285714286
0 0.0908203125 0.34523809523809523 0.01025390625 0.021577380952380952
0 0.17236328125 0.35193452380952384 0.01025390625 0.021577380952380952
0 0.3115234375 0.3541666666666667 0.01025390625 0.021577380952380952
0 0.78466796875 0.27455357142857145 0.00732421875 0.013392857142857142
0 0.1279296875 0.375 0.01025390625 0.021577380952380952
0 0.33984375 0.36607142857142855 0.01025390625 0.021577380952380952
0 0.3662109375 0.3244047619047619 0.01025390625 0.021577380952380952
0 0.10107421875 0.34077380952380953 0.01025390625 0.021577380952380952
0 0.80908203125 0.40401785714285715 0.01220703125 0.021577380952380952
0 0.19970703125 0.37276785714285715 0.01025390625 0.021577380952380952
0 0.77392578125 0.4255952380952381 0.01220703125 0.021577380952380952
0 0.90185546875 0.38169642857142855 0.01025390625 0.021577380952380952
0 0.017578125 0.5766369047619048 0.0361328125 0.06473214285714286
0 0.3046875 0.5305059523809523 0.0361328125 0.06473214285714286
0 0.81787109375 0.3318452380952381 0.01025390625 0.021577380952380952
0 0.06103515625 0.38913690476190477 0.01025390625 0.021577380952380952
0 0.30419921875 0.37202380952380953 0.01025390625 0.021577380952380952
0 0.06494140625 0.33779761904761907 0.01025390625 0.021577380952380952
0 0.1171875 0.25818452380952384 0.00732421875 0.013392857142857142
0 0.42578125 0.39880952380952384 0.01025390625 0.021577380952380952
0 0.046875 0.38169642857142855 0.01025390625 0.021577380952380952
0 0.4375 0.390625 0.01025390625 0.021577380952380952
0 0.3642578125 0.3444940476190476 0.01025390625 0.021577380952380952
0 0.3212890625 0.5840773809523809 0.0361328125 0.06473214285714286
0 0.16796875 0.37351190476190477 0.01025390625 0.021577380952380952
0 0.63330078125 0.3638392857142857 0.01025390625 0.021577380952380952
0 0.876953125 0.2693452380952381 0.00732421875 0.013392857142857142
0 0.35009765625 0.5662202380952381 0.0361328125 0.06473214285714286
0 0.7763671875 0.45535714285714285 0.01220703125 0.021577380952380952
0 0.95947265625 0.36681547619047616 0.01025390625 0.021577380952380952
0 0.8955078125 0.40029761904761907 0.01025390625 0.021577380952380952
0 0.89306640625 0.7775297619047619 0.03955078125 0.07514880952380952
0 0.3720703125 0.36904761904761907 0.01025390625 0.021577380952380952
0 0.29052734375 0.32217261904761907 0.01025390625 0.021577380952380952
0 0.68798828125 0.41964285714285715 0.01220703125 0.021577380952380952
0 0.98876953125 0.24925595238095238 0.00732421875 0.013392857142857142
0 0.48193359375 0.31919642857142855 0.01025390625 0.021577380952380952
0 0.279296875 0.5022321428571429 0.02392578125 0.043154761904761904
0 0.029296875 0.22544642857142858 0.00732421875 0.013392857142857142
0 0.03662109375 0.3869047619047619 0.01025390625 0.021577380952380952
0 0.56494140625 0.6331845238095238 0.0361328125 0.06473214285714286
0 0.38623046875 0.6659226190476191 0.0361328125 0.06473214285714286
0 0.34814453125 0.3318452380952381 0.01025390625 0.021577380952380952
0 0.265625 0.29836309523809523 0.00732421875 0.013392857142857142
0 0.3486328125 0.6540178571428571 0.0361328125 0.06473214285714286
0 0.23974609375 0.38095238095238093 0.01025390625 0.021577380952380952
0 0.2373046875 0.6190476190476191 0.0361328125 0.06473214285714286
0 0.26220703125 0.30431547619047616 0.00732421875 0.013392857142857142
0 0.41455078125 0.3913690476190476 0.01025390625 0.021577380952380952
0 0.3837890625 0.38095238095238093 0.01025390625 0.021577380952380952
0 0.107421875 0.41220238095238093 0.01220703125 0.021577380952380952
0 0.9365234375 0.30505952380952384 0.00732421875 0.013392857142857142
0 0.033203125 0.4694940476190476 0.01220703125 0.021577380952380952
0 0.22509765625 0.765625 0.03955078125 0.07514880952380952
0 0.9697265625 0.36830357142857145 0.01025390625 0.021577380952380952
0 0.9130859375 0.3013392857142857 0.00732421875 0.013392857142857142
0 0.11669921875 0.35788690476190477 0.01025390625 0.021577380952380952
0 0.25732421875 0.35788690476190477 0.01025390625 0.021577380952380952
0 0.35107421875 0.46651785714285715 0.01220703125 0.021577380952380952
0 0.173828125 0.33705357142857145 0.01025390625 0.021577380952380952
0 0.431640625 0.6279761904761905 0.0361328125 0.06473214285714286
0 0.220703125 0.31919642857142855 0.01025390625 0.021577380952380952
0 0.70703125 0.35342261904761907 0.01025390625 0.021577380952380952
0 0.14599609375 0.26785714285714285 0.00732421875 0.013392857142857142
0 0.0625 0.2552083333333333 0.00732421875 0.013392857142857142
0 0.0830078125 0.421875 0.01220703125 0.021577380952380952
0 0.73046875 0.27901785714285715 0.00732421875 0.013392857142857142
0 0.2060546875 0.32068452380952384 0.01025390625 0.021577380952380952
0 0.10498046875 0.2805059523809524 0.00732421875 0.013392857142857142
0 0.6025390625 0.36086309523809523 0.01025390625 0.021577380952380952
0 0.0439453125 0.2269345238095238 0.00732421875 0.013392857142857142
0 0.2373046875 0.32961309523809523 0.01025390625 0.021577380952380952
0 0.01123046875 0.5245535714285714 0.01220703125 0.021577380952380952
0 0.43212890625 0.4226190476190476 0.01220703125 0.021577380952380952
0 0.27294921875 0.30357142857142855 0.00732421875 0.013392857142857142
0 0.19287109375 0.3482142857142857 0.01025390625 0.021577380952380952
0 0.744140625 0.47619047619047616 0.01220703125 0.021577380952380952
0 0.162109375 0.4650297619047619 0.01220703125 0.021577380952380952
0 0.17626953125 0.46205357142857145 0.01220703125 0.021577380952380952
0 0.30322265625 0.4330357142857143 0.01220703125 0.021577380952380952
0 0.6279296875 0.3325892857142857 0.01025390625 0.021577380952380952
0 0.07080078125 0.4330357142857143 0.01220703125 0.021577380952380952
0 0.24365234375 0.35342261904761907 0.01025390625 0.021577380952380952
0 0.43701171875 0.484375 0.01220703125 0.021577380952380952
0 0.4560546875 0.5186011904761905 0.0361328125 0.06473214285714286
0 0.47900390625 0.42931547619047616 0.01220703125 0.021577380952380952
0 0.044921875 0.8303571428571429 0.03955078125 0.07514880952380952
0 0.9580078125 0.5163690476190477 0.0361328125 0.06473214285714286
0 0.96875 0.49107142857142855 0.01220703125 0.021577380952380952
0 0.8134765625 0.2775297619047619 0.00732421875 0.013392857142857142
0 0.98583984375 0.4107142857142857 0.01123046875 0.021577380952380952
0 0.11279296875 0.33556547619047616 0.01025390625 0.021577380952380952
0 0.3427734375 0.35788690476190477 0.01025390625 0.021577380952380952
0 0.21142578125 0.47470238095238093 0.01220703125 0.021577380952380952
0 0.96337890625 0.9203869047619048 0.03955078125 0.07514880952380952
0 0.02490234375 0.4099702380952381 0.01220703125 0.021577380952380952
0 0.1611328125 0.4888392857142857 0.01220703125 0.021577380952380952
0 0.00634765625 0.34672619047619047 0.01025390625 0.021577380952380952
0 0.01171875 0.6510416666666666 0.03759765625 0.06994047619047619
0 0.37939453125 0.7068452380952381 0.03955078125 0.07514880952380952
0 0.177734375 0.2544642857142857 0.00732421875 0.013392857142857142
0 0.86865234375 0.27157738095238093 0.00732421875 0.013392857142857142
0 0.0947265625 0.24776785714285715 0.00732421875 0.013392857142857142
0 0.927734375 0.43154761904761907 0.01220703125 0.021577380952380952
0 0.2216796875 0.38839285714285715 0.01025390625 0.021577380952380952
0 0.18994140625 0.25818452380952384 0.00732421875 0.013392857142857142
0 0.82421875 0.27232142857142855 0.00732421875 0.013392857142857142
0 0.39794921875 0.33779761904761907 0.01025390625 0.021577380952380952
0 0.28173828125 0.3586309523809524 0.01025390625 0.021577380952380952
0 0.0966796875 0.3586309523809524 0.01025390625 0.021577380952380952
0 0.0439453125 0.44568452380952384 0.01220703125 0.021577380952380952
0 0.13720703125 0.3430059523809524 0.01025390625 0.021577380952380952
0 0.01904296875 0.4642857142857143 0.01220703125 0.021577380952380952
0 0.4169921875 0.42931547619047616 0.01220703125 0.021577380952380952
0 0.69189453125 0.4486607142857143 0.01220703125 0.021577380952380952
0 0.185546875 0.34970238095238093 0.01025390625 0.021577380952380952
0 0.0810546875 0.33556547619047616 0.01025390625 0.021577380952380952
0 0.37109375 0.33556547619047616 0.01025390625 0.021577380952380952
0 0.10986328125 0.8348214285714286 0.03955078125 0.07514880952380952
0 0.49072265625 0.48214285714285715 0.01220703125 0.021577380952380952
0 0.2998046875 0.6659226190476191 0.0361328125 0.06473214285714286
0 0.9228515625 0.41369047619047616 0.01220703125 0.021577380952380952
0 0.86083984375 0.7611607142857143 0.03955078125 0.07514880952380952
0 0.06787109375 0.3854166666666667 0.01025390625 0.021577380952380952
0 0.80517578125 0.2775297619047619 0.00732421875 0.013392857142857142
0 0.99560546875 0.3080357142857143 0.00732421875 0.013392857142857142
0 0.3037109375 0.35119047619047616 0.01025390625 0.021577380952380952
0 0.32177734375 0.4211309523809524 0.01220703125 0.021577380952380952
0 0.72021484375 0.4486607142857143 0.01220703125 0.021577380952380952
0 0.67431640625 0.4538690476190476 0.01220703125 0.021577380952380952
0 0.97412109375 0.46577380952380953 0.01220703125 0.021577380952380952
0 0.43896484375 0.40773809523809523 0.01220703125 0.021577380952380952
0 0.45703125 0.44642857142857145 0.01220703125 0.021577380952380952
0 0.025390625 0.5133928571428571 0.01806640625 0.031994047619047616
0 0.66064453125 0.41592261904761907 0.01220703125 0.021577380952380952
0 0.2705078125 0.31845238095238093 0.01025390625 0.021577380952380952
0 0.4609375 0.32589285714285715 0.01025390625 0.021577380952380952
0 0.072265625 0.33407738095238093 0.01025390625 0.021577380952380952
0 0.97998046875 0.30357142857142855 0.00732421875 0.013392857142857142
0 0.962890625 0.265625 0.00732421875 0.013392857142857142
0 0.76171875 0.22321428571428573 0.00732421875 0.013392857142857142
0 0.39990234375 0.3697916666666667 0.01025390625 0.021577380952380952
0 0.85546875 0.2805059523809524 0.00732421875 0.013392857142857142
0 0.12255859375 0.35267857142857145 0.01025390625 0.021577380952380952
0 0.32958984375 0.3861607142857143 0.01025390625 0.021577380952380952
0 0.1796875 0.33035714285714285 0.01025390625 0.021577380952380952
0 0.7734375 0.3958333333333333 0.01025390625 0.021577380952380952
0 0.25537109375 0.4494047619047619 0.01220703125 0.021577380952380952
0 0.84521484375 0.27380952380952384 0.00732421875 0.013392857142857142
0 0.005859375 0.6927083333333334 0.03955078125 0.07514880952380952
0 0.07958984375 0.4010416666666667 0.01025390625 0.021577380952380952
0 0.712890625 0.40476190476190477 0.01220703125 0.021577380952380952
0 0.2158203125 0.46279761904761907 0.01220703125 0.021577380952380952
0 0.99609375 0.4382440476190476 0.01708984375 0.031994047619047616
0 0.23681640625 0.33779761904761907 0.01025390625 0.021577380952380952
0 0.09326171875 0.36904761904761907 0.01025390625 0.021577380952380952
0 0.27001953125 0.33556547619047616 0.01025390625 0.021577380952380952
0 0.15283203125 0.41592261904761907 0.01220703125 0.021577380952380952
0 0.32861328125 0.40476190476190477 0.01220703125 0.021577380952380952
0 0.05615234375 0.36904761904761907 0.01025390625 0.021577380952380952
0 0.279296875 0.3177083333333333 0.01025390625 0.021577380952380952
0 0.373046875 0.4694940476190476 0.01220703125 0.021577380952380952
0 0.27783203125 0.33407738095238093 0.01025390625 0.021577380952380952
0 0.71728515625 0.53125 0.0361328125 0.06473214285714286
0 0.92578125 0.2693452380952381 0.00732421875 0.013392857142857142
0 0.34814453125 0.9657738095238095 0.03955078125 0.07514880952380952
0 0.51220703125 0.43154761904761907 0.01220703125 0.021577380952380952
0 0.40673828125 0.36607142857142855 0.01025390625 0.021577380952380952
0 0.783203125 0.3787202380952381 0.01025390625 0.021577380952380952
0 0.3720703125 0.38169642857142855 0.01025390625 0.021577380952380952
0 0.42578125 0.390625 0.01025390625 0.021577380952380952
