0 0.07746478873239436 0.24589201877934272 0.03125 0.03697183098591549
0 0.3336267605633803 0.2529342723004695 0.017605633802816902 0.01995305164319249
0 0.8279049295774648 0.23767605633802816 0.022007042253521125 0.03697183098591549
0 0.9991197183098591 0.29460093896713613 0.02596830985915493 0.0357981220657277
0 0.3670774647887324 0.24882629107981222 0.014084507042253521 0.01995305164319249
0 0.7847711267605634 0.2323943661971831 0.022007042253521125 0.03697183098591549
0 0.4335387323943662 0.24471830985915494 0.014084507042253521 0.01995305164319249
0 0.6945422535211268 0.289906103286385 0.030369718309859156 0.04636150234741784
0 0.3912852112676056 0.24002347417840375 0.014084507042253521 0.01995305164319249
0 0.34419014084507044 0.26115023474178406 0.017605633802816902 0.01995305164319249
0 0.9828345070422535 0.2775821596244131 0.02596830985915493 0.0357981220657277
0 0.6584507042253521 0.22535211267605634 0.023767605633802816 0.03814553990610329
0 0.42561619718309857 0.24647887323943662 0.014964788732394365 0.01936619718309859
0 0.53125 0.24061032863849766 0.017605633802816902 0.02523474178403756
0 0.39524647887323944 0.2576291079812207 0.014964788732394365 0.01936619718309859
0 0.01936619718309859 0.2318075117370892 0.03125 0.03697183098591549
0 0.1329225352112676 0.24647887323943662 0.03125 0.03697183098591549
0 0.7037852112676056 0.21948356807511737 0.030369718309859156 0.04636150234741784
0 0.5620598591549296 0.22359154929577466 0.017605633802816902 0.02523474178403756
0 0.23371478873239437 0.23591549295774647 0.03125 0.03697183098591549
0 0.4414612676056338 0.24706572769953053 0.014964788732394365 0.01936619718309859
0 0.3829225352112676 0.26173708920187794 0.014964788732394365 0.01936619718309859
0 0.21786971830985916 0.2634976525821596 0.03125 0.03697183098591549
0 0.8600352112676056 0.2805164319248826 0.04973591549295775 0.06514084507042253
0 0.1487676056338028 0.2705399061032864 0.03125 0.03697183098591549
0 0.9220950704225352 0.2664319248826291 0.02596830985915493 0.0357981220657277
0 0.9110915492957746 0.3573943661971831 0.06029929577464789 0.09272300469483569
0 0.9986795774647887 0.24471830985915494 0.02596830985915493 0.0357981220657277
0 0.9058098591549296 0.2511737089201878 0.02596830985915493 0.0357981220657277
0 0.5466549295774648 0.24295774647887325 0.017605633802816902 0.02523474178403756
0 0.6157570422535211 0.26467136150234744 0.023767605633802816 0.03814553990610329
0 0.4595070422535211 0.24706572769953053 0.014084507042253521 0.01995305164319249
0 0.15580985915492956 0.23708920187793428 0.03125 0.03697183098591549
0 0.5110035211267606 0.2323943661971831 0.017605633802816902 0.02523474178403756
0 0.539612676056338 0.22946009389671362 0.017605633802816902 0.02523474178403756
0 0.7504401408450704 0.24471830985915494 0.022007042253521125 0.03697183098591549
0 0.04665492957746479 0.24295774647887325 0.03125 0.03697183098591549
0 0.06866197183098592 0.24237089201877934 0.03125 0.03697183098591549
0 0.25616197183098594 0.24647887323943662 0.03125 0.03697183098591549
0 0.7825704225352113 0.2546948356807512 0.022007042253521125 0.03697183098591549
0 0.17473591549295775 0.232981220657277 0.03125 0.03697183098591549
0 0.448943661971831 0.2546948356807512 0.014084507042253521 0.01995305164319249
0 0.021566901408450703 0.23708920187793428 0.03125 0.03697183098591549
0 0.49559859154929575 0.2347417840375587 0.01584507042253521 0.022300469483568074
0 0.27816901408450706 0.2623239436619718 0.017605633802816902 0.01995305164319249
0 0.5484154929577465 0.2282863849765258 0.017605633802816902 0.02523474178403756
0 0.9828345070422535 0.23415492957746478 0.02596830985915493 0.0357981220657277
0 0.7411971830985915 0.29694835680751175 0.03609154929577465 0.04929577464788732
0 0.35079225352112675 0.24178403755868544 0.017605633802816902 0.01995305164319249
0 0.41329225352112675 0.2652582159624413 0.014964788732394365 0.01936619718309859
0 0.8349471830985915 0.2318075117370892 0.022007042253521125 0.03697183098591549
0 0.18617957746478872 0.24706572769953053 0.03125 0.03697183098591549
0 0.3089788732394366 0.2623239436619718 0.017605633802816902 0.01995305164319249
0 0.10079225352112677 0.24002347417840375 0.03125 0.03697183098591549
0 0.8824823943661971 0.35269953051643194 0.04973591549295775 0.06514084507042253
0 0.7152288732394366 0.2511737089201878 0.030369718309859156 0.04636150234741784
0 0.6470070422535211 0.2517605633802817 0.023767605633802816 0.03814553990610329
0 0.7592429577464789 0.24530516431924881 0.022007042253521125 0.03697183098591549
0 0.46875 0.24413145539906103 0.014084507042253521 0.01995305164319249
0 0.809419014084507 0.2517605633802817 0.022007042253521125 0.03697183098591549
0 0.1698943661971831 0.2505868544600939 0.03125 0.03697183098591549
0 0.5933098591549296 0.26467136150234744 0.023767605633802816 0.03814553990610329
