0 0.8837890625 0.26519337016574585 0.083984375 0.1731123388581952
0 0.5419921875 0.20810313075506445 0.060546875 0.1252302025782689
0 0.7548828125 0.11970534069981584 0.046875 0.08839779005524862
0 0.349609375 0.09760589318600368 0.0380859375 0.07918968692449356
0 0.6533203125 0.04419889502762431 0.046875 0.08839779005524862
0 0.46484375 0.049723756906077346 0.0234375 0.04419889502762431
0 0.0986328125 0.6942909760589319 0.068359375 0.15653775322283608
0 0.33203125 0.029465930018416207 0.0234375 0.04419889502762431
0 0.35546875 0.1712707182320442 0.0380859375 0.07918968692449356
0 0.6474609375 0.19889502762430938 0.0458984375 0.09760589318600368
0 0.4384765625 0.014732965009208104 0.0234375 0.04419889502762431
0 0.29296875 0.2154696132596685 0.0380859375 0.07918968692449356
0 0.5029296875 0.1141804788213628 0.046875 0.08839779005524862
0 0.271484375 0.011049723756906077 0.0234375 0.04419889502762431
0 0.7041015625 0.3351749539594843 0.06640625 0.14732965009208104
0 0.75390625 0.3867403314917127 0.05078125 0.06998158379373849
0 0.7900390625 0.2504604051565378 0.0458984375 0.13075506445672191
0 0.7236328125 0.143646408839779 0.046875 0.08839779005524862
0 0.794921875 0.15101289134438306 0.046875 0.08839779005524862
0 0.3828125 0.02394106813996317 0.0234375 0.04419889502762431
0 0.060546875 0.5046040515653776 0.078125 0.16574585635359115
0 0.041015625 0.08103130755064457 0.0244140625 0.06077348066298342
0 0.3017578125 0.029465930018416207 0.0234375 0.04419889502762431
0 0.5732421875 0.15469613259668508 0.046875 0.08839779005524862
0 0.578125 0.0570902394106814 0.046875 0.08839779005524862
0 0.36328125 0.022099447513812154 0.0234375 0.04419889502762431
0 0.423828125 0.055248618784530384 0.0234375 0.04419889502762431
0 0.18359375 0.13259668508287292 0.0380859375 0.07918968692449356
0 0.689453125 0.2302025782688766 0.0458984375 0.09760589318600368
0 0.2216796875 0.4014732965009208 0.078125 0.16574585635359115
0 0.5224609375 0.13075506445672191 0.046875 0.08839779005524862
0 0.3330078125 0.3664825046040516 0.060546875 0.1252302025782689
0 0.45703125 0.32044198895027626 0.060546875 0.1252302025782689
0 0.921875 0.19521178637200737 0.04296875 0.08839779005524862
0 0.5595703125 0.31123388581952116 0.060546875 0.1252302025782689
0 0.5478515625 0.055248618784530384 0.046875 0.08839779005524862
0 0.6171875 0.12338858195211787 0.046875 0.08839779005524862
