0 0.3544921875 0.4473684210526316 0.0107421875 0.017543859649122806
0 0.84375 0.6359649122807017 0.037109375 0.08333333333333333
0 0.548828125 0.40497076023391815 0.0087890625 0.01608187134502924
0 0.697265625 0.3508771929824561 0.0087890625 0.01608187134502924
0 0.2890625 0.5029239766081871 0.0107421875 0.017543859649122806
0 0.099609375 0.5921052631578947 0.0126953125 0.023391812865497075
0 0.841796875 0.32456140350877194 0.013671875 0.024853801169590642
0 0.064453125 0.4853801169590643 0.0107421875 0.017543859649122806
0 0.2802734375 0.6286549707602339 0.02734375 0.05847953216374269
0 0.5234375 0.5789473684210527 0.009765625 0.019005847953216373
0 0.03515625 0.47953216374269003 0.0107421875 0.017543859649122806
0 0.9072265625 0.4283625730994152 0.0205078125 0.03070175438596491
0 0.5751953125 0.3961988304093567 0.0087890625 0.01608187134502924
0 0.919921875 0.3230994152046784 0.013671875 0.024853801169590642
0 0.9169921875 0.3845029239766082 0.0205078125 0.03070175438596491
0 0.939453125 0.30701754385964913 0.013671875 0.024853801169590642
0 0.2177734375 0.4722222222222222 0.0107421875 0.017543859649122806
0 0.87109375 0.3304093567251462 0.013671875 0.024853801169590642
0 0.421875 0.5964912280701754 0.0166015625 0.03508771929824561
0 0.9443359375 0.31871345029239767 0.013671875 0.024853801169590642
0 0.8759765625 0.5365497076023392 0.0205078125 0.03070175438596491
0 0.1923828125 0.6067251461988304 0.02734375 0.05847953216374269
0 0.3330078125 0.42251461988304095 0.01171875 0.023391812865497075
0 0.51953125 0.45321637426900585 0.009765625 0.019005847953216373
0 0.0498046875 0.4868421052631579 0.0107421875 0.017543859649122806
0 0.65234375 0.8260233918128655 0.04296875 0.07894736842105263
0 0.3173828125 0.43128654970760233 0.01171875 0.023391812865497075
0 0.6689453125 0.5891812865497076 0.029296875 0.05116959064327485
0 0.3056640625 0.5760233918128655 0.0146484375 0.027777777777777776
0 0.64453125 0.3713450292397661 0.0087890625 0.01608187134502924
0 0.501953125 0.4166666666666667 0.0087890625 0.01608187134502924
0 0.6689453125 0.44298245614035087 0.01171875 0.019005847953216373
0 0.2646484375 0.44883040935672514 0.0107421875 0.017543859649122806
0 0.892578125 0.3669590643274854 0.013671875 0.024853801169590642
0 0.79296875 0.36988304093567254 0.0087890625 0.01608187134502924
0 0.7890625 0.5687134502923976 0.0361328125 0.07163742690058479
0 0.1591796875 0.5950292397660819 0.0126953125 0.023391812865497075
0 0.259765625 0.6154970760233918 0.02734375 0.05847953216374269
0 0.8583984375 0.37719298245614036 0.013671875 0.024853801169590642
0 0.451171875 0.4166666666666667 0.0087890625 0.01608187134502924
0 0.76953125 0.40058479532163743 0.0087890625 0.01608187134502924
0 0.298828125 0.6038011695906432 0.0185546875 0.038011695906432746
0 0.9658203125 0.3713450292397661 0.013671875 0.024853801169590642
0 0.587890625 0.6154970760233918 0.0146484375 0.02631578947368421
0 0.392578125 0.6374269005847953 0.0166015625 0.03508771929824561
0 0.013671875 0.5760233918128655 0.0126953125 0.023391812865497075
0 0.150390625 0.5614035087719298 0.0126953125 0.023391812865497075
0 0.6494140625 0.3567251461988304 0.0087890625 0.01608187134502924
0 0.15625 0.6286549707602339 0.0390625 0.07017543859649122
0 0.134765625 0.46637426900584794 0.0107421875 0.017543859649122806
0 0.0634765625 0.5087719298245614 0.0107421875 0.017543859649122806
0 0.4091796875 0.3991228070175439 0.0087890625 0.01608187134502924
0 0.708984375 0.6242690058479532 0.0400390625 0.07309941520467836
0 0.5322265625 0.3830409356725146 0.0087890625 0.01608187134502924
0 0.859375 0.533625730994152 0.025390625 0.04678362573099415
0 0.3974609375 0.44005847953216376 0.0107421875 0.021929824561403508
0 0.978515625 0.3230994152046784 0.013671875 0.024853801169590642
0 0.23046875 0.44590643274853803 0.0107421875 0.017543859649122806
0 0.2001953125 0.4517543859649123 0.0107421875 0.017543859649122806
0 0.6552734375 0.34941520467836257 0.0087890625 0.01608187134502924
0 0.7412109375 0.3815789473684211 0.0087890625 0.01608187134502924
0 0.958984375 0.30701754385964913 0.013671875 0.024853801169590642
0 0.5732421875 0.4605263157894737 0.009765625 0.019005847953216373
0 0.025390625 0.5687134502923976 0.0126953125 0.023391812865497075
0 0.7841796875 0.3333333333333333 0.0087890625 0.01608187134502924
0 0.63671875 0.40497076023391815 0.0087890625 0.01608187134502924
0 0.7021484375 0.3435672514619883 0.0087890625 0.01608187134502924
0 0.5771484375 0.3713450292397661 0.0087890625 0.01608187134502924
0 0.29296875 0.4327485380116959 0.0107421875 0.017543859649122806
0 0.337890625 0.4283625730994152 0.01171875 0.023391812865497075
0 0.953125 0.3157894736842105 0.013671875 0.024853801169590642
0 0.5927734375 0.4239766081871345 0.0087890625 0.01608187134502924
0 0.46875 0.41812865497076024 0.0087890625 0.01608187134502924
0 0.38671875 0.43859649122807015 0.01171875 0.023391812865497075
0 0.44140625 0.4678362573099415 0.009765625 0.019005847953216373
0 0.9794921875 0.29678362573099415 0.013671875 0.024853801169590642
0 0.07421875 0.47368421052631576 0.0107421875 0.017543859649122806
0 0.8974609375 0.5599415204678363 0.04296875 0.09941520467836257
0 0.830078125 0.3845029239766082 0.0205078125 0.03070175438596491
0 0.4189453125 0.43567251461988304 0.009765625 0.019005847953216373
0 0.177734375 0.4780701754385965 0.0107421875 0.017543859649122806
0 0.7431640625 0.3362573099415205 0.0087890625 0.01608187134502924
0 0.71484375 0.5482456140350878 0.029296875 0.05116959064327485
0 0.4013671875 0.40789473684210525 0.0087890625 0.01608187134502924
0 0.1923828125 0.4678362573099415 0.0107421875 0.017543859649122806
0 0.388671875 0.44590643274853803 0.01171875 0.023391812865497075
0 0.1298828125 0.597953216374269 0.0126953125 0.023391812865497075
0 0.77734375 0.5321637426900585 0.029296875 0.05116959064327485
0 0.5830078125 0.3669590643274854 0.0087890625 0.01608187134502924
0 0.01171875 0.6169590643274854 0.0126953125 0.023391812865497075
0 0.77734375 0.3845029239766082 0.0087890625 0.01608187134502924
0 0.62890625 0.4137426900584795 0.0087890625 0.01608187134502924
0 0.4287109375 0.391812865497076 0.0087890625 0.01608187134502924
0 0.552734375 0.37719298245614036 0.0087890625 0.01608187134502924
0 0.1083984375 0.5043859649122807 0.0107421875 0.017543859649122806
0 0.1416015625 0.5131578947368421 0.0107421875 0.017543859649122806
0 0.5654296875 0.5833333333333334 0.03125 0.06725146198830409
0 0.4638671875 0.391812865497076 0.0087890625 0.01608187134502924
0 0.01953125 0.5102339181286549 0.0107421875 0.017543859649122806
0 0.9990234375 0.5921052631578947 0.04296875 0.09941520467836257
0 0.8046875 0.5277777777777778 0.0361328125 0.07163742690058479
0 0.763671875 0.3391812865497076 0.0087890625 0.01608187134502924
0 0.515625 0.5687134502923976 0.009765625 0.019005847953216373
0 0.0693359375 0.5263157894736842 0.0107421875 0.017543859649122806
0 0.6865234375 0.7792397660818714 0.04296875 0.07894736842105263
0 0.7294921875 0.3538011695906433 0.0087890625 0.01608187134502924
0 0.044921875 0.5409356725146199 0.0126953125 0.023391812865497075
0 0.1689453125 0.543859649122807 0.0126953125 0.023391812865497075
0 0.455078125 0.47076023391812866 0.009765625 0.019005847953216373
0 0.8076171875 0.3669590643274854 0.01171875 0.019005847953216373
0 0.26953125 0.8698830409356725 0.0439453125 0.08771929824561403
0 0.9462890625 0.39035087719298245 0.0205078125 0.03070175438596491
0 0.7265625 0.3815789473684211 0.0087890625 0.01608187134502924
0 0.6865234375 0.49122807017543857 0.01171875 0.019005847953216373
0 0.2861328125 0.44005847953216376 0.0107421875 0.017543859649122806
0 0.0068359375 0.5 0.0107421875 0.019005847953216373
0 0.1337890625 0.6549707602339181 0.0390625 0.07017543859649122
0 0.7939453125 0.3304093567251462 0.0087890625 0.01608187134502924
0 0.09375 0.4780701754385965 0.0107421875 0.017543859649122806
0 0.892578125 0.3216374269005848 0.013671875 0.024853801169590642
0 0.0517578125 0.5058479532163743 0.0107421875 0.017543859649122806
0 0.9052734375 0.29678362573099415 0.013671875 0.024853801169590642
0 0.94921875 0.5628654970760234 0.04296875 0.09941520467836257
0 0.158203125 0.4649122807017544 0.0107421875 0.017543859649122806
0 0.5576171875 0.45321637426900585 0.009765625 0.019005847953216373
0 0.25390625 0.44298245614035087 0.0107421875 0.017543859649122806
0 0.125 0.47368421052631576 0.0107421875 0.017543859649122806
0 0.2294921875 0.6286549707602339 0.02734375 0.05847953216374269
0 0.087890625 0.5160818713450293 0.0107421875 0.017543859649122806
0 0.3232421875 0.42543859649122806 0.01171875 0.023391812865497075
0 0.3466796875 0.4283625730994152 0.01171875 0.023391812865497075
0 0.900390625 0.6330409356725146 0.0556640625 0.11842105263157894
0 0.9453125 0.5043859649122807 0.0205078125 0.03070175438596491
0 0.3583984375 0.4152046783625731 0.01171875 0.023391812865497075
0 0.5615234375 0.391812865497076 0.0087890625 0.01608187134502924
0 0.7509765625 0.3362573099415205 0.0087890625 0.01608187134502924
0 0.626953125 0.3538011695906433 0.0087890625 0.01608187134502924
0 0.4482421875 0.43128654970760233 0.0087890625 0.01608187134502924
0 0.306640625 0.4415204678362573 0.0107421875 0.017543859649122806
0 0.53125 0.402046783625731 0.0087890625 0.01608187134502924
0 0.4052734375 0.43859649122807015 0.009765625 0.019005847953216373
0 0.7626953125 0.35526315789473684 0.0087890625 0.01608187134502924
0 0.5927734375 0.3845029239766082 0.0087890625 0.01608187134502924
0 0.41796875 0.40350877192982454 0.0087890625 0.01608187134502924
0 0.2548828125 0.5087719298245614 0.0107421875 0.017543859649122806
0 0.6884765625 0.35526315789473684 0.0087890625 0.01608187134502924
0 0.875 0.38011695906432746 0.0205078125 0.03070175438596491
0 0.1015625 0.52046783625731 0.0107421875 0.017543859649122806
0 0.3564453125 0.4239766081871345 0.01171875 0.023391812865497075
0 0.5166015625 0.3932748538011696 0.0087890625 0.01608187134502924
0 0.8525390625 0.5014619883040936 0.0205078125 0.03070175438596491
0 0.3076171875 0.49122807017543857 0.0107421875 0.017543859649122806
0 0.4580078125 0.5219298245614035 0.009765625 0.019005847953216373
0 0.39453125 0.40058479532163743 0.0087890625 0.01608187134502924
0 0.30078125 0.4327485380116959 0.0107421875 0.017543859649122806
0 0.5947265625 0.3713450292397661 0.0087890625 0.01608187134502924
0 0.54296875 0.3830409356725146 0.0087890625 0.01608187134502924
0 0.2666015625 0.5657894736842105 0.0146484375 0.027777777777777776
0 0.216796875 0.6447368421052632 0.02734375 0.05847953216374269
0 0.8173828125 0.31871345029239767 0.01171875 0.021929824561403508
0 0.76953125 0.3333333333333333 0.0087890625 0.01608187134502924
0 0.7275390625 0.33187134502923976 0.0087890625 0.01608187134502924
0 0.4755859375 0.4298245614035088 0.0087890625 0.01608187134502924
0 0.072265625 0.5058479532163743 0.0107421875 0.017543859649122806
0 0.375 0.6154970760233918 0.0166015625 0.03508771929824561
0 0.1923828125 0.8304093567251462 0.033203125 0.06432748538011696
0 0.08984375 0.6140350877192983 0.0126953125 0.023391812865497075
0 0.8984375 0.5029239766081871 0.0205078125 0.03070175438596491
0 0.4453125 0.40350877192982454 0.0087890625 0.01608187134502924
0 0.2734375 0.43859649122807015 0.0107421875 0.017543859649122806
0 0.8828125 0.31871345029239767 0.013671875 0.024853801169590642
0 0.1015625 0.47953216374269003 0.0107421875 0.017543859649122806
0 0.2724609375 0.49122807017543857 0.0107421875 0.017543859649122806
0 0.21875 0.5950292397660819 0.02734375 0.05847953216374269
0 0.509765625 0.37719298245614036 0.0087890625 0.01608187134502924
0 0.447265625 0.6140350877192983 0.033203125 0.06578947368421052
0 0.2724609375 0.44883040935672514 0.0107421875 0.017543859649122806
0 0.41796875 0.554093567251462 0.0166015625 0.03508771929824561
0 0.837890625 0.3435672514619883 0.013671875 0.024853801169590642
0 0.5419921875 0.4546783625730994 0.009765625 0.019005847953216373
0 0.330078125 0.4298245614035088 0.01171875 0.023391812865497075
0 0.4228515625 0.4649122807017544 0.009765625 0.019005847953216373
0 0.70703125 0.34649122807017546 0.0087890625 0.01608187134502924
0 0.115234375 0.5248538011695907 0.0107421875 0.017543859649122806
0 0.439453125 0.4517543859649123 0.009765625 0.019005847953216373
0 0.4365234375 0.39473684210526316 0.0087890625 0.01608187134502924
0 0.8603515625 0.46345029239766083 0.0205078125 0.03070175438596491
0 0.37890625 0.4444444444444444 0.01171875 0.023391812865497075
0 0.05859375 0.5350877192982456 0.0107421875 0.017543859649122806
0 0.7158203125 0.39766081871345027 0.0087890625 0.01608187134502924
0 0.5947265625 0.5687134502923976 0.009765625 0.019005847953216373
0 0.38671875 0.4064327485380117 0.01171875 0.023391812865497075
0 0.640625 0.35964912280701755 0.0087890625 0.01608187134502924
0 0.2451171875 0.6418128654970761 0.02734375 0.05847953216374269
0 0.18359375 0.46345029239766083 0.0107421875 0.017543859649122806
0 0.23828125 0.4766081871345029 0.0107421875 0.017543859649122806
0 0.9990234375 0.554093567251462 0.04296875 0.09941520467836257
0 0.6123046875 0.3757309941520468 0.0087890625 0.01608187134502924
0 0.111328125 0.4692982456140351 0.0107421875 0.017543859649122806
0 0.212890625 0.44590643274853803 0.0107421875 0.017543859649122806
0 0.14453125 0.5891812865497076 0.0126953125 0.023391812865497075
0 0.3857421875 0.5672514619883041 0.0166015625 0.03508771929824561
0 0.734375 0.5599415204678363 0.029296875 0.05116959064327485
0 0.8095703125 0.34649122807017546 0.0126953125 0.021929824561403508
0 0.2880859375 0.49853801169590645 0.0107421875 0.017543859649122806
0 0.484375 0.3815789473684211 0.0087890625 0.01608187134502924
0 0.6796875 0.358187134502924 0.0087890625 0.01608187134502924
0 0.384765625 0.7982456140350878 0.03515625 0.06725146198830409
0 0.857421875 0.31871345029239767 0.013671875 0.024853801169590642
0 0.0830078125 0.47953216374269003 0.0107421875 0.017543859649122806
0 0.6728515625 0.3684210526315789 0.0087890625 0.01608187134502924
0 0.345703125 0.7865497076023392 0.03515625 0.06725146198830409
0 0.5390625 0.5891812865497076 0.0146484375 0.03070175438596491
0 0.1220703125 0.5789473684210527 0.0126953125 0.023391812865497075
0 0.4833984375 0.49707602339181284 0.009765625 0.019005847953216373
0 0.4931640625 0.5073099415204678 0.009765625 0.019005847953216373
0 0.40625 0.46345029239766083 0.009765625 0.019005847953216373
0 0.908203125 0.31432748538011696 0.013671875 0.024853801169590642
