0 0.6053846153846154 0.6056485355648535 0.012307692307692308 0.021966527196652718
0 0.7038461538461539 0.5596234309623431 0.012307692307692308 0.021966527196652718
0 0.02076923076923077 0.5763598326359832 0.006153846153846154 0.010460251046025104
0 0.19076923076923077 0.5679916317991632 0.006153846153846154 0.010460251046025104
0 0.9784615384615385 0.5920502092050209 0.012307692307692308 0.021966527196652718
0 0.04230769230769231 0.5784518828451883 0.006153846153846154 0.010460251046025104
0 0.12307692307692308 0.5815899581589958 0.006153846153846154 0.010460251046025104
0 0.03923076923076923 0.5690376569037657 0.006153846153846154 0.010460251046025104
0 0.7615384615384615 0.5889121338912134 0.012307692307692308 0.021966527196652718
0 0.12538461538461537 0.5679916317991632 0.006153846153846154 0.010460251046025104
0 0.49615384615384617 0.5585774058577406 0.0 0.0
0 0.51 0.5596234309623431 0.0 0.0
0 0.6815384615384615 0.555439330543933 0.012307692307692308 0.021966527196652718
0 0.1576923076923077 0.5679916317991632 0.006153846153846154 0.010460251046025104
0 0.8292307692307692 0.5972803347280334 0.012307692307692308 0.021966527196652718
0 0.16615384615384615 0.5700836820083682 0.006153846153846154 0.010460251046025104
0 0.11538461538461539 0.5732217573221757 0.006153846153846154 0.010460251046025104
0 0.05307692307692308 0.5857740585774058 0.006153846153846154 0.010460251046025104
0 0.6123076923076923 0.5920502092050209 0.012307692307692308 0.021966527196652718
