0 0.5871423262727611 0.23933209647495363 0.006688963210702341 0.02040816326530612
0 0.7606837606837606 0.44341372912801486 0.00966183574879227 0.03710575139146568
0 0.5525826830174656 0.04916512059369202 0.005945745076179859 0.022263450834879406
0 0.30286138981791155 0.14100185528756956 0.007060572277963582 0.01948051948051948
0 0.21070234113712374 0.9267161410018553 0.011891490152359718 0.03339517625231911
0 0.4983277591973244 0.03525046382189239 0.006688963210702341 0.022263450834879406
0 0.8710516536603493 0.7532467532467533 0.014492753623188406 0.05287569573283859
0 0.07692307692307693 0.12894248608534323 0.004830917874396135 0.016697588126159554
0 0.36826458565589 0.24118738404452691 0.005574136008918618 0.02040816326530612
0 0.6376811594202898 0.19666048237476808 0.006688963210702341 0.02040816326530612
0 0.23671497584541062 0.15120593692022263 0.007060572277963582 0.01948051948051948
0 0.6555183946488294 0.2922077922077922 0.004459308807134894 0.01948051948051948
0 0.16202155332590115 0.865491651205937 0.011891490152359718 0.03339517625231911
0 0.48569305091044224 0.14935064935064934 0.005945745076179859 0.022263450834879406
0 0.16982534373838723 0.34137291280148424 0.004459308807134894 0.01948051948051948
0 0.6031215161649944 0.2792207792207792 0.006688963210702341 0.02040816326530612
0 0.7952434039390561 0.0018552875695732839 0.0063173541434411 0.02411873840445269
0 0.39762170196952806 0.03432282003710575 0.006688963210702341 0.022263450834879406
0 0.46488294314381273 0.29313543599257885 0.004459308807134894 0.01948051948051948
0 0.5157933853586028 0.1549165120593692 0.005945745076179859 0.022263450834879406
0 0.42623560014864365 0.03710575139146568 0.006688963210702341 0.022263450834879406
0 0.5050167224080268 0.14285714285714285 0.005945745076179859 0.022263450834879406
0 0.6845039018952063 0.014842300556586271 0.006688963210702341 0.022263450834879406
0 0.16202155332590115 0.31261595547309834 0.004459308807134894 0.01948051948051948
0 0.6161278335191379 0.1679035250463822 0.005945745076179859 0.022263450834879406
0 0.7666295057599405 0.3302411873840445 0.007803790412486065 0.023191094619666047
0 0.904496469713861 0.032467532467532464 0.0063173541434411 0.025974025974025976
0 0.5109624674842066 0.5139146567717996 0.004459308807134894 0.01948051948051948
0 0.49052396878483834 0.7031539888682746 0.014492753623188406 0.05287569573283859
0 0.5923448532144184 0.7142857142857143 0.014492753623188406 0.05287569573283859
0 0.4645113340765515 0.32189239332096475 0.004459308807134894 0.01948051948051948
0 0.5039018952062431 0.08348794063079777 0.005945745076179859 0.022263450834879406
0 0.03678929765886288 0.09461966604823747 0.004830917874396135 0.016697588126159554
0 0.5711631363805277 0.2690166975881262 0.006688963210702341 0.02040816326530612
0 0.5689334819769603 0.29313543599257885 0.004459308807134894 0.01948051948051948
0 0.6376811594202898 0.2829313543599258 0.006688963210702341 0.02040816326530612
0 0.8606465997770345 0.03153988868274583 0.006688963210702341 0.022263450834879406
0 0.8461538461538461 0.05102040816326531 0.006688963210702341 0.022263450834879406
0 0.8795986622073578 0.3849721706864564 0.005945745076179859 0.022263450834879406
0 0.5239687848383501 0.07235621521335807 0.005945745076179859 0.022263450834879406
0 0.7101449275362319 0.006493506493506494 0.0063173541434411 0.025974025974025976
0 0.3749535488665923 0.20964749536178107 0.005574136008918618 0.01948051948051948
0 0.6692679301374953 0.20037105751391465 0.004830917874396135 0.012987012987012988
0 0.6280193236714976 0.2847866419294991 0.004459308807134894 0.01948051948051948
0 0.07395020438498699 0.10946196660482375 0.004830917874396135 0.016697588126159554
0 0.5644741731698253 0.5324675324675324 0.007432181345224823 0.027829313543599257
0 0.6183574879227053 0.23840445269016697 0.006688963210702341 0.02040816326530612
0 0.5745076179858789 0.08163265306122448 0.005945745076179859 0.022263450834879406
0 0.5908584169453734 0.1660482374768089 0.005945745076179859 0.022263450834879406
0 0.5276848755109624 0.08256029684601113 0.005945745076179859 0.022263450834879406
0 0.696395392047566 0.17161410018552875 0.004830917874396135 0.012987012987012988
0 0.9531772575250836 0.512987012987013 0.00966183574879227 0.03710575139146568
0 0.9085841694537347 0.7476808905380334 0.014492753623188406 0.05287569573283859
0 0.15013006317354144 0.9499072356215214 0.011891490152359718 0.03339517625231911
0 0.5458937198067633 0.29777365491651203 0.004459308807134894 0.01948051948051948
0 0.5652173913043478 0.2077922077922078 0.006688963210702341 0.02040816326530612
0 0.5633593459680416 0.07884972170686456 0.005945745076179859 0.022263450834879406
