0 0.6804733727810651 0.811965811965812 0.023668639053254437 0.03418803418803419
0 0.30177514792899407 0.5555555555555556 0.01775147928994083 0.02564102564102564
0 0.2958579881656805 0.41025641025641024 0.01775147928994083 0.02564102564102564
0 0.5739644970414202 0.11965811965811966 0.01775147928994083 0.02564102564102564
0 0.7988165680473372 0.4017094017094017 0.01775147928994083 0.02564102564102564
0 0.7337278106508875 0.9914529914529915 0.023668639053254437 0.03418803418803419
0 0.8875739644970414 0.7264957264957265 0.023668639053254437 0.03418803418803419
0 0.15384615384615385 0.6666666666666666 0.023668639053254437 0.03418803418803419
0 0.30177514792899407 0.6153846153846154 0.023668639053254437 0.03418803418803419
0 0.011834319526627219 0.05128205128205128 0.01775147928994083 0.02564102564102564
0 0.39644970414201186 0.06837606837606838 0.01775147928994083 0.02564102564102564
0 0.20710059171597633 0.8205128205128205 0.023668639053254437 0.03418803418803419
0 0.21893491124260356 0.28205128205128205 0.01775147928994083 0.02564102564102564
0 0.07100591715976332 0.1623931623931624 0.01775147928994083 0.02564102564102564
0 0.8520710059171598 0.3418803418803419 0.01775147928994083 0.02564102564102564
0 0.7455621301775148 0.24786324786324787 0.01775147928994083 0.02564102564102564
0 0.09467455621301775 0.10256410256410256 0.01775147928994083 0.02564102564102564
0 0.6982248520710059 0.042735042735042736 0.01775147928994083 0.02564102564102564
0 0.2781065088757396 0.19658119658119658 0.01775147928994083 0.02564102564102564
0 0.07100591715976332 0.8461538461538461 0.023668639053254437 0.03418803418803419
0 0.047337278106508875 0.6581196581196581 0.023668639053254437 0.03418803418803419
0 0.7810650887573964 0.8290598290598291 0.023668639053254437 0.03418803418803419
0 0.07100591715976332 0.49572649572649574 0.01775147928994083 0.02564102564102564
0 0.7810650887573964 0.24786324786324787 0.01775147928994083 0.02564102564102564
0 0.6923076923076923 0.18803418803418803 0.01775147928994083 0.02564102564102564
0 0.834319526627219 0.15384615384615385 0.01775147928994083 0.02564102564102564
0 0.863905325443787 0.1282051282051282 0.01775147928994083 0.02564102564102564
0 0.4319526627218935 0.5299145299145299 0.01775147928994083 0.02564102564102564
0 0.378698224852071 0.8034188034188035 0.023668639053254437 0.03418803418803419
0 0.34911242603550297 0.7777777777777778 0.023668639053254437 0.03418803418803419
0 0.378698224852071 0.5726495726495726 0.023668639053254437 0.03418803418803419
0 0.9585798816568047 0.17094017094017094 0.01775147928994083 0.02564102564102564
0 0.3905325443786982 0.3333333333333333 0.01775147928994083 0.02564102564102564
0 0.3076923076923077 0.9145299145299145 0.023668639053254437 0.03418803418803419
0 0.3254437869822485 0.02564102564102564 0.01775147928994083 0.02564102564102564
0 0.07100591715976332 0.3504273504273504 0.01775147928994083 0.02564102564102564
0 0.20710059171597633 0.13675213675213677 0.01775147928994083 0.02564102564102564
0 0.15976331360946747 0.05982905982905983 0.01775147928994083 0.02564102564102564
0 0.5857988165680473 0.05982905982905983 0.01775147928994083 0.02564102564102564
0 0.3668639053254438 0.24786324786324787 0.01775147928994083 0.02564102564102564
0 0.8461538461538461 0.5641025641025641 0.023668639053254437 0.03418803418803419
0 0.40236686390532544 0.5213675213675214 0.01775147928994083 0.02564102564102564
0 0.5857988165680473 0.1794871794871795 0.01775147928994083 0.02564102564102564
0 0.7100591715976331 0.39316239316239315 0.01775147928994083 0.02564102564102564
0 0.5088757396449705 0.47863247863247865 0.01775147928994083 0.02564102564102564
0 0.4970414201183432 0.7350427350427351 0.023668639053254437 0.03418803418803419
0 0.21301775147928995 0.042735042735042736 0.01775147928994083 0.02564102564102564
0 0.4260355029585799 0.3076923076923077 0.01775147928994083 0.02564102564102564
0 0.9053254437869822 0.2905982905982906 0.01775147928994083 0.02564102564102564
0 0.7810650887573964 0.20512820512820512 0.01775147928994083 0.02564102564102564
0 0.5562130177514792 0.7606837606837606 0.023668639053254437 0.03418803418803419
0 0.23668639053254437 0.41025641025641024 0.01775147928994083 0.02564102564102564
0 0.7159763313609467 0.23076923076923078 0.01775147928994083 0.02564102564102564
0 0.5976331360946746 0.8290598290598291 0.023668639053254437 0.03418803418803419
0 0.5029585798816568 0.21367521367521367 0.01775147928994083 0.02564102564102564
0 0.7692307692307693 0.1452991452991453 0.01775147928994083 0.02564102564102564
0 0.9053254437869822 0.08547008547008547 0.01775147928994083 0.02564102564102564
0 0.9526627218934911 0.27350427350427353 0.01775147928994083 0.02564102564102564
0 0.26627218934911245 0.6752136752136753 0.023668639053254437 0.03418803418803419
0 0.8284023668639053 0.8034188034188035 0.023668639053254437 0.03418803418803419
0 0.34911242603550297 0.09401709401709402 0.01775147928994083 0.02564102564102564
0 0.6153846153846154 0.26495726495726496 0.01775147928994083 0.02564102564102564
0 0.5976331360946746 0.3418803418803419 0.01775147928994083 0.02564102564102564
0 0.11834319526627218 0.8717948717948718 0.023668639053254437 0.03418803418803419
0 0.9112426035502958 0.9487179487179487 0.023668639053254437 0.03418803418803419
0 0.727810650887574 0.1452991452991453 0.01775147928994083 0.02564102564102564
0 0.46745562130177515 0.4444444444444444 0.01775147928994083 0.02564102564102564
0 0.7218934911242604 0.07692307692307693 0.01775147928994083 0.02564102564102564
0 0.7100591715976331 0.5299145299145299 0.01775147928994083 0.02564102564102564
0 0.40828402366863903 0.20512820512820512 0.01775147928994083 0.02564102564102564
0 0.047337278106508875 0.8803418803418803 0.023668639053254437 0.03418803418803419
0 0.7514792899408284 0.37606837606837606 0.01775147928994083 0.02564102564102564
0 0.4911242603550296 0.2564102564102564 0.01775147928994083 0.02564102564102564
0 0.3136094674556213 0.7264957264957265 0.023668639053254437 0.03418803418803419
0 0.3136094674556213 0.3247863247863248 0.01775147928994083 0.02564102564102564
0 0.7692307692307693 0.29914529914529914 0.01775147928994083 0.02564102564102564
0 0.4319526627218935 0.7863247863247863 0.023668639053254437 0.03418803418803419
0 0.9349112426035503 0.717948717948718 0.023668639053254437 0.03418803418803419
0 0.514792899408284 0.6581196581196581 0.023668639053254437 0.03418803418803419
0 0.023668639053254437 0.1111111111111111 0.01775147928994083 0.02564102564102564
0 0.44970414201183434 0.8803418803418803 0.023668639053254437 0.03418803418803419
0 0.5621301775147929 0.26495726495726496 0.01775147928994083 0.02564102564102564
0 0.6745562130177515 0.23931623931623933 0.01775147928994083 0.02564102564102564
0 0.9763313609467456 0.6752136752136753 0.023668639053254437 0.03418803418803419
0 0.31952662721893493 0.1794871794871795 0.01775147928994083 0.02564102564102564
0 0.5325443786982249 0.21367521367521367 0.01775147928994083 0.02564102564102564
0 0.25443786982248523 0.18803418803418803 0.01775147928994083 0.02564102564102564
0 0.07100591715976332 0.9572649572649573 0.023668639053254437 0.03418803418803419
0 0.09467455621301775 0.4444444444444444 0.01775147928994083 0.02564102564102564
0 0.6923076923076923 0.5897435897435898 0.023668639053254437 0.03418803418803419
0 0.33136094674556216 0.24786324786324787 0.01775147928994083 0.02564102564102564
0 0.834319526627219 0.47863247863247865 0.01775147928994083 0.02564102564102564
0 0.26627218934911245 0.36752136752136755 0.01775147928994083 0.02564102564102564
0 0.9349112426035503 0.5384615384615384 0.01775147928994083 0.02564102564102564
0 0.029585798816568046 0.717948717948718 0.023668639053254437 0.03418803418803419
0 0.5739644970414202 0.6752136752136753 0.023668639053254437 0.03418803418803419
0 0.47928994082840237 0.39316239316239315 0.01775147928994083 0.02564102564102564
0 0.23668639053254437 0.5042735042735043 0.01775147928994083 0.02564102564102564
0 0.8520710059171598 0.26495726495726496 0.01775147928994083 0.02564102564102564
0 0.1301775147928994 0.5726495726495726 0.023668639053254437 0.03418803418803419
0 0.005917159763313609 0.3247863247863248 0.01775147928994083 0.02564102564102564
0 0.17159763313609466 0.41025641025641024 0.01775147928994083 0.02564102564102564
0 0.6272189349112426 0.4358974358974359 0.01775147928994083 0.02564102564102564
0 0.33727810650887574 0.8888888888888888 0.023668639053254437 0.03418803418803419
0 0.1893491124260355 0.18803418803418803 0.01775147928994083 0.02564102564102564
0 0.17159763313609466 0.8974358974358975 0.023668639053254437 0.03418803418803419
0 0.1834319526627219 0.2564102564102564 0.01775147928994083 0.02564102564102564
0 0.5384615384615384 0.07692307692307693 0.01775147928994083 0.02564102564102564
0 0.6686390532544378 0.8888888888888888 0.023668639053254437 0.03418803418803419
0 0.8165680473372781 0.23076923076923078 0.01775147928994083 0.02564102564102564
0 0.5562130177514792 0.42735042735042733 0.01775147928994083 0.02564102564102564
0 0.514792899408284 0.4188034188034188 0.01775147928994083 0.02564102564102564
0 0.047337278106508875 0.29914529914529914 0.01775147928994083 0.02564102564102564
0 0.9408284023668639 0.36752136752136755 0.01775147928994083 0.02564102564102564
0 0.35502958579881655 0.1794871794871795 0.01775147928994083 0.02564102564102564
0 0.17159763313609466 0.3247863247863248 0.01775147928994083 0.02564102564102564
0 0.0650887573964497 0.2222222222222222 0.01775147928994083 0.02564102564102564
0 0.6390532544378699 0.1282051282051282 0.01775147928994083 0.02564102564102564
0 0.7692307692307693 0.05128205128205128 0.01775147928994083 0.02564102564102564
0 0.8698224852071006 0.4444444444444444 0.01775147928994083 0.02564102564102564
0 0.01775147928994083 0.1623931623931624 0.01775147928994083 0.02564102564102564
0 0.15976331360946747 0.6153846153846154 0.023668639053254437 0.03418803418803419
0 0.8402366863905325 0.7264957264957265 0.023668639053254437 0.03418803418803419
0 0.9822485207100592 0.1623931623931624 0.01775147928994083 0.02564102564102564
0 0.6331360946745562 0.9914529914529915 0.023668639053254437 0.03418803418803419
0 0.05325443786982249 0.3247863247863248 0.01775147928994083 0.02564102564102564
0 0.5857988165680473 0.9401709401709402 0.023668639053254437 0.03418803418803419
0 0.14201183431952663 0.3333333333333333 0.01775147928994083 0.02564102564102564
0 0.1242603550295858 0.3504273504273504 0.01775147928994083 0.02564102564102564
0 0.4911242603550296 0.10256410256410256 0.01775147928994083 0.02564102564102564
0 0.48520710059171596 0.7863247863247863 0.023668639053254437 0.03418803418803419
0 0.9112426035502958 0.11965811965811966 0.01775147928994083 0.02564102564102564
0 0.047337278106508875 0.4444444444444444 0.01775147928994083 0.02564102564102564
0 0.7633136094674556 0.3247863247863248 0.01775147928994083 0.02564102564102564
0 0.8816568047337278 0.1794871794871795 0.01775147928994083 0.02564102564102564
0 0.33727810650887574 0.9829059829059829 0.023668639053254437 0.03418803418803419
0 0.9526627218934911 0.2222222222222222 0.01775147928994083 0.02564102564102564
0 0.9349112426035503 0.3333333333333333 0.01775147928994083 0.02564102564102564
0 0.25443786982248523 0.9230769230769231 0.023668639053254437 0.03418803418803419
0 0.9763313609467456 0.10256410256410256 0.01775147928994083 0.02564102564102564
0 0.11834319526627218 0.05982905982905983 0.01775147928994083 0.02564102564102564
0 0.757396449704142 0.19658119658119658 0.01775147928994083 0.02564102564102564
0 0.6272189349112426 0.1794871794871795 0.01775147928994083 0.02564102564102564
0 0.1301775147928994 0.11965811965811966 0.01775147928994083 0.02564102564102564
0 0.6272189349112426 0.3076923076923077 0.01775147928994083 0.02564102564102564
0 0.23076923076923078 0.23076923076923078 0.01775147928994083 0.02564102564102564
0 0.5621301775147929 0.11965811965811966 0.01775147928994083 0.02564102564102564
0 0.5976331360946746 0.7521367521367521 0.023668639053254437 0.03418803418803419
0 0.7928994082840237 0.47863247863247865 0.01775147928994083 0.02564102564102564
0 0.5088757396449705 0.9829059829059829 0.023668639053254437 0.03418803418803419
0 0.9467455621301775 0.5897435897435898 0.023668639053254437 0.03418803418803419
0 0.46153846153846156 0.09401709401709402 0.01775147928994083 0.02564102564102564
0 0.011834319526627219 0.41025641025641024 0.01775147928994083 0.02564102564102564
0 0.023668639053254437 0.23931623931623933 0.01775147928994083 0.02564102564102564
0 0.11242603550295859 0.18803418803418803 0.01775147928994083 0.02564102564102564
0 0.6804733727810651 0.09401709401709402 0.01775147928994083 0.02564102564102564
0 0.2603550295857988 0.46153846153846156 0.01775147928994083 0.02564102564102564
0 0.6449704142011834 0.19658119658119658 0.01775147928994083 0.02564102564102564
0 0.10059171597633136 0.1452991452991453 0.01775147928994083 0.02564102564102564
0 0.5029585798816568 0.06837606837606838 0.01775147928994083 0.02564102564102564
0 0.5857988165680473 0.21367521367521367 0.01775147928994083 0.02564102564102564
0 0.3136094674556213 0.05128205128205128 0.01775147928994083 0.02564102564102564
0 0.011834319526627219 0.21367521367521367 0.01775147928994083 0.02564102564102564
0 0.9940828402366864 0.29914529914529914 0.01775147928994083 0.02564102564102564
0 0.6568047337278107 0.3076923076923077 0.01775147928994083 0.02564102564102564
0 0.9467455621301775 0.11965811965811966 0.01775147928994083 0.02564102564102564
0 0.42011834319526625 0.09401709401709402 0.01775147928994083 0.02564102564102564
0 0.8875739644970414 0.3333333333333333 0.01775147928994083 0.02564102564102564
0 0.9230769230769231 0.2222222222222222 0.01775147928994083 0.02564102564102564
0 0.7218934911242604 0.18803418803418803 0.01775147928994083 0.02564102564102564
0 0.9763313609467456 0.7777777777777778 0.023668639053254437 0.03418803418803419
0 0.08284023668639054 0.042735042735042736 0.01775147928994083 0.02564102564102564
0 0.28994082840236685 0.8461538461538461 0.023668639053254437 0.03418803418803419
0 0.7869822485207101 0.28205128205128205 0.01775147928994083 0.02564102564102564
0 0.25443786982248523 0.11965811965811966 0.01775147928994083 0.02564102564102564
0 0.8698224852071006 0.2222222222222222 0.01775147928994083 0.02564102564102564
0 0.8106508875739645 0.9487179487179487 0.023668639053254437 0.03418803418803419
0 0.7337278106508875 0.3076923076923077 0.01775147928994083 0.02564102564102564
0 0.9704142011834319 0.36752136752136755 0.01775147928994083 0.02564102564102564
0 0.8106508875739645 0.08547008547008547 0.01775147928994083 0.02564102564102564
0 0.6923076923076923 0.39316239316239315 0.01775147928994083 0.02564102564102564
0 0.9763313609467456 0.13675213675213677 0.01775147928994083 0.02564102564102564
0 0.029585798816568046 0.9230769230769231 0.023668639053254437 0.03418803418803419
0 0.14201183431952663 0.9572649572649573 0.023668639053254437 0.03418803418803419
0 0.757396449704142 0.7435897435897436 0.023668639053254437 0.03418803418803419
0 0.4437869822485207 0.38461538461538464 0.01775147928994083 0.02564102564102564
0 0.09467455621301775 0.29914529914529914 0.01775147928994083 0.02564102564102564
0 0.3431952662721893 0.36752136752136755 0.01775147928994083 0.02564102564102564
0 0.33136094674556216 0.48717948717948717 0.01775147928994083 0.02564102564102564
0 0.20118343195266272 0.7094017094017094 0.023668639053254437 0.03418803418803419
0 0.15976331360946747 0.17094017094017094 0.01775147928994083 0.02564102564102564
0 0.17159763313609466 0.46153846153846156 0.01775147928994083 0.02564102564102564
0 0.011834319526627219 0.5384615384615384 0.01775147928994083 0.02564102564102564
0 0.8757396449704142 0.5299145299145299 0.01775147928994083 0.02564102564102564
0 0.9349112426035503 0.17094017094017094 0.01775147928994083 0.02564102564102564
0 0.514792899408284 0.8632478632478633 0.023668639053254437 0.03418803418803419
0 0.5443786982248521 0.29914529914529914 0.01775147928994083 0.02564102564102564
0 0.8994082840236687 0.17094017094017094 0.01775147928994083 0.02564102564102564
0 0.05917159763313609 0.06837606837606838 0.01775147928994083 0.02564102564102564
0 0.6982248520710059 0.6410256410256411 0.023668639053254437 0.03418803418803419
0 0.8165680473372781 0.3333333333333333 0.01775147928994083 0.02564102564102564
0 0.757396449704142 0.08547008547008547 0.01775147928994083 0.02564102564102564
0 0.6035502958579881 0.5384615384615384 0.01775147928994083 0.02564102564102564
0 0.4437869822485207 0.042735042735042736 0.01775147928994083 0.02564102564102564
0 0.6804733727810651 0.3504273504273504 0.01775147928994083 0.02564102564102564
0 0.8047337278106509 0.20512820512820512 0.01775147928994083 0.02564102564102564
0 0.40828402366863903 0.3418803418803419 0.01775147928994083 0.02564102564102564
0 0.40828402366863903 0.008547008547008548 0.01775147928994083 0.02564102564102564
0 0.21893491124260356 0.07692307692307693 0.01775147928994083 0.02564102564102564
0 0.25443786982248523 0.042735042735042736 0.01775147928994083 0.02564102564102564
0 0.8165680473372781 0.6239316239316239 0.023668639053254437 0.03418803418803419
0 0.8402366863905325 0.08547008547008547 0.01775147928994083 0.02564102564102564
0 0.09467455621301775 0.7094017094017094 0.023668639053254437 0.03418803418803419
0 0.8047337278106509 0.1452991452991453 0.01775147928994083 0.02564102564102564
0 0.15976331360946747 0.39316239316239315 0.01775147928994083 0.02564102564102564
0 0.0650887573964497 0.5982905982905983 0.023668639053254437 0.03418803418803419
0 0.14792899408284024 0.2222222222222222 0.01775147928994083 0.02564102564102564
0 0.41420118343195267 0.6153846153846154 0.023668639053254437 0.03418803418803419
0 0.26627218934911245 0.2905982905982906 0.01775147928994083 0.02564102564102564
0 0.023668639053254437 0.27350427350427353 0.01775147928994083 0.02564102564102564
0 0.3076923076923077 0.1111111111111111 0.01775147928994083 0.02564102564102564
0 0.9822485207100592 0.23076923076923078 0.01775147928994083 0.02564102564102564
0 0.8402366863905325 0.42735042735042733 0.01775147928994083 0.02564102564102564
0 0.6094674556213018 0.06837606837606838 0.01775147928994083 0.02564102564102564
0 0.7455621301775148 0.10256410256410256 0.01775147928994083 0.02564102564102564
0 0.20710059171597633 0.4358974358974359 0.01775147928994083 0.02564102564102564
0 0.47337278106508873 0.3076923076923077 0.01775147928994083 0.02564102564102564
0 0.41420118343195267 0.6837606837606838 0.023668639053254437 0.03418803418803419
0 0.46153846153846156 0.19658119658119658 0.01775147928994083 0.02564102564102564
0 0.6982248520710059 0.13675213675213677 0.01775147928994083 0.02564102564102564
0 0.3668639053254438 0.6239316239316239 0.023668639053254437 0.03418803418803419
0 0.7751479289940828 0.6410256410256411 0.023668639053254437 0.03418803418803419
0 0.1893491124260355 0.5641025641025641 0.023668639053254437 0.03418803418803419
0 0.2781065088757396 0.7692307692307693 0.023668639053254437 0.03418803418803419
0 0.3905325443786982 0.39316239316239315 0.01775147928994083 0.02564102564102564
0 0.5266272189349113 0.36752136752136755 0.01775147928994083 0.02564102564102564
0 0.9289940828402367 0.8717948717948718 0.023668639053254437 0.03418803418803419
0 0.6449704142011834 0.5128205128205128 0.01775147928994083 0.02564102564102564
0 0.863905325443787 0.5982905982905983 0.023668639053254437 0.03418803418803419
0 0.7514792899408284 0.42735042735042733 0.01775147928994083 0.02564102564102564
0 0.9940828402366864 0.5811965811965812 0.01775147928994083 0.02564102564102564
0 0.10650887573964497 0.6324786324786325 0.023668639053254437 0.03418803418803419
0 0.1301775147928994 0.7863247863247863 0.023668639053254437 0.03418803418803419
0 0.14201183431952663 0.4444444444444444 0.01775147928994083 0.02564102564102564
0 0.7692307692307693 0.5555555555555556 0.01775147928994083 0.02564102564102564
0 0.9585798816568047 0.4358974358974359 0.01775147928994083 0.02564102564102564
0 0.4556213017751479 0.6324786324786325 0.023668639053254437 0.03418803418803419
0 0.5443786982248521 0.48717948717948717 0.01775147928994083 0.02564102564102564
0 0.5798816568047337 0.8547008547008547 0.023668639053254437 0.03418803418803419
0 0.5680473372781065 0.5982905982905983 0.023668639053254437 0.03418803418803419
0 0.378698224852071 0.1111111111111111 0.01775147928994083 0.02564102564102564
0 0.17751479289940827 0.1111111111111111 0.01775147928994083 0.02564102564102564
0 0.26627218934911245 0.6324786324786325 0.023668639053254437 0.03418803418803419
0 0.6982248520710059 0.28205128205128205 0.01775147928994083 0.02564102564102564
0 0.20710059171597633 0.3247863247863248 0.01775147928994083 0.02564102564102564
0 0.2781065088757396 0.07692307692307693 0.01775147928994083 0.02564102564102564
0 0.42011834319526625 0.2564102564102564 0.01775147928994083 0.02564102564102564
0 0.5384615384615384 0.17094017094017094 0.01775147928994083 0.02564102564102564
0 0.4970414201183432 0.5811965811965812 0.023668639053254437 0.03418803418803419
0 0.6568047337278107 0.06837606837606838 0.01775147928994083 0.02564102564102564
0 0.03550295857988166 0.38461538461538464 0.01775147928994083 0.02564102564102564
0 0.9585798816568047 0.9743589743589743 0.023668639053254437 0.03418803418803419
0 0.23668639053254437 0.5811965811965812 0.023668639053254437 0.03418803418803419
0 0.6863905325443787 0.49572649572649574 0.01775147928994083 0.02564102564102564
0 0.005917159763313609 0.8034188034188035 0.023668639053254437 0.03418803418803419
0 0.7633136094674556 0.5042735042735043 0.01775147928994083 0.02564102564102564
0 0.9289940828402367 0.4358974358974359 0.01775147928994083 0.02564102564102564
0 0.4378698224852071 0.15384615384615385 0.01775147928994083 0.02564102564102564
0 0.893491124260355 0.23076923076923078 0.01775147928994083 0.02564102564102564
0 0.11834319526627218 0.26495726495726496 0.01775147928994083 0.02564102564102564
0 0.7396449704142012 0.5726495726495726 0.023668639053254437 0.03418803418803419
0 0.14792899408284024 0.7435897435897436 0.023668639053254437 0.03418803418803419
0 0.9644970414201184 0.3247863247863248 0.01775147928994083 0.02564102564102564
0 0.22485207100591717 0.37606837606837606 0.01775147928994083 0.02564102564102564
0 0.9171597633136095 0.5982905982905983 0.023668639053254437 0.03418803418803419
0 0.7100591715976331 0.6752136752136753 0.023668639053254437 0.03418803418803419
0 0.8994082840236687 0.4358974358974359 0.01775147928994083 0.02564102564102564
0 0.011834319526627219 0.5982905982905983 0.01775147928994083 0.02564102564102564
0 0.8579881656804734 0.6666666666666666 0.023668639053254437 0.03418803418803419
