0 0.07666666666666666 0.6792452830188679 0.06666666666666667 0.13797169811320756
0 0.16416666666666666 0.2688679245283019 0.030833333333333334 0.060141509433962265
0 0.5775 0.05660377358490566 0.0375 0.07429245283018868
0 0.43083333333333335 0.4834905660377358 0.06333333333333334 0.1179245283018868
0 0.44166666666666665 0.38207547169811323 0.030833333333333334 0.060141509433962265
0 0.3416666666666667 0.3466981132075472 0.030833333333333334 0.060141509433962265
0 0.6316666666666667 0.5106132075471698 0.0625 0.1320754716981132
0 0.5666666666666667 0.32193396226415094 0.030833333333333334 0.060141509433962265
0 0.65 0.33490566037735847 0.049166666666666664 0.036556603773584904
0 0.5225 0.12735849056603774 0.0375 0.07429245283018868
0 0.9283333333333333 0.15566037735849056 0.041666666666666664 0.08136792452830188
0 0.9758333333333333 0.6155660377358491 0.051666666666666666 0.09787735849056604
0 0.9875 0.4516509433962264 0.055 0.18278301886792453
0 0.35333333333333333 0.2346698113207547 0.030833333333333334 0.060141509433962265
0 0.18083333333333335 0.3408018867924528 0.030833333333333334 0.060141509433962265
0 0.30083333333333334 0.16863207547169812 0.0225 0.031839622641509434
0 0.6225 0.08372641509433962 0.0375 0.07429245283018868
0 0.4083333333333333 0.21580188679245282 0.0225 0.031839622641509434
0 0.6458333333333334 0.18160377358490565 0.0375 0.07429245283018868
0 0.4741666666666667 0.45047169811320753 0.05 0.09787735849056604
0 0.1775 0.1721698113207547 0.0225 0.031839622641509434
0 0.1825 0.47759433962264153 0.0525 0.09905660377358491
0 0.7716666666666666 0.03773584905660377 0.0275 0.05070754716981132
0 0.9058333333333334 0.055424528301886794 0.0275 0.05070754716981132
0 0.5716666666666667 0.15919811320754718 0.0375 0.07429245283018868
0 0.2975 0.2841981132075472 0.030833333333333334 0.060141509433962265
0 0.6 0.5341981132075472 0.030833333333333334 0.060141509433962265
0 0.6658333333333334 0.5754716981132075 0.07833333333333334 0.1650943396226415
0 0.43416666666666665 0.2665094339622642 0.030833333333333334 0.060141509433962265
0 0.0475 0.4375 0.04083333333333333 0.07311320754716981
0 0.5341666666666667 0.535377358490566 0.04416666666666667 0.07665094339622641
0 0.8416666666666667 0.49174528301886794 0.030833333333333334 0.060141509433962265
0 0.6275 0.4033018867924528 0.06 0.12028301886792453
0 0.0033333333333333335 0.7323113207547169 0.035 0.15919811320754718
0 0.8008333333333333 0.6792452830188679 0.10916666666666666 0.2016509433962264
0 0.004166666666666667 0.4009433962264151 0.030833333333333334 0.060141509433962265
0 0.115 0.7794811320754716 0.04583333333333333 0.04716981132075472
0 0.0325 0.5235849056603774 0.058333333333333334 0.09080188679245282
0 0.73 0.1332547169811321 0.0375 0.07429245283018868
0 0.2783333333333333 0.357311320754717 0.0425 0.07429245283018868
0 0.255 0.7311320754716981 0.07583333333333334 0.15919811320754718
0 0.6758333333333333 0.10023584905660378 0.0375 0.07429245283018868
0 0.2575 0.2358490566037736 0.030833333333333334 0.060141509433962265
0 0.135 0.41391509433962265 0.030833333333333334 0.060141509433962265
0 0.16666666666666666 0.6391509433962265 0.051666666666666666 0.10023584905660378
0 0.4266666666666667 0.15566037735849056 0.0225 0.031839622641509434
0 0.4608333333333333 0.16981132075471697 0.0375 0.07429245283018868
0 0.19 0.4221698113207547 0.030833333333333334 0.060141509433962265
0 0.8375 0.29952830188679247 0.06583333333333333 0.10495283018867925
