0 0.497 0.4605 0.0165 0.03
0 0.13483333333333333 0.43725 0.02666666666666667 0.0485
0 0.0555 0.4675 0.0175 0.0285
0 0.0375 0.82425 0.09 0.192
0 0.42816666666666664 0.4395 0.0165 0.03
0 0.102 0.6555 0.07483333333333334 0.1465
0 0.5323333333333333 0.68125 0.12466666666666666 0.2365
0 0.36966666666666664 0.43725 0.0165 0.03
0 0.7416666666666667 0.48 0.031 0.05525
0 0.7178333333333333 0.5875 0.058166666666666665 0.10775
0 0.7458333333333333 0.522 0.031 0.05525
0 0.06333333333333334 0.43825 0.022 0.0385
0 0.40016666666666667 0.45625 0.0165 0.03
0 0.8758333333333334 0.61 0.058166666666666665 0.10775
0 0.6496666666666666 0.60075 0.10616666666666667 0.1885
0 0.7818333333333334 0.49475 0.031 0.05525
0 0.9856666666666667 0.576 0.1845 0.34325
0 0.8055 0.51375 0.031 0.05525
0 0.0435 0.44625 0.022 0.0385
0 0.174 0.50625 0.035833333333333335 0.06875
0 0.10483333333333333 0.475 0.0175 0.0285
0 0.3348333333333333 0.48875 0.0165 0.03
0 0.7048333333333333 0.453 0.031 0.05525
0 0.114 0.52325 0.035833333333333335 0.06875
0 0.8295 0.61425 0.058166666666666665 0.10775
0 0.025 0.9885 0.06333333333333334 0.125
0 0.8576666666666667 0.476 0.031 0.05525
0 0.9226666666666666 0.623 0.1845 0.34325
0 0.6026666666666667 0.50225 0.031 0.05525
0 0.06916666666666667 0.4695 0.0175 0.0285
0 0.5103333333333333 0.43075 0.0165 0.03
0 0.12783333333333333 0.4955 0.0175 0.0285
0 0.6758333333333333 0.48425 0.031 0.05525
0 0.744 0.4575 0.031 0.05525
0 0.08516666666666667 0.4325 0.022 0.0385
0 0.20966666666666667 0.42875 0.0125 0.022
0 0.5323333333333333 0.47725 0.0165 0.03
0 0.074 0.4335 0.022 0.0385
0 0.25183333333333335 0.4325 0.0205 0.03725
0 0.5386666666666666 0.453 0.0165 0.03
0 0.5573333333333333 0.4635 0.0165 0.03
0 0.2816666666666667 0.4345 0.015666666666666666 0.0275
0 0.7296666666666667 0.4525 0.031 0.05525
0 0.15733333333333333 0.65525 0.068 0.13875
0 0.45566666666666666 0.4435 0.0165 0.03
0 0.03716666666666667 0.484 0.0175 0.0285
0 0.4633333333333333 0.4725 0.0165 0.03
0 0.31266666666666665 0.43725 0.016666666666666666 0.0295
0 0.6243333333333333 0.47625 0.031 0.05525
0 0.2798333333333333 0.668 0.08916666666666667 0.24025
0 0.0465 0.511 0.035833333333333335 0.06875
0 0.5651666666666667 0.49775 0.0165 0.03
0 0.8386666666666667 0.53925 0.058166666666666665 0.10775
0 0.17716666666666667 0.40275 0.022 0.0385
0 0.23466666666666666 0.48325 0.0175 0.0285
0 0.072 0.55675 0.035833333333333335 0.06875
0 0.0495 0.44325 0.022 0.0385
0 0.0485 0.68725 0.07483333333333334 0.1465
0 0.045 0.57325 0.035833333333333335 0.06875
0 0.06066666666666667 0.4995 0.035833333333333335 0.06875
0 0.7703333333333333 0.435 0.010833333333333334 0.015
0 0.435 0.615 0.0555 0.13475
0 0.5123333333333333 0.46125 0.0165 0.03
0 0.48233333333333334 0.4755 0.0165 0.03
0 0.025 0.45175 0.0175 0.0285
0 0.11233333333333333 0.4305 0.022 0.0385
0 0.017333333333333333 0.48225 0.02666666666666667 0.0485
0 0.3805 0.46775 0.0165 0.03
0 0.7066666666666667 0.478 0.031 0.05525
0 0.3481666666666667 0.45725 0.0165 0.03
0 0.16633333333333333 0.442 0.020833333333333332 0.03675
0 0.191 0.47525 0.0175 0.0285
