0 0.9857142857142858 0.19921875 0.01904761904761905 0.033203125
0 0.4 0.1484375 0.02857142857142857 0.04296875
0 0.44603174603174606 0.67578125 0.03492063492063492 0.048828125
0 0.32063492063492066 0.0390625 0.03015873015873016 0.037109375
0 0.6698412698412698 0.201171875 0.02857142857142857 0.04296875
0 0.43333333333333335 0.22265625 0.02857142857142857 0.04296875
0 0.42063492063492064 0.0390625 0.03015873015873016 0.037109375
0 0.6682539682539682 0.3671875 0.03492063492063492 0.048828125
0 0.015873015873015872 0.025390625 0.01904761904761905 0.033203125
0 0.5158730158730159 0.3828125 0.03492063492063492 0.048828125
0 0.7206349206349206 0.27734375 0.02857142857142857 0.04296875
0 0.23015873015873015 0.3984375 0.03492063492063492 0.048828125
0 0.06666666666666667 0.53515625 0.03492063492063492 0.048828125
0 0.6714285714285714 0.0 0.025396825396825397 0.029296875
0 0.9111111111111111 0.01953125 0.03015873015873016 0.037109375
0 0.8555555555555555 0.3046875 0.02857142857142857 0.04296875
0 0.29523809523809524 0.2109375 0.02857142857142857 0.04296875
0 0.05396825396825397 0.23046875 0.02857142857142857 0.04296875
0 0.1492063492063492 0.044921875 0.03015873015873016 0.037109375
0 0.7111111111111111 0.34375 0.02857142857142857 0.04296875
0 0.3476190476190476 0.296875 0.02857142857142857 0.04296875
0 0.49523809523809526 0.5390625 0.03492063492063492 0.048828125
0 0.20317460317460317 0.330078125 0.02857142857142857 0.04296875
0 0.7142857142857143 0.197265625 0.02857142857142857 0.04296875
0 0.5333333333333333 0.14453125 0.02857142857142857 0.04296875
0 0.8968253968253969 0.2109375 0.02857142857142857 0.04296875
0 0.7015873015873015 0.55078125 0.03492063492063492 0.048828125
0 0.2698412698412698 0.318359375 0.02857142857142857 0.04296875
0 0.2634920634920635 0.1796875 0.02857142857142857 0.04296875
0 0.015873015873015872 0.43359375 0.03492063492063492 0.048828125
0 0.834920634920635 0.3984375 0.03492063492063492 0.048828125
0 0.8015873015873016 0.08203125 0.03015873015873016 0.037109375
0 0.5238095238095238 0.16796875 0.02857142857142857 0.04296875
0 0.8920634920634921 0.453125 0.03492063492063492 0.048828125
0 0.38095238095238093 0.08203125 0.03015873015873016 0.037109375
0 0.6841269841269841 0.13671875 0.02857142857142857 0.04296875
0 0.9317460317460318 0.66796875 0.03492063492063492 0.048828125
0 0.5619047619047619 0.203125 0.02857142857142857 0.04296875
0 0.08571428571428572 0.2109375 0.02857142857142857 0.04296875
0 0.6714285714285714 0.4453125 0.03492063492063492 0.048828125
0 0.45555555555555555 0.095703125 0.03015873015873016 0.037109375
0 0.18412698412698414 0.197265625 0.02857142857142857 0.04296875
0 0.19682539682539682 0.49609375 0.03492063492063492 0.048828125
0 0.32063492063492066 0.521484375 0.03492063492063492 0.048828125
0 0.29523809523809524 0.408203125 0.03492063492063492 0.048828125
0 0.48253968253968255 0.390625 0.03492063492063492 0.048828125
0 0.20793650793650795 0.05859375 0.03015873015873016 0.037109375
0 0.23492063492063492 0.0390625 0.03015873015873016 0.037109375
0 0.7634920634920634 0.3671875 0.03492063492063492 0.048828125
0 0.7222222222222222 0.5078125 0.03492063492063492 0.048828125
0 0.8269841269841269 0.328125 0.02857142857142857 0.04296875
0 0.807936507936508 0.21875 0.02857142857142857 0.04296875
0 0.06984126984126984 0.400390625 0.03492063492063492 0.048828125
0 0.12063492063492064 0.4921875 0.03492063492063492 0.048828125
0 0.5365079365079365 0.197265625 0.02857142857142857 0.04296875
0 0.6158730158730159 0.169921875 0.02857142857142857 0.04296875
0 0.11428571428571428 0.0078125 0.01904761904761905 0.033203125
0 0.4095238095238095 0.41796875 0.03492063492063492 0.048828125
0 0.6015873015873016 0.546875 0.03492063492063492 0.048828125
0 0.37142857142857144 0.208984375 0.02857142857142857 0.04296875
0 0.9333333333333333 0.3671875 0.03492063492063492 0.048828125
0 0.7063492063492064 0.09765625 0.03015873015873016 0.037109375
0 0.5365079365079365 0.46875 0.03492063492063492 0.048828125
0 0.05873015873015873 0.021484375 0.03015873015873016 0.037109375
0 0.7317460317460317 0.001953125 0.025396825396825397 0.029296875
0 0.43174603174603177 0.3515625 0.02857142857142857 0.04296875
0 0.780952380952381 0.26953125 0.02857142857142857 0.04296875
0 0.780952380952381 0.1875 0.02857142857142857 0.04296875
0 0.2984126984126984 0.09765625 0.03015873015873016 0.037109375
0 0.2111111111111111 0.37109375 0.03492063492063492 0.048828125
