0 0.0008333333333333334 0.4875 0.011666666666666667 0.0325
0 0.05583333333333333 0.021666666666666667 0.035 0.03833333333333333
0 0.7383333333333333 0.015833333333333335 0.035 0.03833333333333333
0 0.3458333333333333 0.22583333333333333 0.035 0.03833333333333333
0 0.3358333333333333 0.1075 0.035 0.03833333333333333
0 0.6033333333333334 0.6641666666666667 0.049166666666666664 0.050833333333333335
0 0.6858333333333333 0.385 0.0375 0.0425
0 0.04833333333333333 0.23583333333333334 0.035 0.03833333333333333
0 0.19416666666666665 0.3675 0.0375 0.0425
0 0.5525 0.04416666666666667 0.035 0.03833333333333333
0 0.7491666666666666 0.5608333333333333 0.0375 0.0425
0 0.8958333333333334 0.13083333333333333 0.035 0.03833333333333333
0 0.33916666666666667 0.255 0.035 0.03833333333333333
0 0.5016666666666667 0.085 0.035 0.03833333333333333
0 0.555 0.22916666666666666 0.035 0.03833333333333333
0 0.5258333333333334 0.38666666666666666 0.0375 0.0425
0 0.9783333333333334 0.7075 0.049166666666666664 0.050833333333333335
0 0.2833333333333333 0.4116666666666667 0.0375 0.0425
0 0.0125 0.0125 0.0275 0.04
0 0.6025 0.36583333333333334 0.0375 0.0425
0 0.665 0.07166666666666667 0.035 0.03833333333333333
0 0.7791666666666667 0.4716666666666667 0.0375 0.0425
0 0.3541666666666667 0.5975 0.0375 0.0425
0 0.6616666666666666 0.6208333333333333 0.0375 0.0425
0 0.7391666666666666 0.1425 0.035 0.03833333333333333
0 0.9191666666666667 0.42333333333333334 0.0375 0.0425
0 0.18333333333333332 0.115 0.035 0.03833333333333333
0 0.4666666666666667 0.76 0.049166666666666664 0.050833333333333335
0 0.1975 0.6358333333333334 0.0375 0.0425
0 0.99 0.17083333333333334 0.035 0.03833333333333333
0 0.11083333333333334 0.0 0.023333333333333334 0.0175
0 0.5366666666666666 0.01 0.035 0.03833333333333333
0 0.0008333333333333334 0.17583333333333334 0.0175 0.043333333333333335
0 0.6891666666666667 0.7366666666666667 0.049166666666666664 0.050833333333333335
0 0.32 0.09916666666666667 0.035 0.03833333333333333
0 0.26 0.36666666666666664 0.0375 0.0425
0 0.6475 0.44916666666666666 0.0375 0.0425
0 0.9516666666666667 0.22833333333333333 0.035 0.03833333333333333
0 0.3466666666666667 0.025833333333333333 0.035 0.03833333333333333
0 0.08916666666666667 0.18833333333333332 0.035 0.03833333333333333
0 0.9241666666666667 0.5908333333333333 0.0375 0.0425
0 0.8525 0.0475 0.035 0.03833333333333333
0 0.14833333333333334 0.3725 0.0375 0.0425
0 0.8291666666666667 0.5425 0.0375 0.0425
0 0.565 0.535 0.0375 0.0425
0 0.65 0.5291666666666667 0.0375 0.0425
0 0.49 0.39166666666666666 0.0375 0.0425
0 0.47333333333333333 0.005833333333333334 0.035 0.03833333333333333
0 0.9816666666666667 0.0875 0.035 0.03833333333333333
0 0.13833333333333334 0.34833333333333333 0.035 0.03833333333333333
0 0.22416666666666665 0.5283333333333333 0.0375 0.0425
0 0.7458333333333333 0.2625 0.035 0.03833333333333333
0 0.4866666666666667 0.3016666666666667 0.035 0.03833333333333333
0 0.3333333333333333 0.3983333333333333 0.0375 0.0425
0 0.8508333333333333 0.21166666666666667 0.035 0.03833333333333333
0 0.9416666666666667 0.8758333333333334 0.049166666666666664 0.050833333333333335
0 0.5733333333333334 0.2991666666666667 0.035 0.03833333333333333
0 0.9216666666666666 0.36916666666666664 0.0375 0.0425
0 0.425 0.09583333333333334 0.035 0.03833333333333333
0 0.3375 0.45666666666666667 0.0375 0.0425
0 0.20666666666666667 0.043333333333333335 0.035 0.03833333333333333
0 0.37666666666666665 0.32916666666666666 0.035 0.03833333333333333
0 0.15083333333333335 0.008333333333333333 0.035 0.03833333333333333
0 0.0825 0.49833333333333335 0.0375 0.0425
0 0.8441666666666666 0.5016666666666667 0.0375 0.0425
0 0.7208333333333333 0.4683333333333333 0.0375 0.0425
0 0.24166666666666667 0.10333333333333333 0.035 0.03833333333333333
0 0.8 0.3233333333333333 0.035 0.03833333333333333
0 0.5941666666666666 0.57 0.0375 0.0425
0 0.03166666666666667 0.14083333333333334 0.0275 0.04
0 0.8125 0.30333333333333334 0.035 0.03833333333333333
0 0.6441666666666667 0.23083333333333333 0.035 0.03833333333333333
0 0.09416666666666666 0.4558333333333333 0.0375 0.0425
0 0.7541666666666667 0.4116666666666667 0.0375 0.0425
0 0.42583333333333334 0.605 0.0375 0.0425
0 0.8325 0.1175 0.035 0.03833333333333333
0 0.19 0.22916666666666666 0.035 0.03833333333333333
0 0.29583333333333334 0.15166666666666667 0.035 0.03833333333333333
0 0.9075 0.7191666666666666 0.049166666666666664 0.050833333333333335
0 0.81 0.455 0.0375 0.0425
0 0.045 0.085 0.0275 0.04
0 0.9125 0.48583333333333334 0.0375 0.0425
0 0.26666666666666666 0.05333333333333334 0.035 0.03833333333333333
0 0.009166666666666667 0.4708333333333333 0.043333333333333335 0.0525
0 0.125 0.605 0.0375 0.0425
0 0.7283333333333334 0.21666666666666667 0.035 0.03833333333333333
0 0.46166666666666667 0.10333333333333333 0.035 0.03833333333333333
0 0.2658333333333333 0.48583333333333334 0.0375 0.0425
0 0.11666666666666667 0.10416666666666667 0.035 0.03833333333333333
0 0.985 0.2875 0.035 0.03833333333333333
0 0.07 0.605 0.0375 0.0425
0 0.86 0.6116666666666667 0.0375 0.0425
0 0.9958333333333333 0.5033333333333333 0.0375 0.0425
0 0.44583333333333336 0.3725 0.0375 0.0425
0 0.8083333333333333 0.6241666666666666 0.0375 0.0425
0 0.465 0.21 0.035 0.03833333333333333
