0 0.3655555555555556 0.7081339712918661 0.0044444444444444444 0.004784688995215311
0 0.16333333333333333 0.7368421052631579 0.034444444444444444 0.046251993620414676
0 0.5077777777777778 0.8484848484848485 0.04555555555555556 0.11323763955342903
0 0.6333333333333333 0.7113237639553429 0.0044444444444444444 0.004784688995215311
0 0.05444444444444444 0.7240829346092504 0.0044444444444444444 0.004784688995215311
0 0.8677777777777778 0.7304625199362041 0.034444444444444444 0.0430622009569378
0 0.7655555555555555 0.7161084529505582 0.0044444444444444444 0.004784688995215311
0 0.3277777777777778 0.7304625199362041 0.034444444444444444 0.046251993620414676
0 0.48777777777777775 0.784688995215311 0.04555555555555556 0.11323763955342903
0 0.9211111111111111 0.7767145135566188 0.05444444444444444 0.07974481658692185
0 0.27111111111111114 0.7208931419457735 0.0044444444444444444 0.004784688995215311
0 0.9744444444444444 0.74481658692185 0.034444444444444444 0.0430622009569378
0 0.89 0.7527910685805422 0.034444444444444444 0.0430622009569378
0 0.8566666666666667 0.7783094098883573 0.05444444444444444 0.07974481658692185
0 0.35444444444444445 0.7687400318979266 0.04555555555555556 0.11323763955342903
0 0.9488888888888889 0.6682615629984051 0.0044444444444444444 0.009569377990430622
0 0.3988888888888889 0.7767145135566188 0.04555555555555556 0.11323763955342903
0 0.21222222222222223 0.722488038277512 0.0044444444444444444 0.004784688995215311
0 0.7622222222222222 0.9665071770334929 0.08888888888888889 0.12280701754385964
0 0.6455555555555555 0.5901116427432217 0.0044444444444444444 0.004784688995215311
0 0.79 0.6044657097288676 0.0044444444444444444 0.004784688995215311
0 0.7344444444444445 0.7177033492822966 0.0044444444444444444 0.004784688995215311
0 0.9322222222222222 0.7990430622009569 0.05444444444444444 0.07974481658692185
0 0.7022222222222222 0.7081339712918661 0.0044444444444444444 0.004784688995215311
0 0.39222222222222225 0.7575757575757576 0.04555555555555556 0.11323763955342903
0 0.6011111111111112 0.8692185007974481 0.09888888888888889 0.16108452950558214
0 0.35555555555555557 0.9138755980861244 0.08888888888888889 0.12280701754385964
0 0.47555555555555556 0.722488038277512 0.0044444444444444444 0.004784688995215311
0 0.9744444444444444 0.7192982456140351 0.034444444444444444 0.0430622009569378
0 0.7566666666666667 0.7240829346092504 0.0044444444444444444 0.004784688995215311
0 0.95 0.7400318979266348 0.034444444444444444 0.0430622009569378
0 0.7277777777777777 0.7830940988835726 0.04555555555555556 0.11323763955342903
0 0.0033333333333333335 0.7129186602870813 0.0044444444444444444 0.004784688995215311
0 0.01888888888888889 0.7097288676236044 0.0044444444444444444 0.004784688995215311
0 0.14555555555555555 0.7655502392344498 0.04555555555555556 0.11323763955342903
0 0.15 0.7113237639553429 0.0044444444444444444 0.004784688995215311
0 0.3988888888888889 0.7384370015948963 0.034444444444444444 0.046251993620414676
0 0.5466666666666666 0.7208931419457735 0.0044444444444444444 0.004784688995215311
0 0.19666666666666666 0.7240829346092504 0.0044444444444444444 0.004784688995215311
0 0.23444444444444446 0.7384370015948963 0.034444444444444444 0.046251993620414676
0 0.7744444444444445 0.7671451355661882 0.04555555555555556 0.11323763955342903
0 0.5655555555555556 0.7256778309409888 0.0044444444444444444 0.004784688995215311
0 0.9566666666666667 0.7830940988835726 0.05444444444444444 0.07974481658692185
0 0.95 0.7240829346092504 0.034444444444444444 0.0430622009569378
0 0.68 0.7192982456140351 0.0044444444444444444 0.004784688995215311
0 0.43666666666666665 0.7814992025518341 0.04555555555555556 0.11323763955342903
0 0.44333333333333336 0.7320574162679426 0.034444444444444444 0.046251993620414676
0 0.6411111111111111 0.7527910685805422 0.04555555555555556 0.11323763955342903
0 0.6444444444444445 0.722488038277512 0.0044444444444444444 0.004784688995215311
0 0.4411111111111111 0.7639553429027113 0.04555555555555556 0.11323763955342903
0 0.6211111111111111 0.7416267942583732 0.034444444444444444 0.046251993620414676
0 0.6866666666666666 0.5901116427432217 0.0044444444444444444 0.004784688995215311
0 0.08333333333333333 0.784688995215311 0.04555555555555556 0.11323763955342903
0 0.9077777777777778 0.7862838915470495 0.05444444444444444 0.07974481658692185
0 0.9166666666666666 0.759170653907496 0.05444444444444444 0.07974481658692185
0 0.9177777777777778 0.7272727272727273 0.034444444444444444 0.0430622009569378
0 0.5411111111111111 0.7352472089314195 0.034444444444444444 0.046251993620414676
0 0.5188888888888888 0.7208931419457735 0.0044444444444444444 0.004784688995215311
0 0.5522222222222222 0.5645933014354066 0.0044444444444444444 0.004784688995215311
0 0.34555555555555556 0.7432216905901117 0.034444444444444444 0.046251993620414676
0 0.19444444444444445 0.784688995215311 0.04555555555555556 0.11323763955342903
0 0.36777777777777776 0.748006379585327 0.034444444444444444 0.046251993620414676
0 0.3844444444444444 0.7177033492822966 0.0044444444444444444 0.004784688995215311
0 0.8922222222222222 0.7352472089314195 0.034444444444444444 0.0430622009569378
0 0.71 0.7208931419457735 0.0044444444444444444 0.004784688995215311
0 0.7044444444444444 0.9362041467304625 0.08888888888888889 0.12280701754385964
0 0.11444444444444445 0.7496012759170654 0.034444444444444444 0.046251993620414676
0 0.5122222222222222 0.7543859649122807 0.04555555555555556 0.11323763955342903
0 0.7477777777777778 0.7926634768740032 0.04555555555555556 0.11323763955342903
0 0.1111111111111111 0.7751196172248804 0.04555555555555556 0.11323763955342903
0 0.5511111111111111 0.7926634768740032 0.04555555555555556 0.11323763955342903
0 0.9611111111111111 0.9776714513556619 0.08888888888888889 0.12280701754385964
0 0.5088888888888888 0.7129186602870813 0.0044444444444444444 0.004784688995215311
0 0.43666666666666665 0.7511961722488039 0.034444444444444444 0.046251993620414676
0 0.9744444444444444 0.8516746411483254 0.05444444444444444 0.07974481658692185
0 0.71 0.7368421052631579 0.034444444444444444 0.046251993620414676
0 0.11888888888888889 0.8452950558213717 0.12111111111111111 0.20574162679425836
0 0.29444444444444445 0.7161084529505582 0.0044444444444444444 0.004784688995215311
0 0.18555555555555556 0.7113237639553429 0.0044444444444444444 0.004784688995215311
0 0.6055555555555555 0.7288676236044657 0.034444444444444444 0.046251993620414676
