0 0.8241935483870968 0.28361858190709044 0.020967741935483872 0.044009779951100246
0 0.04838709677419355 0.2078239608801956 0.020967741935483872 0.044009779951100246
0 0.7274193548387097 0.9559902200488998 0.020967741935483872 0.044009779951100246
0 0.6887096774193548 0.7286063569682152 0.020967741935483872 0.044009779951100246
0 0.14193548387096774 0.5770171149144254 0.020967741935483872 0.044009779951100246
0 0.49032258064516127 0.9290953545232273 0.020967741935483872 0.044009779951100246
0 0.1 0.9535452322738386 0.020967741935483872 0.044009779951100246
0 0.8209677419354838 0.7750611246943765 0.020967741935483872 0.044009779951100246
0 0.3596774193548387 0.4449877750611247 0.020967741935483872 0.044009779951100246
0 0.7709677419354839 0.7457212713936431 0.020967741935483872 0.044009779951100246
0 0.016129032258064516 0.6234718826405868 0.012903225806451613 0.03178484107579462
0 0.25806451612903225 0.9290953545232273 0.020967741935483872 0.044009779951100246
0 0.29193548387096774 0.8190709046454768 0.020967741935483872 0.044009779951100246
0 0.8758064516129033 0.7286063569682152 0.020967741935483872 0.044009779951100246
0 0.682258064516129 0.5647921760391198 0.020967741935483872 0.044009779951100246
0 0.07096774193548387 0.2787286063569682 0.020967741935483872 0.044009779951100246
0 0.10806451612903226 0.6479217603911981 0.020967741935483872 0.044009779951100246
0 0.45483870967741935 0.7701711491442543 0.020967741935483872 0.044009779951100246
0 0.5258064516129032 0.5794621026894865 0.020967741935483872 0.044009779951100246
0 0.8467741935483871 0.29095354523227385 0.020967741935483872 0.044009779951100246
0 0.46774193548387094 0.25183374083129584 0.020967741935483872 0.044009779951100246
0 0.6612903225806451 0.60880195599022 0.020967741935483872 0.044009779951100246
0 0.21129032258064517 0.8484107579462102 0.020967741935483872 0.044009779951100246
0 0.31451612903225806 0.9364303178484108 0.020967741935483872 0.044009779951100246
0 0.7112903225806452 0.44254278728606355 0.020967741935483872 0.044009779951100246
0 0.25967741935483873 0.5012224938875306 0.020967741935483872 0.044009779951100246
0 0.19193548387096773 0.5476772616136919 0.020967741935483872 0.044009779951100246
0 0.1774193548387097 0.2616136919315403 0.020967741935483872 0.044009779951100246
0 0.535483870967742 0.43276283618581907 0.020967741935483872 0.044009779951100246
0 0.9467741935483871 0.5378973105134475 0.020967741935483872 0.044009779951100246
0 0.8129032258064516 0.1466992665036675 0.020967741935483872 0.044009779951100246
0 0.482258064516129 0.7163814180929096 0.020967741935483872 0.044009779951100246
0 0.4080645161290323 0.9144254278728606 0.020967741935483872 0.044009779951100246
0 0.6419354838709678 0.4449877750611247 0.020967741935483872 0.044009779951100246
0 0.07580645161290323 0.5990220048899756 0.020967741935483872 0.044009779951100246
0 0.21774193548387097 0.48655256723716384 0.020967741935483872 0.044009779951100246
0 0.7096774193548387 0.7457212713936431 0.020967741935483872 0.044009779951100246
0 0.7274193548387097 0.7872860635696821 0.020967741935483872 0.044009779951100246
0 0.6564516129032258 0.9462102689486552 0.020967741935483872 0.044009779951100246
0 0.9596774193548387 0.7946210268948656 0.020967741935483872 0.044009779951100246
0 0.6435483870967742 0.8899755501222494 0.020967741935483872 0.044009779951100246
0 0.29354838709677417 0.6479217603911981 0.020967741935483872 0.044009779951100246
0 0.4403225806451613 0.29584352078239606 0.020967741935483872 0.044009779951100246
0 0.7758064516129032 0.5916870415647921 0.020967741935483872 0.044009779951100246
0 0.7048387096774194 0.5696821515892421 0.020967741935483872 0.044009779951100246
0 0.917741935483871 0.9657701711491442 0.020967741935483872 0.044009779951100246
0 0.7758064516129032 0.2787286063569682 0.020967741935483872 0.044009779951100246
0 0.635483870967742 0.5378973105134475 0.020967741935483872 0.044009779951100246
0 0.6854838709677419 0.24449877750611246 0.020967741935483872 0.044009779951100246
0 0.22258064516129034 0.9633251833740831 0.020967741935483872 0.044009779951100246
0 0.29516129032258065 0.5281173594132029 0.020967741935483872 0.044009779951100246
0 0.42258064516129035 0.687041564792176 0.020967741935483872 0.044009779951100246
0 0.9274193548387096 0.9168704156479217 0.020967741935483872 0.044009779951100246
0 0.7870967741935484 0.4621026894865526 0.020967741935483872 0.044009779951100246
0 0.7774193548387097 0.8459657701711492 0.020967741935483872 0.044009779951100246
0 0.4661290322580645 0.49144254278728605 0.020967741935483872 0.044009779951100246
0 0.8564516129032258 0.48166259168704156 0.020967741935483872 0.044009779951100246
0 0.932258064516129 0.2787286063569682 0.020967741935483872 0.044009779951100246
0 0.8741935483870967 0.8141809290953546 0.020967741935483872 0.044009779951100246
0 0.3225806451612903 0.43031784841075793 0.020967741935483872 0.044009779951100246
0 0.15645161290322582 0.6332518337408313 0.020967741935483872 0.044009779951100246
0 0.3225806451612903 0.254278728606357 0.020967741935483872 0.044009779951100246
0 0.1435483870967742 0.46454767726161367 0.020967741935483872 0.044009779951100246
0 0.5419354838709678 0.4547677261613692 0.020967741935483872 0.044009779951100246
0 0.13709677419354838 0.42053789731051344 0.020967741935483872 0.044009779951100246
0 0.2032258064516129 0.2591687041564792 0.020967741935483872 0.044009779951100246
0 0.5129032258064516 0.9902200488997555 0.020967741935483872 0.044009779951100246
0 0.9290322580645162 0.49877750611246946 0.020967741935483872 0.044009779951100246
0 0.8887096774193548 0.5427872860635696 0.020967741935483872 0.044009779951100246
0 0.3741935483870968 0.9046454767726161 0.020967741935483872 0.044009779951100246
0 0.38225806451612904 0.18337408312958436 0.020967741935483872 0.044009779951100246
0 0.27580645161290324 0.43031784841075793 0.020967741935483872 0.044009779951100246
0 0.6629032258064517 0.7555012224938875 0.020967741935483872 0.044009779951100246
0 0.9209677419354839 0.7677261613691931 0.020967741935483872 0.044009779951100246
0 0.9870967741935484 0.511002444987775 0.014516129032258065 0.03667481662591687
0 0.6532258064516129 0.2713936430317848 0.020967741935483872 0.044009779951100246
0 0.6370967741935484 0.7237163814180929 0.020967741935483872 0.044009779951100246
0 0.11612903225806452 0.589242053789731 0.020967741935483872 0.044009779951100246
0 0.7322580645161291 0.5036674816625917 0.020967741935483872 0.044009779951100246
0 0.16612903225806452 0.921760391198044 0.020967741935483872 0.044009779951100246
0 0.3596774193548387 0.8459657701711492 0.020967741935483872 0.044009779951100246
0 0.49516129032258066 0.4718826405867971 0.020967741935483872 0.044009779951100246
0 0.8580645161290322 0.2616136919315403 0.020967741935483872 0.044009779951100246
0 0.35161290322580646 0.5183374083129584 0.020967741935483872 0.044009779951100246
0 0.03870967741935484 0.4963325183374083 0.017741935483870968 0.03667481662591687
0 0.6725806451612903 0.8117359413202934 0.020967741935483872 0.044009779951100246
0 0.6661290322580645 0.23227383863080683 0.020967741935483872 0.044009779951100246
0 0.24516129032258063 0.4352078239608802 0.020967741935483872 0.044009779951100246
0 0.7677419354838709 0.5281173594132029 0.020967741935483872 0.044009779951100246
0 0.44193548387096776 0.4474327628361858 0.020967741935483872 0.044009779951100246
0 0.9709677419354839 0.2567237163814181 0.020967741935483872 0.044009779951100246
0 0.2032258064516129 0.4352078239608802 0.020967741935483872 0.044009779951100246
0 0.9564516129032258 0.3105134474327628 0.020967741935483872 0.044009779951100246
0 0.7209677419354839 0.2665036674816626 0.020967741935483872 0.044009779951100246
0 0.964516129032258 0.6943765281173594 0.020967741935483872 0.044009779951100246
0 0.4790322580645161 0.5354523227383863 0.020967741935483872 0.044009779951100246
0 0.2661290322580645 0.882640586797066 0.020967741935483872 0.044009779951100246
0 0.817741935483871 0.5990220048899756 0.020967741935483872 0.044009779951100246
0 0.06774193548387097 0.9462102689486552 0.020967741935483872 0.044009779951100246
0 0.06935483870967742 0.6797066014669927 0.020967741935483872 0.044009779951100246
0 0.8370967741935483 0.7163814180929096 0.020967741935483872 0.044009779951100246
0 0.07419354838709677 0.4449877750611247 0.020967741935483872 0.044009779951100246
0 0.03064516129032258 0.4254278728606357 0.017741935483870968 0.03667481662591687
0 0.7112903225806452 0.3154034229828851 0.020967741935483872 0.044009779951100246
0 0.12580645161290321 0.49877750611246946 0.020967741935483872 0.044009779951100246
0 0.09032258064516129 0.4083129584352078 0.020967741935483872 0.044009779951100246
0 0.267741935483871 0.7090464547677262 0.020967741935483872 0.044009779951100246
0 0.33064516129032256 0.4938875305623472 0.020967741935483872 0.044009779951100246
0 0.5564516129032258 0.27383863080684595 0.020967741935483872 0.044009779951100246
0 0.5532258064516129 0.9559902200488998 0.020967741935483872 0.044009779951100246
0 0.9451612903225807 0.628361858190709 0.020967741935483872 0.044009779951100246
0 0.44193548387096776 0.511002444987775 0.020967741935483872 0.044009779951100246
0 0.21774193548387097 0.6503667481662592 0.020967741935483872 0.044009779951100246
0 0.9919354838709677 0.3056234718826406 0.014516129032258065 0.03667481662591687
0 0.5338709677419354 0.6772616136919315 0.020967741935483872 0.044009779951100246
0 0.7935483870967742 0.6063569682151589 0.020967741935483872 0.044009779951100246
0 0.9048387096774193 0.2860635696821516 0.020967741935483872 0.044009779951100246
0 0.8467741935483871 0.7799511002444988 0.020967741935483872 0.044009779951100246
0 0.8032258064516129 0.4767726161369193 0.020967741935483872 0.044009779951100246
0 0.21935483870967742 0.7921760391198044 0.020967741935483872 0.044009779951100246
0 0.6532258064516129 0.5647921760391198 0.020967741935483872 0.044009779951100246
0 0.5112903225806451 0.25183374083129584 0.020967741935483872 0.044009779951100246
0 0.5467741935483871 0.5745721271393643 0.020967741935483872 0.044009779951100246
0 0.2693548387096774 0.9853300733496333 0.020967741935483872 0.044009779951100246
0 0.20967741935483872 0.2396088019559902 0.020967741935483872 0.044009779951100246
0 0.5096774193548387 0.5476772616136919 0.020967741935483872 0.044009779951100246
0 0.3903225806451613 0.2982885085574572 0.020967741935483872 0.044009779951100246
0 0.7612903225806451 0.9731051344743277 0.020967741935483872 0.044009779951100246
0 0.5983870967741935 0.9706601466992665 0.020967741935483872 0.044009779951100246
0 0.21129032258064517 0.7188264058679706 0.020967741935483872 0.044009779951100246
0 0.8 0.9486552567237164 0.020967741935483872 0.044009779951100246
0 0.025806451612903226 0.27383863080684595 0.014516129032258065 0.03667481662591687
0 0.004838709677419355 0.7506112469437652 0.012903225806451613 0.03178484107579462
