0 0.14875 0.26419213973799127 0.01875 0.043668122270742356
0 0.65875 0.15065502183406113 0.0125 0.024017467248908297
0 0.035 0.15065502183406113 0.01375 0.028384279475982533
0 0.0525 0.37336244541484714 0.01875 0.043668122270742356
0 0.0275 0.10043668122270742 0.01375 0.028384279475982533
0 0.19 0.6790393013100436 0.035 0.07205240174672489
0 0.1425 0.07860262008733625 0.0125 0.024017467248908297
0 0.28125 0.26200873362445415 0.01875 0.043668122270742356
0 0.1325 0.026200873362445413 0.0125 0.024017467248908297
0 0.105 0.185589519650655 0.01875 0.043668122270742356
0 0.485 0.15938864628820962 0.01875 0.043668122270742356
0 0.6225 0.17248908296943233 0.01875 0.043668122270742356
0 0.85625 0.5109170305676856 0.0225 0.043668122270742356
0 0.09 0.2052401746724891 0.01875 0.043668122270742356
0 0.35625 0.31877729257641924 0.01875 0.043668122270742356
0 0.32 0.29475982532751094 0.01875 0.043668122270742356
0 0.7925 0.45414847161572053 0.0275 0.05240174672489083
0 0.07375 0.15065502183406113 0.0125 0.024017467248908297
0 0.0575 0.3471615720524017 0.01875 0.043668122270742356
0 0.94625 0.49563318777292575 0.0225 0.043668122270742356
0 0.3175 0.12008733624454149 0.0125 0.024017467248908297
0 0.055 0.09606986899563319 0.0125 0.024017467248908297
0 0.725 0.20087336244541484 0.01875 0.043668122270742356
0 0.17125 0.5917030567685589 0.0225 0.043668122270742356
0 0.63375 0.4192139737991266 0.0275 0.05240174672489083
0 0.87625 0.017467248908296942 0.0125 0.024017467248908297
0 0.76875 0.2685589519650655 0.01875 0.043668122270742356
0 0.3275 0.12008733624454149 0.0125 0.024017467248908297
0 0.42375 0.34934497816593885 0.01875 0.043668122270742356
0 0.0225 0.16375545851528384 0.01875 0.043668122270742356
0 0.15125 0.05240174672489083 0.0125 0.024017467248908297
0 0.87875 0.034934497816593885 0.0125 0.024017467248908297
0 0.5875 0.09606986899563319 0.0125 0.024017467248908297
0 0.51375 0.3034934497816594 0.01875 0.043668122270742356
0 0.6675 0.14847161572052403 0.0125 0.024017467248908297
0 0.4 0.08951965065502183 0.0125 0.024017467248908297
0 0.75 0.11135371179039301 0.0125 0.024017467248908297
0 0.235 0.3471615720524017 0.01875 0.043668122270742356
0 0.22375 0.29694323144104806 0.01875 0.043668122270742356
0 0.36875 0.4104803493449782 0.0275 0.05240174672489083
0 0.49875 0.15502183406113537 0.01875 0.043668122270742356
0 0.34 0.648471615720524 0.035 0.07205240174672489
0 0.065 0.0851528384279476 0.0125 0.024017467248908297
0 0.0475 0.0611353711790393 0.0125 0.024017467248908297
0 0.01875 0.611353711790393 0.02625 0.05021834061135371
0 0.57625 0.4497816593886463 0.0275 0.05240174672489083
0 0.67125 0.12008733624454149 0.0125 0.024017467248908297
0 0.305 0.08951965065502183 0.0125 0.024017467248908297
0 0.7025 0.517467248908297 0.0225 0.043668122270742356
0 0.18875 0.44759825327510916 0.0275 0.05240174672489083
0 0.19875 0.29912663755458513 0.01875 0.043668122270742356
0 0.06875 0.09606986899563319 0.0125 0.024017467248908297
0 0.1275 0.38427947598253276 0.01875 0.043668122270742356
0 0.76875 0.34497816593886466 0.01875 0.043668122270742356
0 0.55125 0.2663755458515284 0.01875 0.043668122270742356
0 0.9275 0.1091703056768559 0.01375 0.028384279475982533
0 0.61 0.34497816593886466 0.01875 0.043668122270742356
0 0.98875 0.24672489082969432 0.01875 0.043668122270742356
0 0.57625 0.11572052401746726 0.0125 0.024017467248908297
0 0.5925 0.26419213973799127 0.01875 0.043668122270742356
0 0.42875 0.43013100436681223 0.0275 0.05240174672489083
0 0.255 0.20305676855895197 0.01875 0.043668122270742356
0 0.38625 0.002183406113537118 0.0125 0.024017467248908297
0 0.1075 0.3231441048034934 0.01875 0.043668122270742356
0 0.7275 0.36026200873362446 0.01875 0.043668122270742356
0 0.9475 0.12663755458515283 0.015 0.03275109170305677
0 0.33 0.0982532751091703 0.0125 0.024017467248908297
0 0.5375 0.11572052401746726 0.0125 0.024017467248908297
0 0.67 0.10698689956331878 0.0125 0.024017467248908297
0 0.1625 0.06986899563318777 0.0125 0.024017467248908297
0 0.67375 0.44541484716157204 0.0275 0.05240174672489083
0 0.1625 0.08951965065502183 0.0125 0.024017467248908297
0 0.5325 0.6069868995633187 0.035 0.07205240174672489
0 0.44875 0.42358078602620086 0.0275 0.05240174672489083
0 0.92875 0.185589519650655 0.01875 0.043668122270742356
0 0.55125 0.10698689956331878 0.0125 0.024017467248908297
0 0.57125 0.15502183406113537 0.01875 0.043668122270742356
0 0.63375 0.1703056768558952 0.01875 0.043668122270742356
0 0.75125 0.34497816593886466 0.01875 0.043668122270742356
0 0.5525 0.4650655021834061 0.0275 0.05240174672489083
0 0.69875 0.29475982532751094 0.01875 0.043668122270742356
0 0.715 0.20087336244541484 0.01875 0.043668122270742356
0 0.4075 0.13100436681222707 0.0125 0.024017467248908297
0 0.2575 0.38209606986899564 0.01875 0.043668122270742356
0 0.24375 0.14847161572052403 0.0125 0.024017467248908297
0 0.17625 0.3165938864628821 0.01875 0.043668122270742356
0 0.32125 0.15938864628820962 0.01875 0.043668122270742356
0 0.5275 0.09388646288209607 0.0125 0.024017467248908297
0 0.28375 0.185589519650655 0.01875 0.043668122270742356
0 0.2325 0.314410480349345 0.01875 0.043668122270742356
0 0.68625 0.039301310043668124 0.0125 0.024017467248908297
0 0.77625 0.4170305676855895 0.0275 0.05240174672489083
0 0.50875 0.028384279475982533 0.0125 0.024017467248908297
0 0.56375 0.33406113537117904 0.01875 0.043668122270742356
0 0.0275 0.3951965065502183 0.0275 0.05240174672489083
0 0.66125 0.10698689956331878 0.0125 0.024017467248908297
0 0.89125 0.14192139737991266 0.0125 0.024017467248908297
0 0.25875 0.4388646288209607 0.0275 0.05240174672489083
0 0.26875 0.21179039301310043 0.01875 0.043668122270742356
0 0.66 0.06986899563318777 0.0125 0.024017467248908297
0 0.28375 0.4410480349344978 0.0275 0.05240174672489083
0 0.93875 0.2096069868995633 0.01875 0.043668122270742356
0 0.8475 0.11135371179039301 0.0125 0.024017467248908297
0 0.40625 0.388646288209607 0.01875 0.043668122270742356
0 0.79875 0.0851528384279476 0.0125 0.024017467248908297
0 0.28 0.3864628820960699 0.01875 0.043668122270742356
0 0.56375 0.26200873362445415 0.01875 0.043668122270742356
0 0.08125 0.2292576419213974 0.01875 0.043668122270742356
0 0.06 0.11572052401746726 0.0125 0.024017467248908297
0 0.0475 0.425764192139738 0.0275 0.05240174672489083
0 0.185 0.26419213973799127 0.01875 0.043668122270742356
0 0.53625 0.3471615720524017 0.01875 0.043668122270742356
0 0.72625 0.03275109170305677 0.0125 0.024017467248908297
0 0.545 0.31004366812227074 0.01875 0.043668122270742356
0 0.095 0.12008733624454149 0.0125 0.024017467248908297
0 0.7375 0.2205240174672489 0.01875 0.043668122270742356
0 0.52875 0.37117903930131 0.01875 0.043668122270742356
0 0.33125 0.21397379912663755 0.01875 0.043668122270742356
0 0.18875 0.010917030567685589 0.0125 0.024017467248908297
0 0.24875 0.17685589519650655 0.01875 0.043668122270742356
0 0.865 0.043668122270742356 0.0125 0.024017467248908297
0 0.45875 0.24890829694323144 0.01875 0.043668122270742356
0 0.255 0.1091703056768559 0.0125 0.024017467248908297
0 0.38625 0.019650655021834062 0.0125 0.024017467248908297
0 0.79125 0.06331877729257641 0.0125 0.024017467248908297
0 0.715 0.15283842794759825 0.0125 0.024017467248908297
0 0.1075 0.08296943231441048 0.0125 0.024017467248908297
0 0.02375 0.12882096069868995 0.01375 0.028384279475982533
0 0.2925 0.5152838427947598 0.0225 0.043668122270742356
0 0.735 0.30131004366812225 0.01875 0.043668122270742356
0 0.78875 0.002183406113537118 0.0125 0.024017467248908297
0 0.875 0.11135371179039301 0.0125 0.024017467248908297
0 0.195 0.6091703056768559 0.035 0.07205240174672489
0 0.16875 0.15065502183406113 0.0125 0.024017467248908297
0 0.8875 0.08078602620087336 0.0125 0.024017467248908297
0 0.36625 0.3296943231441048 0.01875 0.043668122270742356
0 0.60875 0.08733624454148471 0.0125 0.024017467248908297
0 0.095 0.06331877729257641 0.0125 0.024017467248908297
0 0.6175 0.008733624454148471 0.0125 0.024017467248908297
0 0.04 0.11572052401746726 0.01375 0.028384279475982533
0 0.02 0.2074235807860262 0.01875 0.043668122270742356
0 0.2425 0.05021834061135371 0.0125 0.024017467248908297
0 0.245 0.611353711790393 0.035 0.07205240174672489
0 0.42125 0.15065502183406113 0.0125 0.024017467248908297
0 0.29125 0.2292576419213974 0.01875 0.043668122270742356
0 0.34125 0.010917030567685589 0.0125 0.024017467248908297
0 0.51 0.1091703056768559 0.0125 0.024017467248908297
0 0.35875 0.12008733624454149 0.0125 0.024017467248908297
0 0.22 0.4279475982532751 0.0275 0.05240174672489083
0 0.62375 0.27292576419213976 0.01875 0.043668122270742356
0 0.7475 0.08296943231441048 0.0125 0.024017467248908297
0 0.78 0.26200873362445415 0.01875 0.043668122270742356
0 0.27875 0.48034934497816595 0.0275 0.05240174672489083
0 0.10875 0.3951965065502183 0.0275 0.05240174672489083
0 0.14 0.2794759825327511 0.01875 0.043668122270742356
0 0.8975 0.5393013100436681 0.0225 0.043668122270742356
0 0.15875 0.3777292576419214 0.01875 0.043668122270742356
0 0.37625 0.14847161572052403 0.0125 0.024017467248908297
0 0.4225 0.1331877729257642 0.0125 0.024017467248908297
0 0.79375 0.16375545851528384 0.01875 0.043668122270742356
0 0.54375 0.40611353711790393 0.0275 0.05240174672489083
0 0.23875 0.3930131004366812 0.01875 0.043668122270742356
0 0.55375 0.1943231441048035 0.01875 0.043668122270742356
0 0.48375 0.1331877729257642 0.0125 0.024017467248908297
0 0.08375 0.31004366812227074 0.01875 0.043668122270742356
0 0.2725 0.3384279475982533 0.01875 0.043668122270742356
0 0.62125 0.12882096069868995 0.0125 0.024017467248908297
0 0.35875 0.21397379912663755 0.01875 0.043668122270742356
0 0.3425 0.12882096069868995 0.0125 0.024017467248908297
0 0.3025 0.048034934497816595 0.0125 0.024017467248908297
0 0.9625 0.5283842794759825 0.0275 0.05240174672489083
0 0.02625 0.06768558951965066 0.0125 0.024017467248908297
0 0.7475 0.04585152838427948 0.0125 0.024017467248908297
0 0.80125 0.29475982532751094 0.01875 0.043668122270742356
0 0.46 0.019650655021834062 0.0125 0.024017467248908297
0 0.65125 0.07860262008733625 0.0125 0.024017467248908297
0 0.535 0.15938864628820962 0.01875 0.043668122270742356
0 0.9075 0.1462882096069869 0.01625 0.03711790393013101
0 0.6375 0.08296943231441048 0.0125 0.024017467248908297
0 0.48125 0.29475982532751094 0.01875 0.043668122270742356
0 0.46625 0.4650655021834061 0.0275 0.05240174672489083
0 0.97125 0.14192139737991266 0.01625 0.03711790393013101
0 0.32375 0.5240174672489083 0.0225 0.043668122270742356
0 0.16625 0.05458515283842795 0.0125 0.024017467248908297
0 0.93625 0.15502183406113537 0.01875 0.043668122270742356
0 0.6275 0.05895196506550218 0.0125 0.024017467248908297
0 0.14625 0.39956331877729256 0.0275 0.05240174672489083
0 0.57875 0.5218340611353712 0.0225 0.043668122270742356
0 0.25125 0.07860262008733625 0.0125 0.024017467248908297
0 0.35125 0.10043668122270742 0.0125 0.024017467248908297
0 0.685 0.12008733624454149 0.0125 0.024017467248908297
0 0.17875 0.24017467248908297 0.01875 0.043668122270742356
0 0.73125 0.017467248908296942 0.0125 0.024017467248908297
0 0.88875 0.008733624454148471 0.0125 0.024017467248908297
0 0.4525 0.13755458515283842 0.0125 0.024017467248908297
0 0.95375 0.1965065502183406 0.01875 0.043668122270742356
0 0.43375 0.07860262008733625 0.0125 0.024017467248908297
0 0.57875 0.25327510917030566 0.01875 0.043668122270742356
0 0.0975 0.42358078602620086 0.0275 0.05240174672489083
0 0.53 0.043668122270742356 0.0125 0.024017467248908297
0 0.38875 0.2423580786026201 0.01875 0.043668122270742356
0 0.48625 0.34934497816593885 0.01875 0.043668122270742356
0 0.5825 0.06768558951965066 0.0125 0.024017467248908297
0 0.56625 0.07641921397379912 0.0125 0.024017467248908297
0 0.51375 0.2314410480349345 0.01875 0.043668122270742356
0 0.5625 0.2423580786026201 0.01875 0.043668122270742356
0 0.4025 0.17467248908296942 0.01875 0.043668122270742356
0 0.34625 0.021834061135371178 0.0125 0.024017467248908297
0 0.6925 0.026200873362445413 0.0125 0.024017467248908297
0 0.82625 0.2052401746724891 0.01875 0.043668122270742356
0 0.47125 0.06768558951965066 0.0125 0.024017467248908297
0 0.09 0.28602620087336245 0.01875 0.043668122270742356
0 0.64125 0.05458515283842795 0.0125 0.024017467248908297
0 0.64375 0.15283842794759825 0.0125 0.024017467248908297
0 0.2875 0.6091703056768559 0.035 0.07205240174672489
0 0.04 0.6572052401746725 0.035 0.07205240174672489
0 0.74125 0.20087336244541484 0.01875 0.043668122270742356
0 0.73875 0.37554585152838427 0.01875 0.043668122270742356
0 0.59625 0.034934497816593885 0.0125 0.024017467248908297
0 0.70625 0.36026200873362446 0.01875 0.043668122270742356
0 0.85125 0.5786026200873362 0.0225 0.043668122270742356
0 0.715 0.10043668122270742 0.0125 0.024017467248908297
0 0.75625 0.16375545851528384 0.01875 0.043668122270742356
0 0.8475 0.15065502183406113 0.0125 0.024017467248908297
0 0.87375 0.07641921397379912 0.0125 0.024017467248908297
0 0.595 0.2183406113537118 0.01875 0.043668122270742356
0 0.31 0.1572052401746725 0.01875 0.043668122270742356
0 0.33125 0.17685589519650655 0.01875 0.043668122270742356
0 0.26 0.05240174672489083 0.0125 0.024017467248908297
0 0.55375 0.37554585152838427 0.01875 0.043668122270742356
0 0.42625 0.29912663755458513 0.01875 0.043668122270742356
0 0.63625 0.18995633187772926 0.01875 0.043668122270742356
0 0.20125 0.5131004366812227 0.0225 0.043668122270742356
0 0.49375 0.2554585152838428 0.01875 0.043668122270742356
0 0.45125 0.3537117903930131 0.01875 0.043668122270742356
0 0.47375 0.039301310043668124 0.0125 0.024017467248908297
0 0.23375 0.13755458515283842 0.0125 0.024017467248908297
0 0.66125 0.7794759825327511 0.025 0.05021834061135371
0 0.44375 0.3318777292576419 0.01875 0.043668122270742356
0 0.215 0.45633187772925765 0.0275 0.05240174672489083
0 0.38625 0.45414847161572053 0.0275 0.05240174672489083
0 0.58 0.1462882096069869 0.0125 0.024017467248908297
0 0.75625 0.5262008733624454 0.0225 0.043668122270742356
0 0.89125 0.09388646288209607 0.0125 0.024017467248908297
0 0.29875 0.36899563318777295 0.01875 0.043668122270742356
0 0.72625 0.4519650655021834 0.0275 0.05240174672489083
0 0.61 0.3777292576419214 0.01875 0.043668122270742356
0 0.0075 0.1812227074235808 0.01375 0.028384279475982533
0 0.305 0.23799126637554585 0.01875 0.043668122270742356
0 0.45625 0.2292576419213974 0.01875 0.043668122270742356
0 0.69375 0.2052401746724891 0.01875 0.043668122270742356
0 0.5175 0.4585152838427948 0.0275 0.05240174672489083
0 0.81 0.23799126637554585 0.01875 0.043668122270742356
0 0.25125 0.12445414847161572 0.0125 0.024017467248908297
0 0.9075 0.5895196506550219 0.0225 0.043668122270742356
0 0.515 0.15283842794759825 0.0125 0.024017467248908297
0 0.45 0.017467248908296942 0.0125 0.024017467248908297
0 0.60625 0.28602620087336245 0.01875 0.043668122270742356
0 0.255 0.27292576419213976 0.01875 0.043668122270742356
0 0.8625 0.006550218340611353 0.0125 0.024017467248908297
0 0.69375 0.07641921397379912 0.0125 0.024017467248908297
0 0.2375 0.48253275109170307 0.0275 0.05240174672489083
0 0.44875 0.3056768558951965 0.01875 0.043668122270742356
0 0.5275 0.3951965065502183 0.0275 0.05240174672489083
0 0.30375 0.5545851528384279 0.0225 0.043668122270742356
0 0.83125 0.13755458515283842 0.0125 0.024017467248908297
0 0.01125 0.2685589519650655 0.01875 0.043668122270742356
0 0.28375 0.13100436681222707 0.0125 0.024017467248908297
0 0.66625 0.27074235807860264 0.01875 0.043668122270742356
0 0.32875 0.13973799126637554 0.0125 0.024017467248908297
0 0.29875 0.29912663755458513 0.01875 0.043668122270742356
0 0.88125 0.043668122270742356 0.0125 0.024017467248908297
0 0.10375 0.2794759825327511 0.01875 0.043668122270742356
0 0.505 0.5545851528384279 0.0225 0.043668122270742356
0 0.39375 0.33624454148471616 0.01875 0.043668122270742356
0 0.74375 0.026200873362445413 0.0125 0.024017467248908297
0 0.53875 0.26200873362445415 0.01875 0.043668122270742356
0 0.78125 0.14192139737991266 0.0125 0.024017467248908297
0 0.605 0.425764192139738 0.0275 0.05240174672489083
0 0.765 0.1943231441048035 0.01875 0.043668122270742356
0 0.15 0.034934497816593885 0.0125 0.024017467248908297
0 0.75375 0.37554585152838427 0.01875 0.043668122270742356
0 0.51375 0.27074235807860264 0.01875 0.043668122270742356
0 0.8725 0.4737991266375546 0.0275 0.05240174672489083
0 0.8175 0.004366812227074236 0.0125 0.024017467248908297
0 0.32375 0.5982532751091703 0.0225 0.043668122270742356
0 0.09625 0.09388646288209607 0.0125 0.024017467248908297
0 0.59875 0.017467248908296942 0.0125 0.024017467248908297
0 0.2775 0.021834061135371178 0.0125 0.024017467248908297
0 0.97 0.05240174672489083 0.0125 0.024017467248908297
0 0.80875 0.6135371179039302 0.035 0.07205240174672489
0 0.285 0.056768558951965066 0.0125 0.024017467248908297
0 0.89125 0.1615720524017467 0.01875 0.043668122270742356
0 0.8425 0.3864628820960699 0.01875 0.043668122270742356
0 0.48 0.11353711790393013 0.0125 0.024017467248908297
0 0.5425 0.1703056768558952 0.01875 0.043668122270742356
0 0.27875 0.2925764192139738 0.01875 0.043668122270742356
0 0.7925 0.10480349344978165 0.0125 0.024017467248908297
0 0.425 0.22489082969432314 0.01875 0.043668122270742356
0 0.77125 0.45414847161572053 0.0275 0.05240174672489083
0 0.69125 0.4432314410480349 0.0275 0.05240174672489083
0 0.0725 0.5807860262008734 0.0225 0.043668122270742356
0 0.155 0.519650655021834 0.0225 0.043668122270742356
0 0.68125 0.15502183406113537 0.01875 0.043668122270742356
0 0.75125 0.2183406113537118 0.01875 0.043668122270742356
0 0.34125 0.3930131004366812 0.01875 0.043668122270742356
0 0.12375 0.29475982532751094 0.01875 0.043668122270742356
0 0.9 0.028384279475982533 0.0125 0.024017467248908297
0 0.60125 0.13973799126637554 0.0125 0.024017467248908297
0 0.6075 0.21397379912663755 0.01875 0.043668122270742356
0 0.6225 0.07205240174672489 0.0125 0.024017467248908297
0 0.0275 0.4890829694323144 0.0275 0.05240174672489083
0 0.11375 0.026200873362445413 0.0125 0.024017467248908297
0 0.48375 0.3799126637554585 0.01875 0.043668122270742356
0 0.63125 0.3318777292576419 0.01875 0.043668122270742356
0 0.81 0.09606986899563319 0.0125 0.024017467248908297
0 0.9925 0.15283842794759825 0.01875 0.043668122270742356
0 0.88125 0.09388646288209607 0.0125 0.024017467248908297
0 0.6475 0.3296943231441048 0.01875 0.043668122270742356
0 0.78125 0.3078602620087336 0.01875 0.043668122270742356
0 0.0725 0.07423580786026202 0.0125 0.024017467248908297
0 0.76 0.05021834061135371 0.0125 0.024017467248908297
0 0.9725 0.27510917030567683 0.02 0.04585152838427948
0 0.4275 0.06550218340611354 0.0125 0.024017467248908297
0 0.52875 0.16812227074235808 0.01875 0.043668122270742356
0 0.33125 0.06768558951965066 0.0125 0.024017467248908297
0 0.2975 0.17903930131004367 0.01875 0.043668122270742356
0 0.6775 0.08733624454148471 0.0125 0.024017467248908297
0 0.7125 0.33624454148471616 0.01875 0.043668122270742356
0 0.72625 0.32751091703056767 0.01875 0.043668122270742356
0 0.33125 0.42139737991266374 0.0275 0.05240174672489083
0 0.18375 0.21179039301310043 0.01875 0.043668122270742356
0 0.33125 0.27729257641921395 0.01875 0.043668122270742356
0 0.76 0.13100436681222707 0.0125 0.024017467248908297
0 0.735 0.1572052401746725 0.01875 0.043668122270742356
0 0.82625 0.37336244541484714 0.01875 0.043668122270742356
0 0.5225 0.21179039301310043 0.01875 0.043668122270742356
0 0.3925 0.3056768558951965 0.01875 0.043668122270742356
0 0.59375 0.39737991266375544 0.0275 0.05240174672489083
0 0.6075 0.1222707423580786 0.0125 0.024017467248908297
0 0.3375 0.11790393013100436 0.0125 0.024017467248908297
0 0.43125 0.11135371179039301 0.0125 0.024017467248908297
0 0.95375 0.1572052401746725 0.01625 0.03711790393013101
0 0.39125 0.21615720524017468 0.01875 0.043668122270742356
0 0.47125 0.3930131004366812 0.01875 0.043668122270742356
0 0.39875 0.026200873362445413 0.0125 0.024017467248908297
0 0.14875 0.29912663755458513 0.01875 0.043668122270742356
0 0.5775 0.3951965065502183 0.0275 0.05240174672489083
0 0.3225 0.37336244541484714 0.01875 0.043668122270742356
0 0.42 0.17248908296943233 0.01875 0.043668122270742356
0 0.45625 0.37117903930131 0.01875 0.043668122270742356
0 0.81 0.4781659388646288 0.0275 0.05240174672489083
0 0.79875 0.37554585152838427 0.01875 0.043668122270742356
0 0.2925 0.07423580786026202 0.0125 0.024017467248908297
0 0.88 0.4017467248908297 0.0275 0.05240174672489083
0 0.46875 0.13755458515283842 0.0125 0.024017467248908297
0 0.68 0.024017467248908297 0.0125 0.024017467248908297
0 0.3475 0.36899563318777295 0.01875 0.043668122270742356
0 0.23875 0.2336244541484716 0.01875 0.043668122270742356
0 0.79125 0.23799126637554585 0.01875 0.043668122270742356
0 0.99 0.47161572052401746 0.025 0.048034934497816595
0 0.905 0.42139737991266374 0.0275 0.05240174672489083
0 0.70375 0.05021834061135371 0.0125 0.024017467248908297
0 0.9775 0.5698689956331878 0.02375 0.04585152838427948
0 0.955 0.5807860262008734 0.0225 0.043668122270742356
0 0.9175 0.1462882096069869 0.015 0.03275109170305677
0 0.63125 0.44541484716157204 0.0275 0.05240174672489083
0 0.82375 0.043668122270742356 0.0125 0.024017467248908297
0 0.19125 0.0982532751091703 0.0125 0.024017467248908297
0 0.39 0.1615720524017467 0.01875 0.043668122270742356
0 0.67 0.2074235807860262 0.01875 0.043668122270742356
0 0.3975 0.26419213973799127 0.01875 0.043668122270742356
0 0.705 0.2205240174672489 0.01875 0.043668122270742356
0 0.26625 0.002183406113537118 0.0125 0.024017467248908297
0 0.62875 0.39737991266375544 0.0275 0.05240174672489083
0 0.85 0.2663755458515284 0.01875 0.043668122270742356
0 0.145 0.013100436681222707 0.0125 0.024017467248908297
0 0.40375 0.24017467248908297 0.01875 0.043668122270742356
0 0.455 0.12445414847161572 0.0125 0.024017467248908297
0 0.77625 0.09170305676855896 0.0125 0.024017467248908297
0 0.4925 0.47161572052401746 0.0275 0.05240174672489083
0 0.1875 0.043668122270742356 0.0125 0.024017467248908297
0 0.3525 0.44759825327510916 0.0275 0.05240174672489083
0 0.0125 0.4388646288209607 0.0225 0.048034934497816595
0 0.65625 0.1943231441048035 0.01875 0.043668122270742356
0 0.89875 0.043668122270742356 0.0125 0.024017467248908297
0 0.81625 0.15065502183406113 0.0125 0.024017467248908297
0 0.48125 0.08296943231441048 0.0125 0.024017467248908297
0 0.7225 0.12445414847161572 0.0125 0.024017467248908297
0 0.875 0.3165938864628821 0.01875 0.043668122270742356
0 0.45 0.06550218340611354 0.0125 0.024017467248908297
0 0.51875 0.17467248908296942 0.01875 0.043668122270742356
0 0.7525 0.4104803493449782 0.0275 0.05240174672489083
0 0.68125 0.2925764192139738 0.01875 0.043668122270742356
0 0.2975 0.48253275109170307 0.0275 0.05240174672489083
0 0.16125 0.24017467248908297 0.01875 0.043668122270742356
0 0.5725 0.28820960698689957 0.01875 0.043668122270742356
0 0.9275 0.4192139737991266 0.0275 0.05240174672489083
0 0.51125 0.39956331877729256 0.0275 0.05240174672489083
0 0.18 0.0851528384279476 0.0125 0.024017467248908297
0 0.23 0.27292576419213976 0.01875 0.043668122270742356
0 0.915 0.26200873362445415 0.01875 0.043668122270742356
0 0.46 0.08296943231441048 0.0125 0.024017467248908297
0 0.845 0.43231441048034935 0.0275 0.05240174672489083
0 0.35125 0.4759825327510917 0.0275 0.05240174672489083
0 0.6525 0.6200873362445415 0.035 0.07205240174672489
0 0.25625 0.2292576419213974 0.01875 0.043668122270742356
0 0.22125 0.5262008733624454 0.0225 0.043668122270742356
0 0.185 0.3318777292576419 0.01875 0.043668122270742356
0 0.62875 0.14847161572052403 0.0125 0.024017467248908297
0 0.72 0.6004366812227074 0.0225 0.043668122270742356
0 0.655 0.3646288209606987 0.01875 0.043668122270742356
0 0.4975 0.3296943231441048 0.01875 0.043668122270742356
0 0.1075 0.15283842794759825 0.0125 0.024017467248908297
0 0.46875 0.1703056768558952 0.01875 0.043668122270742356
0 0.3125 0.32751091703056767 0.01875 0.043668122270742356
0 0.65375 0.1703056768558952 0.01875 0.043668122270742356
0 0.19375 0.07641921397379912 0.0125 0.024017467248908297
0 0.22375 0.013100436681222707 0.0125 0.024017467248908297
0 0.3225 0.03056768558951965 0.0125 0.024017467248908297
0 0.8725 0.3624454148471616 0.01875 0.043668122270742356
0 0.37125 0.23580786026200873 0.01875 0.043668122270742356
0 0.72375 0.3864628820960699 0.01875 0.043668122270742356
0 0.37125 0.06986899563318777 0.0125 0.024017467248908297
0 0.175 0.4978165938864629 0.0225 0.043668122270742356
0 0.82875 0.07423580786026202 0.0125 0.024017467248908297
0 0.63875 0.2336244541484716 0.01875 0.043668122270742356
0 0.5375 0.13537117903930132 0.0125 0.024017467248908297
0 0.255 0.14847161572052403 0.0125 0.024017467248908297
0 0.195 0.39737991266375544 0.0275 0.05240174672489083
0 0.11375 0.13100436681222707 0.0125 0.024017467248908297
0 0.9125 0.05240174672489083 0.0125 0.024017467248908297
0 0.36875 0.10262008733624454 0.0125 0.024017467248908297
0 0.49125 0.04585152838427948 0.0125 0.024017467248908297
0 0.25875 0.5327510917030568 0.0225 0.043668122270742356
0 0.68125 0.17903930131004367 0.01875 0.043668122270742356
0 0.6725 0.05021834061135371 0.0125 0.024017467248908297
0 0.39125 0.4104803493449782 0.0275 0.05240174672489083
0 0.08625 0.15065502183406113 0.0125 0.024017467248908297
0 0.7425 0.16375545851528384 0.01875 0.043668122270742356
0 0.2725 0.2445414847161572 0.01875 0.043668122270742356
0 0.86375 0.4344978165938865 0.0275 0.05240174672489083
0 0.845 0.04148471615720524 0.0125 0.024017467248908297
0 0.09875 0.25327510917030566 0.01875 0.043668122270742356
0 0.74 0.259825327510917 0.01875 0.043668122270742356
0 0.42 0.27074235807860264 0.01875 0.043668122270742356
0 0.30875 0.20305676855895197 0.01875 0.043668122270742356
0 0.55375 0.17467248908296942 0.01875 0.043668122270742356
0 0.15625 0.17685589519650655 0.01875 0.043668122270742356
0 0.20625 0.2074235807860262 0.01875 0.043668122270742356
0 0.92 0.4585152838427948 0.0275 0.05240174672489083
0 0.11125 0.46943231441048033 0.0275 0.05240174672489083
0 0.13 0.5109170305676856 0.0225 0.043668122270742356
0 0.78875 0.2794759825327511 0.01875 0.043668122270742356
0 0.5175 0.35152838427947597 0.01875 0.043668122270742356
0 0.35 0.15065502183406113 0.0125 0.024017467248908297
0 0.5825 0.3318777292576419 0.01875 0.043668122270742356
0 0.3225 0.08951965065502183 0.0125 0.024017467248908297
0 0.56875 0.22707423580786026 0.01875 0.043668122270742356
