0 0.2823343848580442 0.684085510688836 0.0031545741324921135 0.0166270783847981
0 0.5299684542586751 0.7387173396674585 0.01892744479495268 0.035629453681710214
0 0.6861198738170347 0.5748218527315915 0.022082018927444796 0.03800475059382423
0 0.06466876971608833 0.7410926365795725 0.01892744479495268 0.035629453681710214
0 0.21451104100946372 0.6532066508313539 0.0031545741324921135 0.0166270783847981
0 0.9763406940063092 0.5748218527315915 0.0 0.0
0 0.9085173501577287 0.5748218527315915 0.0 0.0
0 0.41798107255520506 0.684085510688836 0.0031545741324921135 0.0166270783847981
0 0.1861198738170347 0.5938242280285035 0.0 0.0
0 0.050473186119873815 0.7054631828978623 0.0031545741324921135 0.014251781472684086
0 0.24132492113564669 0.6745843230403801 0.0031545741324921135 0.0166270783847981
0 0.9353312302839116 0.5724465558194775 0.0 0.0
0 0.3548895899053628 0.6817102137767221 0.0031545741324921135 0.0166270783847981
0 0.1719242902208202 0.7648456057007126 0.01892744479495268 0.035629453681710214
0 0.34069400630914826 0.7102137767220903 0.0031545741324921135 0.0166270783847981
0 0.42586750788643535 0.6484560570071259 0.0031545741324921135 0.0166270783847981
0 0.12618296529968454 0.7007125890736342 0.0031545741324921135 0.0166270783847981
0 0.4085173501577287 0.7838479809976246 0.01892744479495268 0.035629453681710214
0 0.5378548895899053 0.6864608076009501 0.011041009463722398 0.028503562945368172
0 0.35646687697160884 0.6793349168646081 0.0031545741324921135 0.0166270783847981
0 0.2113564668769716 0.7363420427553444 0.01892744479495268 0.035629453681710214
0 0.04100946372239748 0.6769596199524941 0.0031545741324921135 0.014251781472684086
0 0.4227129337539432 0.667458432304038 0.0031545741324921135 0.0166270783847981
0 0.47634069400630913 0.7387173396674585 0.01892744479495268 0.035629453681710214
0 0.944794952681388 0.5748218527315915 0.0 0.0
0 0.15930599369085174 0.7315914489311164 0.0031545741324921135 0.0166270783847981
0 0.38801261829652994 0.7078384798099763 0.0031545741324921135 0.0166270783847981
0 0.2476340694006309 0.6912114014251781 0.0031545741324921135 0.0166270783847981
0 0.886435331230284 0.5700712589073634 0.0 0.0
0 0.1971608832807571 0.7695961995249406 0.01892744479495268 0.035629453681710214
0 0.2917981072555205 0.7054631828978623 0.0031545741324921135 0.0166270783847981
0 0.2981072555205047 0.7410926365795725 0.01892744479495268 0.035629453681710214
0 0.07886435331230283 0.7030878859857482 0.0031545741324921135 0.0166270783847981
0 0.0031545741324921135 0.6769596199524941 0.0031545741324921135 0.011876484560570071
0 0.04416403785488959 0.6959619952494062 0.0031545741324921135 0.014251781472684086
0 0.31230283911671924 0.684085510688836 0.0031545741324921135 0.0166270783847981
0 0.42902208201892744 0.7054631828978623 0.0031545741324921135 0.0166270783847981
0 0.2665615141955836 0.7410926365795725 0.01892744479495268 0.035629453681710214
0 0.4148264984227129 0.6935866983372921 0.0031545741324921135 0.0166270783847981
0 0.2902208201892745 0.6769596199524941 0.0031545741324921135 0.0166270783847981
0 0.501577287066246 0.6555819477434679 0.007886435331230283 0.026128266033254157
0 0.2981072555205047 0.6935866983372921 0.0031545741324921135 0.0166270783847981
0 0.9858044164037855 0.5795724465558195 0.0 0.0
0 0.14037854889589904 0.7790973871733967 0.01892744479495268 0.035629453681710214
0 0.20977917981072555 0.7814726840855107 0.01892744479495268 0.035629453681710214
0 0.2886435331230284 0.7173396674584323 0.0031545741324921135 0.0166270783847981
0 0.20189274447949526 0.66270783847981 0.0031545741324921135 0.0166270783847981
0 0.7807570977917981 0.5795724465558195 0.0 0.0
0 0.06624605678233439 0.7862232779097387 0.01892744479495268 0.035629453681710214
0 0.167192429022082 0.665083135391924 0.0031545741324921135 0.0166270783847981
0 0.25709779179810727 0.7173396674584323 0.0031545741324921135 0.0166270783847981
0 0.47634069400630913 0.6745843230403801 0.0031545741324921135 0.0166270783847981
0 0.3312302839116719 0.667458432304038 0.0031545741324921135 0.0166270783847981
0 0.334384858044164 0.7268408551068883 0.0031545741324921135 0.0166270783847981
0 0.5630914826498423 0.7862232779097387 0.01892744479495268 0.035629453681710214
0 0.32334384858044163 0.7292161520190024 0.0031545741324921135 0.0166270783847981
0 0.580441640378549 0.7220902612826603 0.011041009463722398 0.028503562945368172
0 0.8958990536277602 0.5700712589073634 0.0 0.0
0 0.26025236593059936 0.6935866983372921 0.0031545741324921135 0.0166270783847981
0 0.4353312302839117 0.6579572446555819 0.0031545741324921135 0.0166270783847981
0 0.3864353312302839 0.6793349168646081 0.0031545741324921135 0.0166270783847981
0 0.5126182965299685 0.7030878859857482 0.0031545741324921135 0.0166270783847981
0 0.09779179810725552 0.667458432304038 0.0031545741324921135 0.0166270783847981
0 0.32018927444794953 0.672209026128266 0.0031545741324921135 0.0166270783847981
0 0.3990536277602524 0.7553444180522565 0.01892744479495268 0.035629453681710214
0 0.45741324921135645 0.6888361045130641 0.0031545741324921135 0.0166270783847981
0 0.4526813880126183 0.7292161520190024 0.0031545741324921135 0.0166270783847981
0 0.40063091482649843 0.6437054631828979 0.0031545741324921135 0.0166270783847981
0 0.12302839116719243 0.669833729216152 0.0031545741324921135 0.0166270783847981
0 0.5410094637223974 0.6769596199524941 0.011041009463722398 0.028503562945368172
0 0.4889589905362776 0.6437054631828979 0.007886435331230283 0.026128266033254157
0 0.3422712933753943 0.6983372921615202 0.0031545741324921135 0.0166270783847981
0 0.22555205047318613 0.669833729216152 0.0031545741324921135 0.0166270783847981
0 0.37066246056782337 0.6508313539192399 0.0031545741324921135 0.0166270783847981
0 0.2886435331230284 0.7790973871733967 0.01892744479495268 0.035629453681710214
0 0.12933753943217666 0.7244655581947743 0.0031545741324921135 0.0166270783847981
0 0.46529968454258674 0.7007125890736342 0.0031545741324921135 0.0166270783847981
0 0.27129337539432175 0.665083135391924 0.0031545741324921135 0.0166270783847981
0 0.9700315457413249 0.5748218527315915 0.0 0.0
0 0.2981072555205047 0.66270783847981 0.0031545741324921135 0.0166270783847981
0 0.3501577287066246 0.6508313539192399 0.0031545741324921135 0.0166270783847981
0 0.4353312302839117 0.6745843230403801 0.0031545741324921135 0.0166270783847981
0 0.09779179810725552 0.7268408551068883 0.0031545741324921135 0.0166270783847981
0 0.9526813880126183 0.5748218527315915 0.0 0.0
0 0.25709779179810727 0.7363420427553444 0.01892744479495268 0.035629453681710214
0 0.23186119873817035 0.7197149643705463 0.0031545741324921135 0.0166270783847981
0 0.1529968454258675 0.7102137767220903 0.0031545741324921135 0.0166270783847981
0 0.14353312302839116 0.7410926365795725 0.01892744479495268 0.035629453681710214
0 0.3990536277602524 0.6864608076009501 0.0031545741324921135 0.0166270783847981
0 0.028391167192429023 0.7577197149643705 0.014195583596214511 0.026128266033254157
0 0.46845425867507884 0.7719714964370546 0.01892744479495268 0.035629453681710214
0 0.27287066246056785 0.6437054631828979 0.0031545741324921135 0.0166270783847981
0 0.22082018927444794 0.6912114014251781 0.0031545741324921135 0.0166270783847981
0 0.31545741324921134 0.7553444180522565 0.01892744479495268 0.035629453681710214
0 0.5536277602523659 0.7434679334916865 0.01892744479495268 0.035629453681710214
0 0.30914826498422715 0.6603325415676959 0.0031545741324921135 0.0166270783847981
0 0.0 0.7743467933491687 0.0031545741324921135 0.011876484560570071
0 0.17350157728706625 0.6959619952494062 0.0031545741324921135 0.0166270783847981
0 0.2444794952681388 0.6555819477434679 0.0031545741324921135 0.0166270783847981
0 0.48264984227129337 0.667458432304038 0.007886435331230283 0.026128266033254157
0 0.26813880126182965 0.6888361045130641 0.0031545741324921135 0.0166270783847981
0 0.7712933753943217 0.5819477434679335 0.0 0.0
0 0.20662460567823343 0.6959619952494062 0.0031545741324921135 0.0166270783847981
0 0.9652996845425867 0.5748218527315915 0.0 0.0
0 0.9242902208201893 0.5724465558194775 0.0 0.0
0 0.444794952681388 0.6745843230403801 0.0031545741324921135 0.0166270783847981
0 0.07728706624605679 0.672209026128266 0.0031545741324921135 0.0166270783847981
0 0.46214511041009465 0.5843230403800475 0.011041009463722398 0.0166270783847981
0 0.1529968454258675 0.6555819477434679 0.0031545741324921135 0.0166270783847981
0 0.919558359621451 0.5724465558194775 0.0 0.0
0 0.07255520504731862 0.7244655581947743 0.0031545741324921135 0.0166270783847981
0 0.1971608832807571 0.7030878859857482 0.0031545741324921135 0.0166270783847981
0 0.00473186119873817 0.7529691211401425 0.014195583596214511 0.026128266033254157
0 0.11514195583596215 0.7600950118764845 0.01892744479495268 0.035629453681710214
0 0.34858044164037855 0.7125890736342043 0.0031545741324921135 0.0166270783847981
0 0.28391167192429023 0.667458432304038 0.0031545741324921135 0.0166270783847981
0 0.2539432176656151 0.665083135391924 0.0031545741324921135 0.0166270783847981
0 0.6293375394321766 0.7648456057007126 0.01892744479495268 0.035629453681710214
0 0.24290220820189273 0.7054631828978623 0.0031545741324921135 0.0166270783847981
0 0.17665615141955837 0.7173396674584323 0.0031545741324921135 0.0166270783847981
0 0.17665615141955837 0.672209026128266 0.0031545741324921135 0.0166270783847981
0 0.18769716088328076 0.667458432304038 0.0031545741324921135 0.0166270783847981
0 0.02050473186119874 0.6745843230403801 0.0031545741324921135 0.011876484560570071
