0 0.86125 0.4822222222222222 0.0225 0.044444444444444446
0 0.275 0.05333333333333334 0.01625 0.022222222222222223
0 0.71375 0.27555555555555555 0.0125 0.028888888888888888
0 0.8125 0.5133333333333333 0.0225 0.044444444444444446
0 0.5475 0.5 0.025 0.051111111111111114
0 0.755 0.18444444444444444 0.0125 0.028888888888888888
0 0.4725 0.3022222222222222 0.0125 0.028888888888888888
0 0.07375 0.47333333333333333 0.0125 0.028888888888888888
0 0.86125 0.05555555555555555 0.01625 0.022222222222222223
0 0.06375 0.04 0.01625 0.022222222222222223
0 0.86 0.26 0.0125 0.028888888888888888
0 0.26875 0.3933333333333333 0.015 0.04
0 0.3175 0.5133333333333333 0.025 0.051111111111111114
0 0.68375 0.1711111111111111 0.0125 0.028888888888888888
0 0.89875 0.16444444444444445 0.0125 0.028888888888888888
0 0.63 0.12666666666666668 0.01625 0.022222222222222223
0 0.72125 0.25555555555555554 0.0125 0.028888888888888888
0 0.87 0.21333333333333335 0.0125 0.028888888888888888
0 0.335 0.58 0.03375 0.07555555555555556
0 0.375 0.06888888888888889 0.01625 0.022222222222222223
0 0.685 0.2311111111111111 0.0125 0.028888888888888888
0 0.56375 0.23777777777777778 0.0125 0.028888888888888888
0 0.00625 0.2866666666666667 0.0125 0.02666666666666667
0 0.5725 0.18666666666666668 0.0125 0.028888888888888888
0 0.95375 0.09333333333333334 0.01625 0.022222222222222223
0 0.92625 0.07111111111111111 0.01625 0.022222222222222223
0 0.5375 0.5555555555555556 0.025 0.051111111111111114
0 0.115 0.18 0.0125 0.028888888888888888
0 0.83875 0.14666666666666667 0.01625 0.022222222222222223
0 0.60375 0.5177777777777778 0.025 0.051111111111111114
0 0.69375 0.5488888888888889 0.0225 0.044444444444444446
0 0.6775 0.7355555555555555 0.03125 0.06222222222222222
0 0.64125 0.17777777777777778 0.0125 0.028888888888888888
0 0.39 0.37777777777777777 0.015 0.04
0 0.4125 0.4911111111111111 0.025 0.051111111111111114
0 0.29 0.41555555555555557 0.015 0.04
0 0.94125 0.23555555555555555 0.0125 0.028888888888888888
0 0.46125 0.78 0.05125 0.12
0 0.7925 0.16666666666666666 0.0125 0.028888888888888888
0 0.7525 0.4533333333333333 0.0225 0.044444444444444446
0 0.8 0.3844444444444444 0.015 0.04
0 0.6175 0.6555555555555556 0.03125 0.06222222222222222
0 0.4575 0.5311111111111111 0.025 0.051111111111111114
0 0.1625 0.08666666666666667 0.01625 0.022222222222222223
0 0.17875 0.20222222222222222 0.0125 0.028888888888888888
0 0.47125 0.2288888888888889 0.0125 0.028888888888888888
0 0.3075 0.29333333333333333 0.0125 0.028888888888888888
0 0.96875 0.16444444444444445 0.0125 0.02666666666666667
0 0.96625 0.4777777777777778 0.0225 0.044444444444444446
0 0.59875 0.06888888888888889 0.01625 0.022222222222222223
0 0.595 0.1 0.01625 0.022222222222222223
0 0.24625 0.4911111111111111 0.025 0.051111111111111114
0 0.41875 0.06666666666666667 0.01625 0.022222222222222223
0 0.94375 0.6511111111111111 0.03 0.05333333333333334
0 0.14 0.2511111111111111 0.0125 0.028888888888888888
0 0.94 0.1711111111111111 0.0125 0.028888888888888888
0 0.73 0.4888888888888889 0.0225 0.044444444444444446
0 0.4875 0.24222222222222223 0.0125 0.028888888888888888
0 0.35625 0.47555555555555556 0.025 0.051111111111111114
0 0.45875 0.4177777777777778 0.015 0.04
0 0.58625 0.39555555555555555 0.015 0.04
0 0.3925 0.2288888888888889 0.0125 0.028888888888888888
0 0.65375 0.5111111111111111 0.025 0.051111111111111114
0 0.23875 0.4177777777777778 0.015 0.04
0 0.78875 0.5022222222222222 0.0225 0.044444444444444446
0 0.815 0.3977777777777778 0.015 0.04
0 0.91375 0.04666666666666667 0.01625 0.022222222222222223
0 0.94 0.5022222222222222 0.0225 0.044444444444444446
0 0.98 0.6888888888888889 0.04625 0.09111111111111111
0 0.45625 0.09333333333333334 0.01625 0.022222222222222223
0 0.74 0.36444444444444446 0.015 0.04
0 0.6975 0.1111111111111111 0.01625 0.022222222222222223
0 0.465 0.32 0.015 0.04
0 0.315 0.44 0.015 0.04
0 0.0075 0.3933333333333333 0.01375 0.028888888888888888
0 0.8425 0.06222222222222222 0.01625 0.022222222222222223
0 0.77125 0.07333333333333333 0.01625 0.022222222222222223
0 0.40125 0.11333333333333333 0.01625 0.022222222222222223
0 0.62625 0.08444444444444445 0.01625 0.022222222222222223
0 0.70125 0.14444444444444443 0.01625 0.022222222222222223
0 0.2725 0.47555555555555556 0.025 0.051111111111111114
0 0.61125 0.12444444444444444 0.01625 0.022222222222222223
0 0.57 0.4822222222222222 0.025 0.051111111111111114
0 0.4725 0.33555555555555555 0.015 0.04
0 0.6625 0.10444444444444445 0.01625 0.022222222222222223
0 0.365 0.21777777777777776 0.0125 0.028888888888888888
0 0.89125 0.4822222222222222 0.0225 0.044444444444444446
0 0.5275 0.24888888888888888 0.0125 0.028888888888888888
0 0.6425 0.3244444444444444 0.015 0.04
0 0.27 0.35555555555555557 0.015 0.04
0 0.65125 0.3711111111111111 0.015 0.04
0 0.4975 0.5222222222222223 0.025 0.051111111111111114
0 0.50125 0.05333333333333334 0.01625 0.022222222222222223
0 0.5725 0.3 0.0125 0.028888888888888888
0 0.835 0.30666666666666664 0.0125 0.028888888888888888
0 0.825 0.27555555555555555 0.0125 0.028888888888888888
0 0.6625 0.33555555555555555 0.015 0.04
0 0.2425 0.06444444444444444 0.01625 0.022222222222222223
0 0.66 0.14444444444444443 0.01625 0.022222222222222223
0 0.42875 0.13555555555555557 0.01625 0.022222222222222223
0 0.98875 0.19777777777777777 0.0125 0.028888888888888888
0 0.8475 0.3688888888888889 0.015 0.04
0 0.04625 0.5444444444444444 0.0175 0.03333333333333333
0 0.59875 0.3333333333333333 0.015 0.04
0 0.03875 0.08 0.01625 0.022222222222222223
0 0.64875 0.6133333333333333 0.03125 0.06222222222222222
0 0.705 0.26222222222222225 0.0125 0.028888888888888888
0 0.57625 0.057777777777777775 0.01625 0.022222222222222223
0 0.66875 0.07333333333333333 0.01625 0.022222222222222223
0 0.27625 0.6866666666666666 0.03375 0.07555555555555556
0 0.49375 0.26666666666666666 0.0125 0.028888888888888888
0 0.26375 0.057777777777777775 0.01625 0.022222222222222223
0 0.2775 0.5466666666666666 0.025 0.051111111111111114
0 0.225 0.06 0.01625 0.022222222222222223
0 0.18875 0.03111111111111111 0.01625 0.022222222222222223
0 0.8175 0.6111111111111112 0.03 0.05333333333333334
0 0.66125 0.18444444444444444 0.0125 0.028888888888888888
0 0.88 0.06 0.01625 0.022222222222222223
0 0.71875 0.18444444444444444 0.0125 0.028888888888888888
0 0.025 0.1622222222222222 0.01375 0.024444444444444446
0 0.65375 0.3088888888888889 0.0125 0.028888888888888888
0 0.77625 0.18222222222222223 0.0125 0.028888888888888888
0 0.46375 0.4711111111111111 0.025 0.051111111111111114
0 0.1425 0.31555555555555553 0.015 0.04
0 0.7025 0.3711111111111111 0.015 0.04
0 0.7725 0.3088888888888889 0.0125 0.028888888888888888
0 0.625 0.5844444444444444 0.03125 0.06222222222222222
0 0.6475 0.7844444444444445 0.05375 0.1288888888888889
0 0.7425 0.5044444444444445 0.0225 0.044444444444444446
0 0.795 0.7955555555555556 0.03125 0.06888888888888889
0 0.9075 0.09111111111111111 0.01625 0.022222222222222223
0 0.00625 0.4222222222222222 0.015 0.03111111111111111
0 0.98625 0.08444444444444445 0.01625 0.022222222222222223
0 0.75375 0.2777777777777778 0.0125 0.028888888888888888
0 0.0775 0.4444444444444444 0.0125 0.028888888888888888
0 0.35375 0.5044444444444445 0.025 0.051111111111111114
0 0.56875 0.3111111111111111 0.0125 0.028888888888888888
0 0.825 0.18666666666666668 0.0125 0.028888888888888888
0 0.68625 0.14 0.01625 0.022222222222222223
0 0.5 0.32666666666666666 0.015 0.04
0 0.80875 0.4777777777777778 0.0225 0.044444444444444446
0 0.2975 0.32 0.015 0.04
0 0.80625 0.26666666666666666 0.0125 0.028888888888888888
0 0.29125 0.34 0.015 0.04
0 0.58375 0.37333333333333335 0.015 0.04
0 0.3775 0.2222222222222222 0.0125 0.028888888888888888
0 0.9375 0.44222222222222224 0.015 0.04
0 0.32875 0.7822222222222223 0.05625 0.13333333333333333
0 0.71125 0.29333333333333333 0.0125 0.028888888888888888
0 0.34125 0.5288888888888889 0.025 0.051111111111111114
0 0.155 0.06222222222222222 0.01625 0.022222222222222223
0 0.87 0.15333333333333332 0.01625 0.022222222222222223
0 0.5625 0.6111111111111112 0.03125 0.06222222222222222
0 0.21625 0.03777777777777778 0.01625 0.022222222222222223
0 0.13125 0.32 0.015 0.04
0 0.15375 0.3422222222222222 0.015 0.04
0 0.81625 0.15777777777777777 0.01625 0.022222222222222223
0 0.43375 0.2577777777777778 0.0125 0.028888888888888888
0 0.72625 0.21777777777777776 0.0125 0.028888888888888888
0 0.47625 0.6244444444444445 0.03125 0.06222222222222222
0 0.43375 0.19111111111111112 0.0125 0.028888888888888888
0 0.8375 0.3333333333333333 0.015 0.04
0 0.34375 0.6022222222222222 0.03375 0.07555555555555556
0 0.5875 0.42444444444444446 0.015 0.04
0 0.83875 0.4022222222222222 0.015 0.04
0 0.56625 0.08666666666666667 0.01625 0.022222222222222223
0 0.54375 0.7488888888888889 0.05125 0.12
0 0.21 0.07777777777777778 0.01625 0.022222222222222223
0 0.74125 0.06888888888888889 0.01625 0.022222222222222223
0 0.91375 0.14222222222222222 0.01625 0.022222222222222223
0 0.625 0.16 0.01625 0.022222222222222223
0 0.2675 0.45555555555555555 0.025 0.051111111111111114
0 0.55125 0.07333333333333333 0.01625 0.022222222222222223
0 0.38375 0.24222222222222223 0.0125 0.028888888888888888
0 0.35375 0.5444444444444444 0.025 0.051111111111111114
0 0.35875 0.08 0.01625 0.022222222222222223
0 0.76375 0.26666666666666666 0.0125 0.028888888888888888
0 0.24125 0.36444444444444446 0.015 0.04
0 0.3875 0.4688888888888889 0.025 0.051111111111111114
0 0.49875 0.5711111111111111 0.03125 0.06222222222222222
0 0.84375 0.8488888888888889 0.05875 0.1288888888888889
0 0.09625 0.06666666666666667 0.01625 0.022222222222222223
0 0.9275 0.2088888888888889 0.0125 0.028888888888888888
0 0.80125 0.13333333333333333 0.01625 0.022222222222222223
0 0.8225 0.04888888888888889 0.01625 0.022222222222222223
0 0.77625 0.14222222222222222 0.01625 0.022222222222222223
0 0.47875 0.3711111111111111 0.015 0.04
0 0.48 0.23555555555555555 0.0125 0.028888888888888888
0 0.84625 0.62 0.03 0.05333333333333334
0 0.11125 0.04888888888888889 0.01625 0.022222222222222223
0 0.2575 0.3711111111111111 0.015 0.04
0 0.96875 0.06666666666666667 0.01625 0.022222222222222223
0 0.75375 0.3844444444444444 0.015 0.04
0 0.9325 0.05333333333333334 0.01625 0.022222222222222223
0 0.00625 0.3711111111111111 0.01375 0.028888888888888888
0 0.89875 0.14222222222222222 0.01625 0.022222222222222223
0 0.1975 0.051111111111111114 0.01625 0.022222222222222223
0 0.57125 0.33555555555555555 0.015 0.04
0 0.4075 0.07111111111111111 0.01625 0.022222222222222223
0 0.6175 0.06 0.01625 0.022222222222222223
0 0.74625 0.14888888888888888 0.01625 0.022222222222222223
0 0.56375 0.22444444444444445 0.0125 0.028888888888888888
0 0.12375 0.4866666666666667 0.0125 0.028888888888888888
0 0.9075 0.10666666666666667 0.01625 0.022222222222222223
0 0.61625 0.12 0.01625 0.022222222222222223
0 0.00875 0.5577777777777778 0.02125 0.042222222222222223
0 0.58125 0.11555555555555555 0.01625 0.022222222222222223
0 0.8275 0.4666666666666667 0.0225 0.044444444444444446
0 0.84875 0.2088888888888889 0.0125 0.028888888888888888
0 0.82875 0.24444444444444444 0.0125 0.028888888888888888
0 0.295 0.4 0.015 0.04
0 0.36 0.10222222222222223 0.01625 0.022222222222222223
0 0.64125 0.26 0.0125 0.028888888888888888
0 0.94875 0.5622222222222222 0.03 0.05333333333333334
0 0.295 0.45555555555555555 0.025 0.051111111111111114
0 0.75375 0.30444444444444446 0.0125 0.028888888888888888
0 0.6825 0.06888888888888889 0.01625 0.022222222222222223
0 0.7525 0.2222222222222222 0.0125 0.028888888888888888
0 0.51 0.2311111111111111 0.0125 0.028888888888888888
0 0.84125 0.5822222222222222 0.03 0.05333333333333334
0 0.47375 0.07111111111111111 0.01625 0.022222222222222223
0 0.16 0.24444444444444444 0.0125 0.028888888888888888
0 0.54125 0.05555555555555555 0.01625 0.022222222222222223
0 0.94125 0.39111111111111113 0.015 0.04
0 0.88125 0.5222222222222223 0.0225 0.044444444444444446
0 0.55 0.32 0.015 0.04
0 0.3725 0.9422222222222222 0.05625 0.13333333333333333
0 0.15625 0.2733333333333333 0.0125 0.028888888888888888
0 0.695 0.28 0.0125 0.028888888888888888
0 0.29375 0.3688888888888889 0.015 0.04
0 0.96 0.15555555555555556 0.01625 0.022222222222222223
0 0.06125 0.1111111111111111 0.01625 0.022222222222222223
0 0.55 0.45111111111111113 0.025 0.051111111111111114
0 0.6575 0.12 0.01625 0.022222222222222223
0 0.75625 0.06222222222222222 0.01625 0.022222222222222223
0 0.81875 0.4311111111111111 0.015 0.04
0 0.45875 0.38 0.015 0.04
0 0.845 0.6666666666666666 0.02375 0.05333333333333334
0 0.79125 0.6377777777777778 0.02375 0.05333333333333334
0 0.79875 0.06 0.01625 0.022222222222222223
0 0.65625 0.3977777777777778 0.015 0.04
0 0.72875 0.31777777777777777 0.015 0.04
0 0.70125 0.39555555555555555 0.015 0.04
0 0.27 0.43333333333333335 0.015 0.04
0 0.565 0.4311111111111111 0.015 0.04
0 0.06 0.2577777777777778 0.0125 0.028888888888888888
0 0.59125 0.26222222222222225 0.0125 0.028888888888888888
0 0.515 0.5222222222222223 0.025 0.051111111111111114
0 0.97875 0.78 0.04625 0.09111111111111111
0 0.49375 0.35555555555555557 0.015 0.04
0 0.04875 0.27555555555555555 0.0125 0.028888888888888888
0 0.66375 0.2644444444444444 0.0125 0.028888888888888888
0 0.0325 0.6155555555555555 0.035 0.07111111111111111
0 0.71 0.44666666666666666 0.015 0.04
0 0.5875 0.5133333333333333 0.025 0.051111111111111114
0 0.1225 0.03777777777777778 0.01625 0.022222222222222223
0 0.32125 0.35777777777777775 0.015 0.04
0 0.0875 0.19111111111111112 0.0125 0.028888888888888888
0 0.47375 0.4266666666666667 0.015 0.04
0 0.14875 0.1711111111111111 0.0125 0.028888888888888888
0 0.39 0.057777777777777775 0.01625 0.022222222222222223
0 0.08875 0.02 0.01625 0.022222222222222223
0 0.105 0.15333333333333332 0.01625 0.022222222222222223
0 0.15125 0.38 0.015 0.04
0 0.7175 0.1288888888888889 0.01625 0.022222222222222223
0 0.82125 0.66 0.02375 0.05333333333333334
0 0.52125 0.2911111111111111 0.0125 0.028888888888888888
0 0.88875 0.13111111111111112 0.01625 0.022222222222222223
0 0.885 0.6 0.03 0.05333333333333334
0 0.935 0.5288888888888889 0.0225 0.044444444444444446
0 0.82 0.32 0.015 0.04
0 0.665 0.24 0.0125 0.028888888888888888
0 0.47125 0.40444444444444444 0.015 0.04
0 0.09125 0.48 0.0125 0.028888888888888888
0 0.06125 0.5088888888888888 0.0175 0.03333333333333333
0 0.1075 0.47555555555555556 0.0125 0.028888888888888888
0 0.44875 0.4533333333333333 0.025 0.051111111111111114
0 0.48125 0.20666666666666667 0.0125 0.028888888888888888
0 0.97375 0.19777777777777777 0.0125 0.028888888888888888
0 0.985 0.057777777777777775 0.01625 0.022222222222222223
0 0.79625 0.45555555555555555 0.0225 0.044444444444444446
0 0.5325 0.4022222222222222 0.015 0.04
0 0.395 0.08444444444444445 0.01625 0.022222222222222223
0 0.4525 0.22666666666666666 0.0125 0.028888888888888888
0 0.32375 0.45111111111111113 0.025 0.051111111111111114
0 0.48875 0.09333333333333334 0.01625 0.022222222222222223
0 0.08125 0.21555555555555556 0.0125 0.028888888888888888
0 0.50875 0.28 0.0125 0.028888888888888888
0 0.03625 0.20444444444444446 0.0125 0.028888888888888888
0 0.26 0.34 0.015 0.04
0 0.8025 0.32222222222222224 0.015 0.04
0 0.74 0.20444444444444446 0.0125 0.028888888888888888
0 0.5725 0.15555555555555556 0.01625 0.022222222222222223
0 0.2825 0.62 0.03375 0.07555555555555556
0 0.5575 0.11777777777777777 0.01625 0.022222222222222223
0 0.07875 0.3 0.0125 0.028888888888888888
0 0.7175 0.37777777777777777 0.015 0.04
0 0.005 0.4577777777777778 0.015 0.03111111111111111
0 0.4675 0.24444444444444444 0.0125 0.028888888888888888
0 0.88625 0.09777777777777778 0.01625 0.022222222222222223
0 0.66875 0.21555555555555556 0.0125 0.028888888888888888
0 0.5225 0.2288888888888889 0.0125 0.028888888888888888
0 0.47 0.09333333333333334 0.01625 0.022222222222222223
0 0.5175 0.5977777777777777 0.03125 0.06222222222222222
0 0.38625 0.43777777777777777 0.015 0.04
0 0.72875 0.42444444444444446 0.015 0.04
0 0.70875 0.31777777777777777 0.015 0.04
0 0.35875 0.24444444444444444 0.0125 0.028888888888888888
0 0.39625 0.58 0.03375 0.07555555555555556
0 0.1225 0.5377777777777778 0.0175 0.03333333333333333
0 0.71375 0.8555555555555555 0.05375 0.1288888888888889
0 0.005 0.5066666666666667 0.0175 0.03333333333333333
0 0.0 0.30666666666666664 0.0125 0.02666666666666667
0 0.51375 0.08 0.01625 0.022222222222222223
0 0.855 0.23777777777777778 0.0125 0.028888888888888888
0 0.89125 0.03333333333333333 0.01625 0.022222222222222223
0 0.32125 0.41333333333333333 0.015 0.04
0 0.9525 0.5044444444444445 0.0225 0.044444444444444446
0 0.65125 0.06888888888888889 0.01625 0.022222222222222223
0 0.71375 0.36444444444444446 0.015 0.04
0 0.78875 0.10666666666666667 0.01625 0.022222222222222223
0 0.55875 0.4022222222222222 0.015 0.04
0 0.67875 0.26 0.0125 0.028888888888888888
0 0.8675 0.46444444444444444 0.0225 0.044444444444444446
0 0.69625 0.34444444444444444 0.015 0.04
0 0.50125 0.6888888888888889 0.03125 0.06222222222222222
0 0.46375 0.1111111111111111 0.01625 0.022222222222222223
0 0.92875 0.47333333333333333 0.0225 0.044444444444444446
0 0.63375 0.057777777777777775 0.01625 0.022222222222222223
0 0.83 0.12 0.01625 0.022222222222222223
0 0.4475 0.03777777777777778 0.01625 0.022222222222222223
0 0.5325 0.4288888888888889 0.015 0.04
0 0.87 0.19333333333333333 0.0125 0.028888888888888888
0 0.7775 0.37333333333333335 0.015 0.04
0 0.73125 0.4 0.015 0.04
0 0.52875 0.34 0.015 0.04
0 0.77625 0.04888888888888889 0.01625 0.022222222222222223
0 0.55125 0.24666666666666667 0.0125 0.028888888888888888
0 0.14625 0.10666666666666667 0.01625 0.022222222222222223
0 0.8675 0.23777777777777778 0.0125 0.028888888888888888
0 0.4775 0.09777777777777778 0.01625 0.022222222222222223
0 0.4675 0.2644444444444444 0.0125 0.028888888888888888
0 0.43 0.5311111111111111 0.025 0.051111111111111114
0 0.78875 0.34 0.015 0.04
0 0.5975 0.15333333333333332 0.01625 0.022222222222222223
0 0.63875 0.21777777777777776 0.0125 0.028888888888888888
0 0.7975 0.14888888888888888 0.01625 0.022222222222222223
0 0.4375 0.20444444444444446 0.0125 0.028888888888888888
0 0.945 0.2777777777777778 0.0125 0.028888888888888888
0 0.75125 0.7533333333333333 0.03125 0.06888888888888889
0 0.07125 0.49333333333333335 0.015 0.03111111111111111
0 0.76125 0.35333333333333333 0.015 0.04
0 0.05375 0.1622222222222222 0.01625 0.022222222222222223
0 0.3075 0.5822222222222222 0.03375 0.07555555555555556
0 0.97125 0.26666666666666666 0.0125 0.028888888888888888
0 0.7275 0.07777777777777778 0.01625 0.022222222222222223
0 0.6775 0.5844444444444444 0.03125 0.06222222222222222
0 0.38 0.12 0.01625 0.022222222222222223
0 0.3375 0.06888888888888889 0.01625 0.022222222222222223
0 0.43375 0.1711111111111111 0.0125 0.028888888888888888
0 0.85625 0.17555555555555555 0.0125 0.028888888888888888
0 0.57125 0.3488888888888889 0.015 0.04
0 0.31125 0.3622222222222222 0.015 0.04
0 0.78 0.2644444444444444 0.0125 0.028888888888888888
0 0.82125 0.3688888888888889 0.015 0.04
0 0.245 0.08666666666666667 0.01625 0.022222222222222223
0 0.9175 0.5333333333333333 0.0225 0.044444444444444446
0 0.26 0.07777777777777778 0.01625 0.022222222222222223
0 0.88375 0.14888888888888888 0.01625 0.022222222222222223
0 0.81375 0.5844444444444444 0.03 0.05333333333333334
0 0.43 0.08444444444444445 0.01625 0.022222222222222223
0 0.7375 0.10888888888888888 0.01625 0.022222222222222223
0 0.43625 0.057777777777777775 0.01625 0.022222222222222223
0 0.10625 0.8288888888888889 0.1525 0.2911111111111111
0 0.3075 0.38666666666666666 0.015 0.04
0 0.80875 0.22444444444444445 0.0125 0.028888888888888888
0 0.69 0.4911111111111111 0.0225 0.044444444444444446
0 0.91875 0.23555555555555555 0.0125 0.028888888888888888
0 0.02125 0.017777777777777778 0.01625 0.022222222222222223
0 0.73 0.28444444444444444 0.0125 0.028888888888888888
0 0.07625 0.5177777777777778 0.0175 0.03333333333333333
0 0.2425 0.4488888888888889 0.025 0.051111111111111114
0 0.44 0.24888888888888888 0.0125 0.028888888888888888
0 0.635 0.08222222222222222 0.01625 0.022222222222222223
0 0.9325 0.8711111111111111 0.05875 0.1288888888888889
0 0.535 0.49777777777777776 0.025 0.051111111111111114
0 0.92 0.5644444444444444 0.03 0.05333333333333334
0 0.25625 0.5533333333333333 0.03375 0.07555555555555556
0 0.1725 0.08666666666666667 0.01625 0.022222222222222223
0 0.515 0.4911111111111111 0.025 0.051111111111111114
0 0.88125 0.7044444444444444 0.04625 0.09111111111111111
0 0.4675 0.16666666666666666 0.0125 0.028888888888888888
0 0.98625 0.14222222222222222 0.01375 0.024444444444444446
0 0.285 0.29777777777777775 0.0125 0.028888888888888888
0 0.3975 0.4022222222222222 0.015 0.04
0 0.00875 0.25555555555555554 0.0125 0.02666666666666667
0 0.375 0.4444444444444444 0.025 0.051111111111111114
0 0.31375 0.06 0.01625 0.022222222222222223
0 0.09125 0.54 0.0175 0.03333333333333333
0 0.67625 0.12444444444444444 0.01625 0.022222222222222223
0 0.13875 0.28 0.0125 0.028888888888888888
0 0.58375 0.58 0.03125 0.06222222222222222
0 0.84375 0.5066666666666667 0.0225 0.044444444444444446
0 0.31125 0.1 0.01625 0.022222222222222223
0 0.80875 0.10222222222222223 0.01625 0.022222222222222223
0 0.16875 0.2 0.0125 0.028888888888888888
0 0.14375 0.02 0.01625 0.022222222222222223
0 0.4425 0.4088888888888889 0.015 0.04
0 0.53125 0.21333333333333335 0.0125 0.028888888888888888
0 0.04875 0.3111111111111111 0.0125 0.028888888888888888
0 0.91125 0.20444444444444446 0.0125 0.028888888888888888
0 0.5575 0.5377777777777778 0.025 0.051111111111111114
0 0.60375 0.18666666666666668 0.0125 0.028888888888888888
0 0.44 0.26666666666666666 0.0125 0.028888888888888888
0 0.05875 0.29555555555555557 0.0125 0.028888888888888888
0 0.4275 0.5155555555555555 0.025 0.051111111111111114
0 0.7075 0.20666666666666667 0.0125 0.028888888888888888
0 0.75125 0.33555555555555555 0.015 0.04
0 0.65125 0.5577777777777778 0.025 0.051111111111111114
0 0.775 0.48444444444444446 0.0225 0.044444444444444446
0 0.14625 0.20444444444444446 0.0125 0.028888888888888888
0 0.7725 0.43777777777777777 0.015 0.04
0 0.94 0.08444444444444445 0.01625 0.022222222222222223
0 0.49625 0.29333333333333333 0.0125 0.028888888888888888
