0 0.06171875 0.7805555555555556 0.012760416666666666 0.037037037037037035
0 0.925 0.004166666666666667 0.0026041666666666665 0.004629629629629629
0 0.36796875 0.6268518518518519 0.015364583333333333 0.044444444444444446
0 0.21223958333333334 0.7555555555555555 0.015364583333333333 0.044444444444444446
0 0.7145833333333333 0.33287037037037037 0.013541666666666667 0.03564814814814815
0 0.5140625 0.3472222222222222 0.013541666666666667 0.03564814814814815
0 0.54921875 0.2490740740740741 0.0 0.0
0 0.3828125 0.6819444444444445 0.015364583333333333 0.044444444444444446
0 0.07734375 0.33425925925925926 0.011979166666666667 0.032407407407407406
0 0.28515625 0.3476851851851852 0.011979166666666667 0.032407407407407406
0 0.6002604166666666 0.6574074074074074 0.03697916666666667 0.0912037037037037
0 0.13411458333333334 0.10046296296296296 0.011979166666666667 0.026851851851851852
0 0.1734375 0.08333333333333333 0.011979166666666667 0.026851851851851852
0 0.6638020833333333 0.5148148148148148 0.013541666666666667 0.02962962962962963
0 0.4453125 0.6407407407407407 0.015364583333333333 0.044444444444444446
0 0.3015625 0.33287037037037037 0.011979166666666667 0.032407407407407406
0 0.528125 0.13287037037037036 0.0046875 0.0060185185185185185
0 0.21848958333333332 0.3384259259259259 0.011979166666666667 0.032407407407407406
0 0.334375 0.4375 0.011979166666666667 0.032407407407407406
0 0.48411458333333335 0.7143518518518519 0.015364583333333333 0.044444444444444446
0 0.49713541666666666 0.8800925925925925 0.015364583333333333 0.044444444444444446
0 0.10104166666666667 0.033796296296296297 0.011979166666666667 0.026851851851851852
0 0.76484375 0.3888888888888889 0.013541666666666667 0.03564814814814815
0 0.50234375 0.4652777777777778 0.013541666666666667 0.02962962962962963
0 0.39791666666666664 0.3773148148148148 0.011979166666666667 0.026851851851851852
0 0.9450520833333333 0.004166666666666667 0.0026041666666666665 0.004629629629629629
0 0.5322916666666667 0.006944444444444444 0.0018229166666666667 0.001388888888888889
0 0.18984375 0.6537037037037037 0.015364583333333333 0.044444444444444446
0 0.7671875 0.4564814814814815 0.03984375 0.10833333333333334
0 0.45364583333333336 0.8333333333333334 0.015364583333333333 0.044444444444444446
0 0.51953125 0.8481481481481481 0.03125 0.09490740740740741
0 0.7296875 0.30185185185185187 0.013541666666666667 0.03564814814814815
0 0.5817708333333333 0.399537037037037 0.013541666666666667 0.03564814814814815
0 0.5705729166666667 0.8138888888888889 0.015364583333333333 0.044444444444444446
0 0.5013020833333334 0.6291666666666667 0.015364583333333333 0.044444444444444446
0 0.8619791666666666 0.3351851851851852 0.013541666666666667 0.02962962962962963
0 0.58515625 0.15324074074074073 0.0046875 0.0060185185185185185
0 0.2674479166666667 0.44351851851851853 0.011979166666666667 0.032407407407407406
0 0.16536458333333334 0.12824074074074074 0.011979166666666667 0.026851851851851852
0 0.60546875 0.24814814814814815 0.0 0.0
0 0.18802083333333333 0.6199074074074075 0.015364583333333333 0.044444444444444446
0 0.5401041666666667 0.9828703703703704 0.015364583333333333 0.044444444444444446
0 0.0515625 0.11944444444444445 0.011979166666666667 0.026851851851851852
0 0.521875 0.18981481481481483 0.0 0.0
0 0.353125 0.3685185185185185 0.011979166666666667 0.032407407407407406
0 0.6684895833333333 0.35648148148148145 0.013541666666666667 0.03564814814814815
0 0.69609375 0.30185185185185187 0.013541666666666667 0.03564814814814815
0 0.8708333333333333 0.35648148148148145 0.013541666666666667 0.02962962962962963
0 0.9533854166666667 0.5101851851851852 0.013541666666666667 0.02962962962962963
0 0.6473958333333333 0.28194444444444444 0.0 0.0
0 0.29635416666666664 0.5597222222222222 0.014583333333333334 0.032407407407407406
0 0.6932291666666667 0.2814814814814815 0.013541666666666667 0.03564814814814815
0 0.7072916666666667 0.25925925925925924 0.013541666666666667 0.03564814814814815
0 0.19348958333333333 0.1162037037037037 0.011979166666666667 0.026851851851851852
0 0.6153645833333333 0.5296296296296297 0.01640625 0.03564814814814815
0 0.5971354166666667 0.6194444444444445 0.023958333333333335 0.033796296296296297
0 0.6734375 0.6597222222222222 0.030729166666666665 0.07592592592592592
0 0.5880208333333333 0.32314814814814813 0.013541666666666667 0.03564814814814815
0 0.2559895833333333 0.8245370370370371 0.015364583333333333 0.044444444444444446
0 0.45989583333333334 0.6138888888888889 0.015364583333333333 0.044444444444444446
0 0.40130208333333334 0.513425925925926 0.011979166666666667 0.026851851851851852
0 0.08776041666666666 0.6194444444444445 0.012760416666666666 0.037037037037037035
0 0.20989583333333334 0.18981481481481483 0.011979166666666667 0.026851851851851852
0 0.41640625 0.600925925925926 0.014583333333333334 0.032407407407407406
0 0.5447916666666667 0.02638888888888889 0.0018229166666666667 0.001388888888888889
0 0.6213541666666667 0.39490740740740743 0.013541666666666667 0.03564814814814815
0 0.7395833333333334 0.325 0.013541666666666667 0.03564814814814815
0 0.6421875 0.14305555555555555 0.0046875 0.0060185185185185185
0 0.5708333333333333 0.3037037037037037 0.013541666666666667 0.03564814814814815
0 0.6747395833333333 0.2972222222222222 0.013541666666666667 0.03564814814814815
0 0.6393229166666666 0.399537037037037 0.013541666666666667 0.03564814814814815
0 0.5278645833333333 0.3175925925925926 0.013541666666666667 0.03564814814814815
0 0.8802083333333334 0.425 0.03984375 0.10833333333333334
0 0.3953125 0.6555555555555556 0.015364583333333333 0.044444444444444446
0 0.16536458333333334 0.3143518518518518 0.011979166666666667 0.032407407407407406
