0 0.7859477124183006 0.8799019607843137 0.011437908496732025 0.014705882352941176
0 0.5245098039215687 0.6446078431372549 0.004901960784313725 0.007352941176470588
0 0.5604575163398693 0.7377450980392157 0.004901960784313725 0.00980392156862745
0 0.6388888888888888 0.7745098039215687 0.004901960784313725 0.00980392156862745
0 0.5882352941176471 0.8872549019607843 0.011437908496732025 0.014705882352941176
0 0.5800653594771242 0.6519607843137255 0.004901960784313725 0.007352941176470588
0 0.553921568627451 0.6764705882352942 0.004901960784313725 0.007352941176470588
0 0.6764705882352942 0.8970588235294118 0.011437908496732025 0.014705882352941176
0 0.43137254901960786 0.7450980392156863 0.004901960784313725 0.00980392156862745
0 0.5931372549019608 0.7769607843137255 0.004901960784313725 0.00980392156862745
0 0.1895424836601307 0.9411764705882353 0.011437908496732025 0.014705882352941176
0 0.49019607843137253 0.8627450980392157 0.011437908496732025 0.014705882352941176
0 0.37745098039215685 0.8774509803921569 0.011437908496732025 0.014705882352941176
0 0.5277777777777778 0.6053921568627451 0.004901960784313725 0.007352941176470588
0 0.5245098039215687 0.6274509803921569 0.004901960784313725 0.007352941176470588
0 0.8333333333333334 0.9068627450980392 0.011437908496732025 0.014705882352941176
0 0.5620915032679739 0.7745098039215687 0.004901960784313725 0.00980392156862745
0 0.49019607843137253 0.7352941176470589 0.004901960784313725 0.00980392156862745
0 0.4722222222222222 0.7230392156862745 0.004901960784313725 0.00980392156862745
0 0.5343137254901961 0.75 0.004901960784313725 0.00980392156862745
0 0.39705882352941174 0.7549019607843137 0.004901960784313725 0.00980392156862745
0 0.4084967320261438 0.7549019607843137 0.004901960784313725 0.00980392156862745
0 0.6405228758169934 0.8553921568627451 0.011437908496732025 0.014705882352941176
0 0.36764705882352944 0.7867647058823529 0.004901960784313725 0.00980392156862745
0 0.5555555555555556 0.6446078431372549 0.004901960784313725 0.007352941176470588
0 0.5816993464052288 0.8112745098039216 0.004901960784313725 0.00980392156862745
0 0.2826797385620915 0.7818627450980392 0.004901960784313725 0.00980392156862745
0 0.5261437908496732 0.6617647058823529 0.004901960784313725 0.007352941176470588
0 0.5473856209150327 0.6151960784313726 0.004901960784313725 0.007352941176470588
0 0.6699346405228758 0.8235294117647058 0.004901960784313725 0.00980392156862745
0 0.4117647058823529 0.6740196078431373 0.004901960784313725 0.007352941176470588
0 0.6176470588235294 0.8088235294117647 0.004901960784313725 0.00980392156862745
0 0.7287581699346405 0.8529411764705882 0.011437908496732025 0.014705882352941176
0 0.5343137254901961 0.6568627450980392 0.004901960784313725 0.007352941176470588
0 0.5212418300653595 0.7205882352941176 0.004901960784313725 0.00980392156862745
0 0.22875816993464052 0.9534313725490197 0.011437908496732025 0.014705882352941176
0 0.5637254901960784 0.6740196078431373 0.004901960784313725 0.007352941176470588
0 0.5718954248366013 0.7524509803921569 0.004901960784313725 0.00980392156862745
0 0.12581699346405228 0.8431372549019608 0.011437908496732025 0.014705882352941176
0 0.44281045751633985 0.696078431372549 0.004901960784313725 0.007352941176470588
0 0.5408496732026143 0.7843137254901961 0.004901960784313725 0.00980392156862745
0 0.24673202614379086 0.946078431372549 0.011437908496732025 0.014705882352941176
0 0.41830065359477125 0.7573529411764706 0.004901960784313725 0.00980392156862745
0 0.3872549019607843 0.7965686274509803 0.004901960784313725 0.00980392156862745
0 0.6584967320261438 0.8235294117647058 0.004901960784313725 0.00980392156862745
0 0.5375816993464052 0.6299019607843137 0.004901960784313725 0.007352941176470588
0 0.5392156862745098 0.7671568627450981 0.004901960784313725 0.00980392156862745
0 0.14705882352941177 0.7647058823529411 0.004901960784313725 0.00980392156862745
0 0.8088235294117647 0.9215686274509803 0.011437908496732025 0.014705882352941176
0 0.4738562091503268 0.7181372549019608 0.004901960784313725 0.00980392156862745
0 0.39215686274509803 0.7990196078431373 0.004901960784313725 0.00980392156862745
0 0.6045751633986928 0.8970588235294118 0.011437908496732025 0.014705882352941176
0 0.20751633986928106 0.9436274509803921 0.011437908496732025 0.014705882352941176
0 0.5032679738562091 0.6200980392156863 0.004901960784313725 0.007352941176470588
0 0.6045751633986928 0.7794117647058824 0.004901960784313725 0.00980392156862745
0 0.5555555555555556 0.6764705882352942 0.004901960784313725 0.007352941176470588
0 0.5130718954248366 0.6691176470588235 0.004901960784313725 0.007352941176470588
0 0.3284313725490196 0.8799019607843137 0.011437908496732025 0.014705882352941176
0 0.45751633986928103 0.7156862745098039 0.004901960784313725 0.00980392156862745
0 0.41830065359477125 0.7818627450980392 0.004901960784313725 0.00980392156862745
0 0.4166666666666667 0.8529411764705882 0.011437908496732025 0.014705882352941176
0 0.5588235294117647 0.8112745098039216 0.004901960784313725 0.00980392156862745
0 0.4019607843137255 0.7524509803921569 0.004901960784313725 0.00980392156862745
0 0.5800653594771242 0.6642156862745098 0.004901960784313725 0.007352941176470588
0 0.4477124183006536 0.9117647058823529 0.011437908496732025 0.014705882352941176
0 0.45751633986928103 0.678921568627451 0.004901960784313725 0.007352941176470588
0 0.11601307189542484 0.8431372549019608 0.011437908496732025 0.014705882352941176
0 0.42320261437908496 0.8333333333333334 0.011437908496732025 0.014705882352941176
0 0.28431372549019607 0.9558823529411765 0.011437908496732025 0.014705882352941176
0 0.39215686274509803 0.8529411764705882 0.011437908496732025 0.014705882352941176
0 0.5130718954248366 0.7426470588235294 0.004901960784313725 0.00980392156862745
0 0.3104575163398693 0.8676470588235294 0.011437908496732025 0.014705882352941176
0 0.8218954248366013 0.9215686274509803 0.011437908496732025 0.014705882352941176
0 0.45751633986928103 0.7401960784313726 0.004901960784313725 0.00980392156862745
0 0.32516339869281047 0.928921568627451 0.011437908496732025 0.014705882352941176
0 0.4297385620915033 0.6911764705882353 0.004901960784313725 0.007352941176470588
0 0.8496732026143791 0.9166666666666666 0.011437908496732025 0.014705882352941176
0 0.5555555555555556 0.625 0.004901960784313725 0.007352941176470588
0 0.3611111111111111 0.9264705882352942 0.011437908496732025 0.014705882352941176
0 0.5441176470588235 0.8578431372549019 0.011437908496732025 0.014705882352941176
0 0.5212418300653595 0.7475490196078431 0.004901960784313725 0.00980392156862745
0 0.5441176470588235 0.8014705882352942 0.004901960784313725 0.00980392156862745
0 0.5784313725490197 0.8553921568627451 0.011437908496732025 0.014705882352941176
0 0.5669934640522876 0.7377450980392157 0.004901960784313725 0.00980392156862745
0 0.5375816993464052 0.8137254901960784 0.004901960784313725 0.00980392156862745
0 0.6258169934640523 0.8848039215686274 0.011437908496732025 0.014705882352941176
0 0.44281045751633985 0.7794117647058824 0.004901960784313725 0.00980392156862745
0 0.43300653594771243 0.8627450980392157 0.011437908496732025 0.014705882352941176
0 0.16176470588235295 0.8357843137254902 0.011437908496732025 0.014705882352941176
0 0.43137254901960786 0.8382352941176471 0.011437908496732025 0.014705882352941176
0 0.46078431372549017 0.9166666666666666 0.011437908496732025 0.014705882352941176
0 0.40522875816993464 0.8308823529411765 0.011437908496732025 0.014705882352941176
0 0.06699346405228758 0.9411764705882353 0.011437908496732025 0.014705882352941176
0 0.619281045751634 0.9215686274509803 0.011437908496732025 0.014705882352941176
0 0.5196078431372549 0.6446078431372549 0.004901960784313725 0.007352941176470588
0 0.8088235294117647 0.8480392156862745 0.011437908496732025 0.014705882352941176
0 0.1650326797385621 0.7769607843137255 0.004901960784313725 0.00980392156862745
0 0.5555555555555556 0.7328431372549019 0.004901960784313725 0.00980392156862745
0 0.5735294117647058 0.8676470588235294 0.011437908496732025 0.014705882352941176
0 0.41830065359477125 0.7965686274509803 0.004901960784313725 0.00980392156862745
0 0.553921568627451 0.5833333333333334 0.004901960784313725 0.007352941176470588
0 0.5130718954248366 0.8137254901960784 0.004901960784313725 0.00980392156862745
0 0.6813725490196079 0.8259803921568627 0.008169934640522876 0.012254901960784314
0 0.09313725490196079 0.9387254901960784 0.011437908496732025 0.014705882352941176
0 0.3562091503267974 0.8602941176470589 0.011437908496732025 0.014705882352941176
0 0.7663398692810458 0.8553921568627451 0.011437908496732025 0.014705882352941176
0 0.12745098039215685 0.9338235294117647 0.011437908496732025 0.014705882352941176
0 0.5964052287581699 0.8651960784313726 0.011437908496732025 0.014705882352941176
0 0.5441176470588235 0.6544117647058824 0.004901960784313725 0.007352941176470588
0 0.5441176470588235 0.6642156862745098 0.004901960784313725 0.007352941176470588
0 0.5915032679738562 0.8553921568627451 0.011437908496732025 0.014705882352941176
0 0.5 0.7328431372549019 0.004901960784313725 0.00980392156862745
0 0.5866013071895425 0.7769607843137255 0.004901960784313725 0.00980392156862745
0 0.7973856209150327 0.8627450980392157 0.011437908496732025 0.014705882352941176
0 0.5441176470588235 0.6151960784313726 0.004901960784313725 0.007352941176470588
0 0.5718954248366013 0.7230392156862745 0.004901960784313725 0.00980392156862745
0 0.6454248366013072 0.7843137254901961 0.004901960784313725 0.00980392156862745
0 0.5032679738562091 0.6568627450980392 0.004901960784313725 0.007352941176470588
0 0.4133986928104575 0.6911764705882353 0.004901960784313725 0.007352941176470588
0 0.5669934640522876 0.8112745098039216 0.004901960784313725 0.00980392156862745
0 0.8578431372549019 0.9068627450980392 0.011437908496732025 0.014705882352941176
0 0.7875816993464052 0.8553921568627451 0.011437908496732025 0.014705882352941176
0 0.06045751633986928 0.9558823529411765 0.011437908496732025 0.014705882352941176
0 0.5555555555555556 0.6029411764705882 0.004901960784313725 0.007352941176470588
0 0.5163398692810458 0.8651960784313726 0.011437908496732025 0.014705882352941176
0 0.5 0.8137254901960784 0.004901960784313725 0.00980392156862745
0 0.5555555555555556 0.8112745098039216 0.004901960784313725 0.00980392156862745
0 0.5261437908496732 0.7279411764705882 0.004901960784313725 0.00980392156862745
