0 0.976 0.2983508245877061 0.053 0.08395802098950525
0 0.507 0.05547226386806597 0.047 0.06896551724137931
0 0.114 0.08695652173913043 0.047 0.06896551724137931
0 0.672 0.30884557721139433 0.053 0.08395802098950525
0 0.618 0.4002998500749625 0.054 0.08095952023988005
0 0.347 0.6296851574212894 0.039 0.0704647676161919
0 0.388 0.01649175412293853 0.048 0.044977511244377814
0 0.774 0.4407796101949025 0.054 0.08095952023988005
0 0.475 0.3073463268365817 0.053 0.08395802098950525
0 0.008 0.5322338830584707 0.022 0.0944527736131934
0 0.231 0.2098950524737631 0.053 0.08395802098950525
0 0.253 0.545727136431784 0.054 0.08095952023988005
0 0.436 0.6701649175412294 0.039 0.0704647676161919
0 0.513 0.638680659670165 0.043 0.06746626686656672
0 0.394 0.17391304347826086 0.053 0.08395802098950525
0 0.97 0.034482758620689655 0.047 0.06896551724137931
0 0.461 0.6596701649175413 0.039 0.0704647676161919
0 0.37 0.4302848575712144 0.054 0.08095952023988005
0 0.249 0.4077961019490255 0.054 0.08095952023988005
0 0.744 0.5112443778110944 0.054 0.08095952023988005
0 0.901 0.2098950524737631 0.053 0.08395802098950525
0 0.849 0.035982008995502246 0.047 0.06896551724137931
0 0.494 0.42128935532233885 0.054 0.08095952023988005
0 0.945 0.46326836581709147 0.054 0.08095952023988005
0 0.212 0.095952023988006 0.047 0.06896551724137931
0 0.828 0.4527736131934033 0.054 0.08095952023988005
0 0.729 0.053973013493253376 0.047 0.06896551724137931
0 0.135 0.5502248875562219 0.054 0.08095952023988005
0 0.903 0.4497751124437781 0.054 0.08095952023988005
0 0.547 0.6626686656671664 0.063 0.12743628185907047
0 0.172 0.27436281859070466 0.053 0.08395802098950525
0 0.589 0.5307346326836582 0.054 0.08095952023988005
0 0.578 0.3193403298350825 0.053 0.08395802098950525
0 0.69 0.5082458770614693 0.054 0.08095952023988005
0 0.328 0.28785607196401797 0.053 0.08395802098950525
0 0.096 0.4497751124437781 0.054 0.08095952023988005
0 0.375 0.5802098950524738 0.039 0.0704647676161919
0 0.796 0.23388305847076463 0.053 0.08395802098950525
0 0.535 0.15442278860569716 0.047 0.06896551724137931
0 0.728 0.1634182908545727 0.053 0.08395802098950525
0 0.307 0.11694152923538231 0.047 0.06896551724137931
