0 0.03299492385786802 0.0524822695035461 0.008629441624365483 0.015602836879432624
0 0.5583756345177665 0.18936170212765957 0.0583756345177665 0.10212765957446808
0 0.8893401015228426 0.06099290780141844 0.01015228426395939 0.019858156028368795
0 0.05431472081218274 0.10921985815602837 0.012182741116751269 0.01702127659574468
0 0.6654822335025381 0.00851063829787234 0.009137055837563452 0.01702127659574468
0 0.05888324873096447 0.2404255319148936 0.049238578680203045 0.07021276595744681
0 0.667005076142132 0.37446808510638296 0.11928934010152284 0.22624113475177304
0 0.12741116751269035 0.19290780141843972 0.012182741116751269 0.01702127659574468
0 0.8147208121827412 0.14113475177304965 0.028426395939086295 0.05177304964539007
0 0.9918781725888325 0.06808510638297872 0.009644670050761422 0.018439716312056736
0 0.6878172588832487 0.18723404255319148 0.0583756345177665 0.10212765957446808
0 0.5614213197969543 0.04184397163120567 0.01015228426395939 0.019858156028368795
0 0.7553299492385787 0.20567375886524822 0.0583756345177665 0.10212765957446808
0 0.5152284263959391 0.07234042553191489 0.01015228426395939 0.019858156028368795
0 0.4868020304568528 0.05390070921985816 0.01015228426395939 0.019858156028368795
0 0.37817258883248733 0.4460992907801418 0.14416243654822336 0.28368794326241137
0 0.2593908629441624 0.4375886524822695 0.14416243654822336 0.28368794326241137
0 0.27563451776649744 0.004964539007092199 0.009137055837563452 0.01702127659574468
0 0.10050761421319797 0.18156028368794327 0.012182741116751269 0.01702127659574468
0 0.12030456852791878 0.03971631205673759 0.008629441624365483 0.015602836879432624
0 0.6243654822335025 0.03687943262411347 0.01015228426395939 0.019858156028368795
0 0.0025380710659898475 0.07375886524822695 0.009137055837563452 0.015602836879432624
0 0.9954314720812183 0.032624113475177303 0.009137055837563452 0.01773049645390071
0 0.5360406091370559 0.03971631205673759 0.01015228426395939 0.019858156028368795
0 0.4446700507614213 0.10283687943262411 0.012182741116751269 0.02198581560283688
0 0.2715736040609137 0.03049645390070922 0.009137055837563452 0.01702127659574468
0 0.5913705583756346 0.0425531914893617 0.01015228426395939 0.019858156028368795
0 0.8761421319796955 0.1475177304964539 0.028426395939086295 0.05177304964539007
0 0.07918781725888324 0.12127659574468085 0.012182741116751269 0.01702127659574468
0 0.132994923857868 0.04822695035460993 0.008629441624365483 0.015602836879432624
0 0.027918781725888325 0.16028368794326242 0.012182741116751269 0.01702127659574468
0 0.6263959390862944 0.08014184397163121 0.012182741116751269 0.02198581560283688
0 0.7543147208121828 0.024113475177304965 0.009137055837563452 0.01702127659574468
0 0.7761421319796954 0.04964539007092199 0.01015228426395939 0.019858156028368795
0 0.09593908629441625 0.15106382978723404 0.012182741116751269 0.01702127659574468
0 0.7091370558375635 0.0070921985815602835 0.009137055837563452 0.01702127659574468
0 0.9954314720812183 0.004964539007092199 0.009644670050761422 0.018439716312056736
0 0.9812182741116752 0.20638297872340425 0.0715736040609137 0.11205673758865248
0 0.8548223350253807 0.03971631205673759 0.01015228426395939 0.019858156028368795
0 0.5868020304568528 0.2049645390070922 0.0583756345177665 0.10212765957446808
0 0.05228426395939086 0.04397163120567376 0.008629441624365483 0.015602836879432624
0 0.3299492385786802 0.09574468085106383 0.012182741116751269 0.02198581560283688
0 0.8857868020304569 0.01773049645390071 0.009137055837563452 0.01702127659574468
0 0.7395939086294416 0.13191489361702127 0.012182741116751269 0.02198581560283688
0 0.29035532994923857 0.08226950354609928 0.01015228426395939 0.019858156028368795
0 0.18071065989847715 0.00425531914893617 0.009137055837563452 0.01702127659574468
0 0.8847715736040609 0.3971631205673759 0.14416243654822336 0.28368794326241137
0 0.07563451776649746 0.03971631205673759 0.008629441624365483 0.015602836879432624
0 0.5472081218274112 0.01702127659574468 0.009137055837563452 0.01702127659574468
0 0.4934010152284264 0.024113475177304965 0.009137055837563452 0.01702127659574468
0 0.18527918781725888 0.1148936170212766 0.008629441624365483 0.015602836879432624
0 0.233502538071066 0.07943262411347518 0.008629441624365483 0.015602836879432624
0 0.06192893401015229 0.0851063829787234 0.008629441624365483 0.015602836879432624
0 0.29593908629441623 0.11702127659574468 0.012182741116751269 0.02198581560283688
0 0.8416243654822335 0.012056737588652482 0.009137055837563452 0.01702127659574468
0 0.006598984771573604 0.09361702127659574 0.008629441624365483 0.015602836879432624
0 0.5979695431472081 0.012056737588652482 0.009137055837563452 0.01702127659574468
0 0.05786802030456853 0.19290780141843972 0.012182741116751269 0.01702127659574468
0 0.5928934010152285 0.07234042553191489 0.01015228426395939 0.019858156028368795
0 0.332994923857868 0.014893617021276596 0.009137055837563452 0.01702127659574468
0 0.12284263959390863 0.12127659574468085 0.012182741116751269 0.01702127659574468
0 0.05177664974619289 0.062411347517730496 0.008629441624365483 0.015602836879432624
0 0.26954314720812184 0.24822695035460993 0.06446700507614213 0.13049645390070921
0 0.009644670050761422 0.02056737588652482 0.008629441624365483 0.015602836879432624
0 0.09289340101522843 0.08368794326241134 0.008629441624365483 0.015602836879432624
0 0.7898477157360406 0.12127659574468085 0.028426395939086295 0.05177304964539007
0 0.02081218274111675 0.06595744680851064 0.008629441624365483 0.015602836879432624
0 0.1299492385786802 0.07092198581560284 0.008629441624365483 0.015602836879432624
0 0.5776649746192893 0.09858156028368795 0.012182741116751269 0.02198581560283688
0 0.9598984771573604 0.029787234042553193 0.009137055837563452 0.01702127659574468
0 0.47715736040609136 0.036170212765957444 0.01015228426395939 0.019858156028368795
0 0.17868020304568527 0.019148936170212766 0.009137055837563452 0.01702127659574468
0 0.9060913705583756 0.18439716312056736 0.0583756345177665 0.10212765957446808
0 0.6695431472081218 0.06099290780141844 0.01015228426395939 0.019858156028368795
0 0.28883248730964467 0.04326241134751773 0.01015228426395939 0.019858156028368795
0 0.5208121827411167 0.018439716312056736 0.009137055837563452 0.01702127659574468
0 0.3030456852791878 0.17588652482269504 0.03654822335025381 0.06879432624113475
0 0.46294416243654823 0.19361702127659575 0.0583756345177665 0.10212765957446808
0 0.8010152284263959 0.04964539007092199 0.01015228426395939 0.019858156028368795
0 0.46751269035532994 0.6758865248226951 0.14416243654822336 0.28368794326241137
0 0.665989847715736 0.08581560283687943 0.012182741116751269 0.02198581560283688
0 0.32284263959390863 0.03475177304964539 0.01015228426395939 0.019858156028368795
0 0.29898477157360404 0.015602836879432624 0.009137055837563452 0.01702127659574468
0 0.07817258883248732 0.40638297872340423 0.14923857868020304 0.16170212765957448
0 0.49593908629441624 0.0035460992907801418 0.009137055837563452 0.01702127659574468
0 0.9675126903553299 0.06312056737588652 0.01015228426395939 0.019858156028368795
0 0.5751269035532995 0.15886524822695036 0.0583756345177665 0.10212765957446808
0 0.9243654822335026 0.015602836879432624 0.009137055837563452 0.01702127659574468
0 0.1862944162436548 0.04113475177304964 0.008629441624365483 0.015602836879432624
0 0.008121827411167513 0.16808510638297872 0.012182741116751269 0.01702127659574468
0 0.8543147208121827 0.09858156028368795 0.012182741116751269 0.02198581560283688
0 0.10710659898477157 0.05602836879432624 0.008629441624365483 0.015602836879432624
0 0.917258883248731 0.12907801418439716 0.028426395939086295 0.05177304964539007
0 0.18883248730964466 0.35602836879432626 0.04365482233502538 0.0950354609929078
0 0.03147208121827411 0.13546099290780142 0.012182741116751269 0.01702127659574468
0 0.03147208121827411 0.1127659574468085 0.012182741116751269 0.01702127659574468
0 0.5802030456852791 0.34113475177304964 0.06446700507614213 0.13049645390070921
0 0.7370558375634517 0.29858156028368793 0.07258883248730964 0.13049645390070921
0 0.1847715736040609 0.2815602836879433 0.06446700507614213 0.13049645390070921
0 0.9421319796954315 0.06382978723404255 0.01015228426395939 0.019858156028368795
0 0.9598984771573604 0.00425531914893617 0.009137055837563452 0.01702127659574468
0 0.02081218274111675 0.007801418439716312 0.009137055837563452 0.01702127659574468
0 0.183248730964467 0.1773049645390071 0.009137055837563452 0.015602836879432624
0 0.8934010152284264 0.251063829787234 0.08121827411167512 0.1127659574468085
0 0.06142131979695432 0.004964539007092199 0.009137055837563452 0.01702127659574468
0 0.20101522842639594 0.004964539007092199 0.009137055837563452 0.01702127659574468
0 0.09137055837563451 0.10212765957446808 0.008629441624365483 0.015602836879432624
0 0.03807106598984772 0.28085106382978725 0.049238578680203045 0.07021276595744681
0 0.10253807106598985 0.12482269503546099 0.012182741116751269 0.01702127659574468
0 0.7690355329949239 0.00425531914893617 0.009137055837563452 0.01702127659574468
0 0.06040609137055838 0.018439716312056736 0.009137055837563452 0.01702127659574468
0 0.14365482233502538 0.028368794326241134 0.008629441624365483 0.015602836879432624
0 0.6269035532994924 0.15460992907801419 0.0583756345177665 0.10212765957446808
0 0.7355329949238578 0.1794326241134752 0.0583756345177665 0.10212765957446808
0 0.5451776649746193 0.0673758865248227 0.01015228426395939 0.019858156028368795
0 0.20101522842639594 0.08865248226950355 0.008629441624365483 0.015602836879432624
0 0.8101522842639594 0.20709219858156028 0.0583756345177665 0.10212765957446808
0 0.13807106598984772 0.3056737588652482 0.06446700507614213 0.13049645390070921
0 0.3131979695431472 0.1 0.012182741116751269 0.02198581560283688
0 0.03299492385786802 0.19078014184397163 0.012182741116751269 0.01702127659574468
0 0.1131979695431472 0.07659574468085106 0.008629441624365483 0.015602836879432624
0 0.8695431472081219 0.1794326241134752 0.0583756345177665 0.10212765957446808
0 0.23147208121827412 0.10638297872340426 0.008629441624365483 0.015602836879432624
0 0.8807106598984772 0.06382978723404255 0.01015228426395939 0.019858156028368795
0 0.1949238578680203 0.13829787234042554 0.008629441624365483 0.015602836879432624
0 0.008121827411167513 0.19574468085106383 0.012182741116751269 0.01702127659574468
0 0.20406091370558377 0.19858156028368795 0.02233502538071066 0.04397163120567376
0 0.5624365482233502 0.1347517730496454 0.012182741116751269 0.02198581560283688
0 0.01065989847715736 0.13829787234042554 0.012182741116751269 0.01702127659574468
0 0.35583756345177664 0.018439716312056736 0.009137055837563452 0.01702127659574468
0 0.3050761421319797 0.00425531914893617 0.009137055837563452 0.01702127659574468
0 0.3522842639593909 0.3177304964539007 0.06446700507614213 0.13049645390070921
0 0.918274111675127 0.03546099290780142 0.01015228426395939 0.019858156028368795
0 0.31421319796954317 0.06808510638297872 0.01015228426395939 0.019858156028368795
0 0.06548223350253807 0.15886524822695036 0.012182741116751269 0.01702127659574468
0 0.6857868020304568 0.029787234042553193 0.009137055837563452 0.01702127659574468
0 0.008629441624365483 0.5907801418439717 0.05685279187817259 0.1
0 0.5137055837563452 0.009929078014184398 0.009137055837563452 0.01702127659574468
0 0.013197969543147208 0.0524822695035461 0.008629441624365483 0.015602836879432624
0 0.008121827411167513 0.0035460992907801418 0.008629441624365483 0.015602836879432624
0 0.35939086294416245 0.19361702127659575 0.0583756345177665 0.10212765957446808
0 0.22436548223350253 0.006382978723404255 0.009137055837563452 0.01702127659574468
0 0.534010152284264 0.12978723404255318 0.012182741116751269 0.02198581560283688
0 0.4573604060913706 0.0524822695035461 0.01015228426395939 0.019858156028368795
0 0.20812182741116753 0.10709219858156029 0.008629441624365483 0.015602836879432624
0 0.6416243654822334 0.012056737588652482 0.009137055837563452 0.01702127659574468
0 0.33604060913705586 0.07092198581560284 0.01015228426395939 0.019858156028368795
0 0.8406091370558376 0.11631205673758865 0.028426395939086295 0.05177304964539007
0 0.15939086294416244 0.04113475177304964 0.008629441624365483 0.015602836879432624
0 0.23248730964467004 0.23333333333333334 0.03654822335025381 0.07304964539007092
0 0.5786802030456852 0.014184397163120567 0.009137055837563452 0.01702127659574468
0 0.601015228426396 0.08439716312056737 0.012182741116751269 0.02198581560283688
0 0.21065989847715735 0.13333333333333333 0.008629441624365483 0.015602836879432624
0 0.5517766497461929 0.09929078014184398 0.012182741116751269 0.02198581560283688
0 0.09289340101522843 0.03971631205673759 0.008629441624365483 0.015602836879432624
0 0.4619289340101523 0.34184397163120567 0.09187817258883249 0.18085106382978725
0 0.08223350253807106 0.2453900709219858 0.049238578680203045 0.07021276595744681
0 0.8055837563451776 0.07021276595744681 0.01015228426395939 0.019858156028368795
0 0.07309644670050762 0.21631205673758866 0.049238578680203045 0.07021276595744681
0 0.007106598984771574 0.2900709219858156 0.030456852791878174 0.04326241134751773
0 0.7243654822335025 0.3680851063829787 0.07258883248730964 0.13049645390070921
0 0.7197969543147208 0.011347517730496455 0.009137055837563452 0.01702127659574468
0 0.14771573604060914 0.2624113475177305 0.06446700507614213 0.13049645390070921
0 0.3715736040609137 0.08794326241134752 0.012182741116751269 0.02198581560283688
0 0.8197969543147208 0.10212765957446808 0.012182741116751269 0.02198581560283688
0 0.5020304568527919 0.14893617021276595 0.05177664974619289 0.09929078014184398
0 0.8060913705583757 0.015602836879432624 0.009137055837563452 0.01702127659574468
0 0.04619289340101523 0.08936170212765958 0.008629441624365483 0.015602836879432624
0 0.9878172588832488 0.5631205673758866 0.14416243654822336 0.28368794326241137
0 0.42741116751269037 0.1226950354609929 0.012182741116751269 0.02198581560283688
0 0.41725888324873095 0.075177304964539 0.01015228426395939 0.019858156028368795
0 0.04314720812182741 0.01702127659574468 0.009137055837563452 0.01702127659574468
0 0.07563451776649746 0.06382978723404255 0.008629441624365483 0.015602836879432624
0 0.9081218274111675 0.06382978723404255 0.01015228426395939 0.019858156028368795
0 0.15736040609137056 0.06666666666666667 0.008629441624365483 0.015602836879432624
0 0.0751269035532995 0.005673758865248227 0.009137055837563452 0.01702127659574468
0 0.4781725888324873 0.08297872340425531 0.012182741116751269 0.02198581560283688
0 0.8314720812182741 0.07659574468085106 0.01015228426395939 0.019858156028368795
