0 0.9866666666666667 0.4177777777777778 0.07666666666666666 0.17629629629629628
0 0.5058333333333334 0.4725925925925926 0.07666666666666666 0.17629629629629628
0 0.4041666666666667 0.09777777777777778 0.0475 0.09333333333333334
0 0.56 0.045925925925925926 0.0475 0.09333333333333334
0 0.8091666666666667 0.30814814814814817 0.056666666666666664 0.11851851851851852
0 0.2475 0.08148148148148149 0.0475 0.09333333333333334
0 0.7008333333333333 0.6044444444444445 0.07666666666666666 0.17629629629629628
0 0.27 0.6177777777777778 0.07666666666666666 0.17629629629629628
0 0.1275 0.2903703703703704 0.056666666666666664 0.11851851851851852
0 0.1075 0.48444444444444446 0.07666666666666666 0.17629629629629628
0 0.42916666666666664 0.42074074074074075 0.07666666666666666 0.17629629629629628
0 0.2425 0.2237037037037037 0.056666666666666664 0.11851851851851852
0 0.42333333333333334 0.15555555555555556 0.056666666666666664 0.11851851851851852
0 0.28833333333333333 0.4725925925925926 0.07666666666666666 0.17629629629629628
0 0.76 0.08148148148148149 0.0475 0.09333333333333334
0 0.8666666666666667 0.023703703703703703 0.03833333333333333 0.08592592592592592
0 0.6516666666666666 0.4414814814814815 0.07666666666666666 0.17629629629629628
0 0.5941666666666666 0.2474074074074074 0.056666666666666664 0.11851851851851852
0 0.8975 0.6207407407407407 0.07666666666666666 0.17629629629629628
