0 0.3825 0.557 0.0075 0.017
0 0.6615 0.568 0.0075 0.017
0 0.568 0.603 0.0075 0.017
0 0.5005 0.428 0.005 0.013
0 0.5905 0.441 0.005 0.013
0 0.611 0.175 0.0065 0.015
0 0.297 0.175 0.006 0.017
0 0.286 0.163 0.006 0.017
0 0.47 0.567 0.0075 0.017
0 0.562 0.505 0.005 0.013
0 0.48 0.513 0.005 0.013
0 0.544 0.842 0.014 0.036
0 0.3645 0.596 0.0075 0.017
0 0.3685 0.579 0.0075 0.017
0 0.3925 0.642 0.0075 0.017
0 0.5775 0.777 0.0095 0.021
0 0.5305 0.648 0.0075 0.017
0 0.2985 0.849 0.014 0.036
0 0.4545 0.181 0.0055 0.015
0 0.514 0.49 0.005 0.013
0 0.2725 0.166 0.006 0.017
0 0.333 0.167 0.006 0.017
0 0.5475 0.165 0.0085 0.022
0 0.5385 0.579 0.0075 0.017
0 0.3735 0.167 0.006 0.017
0 0.429 0.432 0.005 0.013
0 0.41 0.432 0.005 0.013
0 0.5385 0.663 0.0075 0.017
0 0.461 0.459 0.005 0.013
0 0.6725 0.163 0.0065 0.017
0 0.594 0.192 0.0065 0.015
0 0.5345 0.494 0.005 0.013
0 0.6055 0.782 0.0095 0.021
0 0.5165 0.558 0.0075 0.017
0 0.6055 0.548 0.0075 0.017
0 0.3975 0.228 0.0055 0.016
0 0.1695 0.158 0.0085 0.025
0 0.377 0.172 0.006 0.017
0 0.6195 0.175 0.0065 0.015
0 0.456 0.644 0.0075 0.017
0 0.533 0.182 0.0055 0.015
0 0.528 0.504 0.005 0.013
0 0.38 0.859 0.014 0.036
0 0.5125 0.222 0.0055 0.015
0 0.464 0.472 0.005 0.013
0 0.5275 0.182 0.0055 0.015
0 0.217 0.984 0.014 0.036
0 0.5125 0.673 0.0075 0.017
0 0.25 0.16 0.006 0.017
0 0.539 0.434 0.005 0.013
0 0.5195 0.427 0.005 0.013
0 0.345 0.181 0.006 0.017
0 0.6175 0.703 0.0095 0.021
0 0.595 0.482 0.005 0.013
0 0.765 0.957 0.014 0.036
0 0.545 0.441 0.005 0.013
0 0.4015 0.895 0.014 0.036
0 0.6325 0.703 0.0095 0.021
0 0.301 0.939 0.014 0.036
0 0.529 0.216 0.0055 0.015
0 0.435 0.632 0.0075 0.017
0 0.6655 0.715 0.0095 0.021
0 0.422 0.443 0.005 0.013
0 0.26 0.167 0.006 0.017
0 0.643 0.162 0.0065 0.017
0 0.3245 0.16 0.006 0.017
0 0.5885 0.556 0.0075 0.017
0 0.589 0.573 0.0075 0.017
0 0.5405 0.564 0.0075 0.017
0 0.2325 0.869 0.014 0.036
0 0.3775 0.722 0.0095 0.021
0 0.2355 0.946 0.014 0.036
0 0.6215 0.469 0.005 0.013
0 0.549 0.568 0.0075 0.017
0 0.4975 0.462 0.005 0.013
0 0.509 0.557 0.0075 0.017
0 0.5555 0.707 0.0095 0.021
0 0.668 0.569 0.0075 0.017
0 0.5565 0.578 0.0075 0.017
0 0.5875 0.702 0.0095 0.021
0 0.245 0.186 0.006 0.017
0 0.2765 0.172 0.006 0.017
0 0.532 0.444 0.005 0.013
0 0.143 0.174 0.0085 0.025
0 0.4455 0.651 0.0075 0.017
0 0.098 0.171 0.0085 0.025
0 0.6645 0.672 0.0075 0.017
0 0.6335 0.672 0.0075 0.017
0 0.4725 0.468 0.005 0.013
0 0.3035 0.815 0.0095 0.021
0 0.422 0.459 0.005 0.013
0 0.5435 0.569 0.0075 0.017
0 0.4545 0.229 0.0055 0.015
0 0.4875 0.651 0.0075 0.017
0 0.3375 0.678 0.008 0.018
0 0.6435 0.566 0.0075 0.017
0 0.4665 0.181 0.0055 0.015
0 0.5285 0.435 0.005 0.013
0 0.35 0.618 0.0075 0.017
0 0.508 0.64 0.0075 0.017
0 0.0705 0.165 0.0085 0.025
0 0.558 0.16 0.0085 0.022
0 0.4055 0.184 0.0055 0.015
0 0.2865 0.176 0.006 0.017
0 0.4525 0.869 0.014 0.036
0 0.7065 0.17 0.0065 0.017
0 0.4015 0.176 0.0055 0.016
0 0.4775 0.181 0.0055 0.015
0 0.492 0.171 0.0055 0.015
0 0.4125 0.448 0.005 0.013
0 0.612 0.525 0.005 0.013
0 0.5665 0.577 0.0075 0.017
0 0.204 0.155 0.0065 0.019
0 0.1865 0.957 0.014 0.036
0 0.468 0.509 0.005 0.013
0 0.4425 0.481 0.005 0.013
0 0.436 0.177 0.0055 0.015
0 0.6375 0.522 0.005 0.013
0 0.477 0.529 0.005 0.013
0 0.4695 0.667 0.0075 0.017
0 0.566 0.427 0.005 0.013
0 0.4185 0.472 0.005 0.013
0 0.6035 0.489 0.005 0.013
0 0.3975 0.445 0.005 0.013
0 0.4195 0.204 0.0055 0.015
0 0.3995 0.545 0.0075 0.017
0 0.4415 0.673 0.0075 0.017
0 0.2655 0.869 0.014 0.036
0 0.538 0.476 0.005 0.013
0 0.3305 0.881 0.014 0.036
0 0.713 0.934 0.014 0.036
0 0.117 0.162 0.0085 0.025
0 0.7235 0.174 0.0065 0.017
0 0.5475 0.484 0.005 0.013
0 0.6735 0.18 0.0065 0.017
0 0.5505 0.464 0.005 0.013
0 0.4635 0.498 0.005 0.013
0 0.6505 0.568 0.0075 0.017
0 0.3285 0.967 0.014 0.036
0 0.521 0.568 0.0075 0.017
0 0.456 0.202 0.0055 0.015
0 0.1835 0.14 0.0085 0.025
0 0.5075 0.483 0.005 0.013
0 0.67 0.938 0.014 0.036
0 0.5565 0.414 0.005 0.013
0 0.5955 0.59 0.0075 0.017
0 0.0505 0.141 0.0085 0.025
0 0.577 0.68 0.0075 0.017
0 0.339 0.813 0.0095 0.021
0 0.445 0.462 0.005 0.013
0 0.4445 0.463 0.005 0.013
0 0.619 0.582 0.0075 0.017
0 0.505 0.539 0.0075 0.017
0 0.4085 0.507 0.005 0.013
