0 0.7666666666666667 0.394 0.02266666666666667 0.04
0 0.7733333333333333 0.331 0.02266666666666667 0.04
0 0.2623333333333333 0.5975 0.029666666666666668 0.05
0 0.6253333333333333 0.4695 0.02266666666666667 0.04
0 0.7473333333333333 0.3015 0.02266666666666667 0.04
0 0.628 0.5555 0.029 0.057
0 0.714 0.474 0.02266666666666667 0.04
0 0.6623333333333333 0.496 0.02266666666666667 0.04
0 0.727 0.5475 0.029 0.057
0 0.8823333333333333 0.4255 0.02266666666666667 0.04
0 0.4513333333333333 0.538 0.029666666666666668 0.05
0 0.713 0.384 0.02266666666666667 0.04
0 0.8273333333333334 0.4185 0.02266666666666667 0.04
0 0.9276666666666666 0.443 0.02266666666666667 0.04
0 0.342 0.6095 0.029666666666666668 0.05
0 0.9753333333333334 0.4155 0.02266666666666667 0.04
0 0.26033333333333336 0.2875 0.02266666666666667 0.048
0 0.735 0.3205 0.02266666666666667 0.04
0 0.16 0.3105 0.02266666666666667 0.048
0 0.8763333333333333 0.36 0.02266666666666667 0.04
0 0.8843333333333333 0.556 0.029 0.057
0 0.882 0.625 0.029 0.057
0 0.5416666666666666 0.621 0.03166666666666667 0.0545
0 0.2846666666666667 0.678 0.033666666666666664 0.07
0 0.789 0.3525 0.02266666666666667 0.04
0 0.07633333333333334 0.316 0.02266666666666667 0.048
0 0.6003333333333334 0.323 0.02266666666666667 0.04
0 0.6383333333333333 0.729 0.03166666666666667 0.0545
0 0.6956666666666667 0.3025 0.02266666666666667 0.04
0 0.7473333333333333 0.3615 0.02266666666666667 0.04
0 0.445 0.618 0.03166666666666667 0.0545
0 0.784 0.5565 0.029 0.057
0 0.33466666666666667 0.315 0.02266666666666667 0.048
0 0.079 0.63 0.033666666666666664 0.07
0 0.5886666666666667 0.6 0.028 0.05
0 0.7733333333333333 0.63 0.029 0.057
0 0.6846666666666666 0.602 0.029 0.057
0 0.12766666666666668 0.5545 0.029666666666666668 0.05
0 0.9193333333333333 0.3775 0.02266666666666667 0.04
0 0.563 0.5225 0.026333333333333334 0.0475
0 0.204 0.358 0.02266666666666667 0.048
0 0.283 0.39 0.02266666666666667 0.048
0 0.5056666666666667 0.558 0.029666666666666668 0.05
0 0.8196666666666667 0.371 0.02266666666666667 0.04
0 0.11233333333333333 0.3685 0.02266666666666667 0.048
0 0.5753333333333334 0.6865 0.03166666666666667 0.0545
0 0.33 0.5285 0.029666666666666668 0.05
0 0.14666666666666667 0.3445 0.02266666666666667 0.048
0 0.5073333333333333 0.7405 0.03166666666666667 0.0545
0 0.8356666666666667 0.3305 0.02266666666666667 0.04
0 0.853 0.371 0.02266666666666667 0.04
0 0.18766666666666668 0.767 0.033666666666666664 0.07
0 0.223 0.681 0.033666666666666664 0.07
0 0.41633333333333333 0.564 0.029666666666666668 0.05
0 0.18833333333333332 0.588 0.029666666666666668 0.05
0 0.3516666666666667 0.719 0.033666666666666664 0.07
0 0.666 0.32 0.02266666666666667 0.04
0 0.225 0.3255 0.02266666666666667 0.048
0 0.039 0.359 0.02266666666666667 0.048
