0 0.9897540983606558 0.16029143897996356 0.010245901639344262 0.01639344262295082
0 0.2725409836065574 0.46083788706739526 0.020491803278688523 0.03825136612021858
0 0.7930327868852459 0.5446265938069217 0.05122950819672131 0.10746812386156648
0 0.6075819672131147 0.5355191256830601 0.028688524590163935 0.07650273224043716
0 0.8176229508196722 0.3843351548269581 0.020491803278688523 0.03825136612021858
0 0.8135245901639344 0.366120218579235 0.020491803278688523 0.03825136612021858
0 0.39959016393442626 0.3570127504553734 0.020491803278688523 0.03825136612021858
0 0.4702868852459016 0.35154826958105645 0.020491803278688523 0.03825136612021858
0 0.9354508196721312 0.22404371584699453 0.017418032786885244 0.03825136612021858
0 0.3135245901639344 0.3224043715846995 0.020491803278688523 0.03825136612021858
0 0.5030737704918032 0.453551912568306 0.020491803278688523 0.03825136612021858
0 0.8452868852459017 0.3679417122040073 0.020491803278688523 0.03825136612021858
0 0.9456967213114754 0.2058287795992714 0.017418032786885244 0.03825136612021858
0 0.24077868852459017 0.30418943533697634 0.01331967213114754 0.02185792349726776
0 0.16188524590163936 0.2659380692167577 0.01331967213114754 0.03278688524590164
0 0.6721311475409836 0.366120218579235 0.020491803278688523 0.03825136612021858
0 0.4405737704918033 0.331511839708561 0.020491803278688523 0.03825136612021858
0 0.10860655737704918 0.26229508196721313 0.031762295081967214 0.06375227686703097
0 0.4057377049180328 0.2768670309653916 0.01331967213114754 0.02185792349726776
0 0.7069672131147541 0.37522768670309653 0.020491803278688523 0.03825136612021858
0 0.7786885245901639 0.3588342440801457 0.020491803278688523 0.03825136612021858
0 0.22336065573770492 0.43897996357012753 0.020491803278688523 0.03825136612021858
0 0.9170081967213115 0.20765027322404372 0.017418032786885244 0.03825136612021858
0 0.673155737704918 0.24408014571949 0.017418032786885244 0.03825136612021858
0 0.8954918032786885 0.366120218579235 0.020491803278688523 0.03825136612021858
0 0.6014344262295082 0.2204007285974499 0.017418032786885244 0.03825136612021858
0 0.8545081967213115 0.23497267759562843 0.017418032786885244 0.03825136612021858
0 0.07274590163934426 0.2459016393442623 0.031762295081967214 0.06375227686703097
0 0.2551229508196721 0.3333333333333333 0.020491803278688523 0.03825136612021858
0 0.3944672131147541 0.23679417122040072 0.01331967213114754 0.02185792349726776
0 0.5594262295081968 0.2222222222222222 0.017418032786885244 0.03825136612021858
0 0.9764344262295082 0.33515482695810567 0.015368852459016393 0.03825136612021858
0 0.22540983606557377 0.3570127504553734 0.020491803278688523 0.03825136612021858
0 0.2735655737704918 0.24225865209471767 0.01331967213114754 0.02185792349726776
0 0.6024590163934426 0.6265938069216758 0.028688524590163935 0.07650273224043716
0 0.28790983606557374 0.2459016393442623 0.01331967213114754 0.02185792349726776
0 0.48258196721311475 0.2568306010928962 0.017418032786885244 0.03825136612021858
0 0.639344262295082 0.23132969034608378 0.017418032786885244 0.03825136612021858
0 0.20594262295081966 0.34790528233151186 0.020491803278688523 0.03825136612021858
0 0.5942622950819673 0.5154826958105647 0.028688524590163935 0.07650273224043716
0 0.2735655737704918 0.40255009107468126 0.020491803278688523 0.03825136612021858
0 0.4969262295081967 0.22404371584699453 0.017418032786885244 0.03825136612021858
0 0.3350409836065574 0.8306010928961749 0.028688524590163935 0.07650273224043716
0 0.5840163934426229 0.22586520947176686 0.017418032786885244 0.03825136612021858
0 0.7100409836065574 0.36247723132969034 0.020491803278688523 0.03825136612021858
0 0.1567622950819672 0.936247723132969 0.06557377049180328 0.12750455373406194
0 0.20594262295081966 0.37340619307832423 0.020491803278688523 0.03825136612021858
0 0.26741803278688525 0.3788706739526412 0.020491803278688523 0.03825136612021858
0 0.576844262295082 0.36429872495446264 0.020491803278688523 0.03825136612021858
0 0.639344262295082 0.3333333333333333 0.020491803278688523 0.03825136612021858
0 0.7633196721311475 0.2167577413479053 0.017418032786885244 0.03825136612021858
0 0.5174180327868853 0.34972677595628415 0.020491803278688523 0.03825136612021858
0 0.35655737704918034 0.3460837887067395 0.020491803278688523 0.03825136612021858
0 0.7459016393442623 0.22950819672131148 0.017418032786885244 0.03825136612021858
0 0.8801229508196722 0.3879781420765027 0.020491803278688523 0.03825136612021858
0 0.6813524590163934 0.4080145719489982 0.020491803278688523 0.03825136612021858
0 0.4426229508196721 0.28233151183970856 0.010245901639344262 0.01639344262295082
0 0.9180327868852459 0.42805100182149364 0.020491803278688523 0.03825136612021858
0 0.6014344262295082 0.23132969034608378 0.017418032786885244 0.03825136612021858
0 0.4334016393442623 0.33879781420765026 0.020491803278688523 0.03825136612021858
0 0.42008196721311475 0.2768670309653916 0.01331967213114754 0.02185792349726776
0 0.5276639344262295 0.32604735883424407 0.020491803278688523 0.03825136612021858
0 0.7315573770491803 0.3843351548269581 0.020491803278688523 0.03825136612021858
0 0.30225409836065575 0.4080145719489982 0.020491803278688523 0.03825136612021858
0 0.022540983606557378 0.23132969034608378 0.045081967213114756 0.08561020036429873
0 0.24692622950819673 0.26229508196721313 0.01331967213114754 0.02185792349726776
0 0.33094262295081966 0.3697632058287796 0.020491803278688523 0.03825136612021858
0 0.4774590163934426 0.22768670309653916 0.017418032786885244 0.03825136612021858
0 0.9590163934426229 0.21493624772313297 0.017418032786885244 0.03825136612021858
0 0.735655737704918 0.36065573770491804 0.020491803278688523 0.03825136612021858
0 0.5737704918032787 0.40619307832422585 0.020491803278688523 0.03825136612021858
0 0.7131147540983607 0.40619307832422585 0.020491803278688523 0.03825136612021858
0 0.29508196721311475 0.25136612021857924 0.01331967213114754 0.02185792349726776
0 0.5973360655737705 0.37158469945355194 0.020491803278688523 0.03825136612021858
0 0.6997950819672131 0.37158469945355194 0.020491803278688523 0.03825136612021858
0 0.5338114754098361 0.4663023679417122 0.028688524590163935 0.07650273224043716
0 0.319672131147541 0.40437158469945356 0.020491803278688523 0.03825136612021858
0 0.257172131147541 0.7868852459016393 0.028688524590163935 0.07650273224043716
0 0.3719262295081967 0.48816029143898 0.028688524590163935 0.07650273224043716
0 0.2766393442622951 0.3442622950819672 0.020491803278688523 0.03825136612021858
0 0.375 0.2604735883424408 0.01331967213114754 0.02185792349726776
0 0.375 0.3825136612021858 0.020491803278688523 0.03825136612021858
0 0.6536885245901639 0.3242258652094718 0.020491803278688523 0.03825136612021858
0 0.7407786885245902 0.3424408014571949 0.020491803278688523 0.03825136612021858
0 0.20901639344262296 0.26229508196721313 0.01331967213114754 0.02185792349726776
0 0.25614754098360654 0.2459016393442623 0.01331967213114754 0.02185792349726776
0 0.8790983606557377 0.21493624772313297 0.017418032786885244 0.03825136612021858
0 0.15881147540983606 0.9344262295081968 0.06557377049180328 0.12750455373406194
0 0.3483606557377049 0.23861566484517305 0.01331967213114754 0.02185792349726776
0 0.6813524590163934 0.21493624772313297 0.017418032786885244 0.03825136612021858
0 0.2827868852459016 0.42805100182149364 0.020491803278688523 0.03825136612021858
0 0.4764344262295082 0.42805100182149364 0.020491803278688523 0.03825136612021858
0 0.42520491803278687 0.4790528233151184 0.028688524590163935 0.07650273224043716
0 0.21209016393442623 0.24408014571949 0.01331967213114754 0.02185792349726776
0 0.4887295081967213 0.22404371584699453 0.017418032786885244 0.03825136612021858
0 0.5942622950819673 0.22404371584699453 0.017418032786885244 0.03825136612021858
0 0.4426229508196721 0.36247723132969034 0.020491803278688523 0.03825136612021858
0 0.5737704918032787 0.2040072859744991 0.017418032786885244 0.03825136612021858
0 0.5327868852459017 0.37340619307832423 0.020491803278688523 0.03825136612021858
0 0.5379098360655737 0.2204007285974499 0.017418032786885244 0.03825136612021858
0 0.22028688524590165 0.26229508196721313 0.01331967213114754 0.02185792349726776
0 0.6219262295081968 0.40437158469945356 0.020491803278688523 0.03825136612021858
0 0.5061475409836066 0.21493624772313297 0.017418032786885244 0.03825136612021858
0 0.41290983606557374 0.37522768670309653 0.020491803278688523 0.03825136612021858
0 0.38729508196721313 0.2659380692167577 0.01331967213114754 0.02185792349726776
0 0.23258196721311475 0.2459016393442623 0.01331967213114754 0.02185792349726776
0 0.3483606557377049 0.33515482695810567 0.020491803278688523 0.03825136612021858
0 0.3319672131147541 0.24225865209471767 0.01331967213114754 0.02185792349726776
0 0.4887295081967213 0.366120218579235 0.020491803278688523 0.03825136612021858
0 0.5625 0.1930783242258652 0.017418032786885244 0.03825136612021858
0 0.4764344262295082 0.6102003642987249 0.028688524590163935 0.07650273224043716
0 0.576844262295082 0.3533697632058288 0.020491803278688523 0.03825136612021858
0 0.3760245901639344 0.2641165755919854 0.01331967213114754 0.02185792349726776
0 0.34938524590163933 0.3588342440801457 0.020491803278688523 0.03825136612021858
0 0.21721311475409835 0.3460837887067395 0.020491803278688523 0.03825136612021858
0 0.19672131147540983 0.3551912568306011 0.020491803278688523 0.03825136612021858
0 0.4334016393442623 0.28051001821493626 0.01331967213114754 0.02185792349726776
0 0.25 0.37522768670309653 0.020491803278688523 0.03825136612021858
0 0.13114754098360656 0.23861566484517305 0.0020491803278688526 0.00546448087431694
