0 0.8545714285714285 0.0228542407313357 0.02 0.03605891315388522
0 0.20685714285714285 0.0045708481462671405 0.02 0.03605891315388522
0 0.5002857142857143 0.03453529710512951 0.02 0.03605891315388522
0 0.18371428571428572 0.04926358557643474 0.02 0.03605891315388522
0 0.652 0.7887252412392077 0.034 0.06399187404773997
0 0.9228571428571428 0.026409344845099034 0.02 0.03605891315388522
0 0.5274285714285715 0.12544438801422042 0.02 0.03605891315388522
0 0.542 0.3453529710512951 0.02 0.03605891315388522
0 0.87 0.6378872524123921 0.034 0.06399187404773997
0 0.9805714285714285 0.32199085830370744 0.02 0.03605891315388522
0 0.2537142857142857 0.10716099542915185 0.02 0.03605891315388522
0 0.5282857142857142 0.6399187404773997 0.034 0.06399187404773997
0 0.47885714285714287 0.4464195022854241 0.026857142857142857 0.04977145759268664
0 0.8402857142857143 0.8633824276282377 0.034 0.06399187404773997
0 0.8082857142857143 0.020822752666328086 0.02 0.03605891315388522
0 0.9562857142857143 0.18131030980192991 0.02 0.03605891315388522
0 0.06542857142857143 0.18232605383443373 0.02 0.03605891315388522
0 0.6331428571428571 0.4261046216353479 0.034 0.06399187404773997
0 0.9085714285714286 0.27526663280853225 0.02 0.03605891315388522
0 0.7762857142857142 0.1584560690705942 0.02 0.03605891315388522
0 0.22028571428571428 0.8166582021330625 0.034 0.06399187404773997
0 0.34 0.12899949212798376 0.02 0.03605891315388522
0 0.7454285714285714 0.329608938547486 0.02 0.03605891315388522
0 0.08428571428571428 0.42102590147282887 0.034 0.06399187404773997
0 0.7805714285714286 0.4464195022854241 0.034 0.06399187404773997
0 0.06685714285714285 0.6901980700863383 0.034 0.06399187404773997
0 0.42114285714285715 0.2813610970035551 0.02 0.03605891315388522
0 0.22485714285714287 0.22752666328085322 0.02 0.03605891315388522
0 0.8971428571428571 0.027425088877602845 0.02 0.03605891315388522
0 0.924 0.10817673946165567 0.02 0.03605891315388522
0 0.7571428571428571 0.08227526663280853 0.02 0.03605891315388522
0 0.9371428571428572 0.16201117318435754 0.02 0.03605891315388522
0 0.956 0.0457084814626714 0.02 0.03605891315388522
0 0.9785714285714285 0.006602336211274758 0.02 0.03605891315388522
0 0.5688571428571428 0.19603859827323514 0.02 0.03605891315388522
0 0.02857142857142857 0.5256475368207212 0.034 0.06399187404773997
0 0.8031428571428572 0.26612493651599795 0.02 0.03605891315388522
0 0.36514285714285716 0.7318435754189944 0.034 0.06399187404773997
0 0.5774285714285714 0.12392077196546471 0.02 0.03605891315388522
0 0.21114285714285713 0.1366175723717623 0.02 0.03605891315388522
0 0.6177142857142857 0.023362112747587607 0.02 0.03605891315388522
0 0.8157142857142857 0.148806500761808 0.02 0.03605891315388522
0 0.7494285714285714 0.3900457084814627 0.02 0.03605891315388522
0 0.12657142857142858 0.14982224479431183 0.02 0.03605891315388522
0 0.3474285714285714 0.6155408836973083 0.034 0.06399187404773997
0 0.30057142857142854 0.13153885220924327 0.02 0.03605891315388522
0 0.2277142857142857 0.052310817673946165 0.02 0.03605891315388522
0 0.29628571428571426 0.03250380904012189 0.02 0.03605891315388522
0 0.46685714285714286 0.16455053326561705 0.02 0.03605891315388522
0 0.7651428571428571 0.5545962417470798 0.034 0.06399187404773997
0 0.46485714285714286 0.7191467750126967 0.034 0.06399187404773997
0 0.7108571428571429 0.019807008633824275 0.02 0.03605891315388522
0 0.6668571428571428 0.04824784154393093 0.02 0.03605891315388522
0 0.42428571428571427 0.028440832910106652 0.02 0.03605891315388522
0 0.8851428571428571 0.2656170644997461 0.02 0.03605891315388522
0 0.37885714285714284 0.09344845099035043 0.02 0.03605891315388522
0 0.16685714285714287 0.22955815134586086 0.02 0.03605891315388522
0 0.6237142857142857 0.2808532249873032 0.02 0.03605891315388522
0 0.8377142857142857 0.2229558151345861 0.02 0.03605891315388522
0 0.9948571428571429 0.7729812087353987 0.034 0.06399187404773997
0 0.4097142857142857 0.1325545962417471 0.02 0.03605891315388522
0 0.7482857142857143 0.2772981208735399 0.02 0.03605891315388522
0 0.28714285714285714 0.4982224479431183 0.034 0.06399187404773997
0 0.6577142857142857 0.19451498222447944 0.02 0.03605891315388522
0 0.862 0.09649568308786186 0.02 0.03605891315388522
0 0.938 0.654647028948705 0.034 0.06399187404773997
0 0.35914285714285715 0.0335195530726257 0.02 0.03605891315388522
0 0.53 0.5363128491620112 0.034 0.06399187404773997
0 0.43457142857142855 0.9263585576434739 0.034 0.06399187404773997
0 0.6191428571428571 0.2351447435246318 0.02 0.03605891315388522
0 0.1402857142857143 0.02488572879634332 0.02 0.03605891315388522
0 0.352 0.004062976130015236 0.02 0.03605891315388522
0 0.7025714285714286 0.16455053326561705 0.02 0.03605891315388522
0 0.7225714285714285 0.09243270695784662 0.02 0.03605891315388522
0 0.9942857142857143 0.6937531742001015 0.034 0.06399187404773997
0 0.2377142857142857 0.45962417470797357 0.034 0.06399187404773997
0 0.5688571428571428 0.4662265109192483 0.034 0.06399187404773997
0 0.084 0.020822752666328086 0.02 0.03605891315388522
0 0.3942857142857143 0.22397155916708988 0.02 0.03605891315388522
0 0.7982857142857143 0.052310817673946165 0.02 0.03605891315388522
0 0.09028571428571429 0.35449466734382934 0.02 0.03605891315388522
0 0.6677142857142857 0.26206196038598273 0.02 0.03605891315388522
0 0.2662857142857143 0.3047232097511427 0.02 0.03605891315388522
0 0.5508571428571428 0.017267648552564754 0.02 0.03605891315388522
0 0.7345714285714285 0.24174707973590656 0.02 0.03605891315388522
0 0.14114285714285715 0.5622143219908583 0.034 0.06399187404773997
0 0.436 0.6485525647536821 0.034 0.06399187404773997
0 0.014857142857142857 0.10309801929913662 0.02 0.03605891315388522
0 0.164 0.10614525139664804 0.02 0.03605891315388522
0 0.8808571428571429 0.0680548501777552 0.02 0.03605891315388522
0 0.055142857142857146 0.09649568308786186 0.02 0.03605891315388522
0 0.20085714285714285 0.3727780599288979 0.02 0.03605891315388522
0 0.11628571428571428 0.7877094972067039 0.034 0.06399187404773997
0 0.11371428571428571 0.08481462671406806 0.02 0.03605891315388522
0 0.12314285714285714 0.26206196038598273 0.02 0.03605891315388522
0 0.5125714285714286 0.19451498222447944 0.02 0.03605891315388522
0 0.03685714285714286 0.062468257998984256 0.02 0.03605891315388522
0 0.018857142857142857 0.02437785678009142 0.02 0.03605891315388522
0 0.006285714285714286 0.3255459624174708 0.02 0.03605891315388522
0 0.7908571428571428 0.10005078720162519 0.02 0.03605891315388522
0 0.9602857142857143 0.9817166074149314 0.034 0.06399187404773997
0 0.51 0.0792280345352971 0.02 0.03605891315388522
0 0.012857142857142857 0.9487049263585576 0.034 0.06399187404773997
0 0.6634285714285715 0.3697308278313865 0.02 0.03605891315388522
0 0.5762857142857143 0.05078720162519045 0.02 0.03605891315388522
0 0.16314285714285715 0.3209751142712037 0.02 0.03605891315388522
0 0.606 0.1691213814118842 0.02 0.03605891315388522
0 0.9251428571428572 0.46825799898425596 0.034 0.06399187404773997
0 0.5445714285714286 0.920264093448451 0.034 0.06399187404773997
0 0.9177142857142857 0.797866937531742 0.034 0.06399187404773997
0 0.7371428571428571 0.6703910614525139 0.034 0.06399187404773997
0 0.6537142857142857 0.1005586592178771 0.02 0.03605891315388522
0 0.7285714285714285 0.12138141188420518 0.02 0.03605891315388522
0 0.8774285714285714 0.17470797359065515 0.02 0.03605891315388522
0 0.7325714285714285 0.016251904520060943 0.02 0.03605891315388522
0 0.9 0.3362112747587608 0.02 0.03605891315388522
0 0.9028571428571428 0.3814118842051803 0.02 0.03605891315388522
0 0.31542857142857145 0.21787709497206703 0.02 0.03605891315388522
0 0.8374285714285714 0.3814118842051803 0.02 0.03605891315388522
0 0.5248571428571429 0.16099542915185372 0.02 0.03605891315388522
0 0.43685714285714283 0.10817673946165567 0.02 0.03605891315388522
0 0.39171428571428574 0.47638395124428645 0.034 0.06399187404773997
0 0.8437142857142857 0.3341797866937532 0.02 0.03605891315388522
0 0.602 0.34230573895378363 0.02 0.03605891315388522
0 0.314 0.07313357034027425 0.02 0.03605891315388522
0 0.9357142857142857 0.5774504824784155 0.034 0.06399187404773997
0 0.2874285714285714 0.9212798374809548 0.034 0.06399187404773997
0 0.6708571428571428 0.9817166074149314 0.034 0.06399187404773997
0 0.9557142857142857 0.018791264601320468 0.02 0.03605891315388522
0 0.4677142857142857 0.33011681056373793 0.02 0.03605891315388522
0 0.4717142857142857 0.24377856780091417 0.02 0.03605891315388522
0 0.626 0.5779583544946674 0.034 0.06399187404773997
0 0.04428571428571428 0.23057389537836465 0.02 0.03605891315388522
0 0.9637142857142857 0.4271203656678517 0.034 0.06399187404773997
0 0.2571428571428571 0.15997968511934993 0.02 0.03605891315388522
0 0.1362857142857143 0.18384966988318943 0.02 0.03605891315388522
0 0.001142857142857143 0.2006094464195023 0.034 0.06399187404773997
0 0.8482857142857143 0.48755713560182834 0.034 0.06399187404773997
0 0.32857142857142857 0.10512950736414424 0.02 0.03605891315388522
0 0.8614285714285714 0.1361097003555104 0.02 0.03605891315388522
0 0.3757142857142857 0.20568816658202133 0.02 0.03605891315388522
0 0.7002857142857143 0.4829862874555612 0.034 0.06399187404773997
0 0.69 0.3123412899949213 0.02 0.03605891315388522
0 0.24285714285714285 0.6206196038598273 0.034 0.06399187404773997
0 0.5294285714285715 0.2595226003047232 0.02 0.03605891315388522
0 0.43657142857142855 0.06653123412899949 0.02 0.03605891315388522
0 0.9777142857142858 0.26206196038598273 0.02 0.03605891315388522
