0 0.5183333333333333 0.51 0.075 0.11
0 0.9533333333333334 0.38 0.023333333333333334 0.0375
0 0.57 0.4675 0.035 0.0525
0 0.085 0.39 0.028333333333333332 0.0425
0 0.29833333333333334 0.6125 0.07333333333333333 0.115
0 0.755 0.3525 0.025 0.0425
0 0.20833333333333334 0.385 0.051666666666666666 0.08
0 0.36 0.4575 0.075 0.11
0 0.5116666666666667 0.705 0.115 0.195
0 0.31166666666666665 0.3775 0.051666666666666666 0.08
0 0.8716666666666667 0.46 0.06 0.0875
0 0.9666666666666667 0.7575 0.115 0.195
0 0.79 0.3375 0.025 0.0425
0 0.13166666666666665 0.4025 0.075 0.11
0 0.035 0.425 0.075 0.11
0 0.0 0.39 0.06333333333333334 0.0925
0 0.615 0.4525 0.05 0.0725
0 0.9083333333333333 0.4575 0.06 0.0875
0 0.455 0.3775 0.035 0.0525
0 0.8583333333333333 0.4225 0.06 0.0875
0 0.9466666666666667 0.5775 0.115 0.195
0 0.2783333333333333 0.4075 0.051666666666666666 0.08
0 0.7033333333333334 0.4225 0.05 0.0725
0 0.655 0.395 0.05 0.0725
0 0.9133333333333333 0.4025 0.023333333333333334 0.0375
0 0.29333333333333333 0.5175 0.075 0.11
0 0.8916666666666667 0.3575 0.023333333333333334 0.0375
0 0.006666666666666667 0.4925 0.075 0.11
0 0.775 0.4125 0.025 0.0425
0 0.7316666666666667 0.6075 0.115 0.195
0 0.185 0.445 0.075 0.11
0 0.4116666666666667 0.4125 0.035 0.0525
0 0.975 0.4275 0.06 0.0875
