0 0.522 0.5 0.048 0.09
0 0.668 0.22 0.02 0.0325
0 0.782 0.28 0.02 0.0325
0 0.33 0.2625 0.032 0.055
0 0.026 0.095 0.024 0.0425
0 0.902 0.29 0.02 0.0325
0 0.558 0.215 0.024 0.0425
0 0.948 0.2825 0.02 0.0325
0 0.684 0.195 0.02 0.0325
0 0.062 0.0875 0.024 0.0425
0 0.928 0.285 0.02 0.0325
0 0.808 0.235 0.02 0.0325
0 0.678 0.35 0.04 0.0675
0 0.412 0.175 0.024 0.0425
0 0.354 0.135 0.024 0.0425
0 0.402 0.1625 0.024 0.0425
0 0.654 0.2475 0.02 0.0325
0 0.878 0.31 0.024 0.0425
0 0.884 0.3475 0.028 0.05
0 0.638 0.19 0.024 0.0425
0 0.09 0.27 0.042 0.0925
0 0.604 0.215 0.024 0.0425
0 0.728 0.24 0.02 0.0325
0 0.098 0.195 0.024 0.0275
0 0.986 0.3225 0.024 0.0425
0 0.43 0.1275 0.024 0.0425
0 0.596 0.2 0.024 0.0425
0 0.31 0.1925 0.024 0.0425
0 0.492 0.195 0.024 0.0425
0 0.974 0.28 0.02 0.0325
0 0.66 0.4825 0.048 0.09
0 0.212 0.115 0.024 0.0425
0 0.856 0.47 0.044 0.065
0 0.236 0.1775 0.024 0.0425
0 0.794 0.4475 0.048 0.09
0 0.006 0.1675 0.022 0.075
0 0.756 0.28 0.02 0.0325
0 0.82 0.3 0.02 0.0325
0 0.326 0.53 0.088 0.17
0 0.4 0.35 0.038 0.07
0 0.448 0.1825 0.024 0.0425
0 0.858 0.2625 0.02 0.0325
0 0.91 0.335 0.024 0.0425
0 0.204 0.1925 0.024 0.0425
0 0.502 0.365 0.038 0.07
0 0.178 0.1975 0.024 0.045
0 0.566 0.2475 0.024 0.0425
0 0.36 0.15 0.024 0.0425
0 0.1 0.155 0.024 0.0425
0 0.708 0.2325 0.02 0.0325
0 0.618 0.2425 0.024 0.0425
0 0.496 0.1675 0.024 0.0425
0 0.766 0.2325 0.02 0.0325
0 0.32 0.15 0.024 0.0425
0 0.784 0.24 0.02 0.0325
0 0.822 0.24 0.02 0.0325
0 0.152 0.12 0.024 0.0425
0 0.838 0.2475 0.02 0.0325
0 0.156 0.1625 0.024 0.0425
0 0.472 0.1675 0.024 0.0425
0 0.846 0.31 0.024 0.0425
0 0.436 0.26 0.032 0.055
0 0.614 0.2975 0.032 0.04
0 0.67 0.2975 0.02 0.0325
0 0.588 0.24 0.024 0.0425
0 0.632 0.2125 0.024 0.0425
0 0.934 0.465 0.044 0.065
0 0.714 0.195 0.02 0.0325
0 0.438 0.14 0.024 0.0425
0 0.826 0.2775 0.02 0.0325
0 0.288 0.3525 0.062 0.12
0 0.292 0.2325 0.028 0.05
0 0.308 0.16 0.024 0.0425
0 0.316 0.1325 0.024 0.0425
0 0.742 0.2325 0.02 0.0325
0 0.026 0.13 0.024 0.0425
0 0.468 0.28 0.032 0.055
0 0.58 0.365 0.04 0.0675
0 0.528 0.3075 0.032 0.04
0 0.788 0.225 0.02 0.0325
0 0.226 0.27 0.032 0.055
0 0.944 0.3575 0.04 0.0425
0 0.808 0.25 0.02 0.0325
0 0.43 0.195 0.024 0.0375
0 0.73 0.265 0.02 0.0325
0 0.98 0.3025 0.02 0.0325
0 0.938 0.3175 0.024 0.0425
0 0.086 0.1075 0.024 0.0425
0 0.096 0.3875 0.042 0.0925
0 0.988 0.415 0.044 0.065
0 0.622 0.1875 0.024 0.0425
0 0.474 0.2075 0.024 0.0425
0 0.56 0.145 0.024 0.0425
0 0.114 0.14 0.024 0.0425
0 0.524 0.1875 0.024 0.0425
0 0.7 0.21 0.02 0.0325
0 0.4 0.1475 0.024 0.0425
0 0.67 0.2 0.02 0.0325
0 0.434 0.16 0.024 0.0425
0 0.72 0.21 0.02 0.0325
