0 0.706 0.45454545454545453 0.033 0.06110283159463487
0 0.768 0.563338301043219 0.028 0.07302533532041729
0 0.669 0.30104321907600595 0.015 0.026825633383010434
0 0.647 0.368107302533532 0.017 0.038748137108792845
0 0.456 0.4366616989567809 0.017 0.038748137108792845
0 0.688 0.4083457526080477 0.017 0.038748137108792845
0 0.156 0.9269746646795827 0.085 0.14157973174366617
0 0.697 0.6587183308494784 0.028 0.07302533532041729
0 0.511 0.4277198211624441 0.017 0.038748137108792845
0 0.323 0.4098360655737705 0.02 0.03129657228017884
0 0.313 0.5573770491803278 0.036 0.05365126676602087
0 0.333 0.7406855439642325 0.062 0.09388971684053651
0 0.703 0.30402384500745155 0.015 0.026825633383010434
0 0.04 0.4992548435171386 0.036 0.05365126676602087
0 0.627 0.6661698956780924 0.028 0.07302533532041729
0 0.624 0.39940387481371087 0.017 0.038748137108792845
0 0.448 0.47540983606557374 0.036 0.05365126676602087
0 0.195 0.6020864381520119 0.051 0.08196721311475409
0 0.486 0.32488822652757077 0.015 0.026825633383010434
0 0.735 0.46497764530551416 0.033 0.06110283159463487
0 0.482 0.3472429210134128 0.017 0.038748137108792845
0 0.6 0.4262295081967213 0.017 0.038748137108792845
0 0.314 0.9090909090909091 0.085 0.14157973174366617
0 0.191 0.3979135618479881 0.02 0.03129657228017884
0 0.587 0.7958271236959762 0.085 0.14157973174366617
0 0.828 0.36661698956780925 0.017 0.038748137108792845
0 0.369 0.33681073025335323 0.015 0.026825633383010434
0 0.85 0.43815201192250375 0.033 0.06110283159463487
0 0.618 0.30104321907600595 0.015 0.026825633383010434
0 0.59 0.38450074515648286 0.017 0.038748137108792845
0 0.04 0.7078986587183308 0.051 0.08196721311475409
0 0.934 0.3263785394932936 0.015 0.026825633383010434
0 0.839 0.46795827123695977 0.033 0.06110283159463487
0 0.607 0.29508196721311475 0.015 0.026825633383010434
0 0.732 0.29210134128166915 0.015 0.026825633383010434
0 0.682 0.5081967213114754 0.033 0.06110283159463487
0 0.642 0.2757078986587183 0.015 0.026825633383010434
0 0.91 0.33681073025335323 0.015 0.026825633383010434
0 0.361 0.4396423248882265 0.036 0.05365126676602087
0 0.644 0.5380029806259314 0.033 0.06110283159463487
0 0.454 0.3502235469448584 0.017 0.038748137108792845
0 0.787 0.29210134128166915 0.015 0.026825633383010434
0 0.203 0.4858420268256334 0.036 0.05365126676602087
0 0.158 0.46646795827123694 0.036 0.05365126676602087
0 0.613 0.45156482861400893 0.033 0.06110283159463487
0 0.343 0.4008941877794337 0.02 0.03129657228017884
0 0.99 0.2414307004470939 0.014 0.03129657228017884
0 0.768 0.3025335320417288 0.015 0.026825633383010434
0 0.715 0.4172876304023845 0.017 0.038748137108792845
0 0.461 0.323397913561848 0.015 0.026825633383010434
0 0.559 0.36959761549925485 0.017 0.038748137108792845
0 0.696 0.47093889716840537 0.033 0.06110283159463487
0 0.126 0.7615499254843517 0.051 0.08196721311475409
0 0.884 0.4202682563338301 0.017 0.038748137108792845
0 0.704 0.6080476900149031 0.028 0.07302533532041729
0 0.37 0.39642324888226527 0.02 0.03129657228017884
0 0.148 0.5022354694485842 0.036 0.05365126676602087
0 0.69 0.3770491803278688 0.017 0.038748137108792845
0 0.682 0.3174366616989568 0.015 0.026825633383010434
0 0.947 0.3114754098360656 0.015 0.026825633383010434
0 0.399 0.4307004470938897 0.02 0.03129657228017884
0 0.237 0.3919523099850969 0.02 0.03129657228017884
0 0.893 0.3323397913561848 0.015 0.026825633383010434
0 0.145 0.3919523099850969 0.02 0.03129657228017884
0 0.511 0.3830104321907601 0.017 0.038748137108792845
0 0.909 0.2965722801788376 0.015 0.026825633383010434
0 0.48 0.8852459016393442 0.085 0.14157973174366617
0 0.024 0.6095380029806259 0.051 0.08196721311475409
0 0.929 0.29806259314456035 0.015 0.026825633383010434
0 0.601 0.36363636363636365 0.017 0.038748137108792845
0 0.508 0.323397913561848 0.015 0.026825633383010434
0 0.545 0.47391952309985097 0.033 0.06110283159463487
0 0.222 0.45007451564828616 0.036 0.05365126676602087
0 0.359 0.4798807749627422 0.036 0.05365126676602087
0 0.846 0.27719821162444114 0.015 0.026825633383010434
0 0.123 0.6110283159463488 0.051 0.08196721311475409
0 0.946 0.2906110283159464 0.015 0.026825633383010434
0 0.038 0.8897168405365127 0.085 0.14157973174366617
0 0.53 0.3651266766020864 0.017 0.038748137108792845
0 0.823 0.481371087928465 0.033 0.06110283159463487
0 0.271 0.4262295081967213 0.02 0.03129657228017884
0 0.775 0.4008941877794337 0.017 0.038748137108792845
0 0.73 0.4038748137108793 0.017 0.038748137108792845
0 0.281 0.40238450074515647 0.02 0.03129657228017884
0 0.975 0.34277198211624443 0.015 0.026825633383010434
0 0.81 0.38152011922503726 0.017 0.038748137108792845
0 0.394 0.5469448584202683 0.036 0.05365126676602087
0 0.797 0.5469448584202683 0.033 0.06110283159463487
0 0.471 0.3174366616989568 0.015 0.026825633383010434
0 0.807 0.28017883755588674 0.015 0.026825633383010434
0 0.749 0.28315946348733234 0.015 0.026825633383010434
0 0.143 0.4068554396423249 0.02 0.03129657228017884
0 0.673 0.3263785394932936 0.015 0.026825633383010434
0 0.037 0.65424739195231 0.051 0.08196721311475409
0 0.685 0.29806259314456035 0.015 0.026825633383010434
0 0.348 0.789865871833085 0.062 0.09388971684053651
0 0.628 0.31594634873323396 0.015 0.026825633383010434
0 0.6 0.31594634873323396 0.015 0.026825633383010434
0 0.802 0.43219076005961254 0.033 0.06110283159463487
0 0.132 0.45156482861400893 0.036 0.05365126676602087
0 0.726 0.29806259314456035 0.015 0.026825633383010434
0 0.288 0.4903129657228018 0.036 0.05365126676602087
0 0.391 0.31594634873323396 0.015 0.026825633383010434
0 0.873 0.338301043219076 0.015 0.026825633383010434
0 0.592 0.34575260804769004 0.017 0.038748137108792845
0 0.507 0.34873323397913564 0.017 0.038748137108792845
0 0.567 0.33084947839046197 0.015 0.026825633383010434
0 0.748 0.4038748137108793 0.017 0.038748137108792845
0 0.159 0.5603576751117735 0.036 0.05365126676602087
0 0.895 0.30849478390462 0.015 0.026825633383010434
0 0.479 0.368107302533532 0.017 0.038748137108792845
0 0.579 0.46795827123695977 0.033 0.06110283159463487
0 0.656 0.30402384500745155 0.015 0.026825633383010434
0 0.403 0.34575260804769004 0.02 0.03129657228017884
0 0.08 0.47391952309985097 0.036 0.05365126676602087
0 0.428 0.4232488822652757 0.02 0.03129657228017884
0 0.42 0.33979135618479883 0.015 0.026825633383010434
0 0.433 0.3353204172876304 0.015 0.026825633383010434
