0 0.13727810650887573 0.3067226890756303 0.01893491124260355 0.04201680672268908
0 0.1455621301775148 0.2647058823529412 0.01893491124260355 0.04201680672268908
0 0.44023668639053254 0.1134453781512605 0.01775147928994083 0.03571428571428571
0 0.25207100591715975 0.17647058823529413 0.01775147928994083 0.03571428571428571
0 0.20355029585798817 0.24579831932773108 0.01893491124260355 0.04201680672268908
0 0.25088757396449707 0.3739495798319328 0.020118343195266272 0.04411764705882353
0 0.25443786982248523 0.25630252100840334 0.01893491124260355 0.04201680672268908
0 0.9005917159763314 0.07773109243697479 0.01775147928994083 0.03571428571428571
0 0.4284023668639053 0.2689075630252101 0.01893491124260355 0.04201680672268908
0 0.5964497041420118 0.14285714285714285 0.01775147928994083 0.03571428571428571
0 0.6757396449704142 0.1134453781512605 0.01775147928994083 0.03571428571428571
0 0.17041420118343195 0.03571428571428571 0.01775147928994083 0.03571428571428571
0 0.4165680473372781 0.22268907563025211 0.01893491124260355 0.04201680672268908
0 0.3029585798816568 0.7899159663865546 0.02485207100591716 0.06302521008403361
0 0.03431952662721893 0.1869747899159664 0.014201183431952662 0.025210084033613446
0 0.4236686390532544 0.3067226890756303 0.01893491124260355 0.04201680672268908
0 0.08875739644970414 0.23949579831932774 0.01893491124260355 0.04201680672268908
0 0.6248520710059171 0.6176470588235294 0.02485207100591716 0.05042016806722689
0 0.3337278106508876 0.17857142857142858 0.01775147928994083 0.03571428571428571
0 0.5680473372781065 0.18487394957983194 0.01775147928994083 0.03571428571428571
0 0.17751479289940827 0.4495798319327731 0.020118343195266272 0.04411764705882353
0 0.9455621301775148 0.15756302521008403 0.01775147928994083 0.03571428571428571
0 0.17041420118343195 0.6449579831932774 0.02485207100591716 0.05042016806722689
0 0.12662721893491125 0.6281512605042017 0.02485207100591716 0.05042016806722689
0 0.7266272189349112 0.2647058823529412 0.01893491124260355 0.04201680672268908
0 0.32189349112426036 0.41386554621848737 0.020118343195266272 0.04411764705882353
0 0.5171597633136095 0.2773109243697479 0.01893491124260355 0.04201680672268908
0 0.7668639053254438 0.0819327731092437 0.01775147928994083 0.03571428571428571
0 0.03431952662721893 0.5126050420168067 0.015384615384615385 0.029411764705882353
0 0.6579881656804734 0.8382352941176471 0.02485207100591716 0.06302521008403361
0 0.5479289940828402 0.18907563025210083 0.01775147928994083 0.03571428571428571
0 0.7538461538461538 0.24579831932773108 0.01893491124260355 0.04201680672268908
0 0.2118343195266272 0.3403361344537815 0.020118343195266272 0.04411764705882353
0 0.5313609467455621 0.23529411764705882 0.01893491124260355 0.04201680672268908
0 0.07692307692307693 0.29411764705882354 0.01893491124260355 0.04201680672268908
0 0.19644970414201182 0.09243697478991597 0.01775147928994083 0.03571428571428571
0 0.33964497041420116 0.23739495798319327 0.01893491124260355 0.04201680672268908
0 0.19053254437869824 0.2773109243697479 0.01893491124260355 0.04201680672268908
0 0.621301775147929 0.42857142857142855 0.020118343195266272 0.04411764705882353
0 0.07692307692307693 0.38865546218487396 0.020118343195266272 0.04411764705882353
0 0.1349112426035503 0.16806722689075632 0.01775147928994083 0.03571428571428571
0 0.6686390532544378 0.19117647058823528 0.01893491124260355 0.04201680672268908
0 0.015384615384615385 0.15126050420168066 0.014201183431952662 0.025210084033613446
0 0.04142011834319527 0.27310924369747897 0.01893491124260355 0.04201680672268908
0 0.6437869822485207 0.18907563025210083 0.01775147928994083 0.03571428571428571
0 0.21420118343195266 0.22478991596638656 0.01893491124260355 0.04201680672268908
0 0.5467455621301776 0.5609243697478992 0.02485207100591716 0.05042016806722689
0 0.4165680473372781 0.3634453781512605 0.020118343195266272 0.04411764705882353
0 0.31952662721893493 0.20798319327731093 0.01893491124260355 0.04201680672268908
0 0.5455621301775148 0.8046218487394958 0.02485207100591716 0.06302521008403361
0 0.05325443786982249 0.44537815126050423 0.020118343195266272 0.04411764705882353
0 0.12544378698224853 0.22899159663865545 0.01893491124260355 0.04201680672268908
0 0.05917159763313609 0.5210084033613446 0.020118343195266272 0.04411764705882353
0 0.11479289940828402 0.6848739495798319 0.02485207100591716 0.05042016806722689
0 0.4165680473372781 0.9684873949579832 0.02485207100591716 0.06302521008403361
0 0.5905325443786982 0.8172268907563025 0.02485207100591716 0.06302521008403361
0 0.5242603550295858 0.5189075630252101 0.020118343195266272 0.04411764705882353
0 0.1455621301775148 0.542016806722689 0.020118343195266272 0.04411764705882353
0 0.570414201183432 0.14915966386554622 0.01775147928994083 0.03571428571428571
0 0.7420118343195267 0.46218487394957986 0.020118343195266272 0.04411764705882353
0 0.10059171597633136 0.8739495798319328 0.02485207100591716 0.06302521008403361
0 0.39763313609467454 0.884453781512605 0.02485207100591716 0.06302521008403361
0 0.4390532544378698 0.37184873949579833 0.020118343195266272 0.04411764705882353
0 0.46982248520710057 0.27310924369747897 0.01893491124260355 0.04201680672268908
0 0.17751479289940827 0.26260504201680673 0.01893491124260355 0.04201680672268908
0 0.650887573964497 0.09873949579831932 0.01775147928994083 0.03571428571428571
0 0.7171597633136094 0.7184873949579832 0.02485207100591716 0.05042016806722689
0 0.9349112426035503 0.19747899159663865 0.01893491124260355 0.04201680672268908
0 0.7964497041420119 0.5861344537815126 0.02485207100591716 0.05042016806722689
0 0.8201183431952662 0.20168067226890757 0.01893491124260355 0.04201680672268908
0 0.9443786982248521 0.09453781512605042 0.01775147928994083 0.03571428571428571
0 0.2319526627218935 0.2773109243697479 0.01893491124260355 0.04201680672268908
0 0.34437869822485206 0.6134453781512605 0.02485207100591716 0.05042016806722689
0 0.05798816568047337 0.3067226890756303 0.01893491124260355 0.04201680672268908
0 0.2650887573964497 0.8760504201680672 0.02485207100591716 0.06302521008403361
0 0.2757396449704142 0.4369747899159664 0.020118343195266272 0.04411764705882353
0 0.263905325443787 0.6491596638655462 0.02485207100591716 0.05042016806722689
0 0.03431952662721893 0.37815126050420167 0.014201183431952662 0.025210084033613446
0 0.32189349112426036 0.2542016806722689 0.01893491124260355 0.04201680672268908
0 0.7041420118343196 0.0861344537815126 0.01775147928994083 0.03571428571428571
0 0.6615384615384615 0.31932773109243695 0.01893491124260355 0.04201680672268908
0 0.2923076923076923 0.20798319327731093 0.01893491124260355 0.04201680672268908
0 0.7644970414201183 0.15336134453781514 0.01775147928994083 0.03571428571428571
0 0.5183431952662721 0.052521008403361345 0.01775147928994083 0.03571428571428571
0 0.23431952662721894 0.1953781512605042 0.01893491124260355 0.04201680672268908
0 0.08520710059171598 0.6995798319327731 0.02485207100591716 0.05042016806722689
0 0.9029585798816568 0.7815126050420168 0.02485207100591716 0.06302521008403361
0 0.23668639053254437 0.6953781512605042 0.02485207100591716 0.05042016806722689
0 0.7195266272189349 0.1722689075630252 0.01775147928994083 0.03571428571428571
0 0.16568047337278108 0.30462184873949577 0.01893491124260355 0.04201680672268908
0 0.1514792899408284 0.12815126050420167 0.01775147928994083 0.03571428571428571
0 0.8828402366863906 0.12184873949579832 0.01775147928994083 0.03571428571428571
0 0.9881656804733728 0.06722689075630252 0.01775147928994083 0.03571428571428571
0 0.004733727810650888 0.18067226890756302 0.014201183431952662 0.025210084033613446
0 0.6899408284023668 0.32983193277310924 0.01893491124260355 0.04201680672268908
0 0.6520710059171597 0.29831932773109243 0.01893491124260355 0.04201680672268908
0 0.2710059171597633 0.9789915966386554 0.02485207100591716 0.06302521008403361
0 0.3739644970414201 0.23949579831932774 0.01893491124260355 0.04201680672268908
0 0.7171597633136094 0.13445378151260504 0.01775147928994083 0.03571428571428571
0 0.821301775147929 0.5084033613445378 0.020118343195266272 0.04411764705882353
0 0.672189349112426 0.8172268907563025 0.02485207100591716 0.06302521008403361
0 0.12189349112426036 0.34243697478991597 0.020118343195266272 0.04411764705882353
0 0.285207100591716 0.06512605042016807 0.01775147928994083 0.03571428571428571
0 0.1301775147928994 0.18907563025210083 0.01775147928994083 0.03571428571428571
0 0.7751479289940828 0.13865546218487396 0.01775147928994083 0.03571428571428571
0 0.29940828402366865 0.27310924369747897 0.01893491124260355 0.04201680672268908
0 0.33727810650887574 0.5 0.020118343195266272 0.04411764705882353
0 0.6118343195266273 0.10294117647058823 0.01775147928994083 0.03571428571428571
0 0.11834319526627218 0.38865546218487396 0.020118343195266272 0.04411764705882353
0 0.04142011834319527 0.6974789915966386 0.02485207100591716 0.05042016806722689
0 0.27218934911242604 0.47058823529411764 0.020118343195266272 0.04411764705882353
0 0.5834319526627219 0.11764705882352941 0.01775147928994083 0.03571428571428571
0 0.06982248520710059 0.14915966386554622 0.01775147928994083 0.03571428571428571
0 0.29467455621301775 0.24579831932773108 0.01893491124260355 0.04201680672268908
0 0.906508875739645 0.14705882352941177 0.01775147928994083 0.03571428571428571
0 0.6319526627218935 0.8907563025210085 0.02485207100591716 0.06302521008403361
0 0.21301775147928995 0.19117647058823528 0.01893491124260355 0.04201680672268908
0 0.44733727810650886 0.1869747899159664 0.01775147928994083 0.03571428571428571
0 0.4710059171597633 0.13025210084033614 0.01775147928994083 0.03571428571428571
0 0.27455621301775146 0.15756302521008403 0.01775147928994083 0.03571428571428571
0 0.45798816568047335 0.7100840336134454 0.02485207100591716 0.05042016806722689
0 0.5301775147928994 0.18907563025210083 0.01775147928994083 0.03571428571428571
0 0.10059171597633136 0.28361344537815125 0.01893491124260355 0.04201680672268908
0 0.31597633136094677 0.3445378151260504 0.020118343195266272 0.04411764705882353
0 0.8721893491124261 0.3802521008403361 0.020118343195266272 0.04411764705882353
0 0.6946745562130178 0.15966386554621848 0.01775147928994083 0.03571428571428571
0 0.13372781065088757 0.36764705882352944 0.020118343195266272 0.04411764705882353
0 0.9301775147928995 0.13865546218487396 0.01775147928994083 0.03571428571428571
0 0.7822485207100591 0.7773109243697479 0.02485207100591716 0.06302521008403361
0 0.421301775147929 0.3319327731092437 0.01893491124260355 0.04201680672268908
0 0.3905325443786982 0.6302521008403361 0.02485207100591716 0.05042016806722689
0 0.7739644970414201 0.6302521008403361 0.02485207100591716 0.05042016806722689
0 0.3337278106508876 0.6932773109243697 0.02485207100591716 0.05042016806722689
0 0.6473372781065089 0.14915966386554622 0.01775147928994083 0.03571428571428571
0 0.5136094674556213 0.4180672268907563 0.020118343195266272 0.04411764705882353
0 0.6284023668639053 0.7962184873949579 0.02485207100591716 0.06302521008403361
0 0.06627218934911243 0.8697478991596639 0.02485207100591716 0.06302521008403361
0 0.5940828402366863 0.9348739495798319 0.02485207100591716 0.06302521008403361
0 0.8023668639053254 0.12605042016806722 0.01775147928994083 0.03571428571428571
0 0.6887573964497041 0.22899159663865545 0.01893491124260355 0.04201680672268908
0 0.31124260355029587 0.23529411764705882 0.01893491124260355 0.04201680672268908
0 0.02485207100591716 0.6092436974789915 0.015384615384615385 0.029411764705882353
0 0.19289940828402366 0.18907563025210083 0.01775147928994083 0.03571428571428571
0 0.10059171597633136 0.06092436974789916 0.01775147928994083 0.03571428571428571
0 0.2331360946745562 0.10714285714285714 0.01775147928994083 0.03571428571428571
0 0.27692307692307694 0.30462184873949577 0.01893491124260355 0.04201680672268908
0 0.5976331360946746 0.24369747899159663 0.01893491124260355 0.04201680672268908
0 0.22958579881656804 0.14705882352941177 0.01775147928994083 0.03571428571428571
0 0.9076923076923077 0.04411764705882353 0.01775147928994083 0.03571428571428571
0 0.2378698224852071 0.4117647058823529 0.020118343195266272 0.04411764705882353
0 0.8627218934911243 0.523109243697479 0.020118343195266272 0.04411764705882353
0 0.5834319526627219 0.1638655462184874 0.01775147928994083 0.03571428571428571
0 0.08757396449704143 0.5903361344537815 0.02485207100591716 0.05042016806722689
0 0.12781065088757396 0.5525210084033614 0.02485207100591716 0.05042016806722689
0 0.15857988165680473 0.46008403361344535 0.020118343195266272 0.04411764705882353
0 0.5692307692307692 0.226890756302521 0.01893491124260355 0.04201680672268908
0 0.3609467455621302 0.884453781512605 0.02485207100591716 0.06302521008403361
0 0.5976331360946746 0.18907563025210083 0.01775147928994083 0.03571428571428571
0 0.10414201183431952 0.4180672268907563 0.020118343195266272 0.04411764705882353
0 0.7609467455621302 0.20168067226890757 0.01893491124260355 0.04201680672268908
0 0.17159763313609466 0.20798319327731093 0.01893491124260355 0.04201680672268908
0 0.37988165680473374 0.9537815126050421 0.02485207100591716 0.06302521008403361
0 0.9609467455621302 0.23109243697478993 0.01893491124260355 0.04201680672268908
0 0.1136094674556213 0.5882352941176471 0.02485207100591716 0.05042016806722689
0 0.8047337278106509 0.18277310924369747 0.01775147928994083 0.03571428571428571
0 0.5443786982248521 0.2689075630252101 0.01893491124260355 0.04201680672268908
0 0.07100591715976332 0.43487394957983194 0.020118343195266272 0.04411764705882353
0 0.07218934911242604 0.11554621848739496 0.01775147928994083 0.03571428571428571
0 0.4863905325443787 0.4180672268907563 0.020118343195266272 0.04411764705882353
0 0.014201183431952662 0.5105042016806722 0.015384615384615385 0.029411764705882353
0 0.5443786982248521 0.16596638655462184 0.01775147928994083 0.03571428571428571
0 0.9775147928994082 0.29411764705882354 0.01893491124260355 0.04201680672268908
0 0.03550295857988166 0.7941176470588235 0.02485207100591716 0.06302521008403361
0 0.37988165680473374 0.21428571428571427 0.01893491124260355 0.04201680672268908
0 0.4165680473372781 0.8277310924369747 0.02485207100591716 0.06302521008403361
0 0.2378698224852071 0.2415966386554622 0.01893491124260355 0.04201680672268908
0 0.11834319526627218 0.24579831932773108 0.01893491124260355 0.04201680672268908
0 0.5822485207100592 0.8508403361344538 0.02485207100591716 0.06302521008403361
0 0.8236686390532545 0.10504201680672269 0.01775147928994083 0.03571428571428571
0 0.9301775147928995 0.41596638655462187 0.020118343195266272 0.04411764705882353
0 0.5526627218934911 0.9033613445378151 0.02485207100591716 0.06302521008403361
0 0.44733727810650886 0.5546218487394958 0.02485207100591716 0.05042016806722689
0 0.8674556213017751 0.0546218487394958 0.01775147928994083 0.03571428571428571
0 0.6082840236686391 0.8529411764705882 0.02485207100591716 0.06302521008403361
0 0.9183431952662722 0.1953781512605042 0.01893491124260355 0.04201680672268908
0 0.27218934911242604 0.09873949579831932 0.01775147928994083 0.03571428571428571
0 0.07692307692307693 0.5504201680672269 0.02485207100591716 0.05042016806722689
0 0.34201183431952664 0.14285714285714285 0.01775147928994083 0.03571428571428571
0 0.6402366863905326 0.6092436974789915 0.02485207100591716 0.05042016806722689
0 0.6745562130177515 0.49369747899159666 0.020118343195266272 0.04411764705882353
0 0.09822485207100591 0.18907563025210083 0.01775147928994083 0.03571428571428571
0 0.9704142011834319 0.09873949579831932 0.01775147928994083 0.03571428571428571
0 0.6378698224852071 0.23319327731092437 0.01893491124260355 0.04201680672268908
0 0.1952662721893491 0.3004201680672269 0.01893491124260355 0.04201680672268908
0 0.6295857988165681 0.14285714285714285 0.01775147928994083 0.03571428571428571
0 0.011834319526627219 0.30462184873949577 0.014201183431952662 0.025210084033613446
0 0.3727810650887574 0.43487394957983194 0.020118343195266272 0.04411764705882353
0 0.3076923076923077 0.11554621848739496 0.01775147928994083 0.03571428571428571
0 0.48757396449704143 0.32563025210084034 0.01893491124260355 0.04201680672268908
0 0.2118343195266272 0.10294117647058823 0.01775147928994083 0.03571428571428571
0 0.5242603550295858 0.707983193277311 0.02485207100591716 0.05042016806722689
0 0.5562130177514792 0.5084033613445378 0.020118343195266272 0.04411764705882353
0 0.2982248520710059 0.4012605042016807 0.020118343195266272 0.04411764705882353
0 0.24733727810650888 0.296218487394958 0.01893491124260355 0.04201680672268908
0 0.3621301775147929 0.09453781512605042 0.01775147928994083 0.03571428571428571
0 0.3857988165680473 0.1722689075630252 0.01775147928994083 0.03571428571428571
0 0.21775147928994082 0.6428571428571429 0.02485207100591716 0.05042016806722689
0 0.672189349112426 0.35294117647058826 0.020118343195266272 0.04411764705882353
0 0.06390532544378698 0.2668067226890756 0.01893491124260355 0.04201680672268908
0 0.3502958579881657 0.20168067226890757 0.01893491124260355 0.04201680672268908
0 0.6402366863905326 0.33613445378151263 0.01893491124260355 0.04201680672268908
0 0.06390532544378698 0.47478991596638653 0.020118343195266272 0.04411764705882353
0 0.5668639053254438 0.592436974789916 0.02485207100591716 0.05042016806722689
0 0.9715976331360947 0.32983193277310924 0.01893491124260355 0.04201680672268908
0 0.10532544378698225 0.47478991596638653 0.020118343195266272 0.04411764705882353
0 0.4816568047337278 0.052521008403361345 0.01775147928994083 0.03571428571428571
0 0.004733727810650888 0.25630252100840334 0.014201183431952662 0.025210084033613446
0 0.3940828402366864 0.7962184873949579 0.02485207100591716 0.06302521008403361
0 0.4366863905325444 0.8865546218487395 0.02485207100591716 0.06302521008403361
0 0.22366863905325443 0.11554621848739496 0.01775147928994083 0.03571428571428571
0 0.1514792899408284 0.5105042016806722 0.020118343195266272 0.04411764705882353
0 0.6390532544378699 0.8130252100840336 0.02485207100591716 0.06302521008403361
0 0.7266272189349112 0.6554621848739496 0.02485207100591716 0.05042016806722689
0 0.557396449704142 0.13445378151260504 0.01775147928994083 0.03571428571428571
0 0.5372781065088758 0.8466386554621849 0.02485207100591716 0.06302521008403361
0 0.15384615384615385 0.3802521008403361 0.020118343195266272 0.04411764705882353
0 0.42248520710059173 0.5609243697478992 0.02485207100591716 0.05042016806722689
0 0.033136094674556214 0.25 0.01893491124260355 0.04201680672268908
0 0.7502958579881657 0.13445378151260504 0.01775147928994083 0.03571428571428571
0 0.007100591715976331 0.5840336134453782 0.01775147928994083 0.04411764705882353
0 0.12662721893491125 0.28991596638655465 0.01893491124260355 0.04201680672268908
0 0.21775147928994082 0.6680672268907563 0.02485207100591716 0.05042016806722689
0 0.44497041420118344 0.41596638655462187 0.020118343195266272 0.04411764705882353
0 0.7065088757396449 0.1134453781512605 0.01775147928994083 0.03571428571428571
0 0.9940828402366864 0.15756302521008403 0.01775147928994083 0.03571428571428571
0 0.41301775147928993 0.32983193277310924 0.01893491124260355 0.04201680672268908
0 0.7349112426035503 0.07563025210084033 0.01775147928994083 0.03571428571428571
0 0.7585798816568048 0.5 0.020118343195266272 0.04411764705882353
0 0.0650887573964497 0.726890756302521 0.02485207100591716 0.05042016806722689
0 0.06863905325443787 0.3550420168067227 0.020118343195266272 0.04411764705882353
0 0.31005917159763313 0.523109243697479 0.020118343195266272 0.04411764705882353
0 0.14437869822485208 0.3445378151260504 0.020118343195266272 0.04411764705882353
0 0.8579881656804734 0.20588235294117646 0.01893491124260355 0.04201680672268908
0 0.15976331360946747 0.15126050420168066 0.01775147928994083 0.03571428571428571
0 0.5349112426035503 0.1407563025210084 0.01775147928994083 0.03571428571428571
0 0.2686390532544379 0.20798319327731093 0.01893491124260355 0.04201680672268908
0 0.040236686390532544 0.12394957983193278 0.014201183431952662 0.025210084033613446
0 0.20236686390532543 0.7836134453781513 0.02485207100591716 0.06302521008403361
0 0.7940828402366864 0.10714285714285714 0.01775147928994083 0.03571428571428571
0 0.5088757396449705 0.9054621848739496 0.02485207100591716 0.06302521008403361
