0 0.7288523090992227 0.4499314128943759 0.01417466849565615 0.02400548696844993
0 0.1673525377229081 0.1886145404663923 0.008687700045724738 0.018518518518518517
0 0.11659807956104253 0.04183813443072702 0.008687700045724738 0.018518518518518517
0 0.763145861911294 0.593278463648834 0.01417466849565615 0.026748971193415638
0 0.7169638774577046 0.26474622770919065 0.01417466849565615 0.02400548696844993
0 0.541838134430727 0.2935528120713306 0.01417466849565615 0.02400548696844993
0 0.6611796982167353 0.9410150891632373 0.01417466849565615 0.026748971193415638
0 0.7736625514403292 0.18998628257887518 0.008687700045724738 0.018518518518518517
0 0.3772290809327846 0.3168724279835391 0.01417466849565615 0.02400548696844993
0 0.4288980338363054 0.8353909465020576 0.01417466849565615 0.026748971193415638
0 0.9881115683584819 0.6364883401920439 0.01417466849565615 0.026748971193415638
0 0.6186556927297668 0.6172839506172839 0.01417466849565615 0.026748971193415638
0 0.9304983996342021 0.28189300411522633 0.01417466849565615 0.02400548696844993
0 0.06767261088248742 0.4897119341563786 0.01417466849565615 0.026748971193415638
0 0.5775034293552812 0.06584362139917696 0.008687700045724738 0.018518518518518517
0 0.3982624599908551 0.29698216735253774 0.01417466849565615 0.02400548696844993
0 0.46456332876085965 0.6906721536351166 0.01417466849565615 0.026748971193415638
0 0.04938271604938271 0.9993141289437586 0.01417466849565615 0.026748971193415638
0 0.6209419295839049 0.09122085048010974 0.008687700045724738 0.018518518518518517
0 0.6021947873799726 0.8010973936899863 0.01417466849565615 0.026748971193415638
0 0.866026520347508 0.09602194787379972 0.008687700045724738 0.018518518518518517
0 0.013717421124828532 0.6721536351165981 0.01417466849565615 0.026748971193415638
0 0.07270233196159122 0.6742112482853223 0.01417466849565615 0.026748971193415638
0 0.9039780521262003 0.2825788751714678 0.01417466849565615 0.02400548696844993
0 0.7229080932784636 0.23045267489711935 0.01417466849565615 0.02400548696844993
0 0.15912208504801098 0.7640603566529492 0.01417466849565615 0.026748971193415638
0 0.44718792866941015 0.7510288065843621 0.01417466849565615 0.026748971193415638
0 0.877914951989026 0.49108367626886146 0.01417466849565615 0.026748971193415638
0 0.10196616369455876 0.5205761316872428 0.01417466849565615 0.026748971193415638
0 0.6771833561957019 0.5397805212620027 0.01417466849565615 0.026748971193415638
0 0.5907636031092821 0.26406035665294925 0.01417466849565615 0.02400548696844993
0 0.837219935985368 0.4046639231824417 0.01417466849565615 0.02400548696844993
0 0.6858710562414266 0.11316872427983539 0.008687700045724738 0.018518518518518517
0 0.8088705989940558 0.5925925925925926 0.01417466849565615 0.026748971193415638
0 0.40420667581161407 0.5631001371742113 0.01417466849565615 0.026748971193415638
0 0.7078189300411523 0.42592592592592593 0.01417466849565615 0.02400548696844993
0 0.8715134887974394 0.03772290809327846 0.008687700045724738 0.018518518518518517
0 0.7238225880201189 0.26886145404663925 0.01417466849565615 0.02400548696844993
0 0.7722908093278463 0.4156378600823045 0.01417466849565615 0.02400548696844993
0 0.12071330589849108 0.17969821673525377 0.008687700045724738 0.018518518518518517
0 0.19112940100594422 0.8662551440329218 0.01417466849565615 0.026748971193415638
0 0.2217649748513946 0.5137174211248285 0.01417466849565615 0.026748971193415638
0 0.21719250114311842 0.029492455418381344 0.008687700045724738 0.018518518518518517
0 0.5582990397805213 0.08710562414266118 0.008687700045724738 0.018518518518518517
0 0.10379515317786922 0.602880658436214 0.01417466849565615 0.026748971193415638
0 0.2638317329675354 0.07887517146776406 0.008687700045724738 0.018518518518518517
0 0.8326474622770919 0.06858710562414266 0.008687700045724738 0.018518518518518517
0 0.6140832190214907 0.5212620027434842 0.01417466849565615 0.026748971193415638
0 0.22588020118884317 0.4890260631001372 0.01417466849565615 0.026748971193415638
0 0.31504343850022865 0.5260631001371742 0.01417466849565615 0.026748971193415638
0 0.7594878829446731 0.41975308641975306 0.01417466849565615 0.02400548696844993
0 0.055784179240969366 0.26954732510288065 0.01417466849565615 0.02400548696844993
0 0.15272062185642432 0.879286694101509 0.01417466849565615 0.026748971193415638
0 0.7736625514403292 0.5720164609053497 0.01417466849565615 0.026748971193415638
0 0.10013717421124829 0.7599451303155007 0.01417466849565615 0.026748971193415638
0 0.5422953818015547 0.20233196159122085 0.01417466849565615 0.02400548696844993
0 0.7718335619570188 0.6138545953360768 0.01417466849565615 0.026748971193415638
0 0.3694558756287151 0.0644718792866941 0.008687700045724738 0.018518518518518517
0 0.6104252400548696 0.1755829903978052 0.008687700045724738 0.018518518518518517
0 0.6090534979423868 0.6879286694101509 0.01417466849565615 0.026748971193415638
0 0.43164151806127116 0.5603566529492455 0.01417466849565615 0.026748971193415638
0 0.7850937357110197 0.11728395061728394 0.008687700045724738 0.018518518518518517
0 0.05898491083676269 0.8168724279835391 0.01417466849565615 0.026748971193415638
0 0.7750342935528121 0.43209876543209874 0.01417466849565615 0.02400548696844993
0 0.17924096936442616 0.5438957475994513 0.01417466849565615 0.026748971193415638
0 0.8513946044810242 0.7373113854595336 0.01417466849565615 0.026748971193415638
0 0.01188843164151806 0.1700960219478738 0.008687700045724738 0.018518518518518517
0 0.43164151806127116 0.4567901234567901 0.01417466849565615 0.02400548696844993
0 0.11796982167352538 0.003429355281207133 0.008687700045724738 0.018518518518518517
0 0.0695016003657979 0.24348422496570646 0.01417466849565615 0.02400548696844993
0 0.7636031092821216 0.08093278463648834 0.008687700045724738 0.018518518518518517
0 0.37677183356195704 0.7325102880658436 0.01417466849565615 0.026748971193415638
0 0.7119341563786008 0.3662551440329218 0.01417466849565615 0.02400548696844993
0 0.1979881115683585 0.49176954732510286 0.01417466849565615 0.026748971193415638
0 0.9080932784636488 0.2194787379972565 0.01417466849565615 0.02400548696844993
0 0.03200731595793324 0.46776406035665297 0.01417466849565615 0.02400548696844993
0 0.438957475994513 0.6275720164609053 0.01417466849565615 0.026748971193415638
0 0.6849565614997714 0.23525377229080932 0.01417466849565615 0.02400548696844993
0 0.9881115683584819 0.19204389574759945 0.008687700045724738 0.018518518518518517
0 0.20210333790580703 0.8607681755829903 0.01417466849565615 0.026748971193415638
0 0.52400548696845 0.5150891632373114 0.01417466849565615 0.026748971193415638
0 0.5706447187928669 0.11522633744855967 0.008687700045724738 0.018518518518518517
0 0.9547325102880658 0.7818930041152263 0.01417466849565615 0.026748971193415638
0 0.710562414266118 0.2812071330589849 0.01417466849565615 0.02400548696844993
0 0.19661636945587563 0.09945130315500686 0.008687700045724738 0.018518518518518517
0 0.8477366255144033 0.030864197530864196 0.008687700045724738 0.018518518518518517
0 0.24828532235939643 0.16049382716049382 0.008687700045724738 0.018518518518518517
0 0.2684042066758116 0.7139917695473251 0.01417466849565615 0.026748971193415638
0 0.8577960676726109 0.9471879286694102 0.01417466849565615 0.026748971193415638
0 0.516689529035208 0.41838134430727025 0.01417466849565615 0.02400548696844993
0 0.6634659350708734 0.2448559670781893 0.01417466849565615 0.02400548696844993
0 0.47370827617741196 0.3168724279835391 0.01417466849565615 0.02400548696844993
0 0.5482395976223137 0.24691358024691357 0.01417466849565615 0.02400548696844993
0 0.13991769547325103 0.5260631001371742 0.01417466849565615 0.026748971193415638
0 0.06858710562414266 0.29492455418381347 0.01417466849565615 0.02400548696844993
0 0.22039323273891176 0.9526748971193416 0.01417466849565615 0.026748971193415638
0 0.6844993141289437 0.9643347050754458 0.01417466849565615 0.026748971193415638
0 0.9734796524919982 0.6282578875171467 0.01417466849565615 0.026748971193415638
0 0.4023776863283036 0.2578875171467764 0.01417466849565615 0.02400548696844993
0 0.7658893461362597 0.6275720164609053 0.01417466849565615 0.026748971193415638
0 0.4631915866483768 0.8573388203017832 0.01417466849565615 0.026748971193415638
0 0.06858710562414266 0.5068587105624143 0.01417466849565615 0.026748971193415638
0 0.4302697759487883 0.5898491083676269 0.01417466849565615 0.026748971193415638
0 0.01188843164151806 0.6803840877914952 0.01417466849565615 0.026748971193415638
0 0.6607224508459076 0.5384087791495199 0.01417466849565615 0.026748971193415638
0 0.5624142661179699 0.2839506172839506 0.01417466849565615 0.02400548696844993
0 0.572930955647005 0.3655692729766804 0.01417466849565615 0.02400548696844993
0 0.8225880201188843 0.09396433470507544 0.008687700045724738 0.018518518518518517
0 0.10105166895290352 0.887517146776406 0.01417466849565615 0.026748971193415638
0 0.516689529035208 0.5198902606310014 0.01417466849565615 0.026748971193415638
0 0.978509373571102 0.7716049382716049 0.01417466849565615 0.026748971193415638
0 0.7937814357567444 0.03292181069958848 0.008687700045724738 0.018518518518518517
0 0.3017832647462277 0.15294924554183814 0.008687700045724738 0.018518518518518517
0 0.541838134430727 0.9465020576131687 0.01417466849565615 0.026748971193415638
0 0.24691358024691357 0.9259259259259259 0.01417466849565615 0.026748971193415638
0 0.7411979881115683 0.8539094650205762 0.01417466849565615 0.026748971193415638
0 0.2446273433927755 0.01440329218106996 0.008687700045724738 0.018518518518518517
0 0.433013260173754 0.7578875171467764 0.01417466849565615 0.026748971193415638
0 0.9314128943758574 0.5541838134430727 0.01417466849565615 0.026748971193415638
0 0.02880658436213992 0.2709190672153635 0.01417466849565615 0.02400548696844993
0 0.4919981710105167 0.2956104252400549 0.01417466849565615 0.02400548696844993
0 0.5171467764060357 0.27023319615912206 0.01417466849565615 0.02400548696844993
0 0.39003200731595794 0.5253772290809328 0.01417466849565615 0.026748971193415638
0 0.28440786465477824 0.46982167352537724 0.01417466849565615 0.02400548696844993
0 0.846822130772748 0.44787379972565156 0.01417466849565615 0.02400548696844993
0 0.8820301783264746 0.06584362139917696 0.008687700045724738 0.018518518518518517
0 0.18655692729766804 0.1083676268861454 0.008687700045724738 0.018518518518518517
0 0.32601737540009146 0.9567901234567902 0.01417466849565615 0.026748971193415638
0 0.5139460448102423 0.9643347050754458 0.01417466849565615 0.026748971193415638
0 0.8001828989483311 0.7304526748971193 0.01417466849565615 0.026748971193415638
0 0.23685413808870598 0.6748971193415638 0.01417466849565615 0.026748971193415638
0 0.8175582990397805 0.02263374485596708 0.008687700045724738 0.018518518518518517
0 0.6566072245084591 0.06995884773662552 0.008687700045724738 0.018518518518518517
0 0.14220393232738912 0.21467764060356653 0.01417466849565615 0.02400548696844993
0 0.22908093278463648 0.8223593964334706 0.01417466849565615 0.026748971193415638
0 0.8664837677183356 0.07133058984910837 0.008687700045724738 0.018518518518518517
0 0.6172839506172839 0.11591220850480109 0.008687700045724738 0.018518518518518517
0 0.5212620027434842 0.17421124828532236 0.008687700045724738 0.018518518518518517
0 0.7494284407864655 0.4711934156378601 0.01417466849565615 0.02400548696844993
0 0.8527663465935071 0.1934156378600823 0.008687700045724738 0.018518518518518517
0 0.7942386831275721 0.3950617283950617 0.01417466849565615 0.02400548696844993
0 0.7837219935985368 0.4430727023319616 0.01417466849565615 0.02400548696844993
0 0.8001828989483311 0.6968449931412894 0.01417466849565615 0.026748971193415638
0 0.846822130772748 0.1673525377229081 0.008687700045724738 0.018518518518518517
0 0.9757658893461363 0.03635116598079561 0.008687700045724738 0.018518518518518517
0 0.5061728395061729 0.696159122085048 0.01417466849565615 0.026748971193415638
0 0.2935528120713306 0.18381344307270234 0.008687700045724738 0.018518518518518517
0 0.9465020576131687 0.12962962962962962 0.008687700045724738 0.018518518518518517
0 0.48056698673982623 0.5459533607681756 0.01417466849565615 0.026748971193415638
0 0.08550525834476452 0.50960219478738 0.01417466849565615 0.026748971193415638
0 0.7091906721536351 0.2366255144032922 0.01417466849565615 0.02400548696844993
0 0.42203932327389115 0.09259259259259259 0.008687700045724738 0.018518518518518517
0 0.7311385459533608 0.2242798353909465 0.01417466849565615 0.02400548696844993
0 0.10333790580704161 0.028120713305898493 0.008687700045724738 0.018518518518518517
0 0.5518975765889346 0.05829903978052126 0.008687700045724738 0.018518518518518517
0 0.9771376314586191 0.11934156378600823 0.008687700045724738 0.018518518518518517
0 0.03292181069958848 0.11454046639231824 0.008687700045724738 0.018518518518518517
0 0.35436671239140377 0.16666666666666666 0.008687700045724738 0.018518518518518517
0 0.6689529035208047 0.4060356652949246 0.01417466849565615 0.02400548696844993
0 0.37540009144947417 0.710562414266118 0.01417466849565615 0.026748971193415638
0 0.6840420667581162 0.3161865569272977 0.01417466849565615 0.02400548696844993
0 0.7892089620484682 0.23251028806584362 0.01417466849565615 0.02400548696844993
0 0.2085048010973937 0.01440329218106996 0.008687700045724738 0.018518518518518517
0 0.06584362139917696 0.47530864197530864 0.01417466849565615 0.02606310013717421
0 0.4256973022405121 0.8950617283950617 0.01417466849565615 0.026748971193415638
0 0.9821673525377229 0.06035665294924554 0.008687700045724738 0.018518518518518517
0 0.9693644261545497 0.39163237311385457 0.01417466849565615 0.02400548696844993
0 0.4023776863283036 0.4718792866941015 0.01417466849565615 0.02400548696844993
0 0.2089620484682213 0.037037037037037035 0.008687700045724738 0.018518518518518517
0 0.3479652491998171 0.003429355281207133 0.008687700045724738 0.018518518518518517
0 0.04572473708276177 0.6289437585733882 0.01417466849565615 0.026748971193415638
0 0.5473251028806584 0.07407407407407407 0.008687700045724738 0.018518518518518517
0 0.18244170096021947 0.39574759945130317 0.01417466849565615 0.02400548696844993
0 0.9702789208962048 0.3443072702331962 0.01417466849565615 0.02400548696844993
0 0.8390489254686786 0.6035665294924554 0.01417466849565615 0.026748971193415638
0 0.4590763603109282 0.8045267489711934 0.01417466849565615 0.026748971193415638
0 0.37219935985368086 0.7983539094650206 0.01417466849565615 0.026748971193415638
0 0.08641975308641975 0.5775034293552812 0.01417466849565615 0.026748971193415638
0 0.267946959304984 0.5308641975308642 0.01417466849565615 0.026748971193415638
0 0.9149519890260631 0.5034293552812071 0.01417466849565615 0.026748971193415638
0 0.5326931870141747 0.23593964334705075 0.01417466849565615 0.02400548696844993
0 0.8628257887517147 0.0102880658436214 0.008687700045724738 0.018518518518518517
0 0.22130772748056698 0.779835390946502 0.01417466849565615 0.026748971193415638
0 0.227251943301326 0.11454046639231824 0.008687700045724738 0.018518518518518517
0 0.07178783721993598 0.3148148148148148 0.01417466849565615 0.02400548696844993
0 0.6131687242798354 0.9403292181069959 0.01417466849565615 0.026748971193415638
0 0.66026520347508 0.3271604938271605 0.01417466849565615 0.02400548696844993
0 0.6460905349794238 0.06927297668038408 0.008687700045724738 0.018518518518518517
0 0.45724737082761774 0.8374485596707819 0.01417466849565615 0.026748971193415638
0 0.49336991312299955 0.663923182441701 0.01417466849565615 0.026748971193415638
0 0.501143118427069 0.8950617283950617 0.01417466849565615 0.026748971193415638
0 0.9227251943301326 0.5384087791495199 0.01417466849565615 0.026748971193415638
0 0.6671239140374943 0.48559670781893005 0.01417466849565615 0.026748971193415638
0 0.9158664837677183 0.6803840877914952 0.01417466849565615 0.026748971193415638
0 0.1929583904892547 0.16666666666666666 0.008687700045724738 0.018518518518518517
0 0.9355281207133059 0.19272976680384088 0.008687700045724738 0.018518518518518517
0 0.9620484682213077 0.6063100137174211 0.01417466849565615 0.026748971193415638
0 0.7366255144032922 0.27434842249657065 0.01417466849565615 0.02400548696844993
0 0.015546410608139003 0.7064471879286695 0.01417466849565615 0.026748971193415638
0 0.3278463648834019 0.14540466392318244 0.008687700045724738 0.018518518518518517
0 0.09007773205304069 0.6893004115226338 0.01417466849565615 0.026748971193415638
0 0.2926383173296754 0.9149519890260631 0.01417466849565615 0.026748971193415638
0 0.8870598994055784 0.5987654320987654 0.01417466849565615 0.026748971193415638
0 0.7745770461819844 0.06515775034293553 0.008687700045724738 0.018518518518518517
0 0.7119341563786008 0.7338820301783264 0.01417466849565615 0.026748971193415638
0 0.9112940100594421 0.48079561042524005 0.01417466849565615 0.026748971193415638
0 0.9240969364426155 0.16186556927297668 0.008687700045724738 0.018518518518518517
0 0.4883401920438957 0.14883401920438957 0.008687700045724738 0.018518518518518517
0 0.780978509373571 0.2544581618655693 0.01417466849565615 0.02400548696844993
0 0.8701417466849566 0.27983539094650206 0.01417466849565615 0.02400548696844993
0 0.6479195244627344 0.7181069958847737 0.01417466849565615 0.026748971193415638
0 0.7636031092821216 0.5493827160493827 0.01417466849565615 0.026748971193415638
0 0.5528120713305898 0.21742112482853224 0.01417466849565615 0.02400548696844993
0 0.36122542295381804 0.8278463648834019 0.01417466849565615 0.026748971193415638
0 0.9849108367626886 0.32510288065843623 0.01417466849565615 0.02400548696844993
0 0.7279378143575674 0.6296296296296297 0.01417466849565615 0.026748971193415638
0 0.42158207590306357 0.7496570644718793 0.01417466849565615 0.026748971193415638
0 0.7439414723365341 0.26406035665294925 0.01417466849565615 0.02400548696844993
0 0.05212620027434842 0.7812071330589849 0.01417466849565615 0.026748971193415638
0 0.7654320987654321 0.018518518518518517 0.008687700045724738 0.018518518518518517
0 0.1412894375857339 0.5061728395061729 0.01417466849565615 0.026748971193415638
0 0.7110196616369456 0.5823045267489712 0.01417466849565615 0.026748971193415638
0 0.7347965249199817 0.05212620027434842 0.008687700045724738 0.018518518518518517
0 0.5171467764060357 0.2880658436213992 0.01417466849565615 0.02400548696844993
0 0.9583904892546868 0.39711934156378603 0.01417466849565615 0.02400548696844993
0 0.5784179240969365 0.958161865569273 0.01417466849565615 0.026748971193415638
0 0.42386831275720166 0.958161865569273 0.01417466849565615 0.026748971193415638
0 0.7942386831275721 0.6145404663923183 0.01417466849565615 0.026748971193415638
0 0.3813443072702332 0.3010973936899863 0.01417466849565615 0.02400548696844993
0 0.8303612254229538 0.0075445816186556925 0.008687700045724738 0.018518518518518517
0 0.780978509373571 0.2777777777777778 0.01417466849565615 0.02400548696844993
0 0.2629172382258802 0.36419753086419754 0.01417466849565615 0.02400548696844993
0 0.30498399634202106 0.39026063100137176 0.01417466849565615 0.02400548696844993
0 0.35436671239140377 0.7208504801097394 0.01417466849565615 0.026748971193415638
0 0.82533150434385 0.37997256515775035 0.01417466849565615 0.02400548696844993
0 0.013260173754000914 0.6289437585733882 0.01417466849565615 0.026748971193415638
0 0.9240969364426155 0.6159122085048011 0.01417466849565615 0.026748971193415638
0 0.2793781435756744 0.44718792866941015 0.01417466849565615 0.02400548696844993
0 0.4846822130772748 0.6008230452674898 0.01417466849565615 0.026748971193415638
0 0.6593507087334248 0.28463648834019206 0.01417466849565615 0.02400548696844993
0 0.7197073616826704 0.34910836762688613 0.01417466849565615 0.02400548696844993
0 0.6213991769547325 0.42661179698216734 0.01417466849565615 0.02400548696844993
0 0.39871970736168266 0.8799725651577504 0.01417466849565615 0.026748971193415638
0 0.4403292181069959 0.8751714677640604 0.01417466849565615 0.026748971193415638
0 0.029721079103795154 0.22565157750342935 0.01417466849565615 0.02400548696844993
0 0.8111568358481939 0.10631001371742113 0.008687700045724738 0.018518518518518517
0 0.7508001828989483 0.9396433470507545 0.01417466849565615 0.026748971193415638
0 0.9876543209876543 0.3943758573388203 0.01417466849565615 0.02400548696844993
0 0.6844993141289437 0.0747599451303155 0.008687700045724738 0.018518518518518517
0 0.0566986739826246 0.7997256515775034 0.01417466849565615 0.026748971193415638
0 0.9240969364426155 0.32098765432098764 0.01417466849565615 0.02400548696844993
0 0.5939643347050755 0.07133058984910837 0.008687700045724738 0.018518518518518517
0 0.5587562871513488 0.7791495198902606 0.01417466849565615 0.026748971193415638
0 0.6680384087791496 0.4691358024691358 0.01417466849565615 0.02400548696844993
0 0.2825788751714678 0.9417009602194787 0.01417466849565615 0.026748971193415638
0 0.8116140832190215 0.7750342935528121 0.01417466849565615 0.026748971193415638
0 0.9405578417924096 0.7270233196159122 0.01417466849565615 0.026748971193415638
0 0.26245999085505256 0.5946502057613169 0.01417466849565615 0.026748971193415638
0 0.9405578417924096 0.6001371742112482 0.01417466849565615 0.026748971193415638
0 0.9643347050754458 0.5411522633744856 0.01417466849565615 0.026748971193415638
0 0.0027434842249657062 0.23251028806584362 0.01417466849565615 0.02400548696844993
0 0.15043438500228623 0.2674897119341564 0.01417466849565615 0.02400548696844993
0 0.5528120713305898 0.16323731138545952 0.008687700045724738 0.018518518518518517
0 0.3045267489711934 0.3449931412894376 0.01417466849565615 0.02400548696844993
0 0.12071330589849108 0.21604938271604937 0.01417466849565615 0.02400548696844993
0 0.18335619570187472 0.06584362139917696 0.008687700045724738 0.018518518518518517
0 0.7398262459990855 0.50480109739369 0.01417466849565615 0.026748971193415638
0 0.38545953360768176 0.578875171467764 0.01417466849565615 0.026748971193415638
0 0.10470964791952446 0.04869684499314129 0.008687700045724738 0.018518518518518517
0 0.04846822130772748 0.16803840877914952 0.008687700045724738 0.018518518518518517
0 0.8088705989940558 0.053497942386831275 0.008687700045724738 0.018518518518518517
0 0.5075445816186557 0.6049382716049383 0.01417466849565615 0.026748971193415638
0 0.6538637402834934 0.6111111111111112 0.01417466849565615 0.026748971193415638
0 0.5779606767261088 0.23182441700960219 0.01417466849565615 0.02400548696844993
0 0.1646090534979424 0.03909465020576132 0.008687700045724738 0.018518518518518517
0 0.9277549154092364 0.7455418381344308 0.01417466849565615 0.026748971193415638
0 0.7421124828532236 0.09190672153635117 0.008687700045724738 0.018518518518518517
0 0.5679012345679012 0.019890260631001373 0.008687700045724738 0.018518518518518517
0 0.7315957933241883 0.5534979423868313 0.01417466849565615 0.026748971193415638
0 0.09876543209876543 0.7777777777777778 0.01417466849565615 0.026748971193415638
0 0.9826245999085506 0.1522633744855967 0.008687700045724738 0.018518518518518517
0 0.5276634659350709 0.6385459533607681 0.01417466849565615 0.026748971193415638
0 0.7864654778235025 0.05281207133058985 0.008687700045724738 0.018518518518518517
0 0.23548239597622314 0.7441700960219478 0.01417466849565615 0.026748971193415638
0 0.5857338820301783 0.7023319615912208 0.01417466849565615 0.026748971193415638
0 0.7604023776863283 0.2997256515775034 0.01417466849565615 0.02400548696844993
0 0.4101508916323731 0.8079561042524005 0.01417466849565615 0.026748971193415638
0 0.6506630086877 0.1550068587105624 0.008687700045724738 0.018518518518518517
0 0.7777777777777778 0.3004115226337449 0.01417466849565615 0.02400548696844993
0 0.9762231367169639 0.21536351165980797 0.01417466849565615 0.02400548696844993
0 0.7288523090992227 0.024691358024691357 0.008687700045724738 0.018518518518518517
0 0.9611339734796525 0.7194787379972565 0.01417466849565615 0.026748971193415638
0 0.8413351623228167 0.7119341563786008 0.01417466849565615 0.026748971193415638
0 0.6671239140374943 0.5 0.01417466849565615 0.026748971193415638
0 0.9291266575217193 0.5781893004115226 0.01417466849565615 0.026748971193415638
0 0.6328303612254229 0.620713305898491 0.01417466849565615 0.026748971193415638
0 0.9286694101508917 0.7866941015089163 0.01417466849565615 0.026748971193415638
0 0.7197073616826704 0.2839506172839506 0.01417466849565615 0.02400548696844993
0 0.054412437128486514 0.5198902606310014 0.01417466849565615 0.026748971193415638
0 0.7082761774119799 0.6090534979423868 0.01417466849565615 0.026748971193415638
0 0.10425240054869685 0.7043895747599451 0.01417466849565615 0.026748971193415638
0 0.6844993141289437 0.5864197530864198 0.01417466849565615 0.026748971193415638
0 0.18335619570187472 0.6522633744855967 0.01417466849565615 0.026748971193415638
0 0.3918609967992684 0.7503429355281207 0.01417466849565615 0.026748971193415638
0 0.5683584819387288 0.09122085048010974 0.008687700045724738 0.018518518518518517
0 0.003657978966620942 0.0075445816186556925 0.008687700045724738 0.018518518518518517
0 0.9666209419295839 0.06035665294924554 0.008687700045724738 0.018518518518518517
0 0.37448559670781895 0.0720164609053498 0.008687700045724738 0.018518518518518517
0 0.8806584362139918 0.46502057613168724 0.01417466849565615 0.02400548696844993
0 0.4407864654778235 0.09739368998628258 0.008687700045724738 0.018518518518518517
0 0.25148605395518975 0.39231824417009603 0.01417466849565615 0.02400548696844993
0 0.1490626428898034 0.7345679012345679 0.01417466849565615 0.026748971193415638
0 0.17924096936442616 0.7352537722908093 0.01417466849565615 0.026748971193415638
0 0.5848193872885231 0.37037037037037035 0.01417466849565615 0.02400548696844993
0 0.4403292181069959 0.9190672153635117 0.01417466849565615 0.026748971193415638
0 0.8692272519433013 0.6982167352537723 0.01417466849565615 0.026748971193415638
0 0.09556470050297211 0.2880658436213992 0.01417466849565615 0.02400548696844993
0 0.4444444444444444 0.04046639231824417 0.008687700045724738 0.018518518518518517
0 0.5130315500685871 0.5027434842249657 0.01417466849565615 0.026748971193415638
0 0.8015546410608139 0.5843621399176955 0.01417466849565615 0.026748971193415638
0 0.46776406035665297 0.541838134430727 0.01417466849565615 0.026748971193415638
0 0.7443987197073617 0.19958847736625515 0.01417466849565615 0.02400548696844993
0 0.9236396890717878 0.1831275720164609 0.008687700045724738 0.018518518518518517
0 0.588477366255144 0.3223593964334705 0.01417466849565615 0.02400548696844993
0 0.0361225422953818 0.2503429355281207 0.01417466849565615 0.02400548696844993
0 0.6433470507544582 0.2729766803840878 0.01417466849565615 0.02400548696844993
0 0.23365340649291266 0.07681755829903979 0.008687700045724738 0.018518518518518517
0 0.314586191129401 0.6625514403292181 0.01417466849565615 0.026748971193415638
0 0.5893918609967993 0.14060356652949246 0.008687700045724738 0.018518518518518517
0 0.46273433927754914 0.29766803840877915 0.01417466849565615 0.02400548696844993
0 0.0827617741197988 0.6577503429355281 0.01417466849565615 0.026748971193415638
0 0.4819387288523091 0.5672153635116598 0.01417466849565615 0.026748971193415638
0 0.8902606310013718 0.4122085048010974 0.01417466849565615 0.02400548696844993
0 0.5939643347050755 0.43004115226337447 0.01417466849565615 0.02400548696844993
0 0.7457704618198445 0.9842249657064472 0.01417466849565615 0.026748971193415638
0 0.28440786465477824 0.08710562414266118 0.008687700045724738 0.018518518518518517
0 0.5560128029263832 0.30315500685871055 0.01417466849565615 0.02400548696844993
0 0.8500228623685414 0.30246913580246915 0.01417466849565615 0.02400548696844993
0 0.36671239140374945 0.3737997256515775 0.01417466849565615 0.02400548696844993
0 0.52400548696845 0.8957475994513031 0.01417466849565615 0.026748971193415638
0 0.2757201646090535 0.7400548696844993 0.01417466849565615 0.026748971193415638
0 0.9167809785093736 0.14814814814814814 0.008687700045724738 0.018518518518518517
0 0.5596707818930041 0.004801097393689987 0.008687700045724738 0.018518518518518517
0 0.13625971650663007 0.8141289437585734 0.01417466849565615 0.026748971193415638
0 0.903063557384545 0.24417009602194786 0.01417466849565615 0.02400548696844993
0 0.1929583904892547 0.5089163237311386 0.01417466849565615 0.026748971193415638
0 0.8614540466392319 0.39711934156378603 0.01417466849565615 0.02400548696844993
0 0.29766803840877915 0.09807956104252401 0.008687700045724738 0.018518518518518517
0 0.5656149977137631 0.7654320987654321 0.01417466849565615 0.026748971193415638
0 0.35665294924554186 0.99519890260631 0.01417466849565615 0.026748971193415638
0 0.5706447187928669 0.411522633744856 0.01417466849565615 0.02400548696844993
0 0.7878372199359853 0.20713305898491083 0.01417466849565615 0.02400548696844993
0 0.9730224051211706 0.52400548696845 0.01417466849565615 0.026748971193415638
0 0.5903063557384545 0.16392318244170095 0.008687700045724738 0.018518518518518517
0 0.8262459990855052 0.7654320987654321 0.01417466849565615 0.026748971193415638
0 0.8545953360768176 0.5925925925925926 0.01417466849565615 0.026748971193415638
0 0.6776406035665294 0.23868312757201646 0.01417466849565615 0.02400548696844993
0 0.19250114311842706 0.448559670781893 0.01417466849565615 0.02400548696844993
0 0.8802011888431641 0.0775034293552812 0.008687700045724738 0.018518518518518517
0 0.726108824874257 0.7654320987654321 0.01417466849565615 0.026748971193415638
0 0.9323273891175126 0.45816186556927296 0.01417466849565615 0.02400548696844993
0 0.18701417466849565 0.5768175582990398 0.01417466849565615 0.026748971193415638
0 0.32053040695016005 0.13168724279835392 0.008687700045724738 0.018518518518518517
0 0.18838591678097852 0.7551440329218106 0.01417466849565615 0.026748971193415638
0 0.8198445358939186 0.24142661179698216 0.01417466849565615 0.02400548696844993
0 0.3333333333333333 0.8943758573388203 0.01417466849565615 0.026748971193415638
0 0.5212620027434842 0.15089163237311384 0.008687700045724738 0.018518518518518517
0 0.8198445358939186 0.7880658436213992 0.01417466849565615 0.026748971193415638
0 0.0013717421124828531 0.06995884773662552 0.008687700045724738 0.018518518518518517
0 0.8276177411979881 0.411522633744856 0.01417466849565615 0.02400548696844993
0 0.4051211705532693 0.9650205761316872 0.01417466849565615 0.026748971193415638
0 0.46044810242341105 0.6694101508916324 0.01417466849565615 0.026748971193415638
0 0.438957475994513 0.27983539094650206 0.01417466849565615 0.02400548696844993
0 0.4275262917238226 0.5733882030178327 0.01417466849565615 0.026748971193415638
0 0.3818015546410608 0.906721536351166 0.01417466849565615 0.026748971193415638
0 0.1623228166438043 0.49108367626886146 0.01417466849565615 0.026748971193415638
0 0.4508459076360311 0.5288065843621399 0.01417466849565615 0.026748971193415638
0 0.06812985825331504 0.17146776406035666 0.008687700045724738 0.018518518518518517
0 0.47279378143575673 0.32098765432098764 0.01417466849565615 0.02400548696844993
0 0.5985368084133517 0.4615912208504801 0.01417466849565615 0.02400548696844993
0 0.4750800182898948 0.3813443072702332 0.01417466849565615 0.02400548696844993
0 0.9666209419295839 0.8271604938271605 0.01417466849565615 0.026748971193415638
0 0.5130315500685871 0.43072702331961593 0.01417466849565615 0.02400548696844993
0 0.3996342021033379 0.7914951989026063 0.01417466849565615 0.026748971193415638
0 0.6506630086877 0.9471879286694102 0.01417466849565615 0.026748971193415638
0 0.0877914951989026 0.864883401920439 0.01417466849565615 0.026748971193415638
0 0.11019661636945588 0.13443072702331962 0.008687700045724738 0.018518518518518517
0 0.7764060356652949 0.6406035665294925 0.01417466849565615 0.026748971193415638
0 0.6181984453589392 0.1412894375857339 0.008687700045724738 0.018518518518518517
0 0.26245999085505256 0.13168724279835392 0.008687700045724738 0.018518518518518517
0 0.823045267489712 0.4458161865569273 0.01417466849565615 0.02400548696844993
0 0.2802926383173297 0.2345679012345679 0.01417466849565615 0.02400548696844993
0 0.1444901691815272 0.6358024691358025 0.01417466849565615 0.026748971193415638
0 0.1490626428898034 0.04526748971193416 0.008687700045724738 0.018518518518518517
0 0.934156378600823 0.2606310013717421 0.01417466849565615 0.02400548696844993
0 0.6744398719707362 0.02400548696844993 0.008687700045724738 0.018518518518518517
0 0.24508459076360312 0.855281207133059 0.01417466849565615 0.026748971193415638
0 0.6497485139460448 0.46296296296296297 0.01417466849565615 0.02400548696844993
0 0.6090534979423868 0.16049382716049382 0.008687700045724738 0.018518518518518517
0 0.9871970736168267 0.009602194787379973 0.008687700045724738 0.018518518518518517
0 0.05898491083676269 0.6968449931412894 0.01417466849565615 0.026748971193415638
0 0.5157750342935528 0.24005486968449932 0.01417466849565615 0.02400548696844993
0 0.4252400548696845 0.027434842249657063 0.008687700045724738 0.018518518518518517
0 0.1678097850937357 0.7585733882030178 0.01417466849565615 0.026748971193415638
0 0.7640603566529492 0.5733882030178327 0.01417466849565615 0.026748971193415638
0 0.27206218564243256 0.5452674897119342 0.01417466849565615 0.026748971193415638
0 0.6401463191586648 0.7949245541838135 0.01417466849565615 0.026748971193415638
0 0.7375400091449474 0.29012345679012347 0.01417466849565615 0.02400548696844993
0 0.11979881115683585 0.9787379972565158 0.01417466849565615 0.026748971193415638
0 0.9556470050297211 0.08573388203017833 0.008687700045724738 0.018518518518518517
0 0.8326474622770919 0.10082304526748971 0.008687700045724738 0.018518518518518517
0 0.32418838591678095 0.4279835390946502 0.01417466849565615 0.02400548696844993
0 0.7608596250571559 0.2544581618655693 0.01417466849565615 0.02400548696844993
0 0.35390946502057613 0.32853223593964337 0.01417466849565615 0.02400548696844993
0 0.4435299497027892 0.4156378600823045 0.01417466849565615 0.02400548696844993
0 0.7379972565157751 0.42935528120713307 0.01417466849565615 0.02400548696844993
0 0.11934156378600823 0.7702331961591221 0.01417466849565615 0.026748971193415638
0 0.9510745313214449 0.0541838134430727 0.008687700045724738 0.018518518518518517
0 0.7704618198445359 0.04869684499314129 0.008687700045724738 0.018518518518518517
0 0.5299497027892089 0.10493827160493827 0.008687700045724738 0.018518518518518517
0 0.7059899405578418 0.30864197530864196 0.01417466849565615 0.02400548696844993
0 0.47142203932327387 0.8470507544581619 0.01417466849565615 0.026748971193415638
0 0.5720164609053497 0.6577503429355281 0.01417466849565615 0.026748971193415638
0 0.9693644261545497 0.0775034293552812 0.008687700045724738 0.018518518518518517
0 0.9725651577503429 0.1934156378600823 0.008687700045724738 0.018518518518518517
0 0.20164609053497942 0.2448559670781893 0.01417466849565615 0.02400548696844993
0 0.7613168724279835 0.6927297668038409 0.01417466849565615 0.026748971193415638
0 0.04435299497027892 0.2544581618655693 0.01417466849565615 0.02400548696844993
0 0.8829446730681298 0.6817558299039781 0.01417466849565615 0.026748971193415638
0 0.09327846364883402 0.7338820301783264 0.01417466849565615 0.026748971193415638
0 0.5866483767718336 0.2448559670781893 0.01417466849565615 0.02400548696844993
0 0.22130772748056698 0.8532235939643347 0.01417466849565615 0.026748971193415638
0 0.5404663923182441 0.5027434842249657 0.01417466849565615 0.026748971193415638
0 0.3927754915409236 0.11934156378600823 0.008687700045724738 0.018518518518518517
0 0.2606310013717421 0.644718792866941 0.01417466849565615 0.026748971193415638
0 0.08184727937814358 0.0411522633744856 0.008687700045724738 0.018518518518518517
0 0.5560128029263832 0.04938271604938271 0.008687700045724738 0.018518518518518517
0 0.9881115683584819 0.35253772290809327 0.01417466849565615 0.02400548696844993
0 0.44261545496113397 0.32853223593964337 0.01417466849565615 0.02400548696844993
0 0.1755829903978052 0.6056241426611797 0.01417466849565615 0.026748971193415638
0 0.6575217192501143 0.4327846364883402 0.01417466849565615 0.02400548696844993
0 0.006401463191586648 0.0823045267489712 0.008687700045724738 0.018518518518518517
0 0.22267946959304985 0.6111111111111112 0.01417466849565615 0.026748971193415638
0 0.5116598079561042 0.05555555555555555 0.008687700045724738 0.018518518518518517
0 0.4435299497027892 0.16666666666666666 0.008687700045724738 0.018518518518518517
0 0.024691358024691357 0.030864197530864196 0.008687700045724738 0.018518518518518517
0 0.6026520347508002 0.7489711934156379 0.01417466849565615 0.026748971193415638
0 0.8088705989940558 0.3998628257887517 0.01417466849565615 0.02400548696844993
0 0.1778692272519433 0.3168724279835391 0.01417466849565615 0.02400548696844993
0 0.5432098765432098 0.2674897119341564 0.01417466849565615 0.02400548696844993
0 0.30498399634202106 0.6790123456790124 0.01417466849565615 0.026748971193415638
0 0.7732053040695016 0.20987654320987653 0.01417466849565615 0.02400548696844993
0 0.19890260631001372 0.07544581618655692 0.008687700045724738 0.018518518518518517
0 0.02880658436213992 0.9410150891632373 0.01417466849565615 0.026748971193415638
0 0.6163694558756287 0.0720164609053498 0.008687700045724738 0.018518518518518517
0 0.2912665752171925 0.4458161865569273 0.01417466849565615 0.02400548696844993
0 0.00823045267489712 0.2085048010973937 0.01417466849565615 0.02400548696844993
0 0.6168267032464564 0.6618655692729767 0.01417466849565615 0.026748971193415638
0 0.5752171925011431 0.3532235939643347 0.01417466849565615 0.02400548696844993
0 0.5080018289894833 0.33607681755829905 0.01417466849565615 0.02400548696844993
0 0.09967992684042067 0.16117969821673525 0.008687700045724738 0.018518518518518517
0 0.8701417466849566 0.33127572016460904 0.01417466849565615 0.02400548696844993
0 0.6712391403749428 0.5534979423868313 0.01417466849565615 0.026748971193415638
0 0.7366255144032922 0.21536351165980797 0.01417466849565615 0.02400548696844993
0 0.7672610882487426 0.23319615912208505 0.01417466849565615 0.02400548696844993
0 0.7123914037494284 0.4396433470507545 0.01417466849565615 0.02400548696844993
0 0.598079561042524 0.200960219478738 0.01417466849565615 0.02400548696844993
0 0.8673982624599909 0.1419753086419753 0.008687700045724738 0.018518518518518517
0 0.02423411065386374 0.09122085048010974 0.008687700045724738 0.018518518518518517
0 0.4851394604481024 0.2606310013717421 0.01417466849565615 0.02400548696844993
0 0.32053040695016005 0.3333333333333333 0.01417466849565615 0.02400548696844993
0 0.2505715592135345 0.8689986282578875 0.01417466849565615 0.026748971193415638
0 0.685413808870599 0.7901234567901234 0.01417466849565615 0.026748971193415638
0 0.34156378600823045 0.4074074074074074 0.01417466849565615 0.02400548696844993
0 0.6515775034293553 0.3950617283950617 0.01417466849565615 0.02400548696844993
0 0.7293095564700502 0.30727023319615915 0.01417466849565615 0.02400548696844993
0 0.1005944215820759 0.299039780521262 0.01417466849565615 0.02400548696844993
0 0.20210333790580703 0.5973936899862826 0.01417466849565615 0.026748971193415638
0 0.7439414723365341 0.649519890260631 0.01417466849565615 0.026748971193415638
0 0.29766803840877915 0.5953360768175583 0.01417466849565615 0.026748971193415638
0 0.00823045267489712 0.8998628257887518 0.01417466849565615 0.026748971193415638
0 0.7805212620027435 0.29012345679012347 0.01417466849565615 0.02400548696844993
0 0.003657978966620942 0.14814814814814814 0.008687700045724738 0.018518518518518517
0 0.427069044352995 0.7805212620027435 0.01417466849565615 0.026748971193415638
0 0.7407407407407407 0.35733882030178327 0.01417466849565615 0.02400548696844993
0 0.6611796982167353 0.15706447187928668 0.008687700045724738 0.018518518518518517
0 0.6003657978966621 0.1755829903978052 0.008687700045724738 0.018518518518518517
0 0.9122085048010974 0.24005486968449932 0.01417466849565615 0.02400548696844993
0 0.8097850937357111 0.033607681755829906 0.008687700045724738 0.018518518518518517
0 0.051668952903520804 0.12345679012345678 0.008687700045724738 0.018518518518518517
0 0.635116598079561 0.03772290809327846 0.008687700045724738 0.018518518518518517
0 0.9757658893461363 0.3017832647462277 0.01417466849565615 0.02400548696844993
0 0.2085048010973937 0.12757201646090535 0.008687700045724738 0.018518518518518517
0 0.984453589391861 0.2270233196159122 0.01417466849565615 0.02400548696844993
0 0.6790123456790124 0.7030178326474623 0.01417466849565615 0.026748971193415638
0 0.46822130772748055 0.5672153635116598 0.01417466849565615 0.026748971193415638
0 0.526291723822588 0.12071330589849108 0.008687700045724738 0.018518518518518517
0 0.10608139003200731 0.21467764060356653 0.01417466849565615 0.02400548696844993
0 0.8262459990855052 0.28189300411522633 0.01417466849565615 0.02400548696844993
0 0.9894833104709648 0.4588477366255144 0.01417466849565615 0.02400548696844993
0 0.29766803840877915 0.27503429355281206 0.01417466849565615 0.02400548696844993
0 0.6927297668038409 0.7599451303155007 0.01417466849565615 0.026748971193415638
0 0.8975765889346137 0.05829903978052126 0.008687700045724738 0.018518518518518517
0 0.9309556470050298 0.08573388203017833 0.008687700045724738 0.018518518518518517
0 0.7581161408321903 0.10013717421124829 0.008687700045724738 0.018518518518518517
0 0.33607681755829905 0.5720164609053497 0.01417466849565615 0.026748971193415638
0 0.8568815729309557 0.17078189300411523 0.008687700045724738 0.018518518518518517
0 0.6611796982167353 0.52400548696845 0.01417466849565615 0.026748971193415638
0 0.904435299497028 0.08161865569272976 0.008687700045724738 0.018518518518518517
0 0.8449931412894376 0.4561042524005487 0.01417466849565615 0.02400548696844993
0 0.7361682670324645 0.2448559670781893 0.01417466849565615 0.02400548696844993
0 0.8390489254686786 0.30727023319615915 0.01417466849565615 0.02400548696844993
0 0.8952903520804756 0.39094650205761317 0.01417466849565615 0.02400548696844993
0 0.13351623228166437 0.3669410150891632 0.01417466849565615 0.02400548696844993
0 0.9858253315043438 0.2599451303155007 0.01417466849565615 0.02400548696844993
0 0.15043438500228623 0.7133058984910837 0.01417466849565615 0.026748971193415638
0 0.6021947873799726 0.0027434842249657062 0.008687700045724738 0.018518518518518517
0 0.09922267946959305 0.720164609053498 0.01417466849565615 0.026748971193415638
0 0.6035665294924554 0.22496570644718794 0.01417466849565615 0.02400548696844993
0 0.8747142203932328 0.8278463648834019 0.01417466849565615 0.026748971193415638
0 0.5628715134887975 0.1646090534979424 0.008687700045724738 0.018518518518518517
0 0.9954275262917238 0.5727023319615913 0.01417466849565615 0.026748971193415638
0 0.08733424782807499 0.010973936899862825 0.008687700045724738 0.018518518518518517
0 0.43712848651120256 0.821673525377229 0.01417466849565615 0.026748971193415638
0 0.8843164151806127 0.25651577503429357 0.01417466849565615 0.02400548696844993
0 0.3411065386374028 0.25857338820301784 0.01417466849565615 0.02400548696844993
0 0.9794238683127572 0.6817558299039781 0.01417466849565615 0.026748971193415638
0 0.8248742569730224 0.20713305898491083 0.01417466849565615 0.02400548696844993
0 0.604023776863283 0.3765432098765432 0.01417466849565615 0.02400548696844993
0 0.035208047553726564 0.15363511659807957 0.008687700045724738 0.018518518518518517
0 0.27251943301326015 0.5178326474622771 0.01417466849565615 0.026748971193415638
0 0.8893461362597165 0.5404663923182441 0.01417466849565615 0.026748971193415638
0 0.2761774119798811 0.35390946502057613 0.01417466849565615 0.02400548696844993
0 0.3479652491998171 0.7880658436213992 0.01417466849565615 0.026748971193415638
0 0.9862825788751715 0.5075445816186557 0.01417466849565615 0.026748971193415638
0 0.5272062185642432 0.29218106995884774 0.01417466849565615 0.02400548696844993
0 0.1262002743484225 0.31893004115226337 0.01417466849565615 0.02400548696844993
0 0.07681755829903979 0.32373113854595337 0.01417466849565615 0.02400548696844993
0 0.747599451303155 0.29149519890260633 0.01417466849565615 0.02400548696844993
0 0.6406035665294925 0.7578875171467764 0.01417466849565615 0.026748971193415638
0 0.6488340192043895 0.38271604938271603 0.01417466849565615 0.02400548696844993
0 0.9661636945587563 0.4156378600823045 0.01417466849565615 0.02400548696844993
0 0.10196616369455876 0.3888888888888889 0.01417466849565615 0.02400548696844993
0 0.3411065386374028 0.8731138545953361 0.01417466849565615 0.026748971193415638
0 0.2967535436671239 0.2908093278463649 0.01417466849565615 0.02400548696844993
0 0.6278006401463192 0.5068587105624143 0.01417466849565615 0.026748971193415638
0 0.3113854595336077 0.4444444444444444 0.01417466849565615 0.02400548696844993
0 0.0877914951989026 0.39711934156378603 0.01417466849565615 0.02400548696844993
0 0.9766803840877915 0.411522633744856 0.01417466849565615 0.02400548696844993
0 0.4224965706447188 0.3065843621399177 0.01417466849565615 0.02400548696844993
0 0.9583904892546868 0.33607681755829905 0.01417466849565615 0.02400548696844993
0 0.862368541380887 0.7873799725651578 0.01417466849565615 0.026748971193415638
0 0.4883401920438957 0.1289437585733882 0.008687700045724738 0.018518518518518517
0 0.7343392775491541 0.7928669410150891 0.01417466849565615 0.026748971193415638
0 0.014631915866483767 0.5740740740740741 0.01417466849565615 0.026748971193415638
0 0.7832647462277091 0.13305898491083676 0.008687700045724738 0.018518518518518517
0 0.5034293552812071 0.7962962962962963 0.01417466849565615 0.026748971193415638
0 0.5660722450845908 0.1755829903978052 0.008687700045724738 0.018518518518518517
0 0.7924096936442615 0.7688614540466392 0.01417466849565615 0.026748971193415638
0 0.5656149977137631 0.7565157750342936 0.01417466849565615 0.026748971193415638
0 0.7672610882487426 0.3936899862825789 0.01417466849565615 0.02400548696844993
0 0.7498856881572931 0.11316872427983539 0.008687700045724738 0.018518518518518517
0 0.32510288065843623 0.6131687242798354 0.01417466849565615 0.026748971193415638
0 0.8765432098765432 0.12071330589849108 0.008687700045724738 0.018518518518518517
0 0.9122085048010974 0.17695473251028807 0.008687700045724738 0.018518518518518517
0 0.813443072702332 0.20027434842249658 0.01417466849565615 0.02400548696844993
0 0.9131229995427527 0.43415637860082307 0.01417466849565615 0.02400548696844993
0 0.7160493827160493 0.1646090534979424 0.008687700045724738 0.018518518518518517
0 0.20987654320987653 0.7208504801097394 0.01417466849565615 0.026748971193415638
0 0.7325102880658436 0.4170096021947874 0.01417466849565615 0.02400548696844993
0 0.8180155464106081 0.16186556927297668 0.008687700045724738 0.018518518518518517
0 0.6140832190214907 0.7016460905349794 0.01417466849565615 0.026748971193415638
0 0.2501143118427069 0.663923182441701 0.01417466849565615 0.026748971193415638
0 0.06218564243255601 0.15569272976680384 0.008687700045724738 0.018518518518518517
0 0.6963877457704618 0.11728395061728394 0.008687700045724738 0.018518518518518517
0 0.8052126200274349 0.4842249657064472 0.01417466849565615 0.026748971193415638
0 0.2981252857796068 0.06035665294924554 0.008687700045724738 0.018518518518518517
0 0.37768632830361226 0.04801097393689986 0.008687700045724738 0.018518518518518517
0 0.9931412894375857 0.021262002743484224 0.008687700045724738 0.018518518518518517
0 0.36808413351623226 0.8141289437585734 0.01417466849565615 0.026748971193415638
0 0.9967992684042066 0.4691358024691358 0.01417466849565615 0.02606310013717421
0 0.16643804298125287 0.8731138545953361 0.01417466849565615 0.026748971193415638
0 0.9506172839506173 0.004801097393689987 0.008687700045724738 0.018518518518518517
0 0.5912208504801097 0.5404663923182441 0.01417466849565615 0.026748971193415638
0 0.22542295381801555 0.13305898491083676 0.008687700045724738 0.018518518518518517
0 0.9085505258344765 0.13511659807956103 0.008687700045724738 0.018518518518518517
0 0.24599908550525834 0.752400548696845 0.01417466849565615 0.026748971193415638
0 0.16369455875628716 0.24005486968449932 0.01417466849565615 0.02400548696844993
0 0.28532235939643347 0.19753086419753085 0.008687700045724738 0.018518518518518517
0 0.448559670781893 0.3010973936899863 0.01417466849565615 0.02400548696844993
0 0.6506630086877 0.355281207133059 0.01417466849565615 0.02400548696844993
0 0.20530406950160038 0.26406035665294925 0.01417466849565615 0.02400548696844993
0 0.16369455875628716 0.46227709190672156 0.01417466849565615 0.02400548696844993
0 0.3639689071787837 0.6083676268861454 0.01417466849565615 0.026748971193415638
0 0.9574759945130316 0.3614540466392318 0.01417466849565615 0.02400548696844993
0 0.7988111568358482 0.2037037037037037 0.01417466849565615 0.02400548696844993
0 0.8614540466392319 0.12002743484224966 0.008687700045724738 0.018518518518518517
0 0.7014174668495656 0.15363511659807957 0.008687700045724738 0.018518518518518517
0 0.2085048010973937 0.635116598079561 0.01417466849565615 0.026748971193415638
0 0.50480109739369 0.4046639231824417 0.01417466849565615 0.02400548696844993
0 0.5089163237311386 0.3052126200274348 0.01417466849565615 0.02400548696844993
0 0.9442158207590307 0.16941015089163236 0.008687700045724738 0.018518518518518517
0 0.5304069501600366 0.39231824417009603 0.01417466849565615 0.02400548696844993
0 0.42386831275720166 0.2825788751714678 0.01417466849565615 0.02400548696844993
0 0.22908093278463648 0.593278463648834 0.01417466849565615 0.026748971193415638
0 0.4874256973022405 0.3333333333333333 0.01417466849565615 0.02400548696844993
0 0.8111568358481939 0.4588477366255144 0.01417466849565615 0.02400548696844993
0 0.7393689986282579 0.1412894375857339 0.008687700045724738 0.018518518518518517
0 0.7864654778235025 0.5089163237311386 0.01417466849565615 0.026748971193415638
0 0.29995427526291724 0.3292181069958848 0.01417466849565615 0.02400548696844993
0 0.21079103795153178 0.46227709190672156 0.01417466849565615 0.02400548696844993
0 0.8943758573388203 0.31344307270233196 0.01417466849565615 0.02400548696844993
0 0.24554183813443073 0.6872427983539094 0.01417466849565615 0.026748971193415638
0 0.3795153177869227 0.438957475994513 0.01417466849565615 0.02400548696844993
0 0.6744398719707362 0.3724279835390947 0.01417466849565615 0.02400548696844993
0 0.314586191129401 0.08367626886145405 0.008687700045724738 0.018518518518518517
0 0.04252400548696845 0.6598079561042524 0.01417466849565615 0.026748971193415638
0 0.021033379058070414 0.21536351165980797 0.01417466849565615 0.02400548696844993
0 0.6460905349794238 0.6330589849108368 0.01417466849565615 0.026748971193415638
0 0.3081847279378144 0.22976680384087791 0.01417466849565615 0.02400548696844993
0 0.026977594878829447 0.5877914951989026 0.01417466849565615 0.026748971193415638
0 0.2839506172839506 0.9636488340192044 0.01417466849565615 0.026748971193415638
0 0.407864654778235 0.5960219478737997 0.01417466849565615 0.026748971193415638
0 0.03383630544124371 0.47530864197530864 0.01417466849565615 0.02606310013717421
0 0.15912208504801098 0.6056241426611797 0.01417466849565615 0.026748971193415638
0 0.45038866026520347 0.6652949245541838 0.01417466849565615 0.026748971193415638
0 0.6396890717878372 0.8189300411522634 0.01417466849565615 0.026748971193415638
0 0.5569272976680384 0.5356652949245542 0.01417466849565615 0.026748971193415638
0 0.7192501143118427 0.015089163237311385 0.008687700045724738 0.018518518518518517
0 0.1673525377229081 0.5363511659807956 0.01417466849565615 0.026748971193415638
0 0.9629629629629629 0.49108367626886146 0.01417466849565615 0.026748971193415638
0 0.9716506630086877 0.6666666666666666 0.01417466849565615 0.026748971193415638
0 0.14540466392318244 0.4012345679012346 0.01417466849565615 0.02400548696844993
0 0.3936899862825789 0.289437585733882 0.01417466849565615 0.02400548696844993
0 0.267946959304984 0.029492455418381344 0.008687700045724738 0.018518518518518517
0 0.5582990397805213 0.5027434842249657 0.01417466849565615 0.026748971193415638
0 0.6053955189757659 0.8799725651577504 0.01417466849565615 0.026748971193415638
0 0.5994513031550068 0.3093278463648834 0.01417466849565615 0.02400548696844993
0 0.003657978966620942 0.11865569272976681 0.008687700045724738 0.018518518518518517
0 0.17604023776863284 0.029492455418381344 0.008687700045724738 0.018518518518518517
0 0.8221307727480567 0.588477366255144 0.01417466849565615 0.026748971193415638
0 0.7064471879286695 0.3888888888888889 0.01417466849565615 0.02400548696844993
0 0.37677183356195704 0.9958847736625515 0.01417466849565615 0.026748971193415638
0 0.5130315500685871 0.9108367626886146 0.01417466849565615 0.026748971193415638
0 0.1083676268861454 0.44718792866941015 0.01417466849565615 0.02400548696844993
0 0.19615912208504802 0.6268861454046639 0.01417466849565615 0.026748971193415638
0 0.43438500228623683 0.03429355281207133 0.008687700045724738 0.018518518518518517
0 0.5582990397805213 0.2558299039780521 0.01417466849565615 0.02400548696844993
0 0.31641518061271146 0.9403292181069959 0.01417466849565615 0.026748971193415638
0 0.8363054412437129 0.4924554183813443 0.01417466849565615 0.026748971193415638
0 0.791952446273434 0.49519890260631 0.01417466849565615 0.026748971193415638
0 0.3136716963877458 0.8045267489711934 0.01417466849565615 0.026748971193415638
0 0.31870141746684955 0.23731138545953362 0.01417466849565615 0.02400548696844993
0 0.038866026520347506 0.09122085048010974 0.008687700045724738 0.018518518518518517
0 0.9355281207133059 0.13443072702331962 0.008687700045724738 0.018518518518518517
0 0.3429355281207133 0.32510288065843623 0.01417466849565615 0.02400548696844993
0 0.4170096021947874 0.6762688614540466 0.01417466849565615 0.026748971193415638
0 0.24371284865112025 0.6316872427983539 0.01417466849565615 0.026748971193415638
0 0.828989483310471 0.7133058984910837 0.01417466849565615 0.026748971193415638
0 0.19981710105166894 0.0438957475994513 0.008687700045724738 0.018518518518518517
0 0.6149977137631458 0.8120713305898491 0.01417466849565615 0.026748971193415638
0 0.7183356195701874 0.3868312757201646 0.01417466849565615 0.02400548696844993
0 0.0013717421124828531 0.03292181069958848 0.008687700045724738 0.018518518518518517
0 0.9812528577960676 0.8641975308641975 0.01417466849565615 0.026748971193415638
0 0.8052126200274349 0.06378600823045268 0.008687700045724738 0.018518518518518517
0 0.44215820759030633 0.3532235939643347 0.01417466849565615 0.02400548696844993
0 0.18472793781435756 0.266803840877915 0.01417466849565615 0.02400548696844993
0 0.6278006401463192 0.01440329218106996 0.008687700045724738 0.018518518518518517
0 0.12025605852766347 0.07818930041152264 0.008687700045724738 0.018518518518518517
0 0.16826703246456332 0.51440329218107 0.01417466849565615 0.026748971193415638
0 0.16826703246456332 0.39231824417009603 0.01417466849565615 0.02400548696844993
0 0.949702789208962 0.32578875171467764 0.01417466849565615 0.02400548696844993
0 0.3324188385916781 0.8093278463648834 0.01417466849565615 0.026748971193415638
0 0.15089163237311384 0.5397805212620027 0.01417466849565615 0.026748971193415638
0 0.18472793781435756 0.14540466392318244 0.008687700045724738 0.018518518518518517
0 0.13122999542752628 0.15637860082304528 0.008687700045724738 0.018518518518518517
0 0.8207590306355739 0.5185185185185185 0.01417466849565615 0.026748971193415638
0 0.13717421124828533 0.9176954732510288 0.01417466849565615 0.026748971193415638
0 0.8811156835848194 0.18381344307270234 0.008687700045724738 0.018518518518518517
0 0.12254229538180156 0.1858710562414266 0.008687700045724738 0.018518518518518517
0 0.6268861454046639 0.03635116598079561 0.008687700045724738 0.018518518518518517
0 0.6776406035665294 0.013031550068587106 0.008687700045724738 0.018518518518518517
0 0.7087334247828075 0.15706447187928668 0.008687700045724738 0.018518518518518517
0 0.8774577046181985 0.3477366255144033 0.01417466849565615 0.02400548696844993
0 0.5212620027434842 0.08024691358024691 0.008687700045724738 0.018518518518518517
0 0.831275720164609 0.047325102880658436 0.008687700045724738 0.018518518518518517
0 0.07407407407407407 0.4334705075445816 0.01417466849565615 0.02400548696844993
0 0.5848193872885231 0.9732510288065843 0.01417466849565615 0.026748971193415638
0 0.47782350251486055 0.588477366255144 0.01417466849565615 0.026748971193415638
0 0.8175582990397805 0.06652949245541838 0.008687700045724738 0.018518518518518517
0 0.04069501600365798 0.13717421124828533 0.008687700045724738 0.018518518518518517
0 0.18427069044352995 0.028120713305898493 0.008687700045724738 0.018518518518518517
0 0.41380887059899407 0.23525377229080932 0.01417466849565615 0.02400548696844993
0 0.9977137631458619 0.5061728395061729 0.01417466849565615 0.02606310013717421
0 0.054412437128486514 0.09396433470507544 0.008687700045724738 0.018518518518518517
0 0.8449931412894376 0.42592592592592593 0.01417466849565615 0.02400548696844993
0 0.3941472336534065 0.4615912208504801 0.01417466849565615 0.02400548696844993
0 0.6936442615454961 0.2736625514403292 0.01417466849565615 0.02400548696844993
0 0.42066758116140834 0.5363511659807956 0.01417466849565615 0.026748971193415638
0 0.8052126200274349 0.25171467764060357 0.01417466849565615 0.02400548696844993
0 0.5839048925468678 0.8340192043895748 0.01417466849565615 0.026748971193415638
0 0.7000457247370827 0.017146776406035666 0.008687700045724738 0.018518518518518517
0 0.0877914951989026 0.2709190672153635 0.01417466849565615 0.02400548696844993
0 0.9881115683584819 0.8175582990397805 0.01417466849565615 0.026748971193415638
0 0.5093735711019661 0.15157750342935528 0.008687700045724738 0.018518518518518517
0 0.5898491083676269 0.4074074074074074 0.01417466849565615 0.02400548696844993
0 0.23593964334705075 0.10425240054869685 0.008687700045724738 0.018518518518518517
0 0.43712848651120256 0.29835390946502055 0.01417466849565615 0.02400548696844993
0 0.30269775948788297 0.8065843621399177 0.01417466849565615 0.026748971193415638
0 0.2917238225880201 0.8834019204389575 0.01417466849565615 0.026748971193415638
0 0.43164151806127116 0.36488340192043894 0.01417466849565615 0.02400548696844993
0 0.08550525834476452 0.96639231824417 0.01417466849565615 0.026748971193415638
0 0.149519890260631 0.5603566529492455 0.01417466849565615 0.026748971193415638
0 0.149519890260631 0.29492455418381347 0.01417466849565615 0.02400548696844993
0 0.42661179698216734 0.5061728395061729 0.01417466849565615 0.026748971193415638
0 0.588477366255144 0.19615912208504802 0.008687700045724738 0.018518518518518517
0 0.8756287151348879 0.4224965706447188 0.01417466849565615 0.02400548696844993
0 0.6547782350251486 0.09396433470507544 0.008687700045724738 0.018518518518518517
0 0.9807956104252401 0.10219478737997256 0.008687700045724738 0.018518518518518517
0 0.7183356195701874 0.9821673525377229 0.01417466849565615 0.026748971193415638
0 0.08687700045724737 0.16186556927297668 0.008687700045724738 0.018518518518518517
0 0.4051211705532693 0.0644718792866941 0.008687700045724738 0.018518518518518517
0 0.30727023319615915 0.2599451303155007 0.01417466849565615 0.02400548696844993
0 0.48056698673982623 0.9327846364883402 0.01417466849565615 0.026748971193415638
0 0.44215820759030633 0.6790123456790124 0.01417466849565615 0.026748971193415638
0 0.8911751257430269 0.23525377229080932 0.01417466849565615 0.02400548696844993
0 0.2761774119798811 0.6858710562414266 0.01417466849565615 0.026748971193415638
0 0.4764517604023777 0.5267489711934157 0.01417466849565615 0.026748971193415638
0 0.32510288065843623 0.006858710562414266 0.008687700045724738 0.018518518518518517
0 0.7334247828074989 0.7194787379972565 0.01417466849565615 0.026748971193415638
0 0.10608139003200731 0.32647462277091904 0.01417466849565615 0.02400548696844993
0 0.37128486511202563 0.07818930041152264 0.008687700045724738 0.018518518518518517
0 0.9396433470507545 0.09876543209876543 0.008687700045724738 0.018518518518518517
0 0.3630544124371285 0.686556927297668 0.01417466849565615 0.026748971193415638
0 0.6927297668038409 0.39300411522633744 0.01417466849565615 0.02400548696844993
0 0.5560128029263832 0.10699588477366255 0.008687700045724738 0.018518518518518517
0 0.5400091449474166 0.8010973936899863 0.01417466849565615 0.026748971193415638
0 0.3374485596707819 0.8545953360768176 0.01417466849565615 0.026748971193415638
0 0.8824874256973022 0.31824417009602196 0.01417466849565615 0.02400548696844993
0 0.33379058070416096 0.29012345679012347 0.01417466849565615 0.02400548696844993
0 0.26886145404663925 0.06652949245541838 0.008687700045724738 0.018518518518518517
0 0.9547325102880658 0.06927297668038408 0.008687700045724738 0.018518518518518517
0 0.19250114311842706 0.36899862825788754 0.01417466849565615 0.02400548696844993
0 0.42386831275720166 0.04663923182441701 0.008687700045724738 0.018518518518518517
0 0.9218106995884774 0.5205761316872428 0.01417466849565615 0.026748971193415638
0 0.7887517146776406 0.11042524005486969 0.008687700045724738 0.018518518518518517
0 0.5253772290809328 0.46021947873799723 0.01417466849565615 0.02400548696844993
0 0.15043438500228623 0.38065843621399176 0.01417466849565615 0.02400548696844993
0 0.1083676268861454 0.47050754458161864 0.01417466849565615 0.02400548696844993
0 0.4398719707361683 0.7805212620027435 0.01417466849565615 0.026748971193415638
0 0.7681755829903978 0.7818930041152263 0.01417466849565615 0.026748971193415638
0 0.9826245999085506 0.6200274348422496 0.01417466849565615 0.026748971193415638
0 0.6991312299954275 0.7489711934156379 0.01417466849565615 0.026748971193415638
0 0.42295381801554643 0.06858710562414266 0.008687700045724738 0.018518518518518517
0 0.9583904892546868 0.21810699588477367 0.01417466849565615 0.02400548696844993
0 0.1490626428898034 0.02606310013717421 0.008687700045724738 0.018518518518518517
0 0.6863283036122543 0.720164609053498 0.01417466849565615 0.026748971193415638
0 0.9707361682670325 0.24279835390946503 0.01417466849565615 0.02400548696844993
0 0.6406035665294925 0.42935528120713307 0.01417466849565615 0.02400548696844993
0 0.6479195244627344 0.2448559670781893 0.01417466849565615 0.02400548696844993
0 0.13717421124828533 0.8525377229080933 0.01417466849565615 0.026748971193415638
0 0.45038866026520347 0.14540466392318244 0.008687700045724738 0.018518518518518517
0 0.85413808870599 0.3326474622770919 0.01417466849565615 0.02400548696844993
0 0.09465020576131687 0.678326474622771 0.01417466849565615 0.026748971193415638
0 0.6346593507087335 0.19547325102880658 0.008687700045724738 0.018518518518518517
0 0.10333790580704161 0.07818930041152264 0.008687700045724738 0.018518518518518517
0 0.9213534522176497 0.4718792866941015 0.01417466849565615 0.02400548696844993
0 0.7517146776406035 0.062414266117969824 0.008687700045724738 0.018518518518518517
0 0.4613625971650663 0.3868312757201646 0.01417466849565615 0.02400548696844993
0 0.6081390032007316 0.2962962962962963 0.01417466849565615 0.02400548696844993
0 0.26154549611339734 0.9883401920438958 0.01417466849565615 0.026748971193415638
0 0.823045267489712 0.5308641975308642 0.01417466849565615 0.026748971193415638
0 0.751257430269776 0.3113854595336077 0.01417466849565615 0.02400548696844993
0 0.2830361225422954 0.9266117969821673 0.01417466849565615 0.026748971193415638
0 0.6593507087334248 0.5528120713305898 0.01417466849565615 0.026748971193415638
0 0.13625971650663007 0.23868312757201646 0.01417466849565615 0.02400548696844993
0 0.6561499771376315 0.10905349794238683 0.008687700045724738 0.018518518518518517
0 0.24508459076360312 0.7716049382716049 0.01417466849565615 0.026748971193415638
0 0.01828989483310471 0.247599451303155 0.01417466849565615 0.02400548696844993
0 0.6236854138088705 0.4835390946502058 0.01417466849565615 0.026748971193415638
0 0.43850022862368543 0.05555555555555555 0.008687700045724738 0.018518518518518517
0 0.566986739826246 0.1412894375857339 0.008687700045724738 0.018518518518518517
0 0.897119341563786 0.21056241426611796 0.01417466849565615 0.02400548696844993
0 0.12482853223593965 0.3991769547325103 0.01417466849565615 0.02400548696844993
0 0.8692272519433013 0.2496570644718793 0.01417466849565615 0.02400548696844993
0 0.20667581161408322 0.6694101508916324 0.01417466849565615 0.026748971193415638
0 0.5674439871970736 0.6426611796982168 0.01417466849565615 0.026748971193415638
0 0.46456332876085965 0.9547325102880658 0.01417466849565615 0.026748971193415638
0 0.8376771833561957 0.02263374485596708 0.008687700045724738 0.018518518518518517
0 0.5875628715134888 0.5020576131687243 0.01417466849565615 0.026748971193415638
0 0.8248742569730224 0.06172839506172839 0.008687700045724738 0.018518518518518517
0 0.7626886145404664 0.13237311385459533 0.008687700045724738 0.018518518518518517
0 0.9259259259259259 0.12688614540466392 0.008687700045724738 0.018518518518518517
0 0.9926840420667581 0.1803840877914952 0.008687700045724738 0.018518518518518517
0 0.8614540466392319 0.35802469135802467 0.01417466849565615 0.02400548696844993
0 0.782350251486054 0.013717421124828532 0.008687700045724738 0.018518518518518517
0 0.5409236396890718 0.1755829903978052 0.008687700045724738 0.018518518518518517
0 0.3534522176497485 0.4691358024691358 0.01417466849565615 0.02400548696844993
0 0.47233653406492915 0.7942386831275721 0.01417466849565615 0.026748971193415638
0 0.48559670781893005 0.6762688614540466 0.01417466849565615 0.026748971193415638
0 0.15134887974394148 0.42935528120713307 0.01417466849565615 0.02400548696844993
0 0.49108367626886146 0.1748971193415638 0.008687700045724738 0.018518518518518517
0 0.8166438042981253 0.14609053497942387 0.008687700045724738 0.018518518518518517
0 0.9908550525834476 0.6858710562414266 0.01417466849565615 0.026748971193415638
0 0.6332876085962506 0.53360768175583 0.01417466849565615 0.026748971193415638
0 0.9565614997713763 0.3052126200274348 0.01417466849565615 0.02400548696844993
0 0.5422953818015547 0.6502057613168725 0.01417466849565615 0.026748971193415638
0 0.663923182441701 0.7023319615912208 0.01417466849565615 0.026748971193415638
0 0.644718792866941 0.5075445816186557 0.01417466849565615 0.026748971193415638
0 0.8139003200731596 0.008916323731138546 0.008687700045724738 0.018518518518518517
0 0.7389117512574302 0.4924554183813443 0.01417466849565615 0.026748971193415638
0 0.8559670781893004 0.252400548696845 0.01417466849565615 0.02400548696844993
0 0.2889803383630544 0.6611796982167353 0.01417466849565615 0.026748971193415638
0 0.23685413808870598 0.50960219478738 0.01417466849565615 0.026748971193415638
0 0.3081847279378144 0.5130315500685871 0.01417466849565615 0.026748971193415638
0 0.8747142203932328 0.5459533607681756 0.01417466849565615 0.026748971193415638
0 0.2139917695473251 0.803840877914952 0.01417466849565615 0.026748971193415638
0 0.6726108824874257 0.7469135802469136 0.01417466849565615 0.026748971193415638
0 0.8152720621856424 0.2962962962962963 0.01417466849565615 0.02400548696844993
0 0.30635573845450387 0.5603566529492455 0.01417466849565615 0.026748971193415638
0 0.604023776863283 0.7256515775034293 0.01417466849565615 0.026748971193415638
0 0.45724737082761774 0.8772290809327846 0.01417466849565615 0.026748971193415638
0 0.6200274348422496 0.864883401920439 0.01417466849565615 0.026748971193415638
0 0.6899862825788752 0.02263374485596708 0.008687700045724738 0.018518518518518517
0 0.974851394604481 0.04663923182441701 0.008687700045724738 0.018518518518518517
0 0.7878372199359853 0.1721536351165981 0.008687700045724738 0.018518518518518517
0 0.2606310013717421 0.05486968449931413 0.008687700045724738 0.018518518518518517
0 0.4476451760402378 0.5809327846364883 0.01417466849565615 0.026748971193415638
0 0.6666666666666666 0.30795610425240055 0.01417466849565615 0.02400548696844993
0 0.4037494284407865 0.9430727023319616 0.01417466849565615 0.026748971193415638
0 0.5775034293552812 0.9005486968449932 0.01417466849565615 0.026748971193415638
0 0.41380887059899407 0.8539094650205762 0.01417466849565615 0.026748971193415638
0 0.8308184727937814 0.12345679012345678 0.008687700045724738 0.018518518518518517
0 0.8614540466392319 0.8257887517146777 0.01417466849565615 0.026748971193415638
0 0.8820301783264746 0.1598079561042524 0.008687700045724738 0.018518518518518517
0 0.7462277091906722 0.00411522633744856 0.008687700045724738 0.018518518518518517
0 0.6300868770004573 0.46227709190672156 0.01417466849565615 0.02400548696844993
0 0.547782350251486 0.25308641975308643 0.01417466849565615 0.02400548696844993
0 0.355281207133059 0.04801097393689986 0.008687700045724738 0.018518518518518517
0 0.252400548696845 0.8998628257887518 0.01417466849565615 0.026748971193415638
0 0.27343392775491543 0.6268861454046639 0.01417466849565615 0.026748971193415638
0 0.04938271604938271 0.0102880658436214 0.008687700045724738 0.018518518518518517
0 0.32510288065843623 0.11179698216735254 0.008687700045724738 0.018518518518518517
0 0.2816643804298125 0.3429355281207133 0.01417466849565615 0.02400548696844993
0 0.5724737082761774 0.551440329218107 0.01417466849565615 0.026748971193415638
0 0.27343392775491543 0.04526748971193416 0.008687700045724738 0.018518518518518517
0 0.2167352537722908 0.7565157750342936 0.01417466849565615 0.026748971193415638
0 0.5176040237768633 0.037037037037037035 0.008687700045724738 0.018518518518518517
0 0.29766803840877915 0.8593964334705075 0.01417466849565615 0.026748971193415638
0 0.9268404206675812 0.2544581618655693 0.01417466849565615 0.02400548696844993
0 0.17101051668952905 0.015089163237311385 0.008687700045724738 0.018518518518518517
0 0.17695473251028807 0.4567901234567901 0.01417466849565615 0.02400548696844993
0 0.09419295839048926 0.8196159122085048 0.01417466849565615 0.026748971193415638
0 0.1056241426611797 0.9465020576131687 0.01417466849565615 0.026748971193415638
0 0.7914951989026063 0.3779149519890261 0.01417466849565615 0.02400548696844993
0 0.2551440329218107 0.8079561042524005 0.01417466849565615 0.026748971193415638
0 0.2578875171467764 0.47530864197530864 0.01417466849565615 0.02606310013717421
0 0.8962048468221308 0.3607681755829904 0.01417466849565615 0.02400548696844993
0 0.8980338363054412 0.06927297668038408 0.008687700045724738 0.018518518518518517
0 0.09373571101966163 0.09465020576131687 0.008687700045724738 0.018518518518518517
0 0.11659807956104253 0.42592592592592593 0.01417466849565615 0.02400548696844993
0 0.6634659350708734 0.29218106995884774 0.01417466849565615 0.02400548696844993
0 0.48879743941472337 0.5171467764060357 0.01417466849565615 0.026748971193415638
0 0.7338820301783264 0.04046639231824417 0.008687700045724738 0.018518518518518517
0 0.21262002743484226 0.5308641975308642 0.01417466849565615 0.026748971193415638
0 0.7018747142203933 0.3484224965706447 0.01417466849565615 0.02400548696844993
0 0.1957018747142204 0.47530864197530864 0.01417466849565615 0.024691358024691357
0 0.7119341563786008 0.21536351165980797 0.01417466849565615 0.02400548696844993
0 0.8756287151348879 0.1700960219478738 0.008687700045724738 0.018518518518518517
0 0.4430727023319616 0.5644718792866941 0.01417466849565615 0.026748971193415638
0 0.9433013260173754 0.7914951989026063 0.01417466849565615 0.026748971193415638
0 0.4170096021947874 0.7702331961591221 0.01417466849565615 0.026748971193415638
0 0.7951531778692272 0.27023319615912206 0.01417466849565615 0.02400548696844993
0 0.912665752171925 0.4094650205761317 0.01417466849565615 0.02400548696844993
0 0.6031092821216278 0.5027434842249657 0.01417466849565615 0.026748971193415638
0 0.5390946502057613 0.41975308641975306 0.01417466849565615 0.02400548696844993
0 0.16643804298125287 0.40877914951989025 0.01417466849565615 0.02400548696844993
0 0.026520347508001828 0.20438957475994513 0.01417466849565615 0.02400548696844993
0 0.6419753086419753 0.2242798353909465 0.01417466849565615 0.02400548696844993
0 0.6465477823502515 0.09465020576131687 0.008687700045724738 0.018518518518518517
0 0.6570644718792867 0.2661179698216735 0.01417466849565615 0.02400548696844993
0 0.6534064929126657 0.598079561042524 0.01417466849565615 0.026748971193415638
0 0.11156835848193873 0.20027434842249658 0.01417466849565615 0.02400548696844993
0 0.6483767718335619 0.8607681755829903 0.01417466849565615 0.026748971193415638
0 0.5793324188385917 0.09670781893004116 0.008687700045724738 0.018518518518518517
0 0.3292181069958848 0.3717421124828532 0.01417466849565615 0.02400548696844993
0 0.7613168724279835 0.6652949245541838 0.01417466849565615 0.026748971193415638
0 0.010516689529035207 0.13168724279835392 0.008687700045724738 0.018518518518518517
0 0.18335619570187472 0.12551440329218108 0.008687700045724738 0.018518518518518517
0 0.8120713305898491 0.0823045267489712 0.008687700045724738 0.018518518518518517
0 0.489254686785551 0.09259259259259259 0.008687700045724738 0.018518518518518517
0 0.8573388203017832 0.41426611796982166 0.01417466849565615 0.02400548696844993
0 0.8884316415180613 0.47530864197530864 0.01417466849565615 0.026748971193415638
0 0.549154092363969 0.12757201646090535 0.008687700045724738 0.018518518518518517
0 0.5715592135345222 0.5192043895747599 0.01417466849565615 0.026748971193415638
0 0.4028349336991312 0.24554183813443073 0.01417466849565615 0.02400548696844993
0 0.7421124828532236 0.17421124828532236 0.008687700045724738 0.018518518518518517
0 0.9643347050754458 0.5864197530864198 0.01417466849565615 0.026748971193415638
0 0.8527663465935071 0.008916323731138546 0.008687700045724738 0.018518518518518517
0 0.8203017832647462 0.047325102880658436 0.008687700045724738 0.018518518518518517
0 0.4828532235939643 0.28532235939643347 0.01417466849565615 0.02400548696844993
0 0.675811614083219 0.45953360768175583 0.01417466849565615 0.02400548696844993
0 0.38042981252857794 0.1412894375857339 0.008687700045724738 0.018518518518518517
0 0.741655235482396 0.3244170096021948 0.01417466849565615 0.02400548696844993
0 0.6890717878372199 0.24828532235939643 0.01417466849565615 0.02400548696844993
0 0.7480566986739826 0.21742112482853224 0.01417466849565615 0.02400548696844993
0 0.7791495198902606 0.532235939643347 0.01417466849565615 0.026748971193415638
0 0.4147233653406493 0.5569272976680384 0.01417466849565615 0.026748971193415638
0 0.7041609510745314 0.008916323731138546 0.008687700045724738 0.018518518518518517
0 0.5912208504801097 0.019890260631001373 0.008687700045724738 0.018518518518518517
0 0.02423411065386374 0.10219478737997256 0.008687700045724738 0.018518518518518517
0 0.06264288980338363 0.27914951989026066 0.01417466849565615 0.02400548696844993
0 0.10470964791952446 0.10150891632373114 0.008687700045724738 0.018518518518518517
0 0.5098308184727938 0.3477366255144033 0.01417466849565615 0.02400548696844993
0 0.36122542295381804 0.4046639231824417 0.01417466849565615 0.02400548696844993
0 0.638774577046182 0.1673525377229081 0.008687700045724738 0.018518518518518517
0 0.6808413351623228 0.00205761316872428 0.008687700045724738 0.018518518518518517
0 0.9693644261545497 0.4773662551440329 0.01417466849565615 0.02606310013717421
0 0.7969821673525377 0.0102880658436214 0.008687700045724738 0.018518518518518517
0 0.6145404663923183 0.5871056241426612 0.01417466849565615 0.026748971193415638
0 0.6035665294924554 0.48559670781893005 0.01417466849565615 0.026748971193415638
0 0.2926383173296754 0.7071330589849109 0.01417466849565615 0.026748971193415638
0 0.39551897576588935 0.6275720164609053 0.01417466849565615 0.026748971193415638
0 0.8774577046181985 0.1310013717421125 0.008687700045724738 0.018518518518518517
0 0.4851394604481024 0.6508916323731139 0.01417466849565615 0.026748971193415638
0 0.32601737540009146 0.6618655692729767 0.01417466849565615 0.026748971193415638
0 0.8907178783721994 0.12002743484224966 0.008687700045724738 0.018518518518518517
0 0.03200731595793324 0.9986282578875172 0.01417466849565615 0.026748971193415638
0 0.026520347508001828 0.46227709190672156 0.01417466849565615 0.02400548696844993
0 0.18015546410608138 0.09670781893004116 0.008687700045724738 0.018518518518518517
0 0.08093278463648834 0.803840877914952 0.01417466849565615 0.026748971193415638
0 0.32053040695016005 0.18175582990397804 0.008687700045724738 0.018518518518518517
0 0.10699588477366255 0.23319615912208505 0.01417466849565615 0.02400548696844993
0 0.7462277091906722 0.14814814814814814 0.008687700045724738 0.018518518518518517
0 0.9675354366712391 0.3175582990397805 0.01417466849565615 0.02400548696844993
0 0.9529035208047554 0.8587105624142661 0.01417466849565615 0.026748971193415638
0 0.6273433927754916 0.12962962962962962 0.008687700045724738 0.018518518518518517
0 0.12345679012345678 0.9561042524005487 0.01417466849565615 0.026748971193415638
0 0.6410608139003201 0.4108367626886145 0.01417466849565615 0.02400548696844993
0 0.36579789666209417 0.443758573388203 0.01417466849565615 0.02400548696844993
0 0.8527663465935071 0.602880658436214 0.01417466849565615 0.026748971193415638
0 0.09144947416552354 0.9986282578875172 0.01417466849565615 0.026748971193415638
0 0.8267032464563329 0.02263374485596708 0.008687700045724738 0.018518518518518517
0 0.09693644261545496 0.8449931412894376 0.01417466849565615 0.026748971193415638
0 0.7425697302240513 0.5493827160493827 0.01417466849565615 0.026748971193415638
0 0.7242798353909465 0.033607681755829906 0.008687700045724738 0.018518518518518517
0 0.5953360768175583 0.44170096021947874 0.01417466849565615 0.02400548696844993
0 0.994055784179241 0.6035665294924554 0.01417466849565615 0.026748971193415638
0 0.7951531778692272 0.07613168724279835 0.008687700045724738 0.018518518518518517
0 0.18289894833104708 0.36213991769547327 0.01417466849565615 0.02400548696844993
0 0.12071330589849108 0.45747599451303156 0.01417466849565615 0.02400548696844993
0 0.13854595336076816 0.6570644718792867 0.01417466849565615 0.026748971193415638
0 0.438957475994513 0.47462277091906724 0.01417466849565615 0.025377229080932786
0 0.9588477366255144 0.5034293552812071 0.01417466849565615 0.026748971193415638
0 0.4179240969364426 0.7071330589849109 0.01417466849565615 0.026748971193415638
0 0.6607224508459076 0.8120713305898491 0.01417466849565615 0.026748971193415638
0 0.5532693187014175 0.6474622770919067 0.01417466849565615 0.026748971193415638
0 0.6241426611796982 0.5589849108367627 0.01417466849565615 0.026748971193415638
0 0.7732053040695016 0.02606310013717421 0.008687700045724738 0.018518518518518517
0 0.029263831732967534 0.7633744855967078 0.01417466849565615 0.026748971193415638
0 0.10196616369455876 0.6186556927297668 0.01417466849565615 0.026748971193415638
0 0.9131229995427527 0.6666666666666666 0.01417466849565615 0.026748971193415638
0 0.7311385459533608 0.32373113854595337 0.01417466849565615 0.02400548696844993
0 0.14266117969821673 0.49519890260631 0.01417466849565615 0.026748971193415638
0 0.025148605395518976 0.607681755829904 0.01417466849565615 0.026748971193415638
0 0.6287151348879744 0.05898491083676269 0.008687700045724738 0.018518518518518517
0 0.20759030635573844 0.13786008230452676 0.008687700045724738 0.018518518518518517
0 0.31504343850022865 0.3765432098765432 0.01417466849565615 0.02400548696844993
0 0.8363054412437129 0.15637860082304528 0.008687700045724738 0.018518518518518517
0 0.5852766346593508 0.7242798353909465 0.01417466849565615 0.026748971193415638
0 0.9858253315043438 0.1728395061728395 0.008687700045724738 0.018518518518518517
0 0.4014631915866484 0.5274348422496571 0.01417466849565615 0.026748971193415638
0 0.1655235482395976 0.35871056241426613 0.01417466849565615 0.02400548696844993
0 0.22588020118884317 0.6556927297668038 0.01417466849565615 0.026748971193415638
0 0.2793781435756744 0.5960219478737997 0.01417466849565615 0.026748971193415638
0 0.08413351623228166 0.07544581618655692 0.008687700045724738 0.018518518518518517
0 0.32098765432098764 0.6844993141289437 0.01417466849565615 0.026748971193415638
0 0.9387288523090992 0.47530864197530864 0.01417466849565615 0.02606310013717421
0 0.9684499314128944 0.102880658436214 0.008687700045724738 0.018518518518518517
0 0.11522633744855967 0.19272976680384088 0.008687700045724738 0.018518518518518517
0 0.17649748513946045 0.6248285322359396 0.01417466849565615 0.026748971193415638
0 0.35711019661636945 0.29286694101508914 0.01417466849565615 0.02400548696844993
0 0.7937814357567444 0.6666666666666666 0.01417466849565615 0.026748971193415638
0 0.4352994970278921 0.43072702331961593 0.01417466849565615 0.02400548696844993
0 0.7860082304526749 0.6330589849108368 0.01417466849565615 0.026748971193415638
0 0.10882487425697303 0.6316872427983539 0.01417466849565615 0.026748971193415638
0 0.1289437585733882 0.7242798353909465 0.01417466849565615 0.026748971193415638
0 0.3200731595793324 0.6392318244170097 0.01417466849565615 0.026748971193415638
