0 0.8054711246200608 0.36519607843137253 0.007598784194528876 0.01715686274509804
0 0.5425531914893617 0.375 0.007598784194528876 0.01715686274509804
0 0.45592705167173253 0.8161764705882353 0.015197568389057751 0.02696078431372549
0 0.3541033434650456 0.44362745098039214 0.007598784194528876 0.014705882352941176
0 0.32978723404255317 0.5196078431372549 0.010638297872340425 0.0196078431372549
0 0.5075987841945289 0.8259803921568627 0.015197568389057751 0.02696078431372549
0 0.1762917933130699 0.8455882352941176 0.015197568389057751 0.02696078431372549
0 0.39209726443769 0.5171568627450981 0.010638297872340425 0.0196078431372549
0 0.9118541033434651 0.3627450980392157 0.007598784194528876 0.01715686274509804
0 0.46504559270516715 0.8235294117647058 0.015197568389057751 0.02696078431372549
0 0.3768996960486322 0.38480392156862747 0.007598784194528876 0.014705882352941176
0 0.3100303951367781 0.6397058823529411 0.010638297872340425 0.0196078431372549
0 0.18085106382978725 0.39215686274509803 0.007598784194528876 0.014705882352941176
0 0.3556231003039514 0.9656862745098039 0.015197568389057751 0.02696078431372549
0 0.21732522796352582 0.5343137254901961 0.010638297872340425 0.0196078431372549
0 0.3738601823708207 0.5367647058823529 0.010638297872340425 0.0196078431372549
0 0.32674772036474165 0.3799019607843137 0.007598784194528876 0.014705882352941176
0 0.5 0.8921568627450981 0.015197568389057751 0.02696078431372549
0 0.5015197568389058 0.6593137254901961 0.010638297872340425 0.0196078431372549
0 0.3860182370820669 0.3897058823529412 0.007598784194528876 0.014705882352941176
0 0.4194528875379939 0.5980392156862745 0.010638297872340425 0.0196078431372549
0 0.3951367781155015 0.8112745098039216 0.015197568389057751 0.02696078431372549
0 0.2811550151975684 0.3872549019607843 0.007598784194528876 0.014705882352941176
0 0.3495440729483283 0.6397058823529411 0.010638297872340425 0.0196078431372549
0 0.44832826747720367 0.6813725490196079 0.010638297872340425 0.0196078431372549
0 0.7051671732522796 0.3627450980392157 0.007598784194528876 0.01715686274509804
0 0.1762917933130699 0.38235294117647056 0.007598784194528876 0.014705882352941176
0 0.4574468085106383 0.4534313725490196 0.007598784194528876 0.014705882352941176
0 0.18085106382978725 0.8308823529411765 0.015197568389057751 0.02696078431372549
0 0.2933130699088146 0.6862745098039216 0.010638297872340425 0.0196078431372549
0 0.9209726443768997 0.3553921568627451 0.007598784194528876 0.01715686274509804
0 0.31762917933130697 0.6348039215686274 0.010638297872340425 0.0196078431372549
0 0.331306990881459 0.375 0.007598784194528876 0.014705882352941176
0 0.8191489361702128 0.3602941176470588 0.007598784194528876 0.01715686274509804
0 0.5957446808510638 0.38480392156862747 0.007598784194528876 0.01715686274509804
0 0.8768996960486323 0.3602941176470588 0.007598784194528876 0.01715686274509804
0 0.38753799392097266 0.5661764705882353 0.010638297872340425 0.0196078431372549
0 0.3373860182370821 0.7867647058823529 0.015197568389057751 0.02696078431372549
0 0.5881458966565349 0.37745098039215685 0.007598784194528876 0.01715686274509804
0 0.439209726443769 0.3872549019607843 0.007598784194528876 0.014705882352941176
0 0.2689969604863222 0.6764705882352942 0.010638297872340425 0.0196078431372549
0 0.2735562310030395 0.5465686274509803 0.010638297872340425 0.0196078431372549
0 0.1884498480243161 0.5269607843137255 0.010638297872340425 0.0196078431372549
0 0.35714285714285715 0.5367647058823529 0.010638297872340425 0.0196078431372549
0 0.8693009118541033 0.35784313725490197 0.007598784194528876 0.01715686274509804
0 0.4209726443768997 0.3946078431372549 0.007598784194528876 0.014705882352941176
0 0.3343465045592705 0.6740196078431373 0.010638297872340425 0.0196078431372549
0 0.22796352583586627 0.38235294117647056 0.007598784194528876 0.014705882352941176
0 0.26595744680851063 0.5318627450980392 0.010638297872340425 0.0196078431372549
0 0.3677811550151976 0.5563725490196079 0.010638297872340425 0.0196078431372549
0 0.4939209726443769 0.803921568627451 0.015197568389057751 0.02696078431372549
0 0.44072948328267475 0.48284313725490197 0.010638297872340425 0.0196078431372549
0 0.39969604863221886 0.38480392156862747 0.007598784194528876 0.014705882352941176
0 0.3890577507598784 0.9264705882352942 0.015197568389057751 0.02696078431372549
0 0.33586626139817627 0.803921568627451 0.015197568389057751 0.02696078431372549
0 0.4316109422492401 0.39215686274509803 0.007598784194528876 0.014705882352941176
0 0.1778115501519757 0.5171568627450981 0.010638297872340425 0.0196078431372549
0 0.41185410334346506 0.5735294117647058 0.010638297872340425 0.0196078431372549
0 0.44680851063829785 0.5980392156862745 0.010638297872340425 0.0196078431372549
0 0.35106382978723405 0.7965686274509803 0.015197568389057751 0.02696078431372549
0 0.40577507598784196 0.37745098039215685 0.007598784194528876 0.014705882352941176
0 0.25227963525835867 0.5122549019607843 0.010638297872340425 0.0196078431372549
0 0.3069908814589666 0.3897058823529412 0.007598784194528876 0.014705882352941176
0 0.1398176291793313 0.3872549019607843 0.007598784194528876 0.014705882352941176
0 0.20516717325227962 0.38480392156862747 0.007598784194528876 0.014705882352941176
0 0.27203647416413373 0.4681372549019608 0.007598784194528876 0.014705882352941176
0 0.1580547112462006 0.3897058823529412 0.007598784194528876 0.014705882352941176
0 0.46656534954407297 0.6887254901960784 0.010638297872340425 0.0196078431372549
0 0.24468085106382978 0.6225490196078431 0.010638297872340425 0.0196078431372549
0 0.5790273556231003 0.3799019607843137 0.007598784194528876 0.01715686274509804
0 0.2750759878419453 0.9387254901960784 0.015197568389057751 0.02696078431372549
0 0.24164133738601823 0.5245098039215687 0.010638297872340425 0.0196078431372549
0 0.40425531914893614 0.6911764705882353 0.010638297872340425 0.0196078431372549
