0 0.364 0.6122754491017964 0.017 0.029940119760479042
0 0.583 0.844311377245509 0.034 0.06736526946107785
0 0.343 0.3967065868263473 0.007 0.008982035928143712
0 0.656 0.5553892215568862 0.014 0.023952095808383235
0 0.218 0.8817365269461078 0.034 0.06736526946107785
0 0.355 0.9610778443113772 0.034 0.06736526946107785
0 0.243 0.9565868263473054 0.034 0.06736526946107785
0 0.271 0.38023952095808383 0.007 0.008982035928143712
0 0.279 0.36377245508982037 0.007 0.008982035928143712
0 0.434 0.405688622754491 0.007 0.008982035928143712
0 0.919 0.9431137724550899 0.073 0.1467065868263473
0 0.466 0.7065868263473054 0.023 0.040419161676646706
0 0.848 0.592814371257485 0.02 0.0374251497005988
0 0.148 0.7889221556886228 0.034 0.06736526946107785
0 0.476 0.39820359281437123 0.007 0.008982035928143712
0 0.553 0.42065868263473055 0.007 0.008982035928143712
0 0.367 0.3772455089820359 0.007 0.008982035928143712
0 0.345 0.42664670658682635 0.007 0.008982035928143712
0 0.43 0.38772455089820357 0.007 0.008982035928143712
0 0.428 0.37425149700598803 0.007 0.008982035928143712
0 0.321 0.4026946107784431 0.007 0.008982035928143712
0 0.286 0.38023952095808383 0.007 0.008982035928143712
0 0.523 0.6377245508982036 0.023 0.040419161676646706
0 0.26 0.4341317365269461 0.007 0.008982035928143712
0 0.235 0.4221556886227545 0.007 0.008982035928143712
0 0.461 0.42065868263473055 0.007 0.008982035928143712
0 0.236 0.38323353293413176 0.007 0.008982035928143712
0 0.305 0.437125748502994 0.007 0.008982035928143712
0 0.957 0.6721556886227545 0.02 0.0374251497005988
0 0.535 0.531437125748503 0.014 0.023952095808383235
0 0.552 0.5389221556886228 0.014 0.023952095808383235
0 0.578 0.405688622754491 0.007 0.008982035928143712
0 0.337 0.38772455089820357 0.007 0.008982035928143712
0 0.202 0.437125748502994 0.007 0.008982035928143712
0 0.398 0.37574850299401197 0.007 0.008982035928143712
0 0.673 0.5748502994011976 0.014 0.023952095808383235
0 0.331 0.4161676646706587 0.007 0.008982035928143712
0 0.597 0.5778443113772455 0.014 0.023952095808383235
0 0.346 0.38922155688622756 0.007 0.008982035928143712
0 0.244 0.4296407185628742 0.007 0.008982035928143712
0 0.455 0.5868263473053892 0.017 0.029940119760479042
0 0.13 0.6227544910179641 0.017 0.029940119760479042
0 0.113 0.7559880239520959 0.034 0.06736526946107785
0 0.406 0.43862275449101795 0.007 0.008982035928143712
0 0.397 0.4116766467065868 0.007 0.008982035928143712
0 0.262 0.36676646706586824 0.007 0.008982035928143712
0 0.477 0.4086826347305389 0.007 0.008982035928143712
0 0.963 0.6137724550898204 0.02 0.0374251497005988
0 0.434 0.43862275449101795 0.007 0.008982035928143712
0 0.321 0.8293413173652695 0.034 0.06736526946107785
0 0.525 0.7320359281437125 0.023 0.040419161676646706
0 0.631 0.7125748502994012 0.023 0.040419161676646706
0 0.346 0.5553892215568862 0.017 0.029940119760479042
0 0.431 0.655688622754491 0.023 0.040419161676646706
0 0.451 0.3727544910179641 0.007 0.008982035928143712
0 0.115 0.6347305389221557 0.023 0.040419161676646706
0 0.414 0.41467065868263475 0.007 0.008982035928143712
0 0.591 0.6197604790419161 0.014 0.023952095808383235
0 0.243 0.39221556886227543 0.007 0.008982035928143712
0 0.476 0.9326347305389222 0.034 0.06736526946107785
0 0.568 0.7544910179640718 0.034 0.06736526946107785
0 0.488 0.5823353293413174 0.017 0.029940119760479042
0 0.392 0.38622754491017963 0.007 0.008982035928143712
0 0.277 0.36227544910179643 0.007 0.008982035928143712
0 0.564 0.6452095808383234 0.023 0.040419161676646706
0 0.364 0.4221556886227545 0.007 0.008982035928143712
0 0.238 0.4101796407185629 0.007 0.008982035928143712
0 0.298 0.3772455089820359 0.007 0.008982035928143712
0 0.582 0.4176646706586826 0.007 0.008982035928143712
0 0.151 0.6691616766467066 0.023 0.040419161676646706
0 0.896 0.5973053892215568 0.02 0.0374251497005988
0 0.072 0.5973053892215568 0.017 0.029940119760479042
0 0.818 0.5329341317365269 0.019 0.025449101796407185
0 0.761 0.6272455089820359 0.02 0.0374251497005988
0 0.335 0.4236526946107784 0.007 0.008982035928143712
0 0.429 0.7200598802395209 0.023 0.040419161676646706
0 0.312 0.39520958083832336 0.007 0.008982035928143712
0 0.237 0.3712574850299401 0.007 0.008982035928143712
0 0.491 0.4101796407185629 0.007 0.008982035928143712
0 0.044 0.905688622754491 0.034 0.06736526946107785
0 0.488 0.405688622754491 0.007 0.008982035928143712
0 0.466 0.4026946107784431 0.007 0.008982035928143712
0 0.491 0.39520958083832336 0.007 0.008982035928143712
0 0.38 0.38323353293413176 0.007 0.008982035928143712
0 0.23 0.39520958083832336 0.007 0.008982035928143712
0 0.395 0.4176646706586826 0.007 0.008982035928143712
0 0.815 0.8293413173652695 0.041 0.07634730538922156
0 0.412 0.624251497005988 0.014 0.023952095808383235
0 0.334 0.38023952095808383 0.007 0.008982035928143712
0 0.252 0.4236526946107784 0.007 0.008982035928143712
0 0.263 0.3787425149700599 0.007 0.008982035928143712
0 0.11 0.5164670658682635 0.017 0.029940119760479042
0 0.236 0.44461077844311375 0.007 0.008982035928143712
0 0.387 0.5523952095808383 0.017 0.029940119760479042
0 0.34 0.6197604790419161 0.017 0.029940119760479042
0 0.498 0.9880239520958084 0.034 0.06736526946107785
0 0.337 0.3967065868263473 0.007 0.008982035928143712
0 0.306 0.4116766467065868 0.007 0.008982035928143712
0 0.352 0.4086826347305389 0.007 0.008982035928143712
0 0.276 0.44610778443113774 0.007 0.008982035928143712
0 0.56 0.9266467065868264 0.034 0.06736526946107785
0 0.234 0.7844311377245509 0.034 0.06736526946107785
0 0.344 0.44011976047904194 0.007 0.008982035928143712
0 0.272 0.655688622754491 0.023 0.040419161676646706
0 0.467 0.39221556886227543 0.007 0.008982035928143712
0 0.543 0.4161676646706587 0.007 0.008982035928143712
0 0.688 0.5973053892215568 0.02 0.0374251497005988
0 0.548 0.6107784431137725 0.017 0.029940119760479042
0 0.266 0.4431137724550898 0.007 0.008982035928143712
0 0.317 0.7095808383233533 0.023 0.040419161676646706
0 0.941 0.7425149700598802 0.041 0.07634730538922156
0 0.264 0.42065868263473055 0.007 0.008982035928143712
0 0.28 0.4101796407185629 0.007 0.008982035928143712
0 0.776 0.5419161676646707 0.019 0.025449101796407185
0 0.528 0.8203592814371258 0.034 0.06736526946107785
0 0.247 0.657185628742515 0.023 0.040419161676646706
0 0.322 0.4356287425149701 0.007 0.008982035928143712
0 0.317 0.5988023952095808 0.017 0.029940119760479042
0 0.879 0.7694610778443114 0.041 0.07634730538922156
0 0.363 0.38772455089820357 0.007 0.008982035928143712
0 0.272 0.35179640718562877 0.007 0.008982035928143712
0 0.298 0.35778443113772457 0.007 0.008982035928143712
0 0.529 0.5523952095808383 0.017 0.029940119760479042
0 0.685 0.7050898203592815 0.023 0.040419161676646706
0 0.425 0.43862275449101795 0.007 0.008982035928143712
0 0.325 0.36826347305389223 0.007 0.008982035928143712
0 0.384 0.3727544910179641 0.007 0.008982035928143712
0 0.401 0.37574850299401197 0.007 0.008982035928143712
0 0.634 0.6167664670658682 0.014 0.023952095808383235
0 0.99 0.6137724550898204 0.02 0.0374251497005988
0 0.1 0.6437125748502994 0.023 0.040419161676646706
0 0.258 0.3562874251497006 0.007 0.008982035928143712
0 0.287 0.6152694610778443 0.017 0.029940119760479042
0 0.613 0.5419161676646707 0.014 0.023952095808383235
0 0.419 0.3772455089820359 0.007 0.008982035928143712
0 0.308 0.37574850299401197 0.007 0.008982035928143712
0 0.226 0.3652694610778443 0.007 0.008982035928143712
0 0.583 0.6691616766467066 0.023 0.040419161676646706
0 0.625 0.5209580838323353 0.017 0.029940119760479042
0 0.356 0.4176646706586826 0.007 0.008982035928143712
0 0.979 0.592814371257485 0.02 0.0374251497005988
0 0.819 0.5733532934131736 0.019 0.025449101796407185
0 0.523 0.40718562874251496 0.007 0.008982035928143712
0 0.699 0.7589820359281437 0.034 0.06736526946107785
0 0.754 0.5823353293413174 0.02 0.0374251497005988
0 0.49 0.4221556886227545 0.007 0.008982035928143712
0 0.247 0.35179640718562877 0.007 0.008982035928143712
0 0.467 0.4311377245508982 0.007 0.008982035928143712
0 0.38 0.4251497005988024 0.007 0.008982035928143712
0 0.216 0.4820359281437126 0.007 0.008982035928143712
0 0.485 0.7170658682634731 0.023 0.040419161676646706
0 0.461 0.9011976047904192 0.034 0.06736526946107785
0 0.052 0.7260479041916168 0.023 0.040419161676646706
0 0.044 0.6497005988023952 0.023 0.040419161676646706
0 0.293 0.4221556886227545 0.007 0.008982035928143712
0 0.264 0.4041916167664671 0.007 0.008982035928143712
0 0.214 0.7230538922155688 0.023 0.040419161676646706
0 0.753 0.9086826347305389 0.073 0.1467065868263473
0 0.547 0.5733532934131736 0.017 0.029940119760479042
0 0.952 0.7934131736526946 0.041 0.07634730538922156
0 0.515 0.4101796407185629 0.007 0.008982035928143712
0 0.983 0.6437125748502994 0.02 0.0374251497005988
0 0.38 0.40718562874251496 0.007 0.008982035928143712
0 0.466 0.6586826347305389 0.023 0.040419161676646706
0 0.39 0.39820359281437123 0.007 0.008982035928143712
0 0.834 0.5404191616766467 0.019 0.025449101796407185
0 0.295 0.7679640718562875 0.034 0.06736526946107785
0 0.61 1.0 0.034 0.06736526946107785
0 0.286 0.5823353293413174 0.017 0.029940119760479042
0 0.4 0.437125748502994 0.007 0.008982035928143712
0 0.496 0.4356287425149701 0.007 0.008982035928143712
0 0.488 0.5568862275449101 0.017 0.029940119760479042
0 0.977 0.875748502994012 0.073 0.1467065868263473
0 0.702 0.5673652694610778 0.019 0.025449101796407185
0 0.364 0.6437125748502994 0.023 0.040419161676646706
0 0.335 0.7949101796407185 0.034 0.06736526946107785
0 0.338 0.36377245508982037 0.007 0.008982035928143712
0 0.265 0.39221556886227543 0.007 0.008982035928143712
0 0.202 0.6137724550898204 0.017 0.029940119760479042
0 0.458 0.3787425149700599 0.007 0.008982035928143712
0 0.454 0.437125748502994 0.007 0.008982035928143712
0 0.094 0.468562874251497 0.017 0.029940119760479042
0 0.404 0.6976047904191617 0.023 0.040419161676646706
0 0.402 0.8083832335329342 0.034 0.06736526946107785
0 0.423 0.38922155688622756 0.007 0.008982035928143712
0 0.242 0.437125748502994 0.007 0.008982035928143712
0 0.326 0.44461077844311375 0.007 0.008982035928143712
0 0.352 0.3787425149700599 0.007 0.008982035928143712
0 0.423 0.4041916167664671 0.007 0.008982035928143712
0 0.118 0.6781437125748503 0.023 0.040419161676646706
0 0.751 0.5059880239520959 0.019 0.025449101796407185
0 0.286 0.44610778443113774 0.007 0.008982035928143712
0 0.336 0.5808383233532934 0.017 0.029940119760479042
0 0.512 0.5718562874251497 0.017 0.029940119760479042
0 0.718 0.7230538922155688 0.041 0.07634730538922156
0 0.619 0.9491017964071856 0.034 0.06736526946107785
0 0.434 0.4236526946107784 0.007 0.008982035928143712
0 0.361 0.3997005988023952 0.007 0.008982035928143712
0 0.505 0.6706586826347305 0.023 0.040419161676646706
0 0.336 0.3727544910179641 0.007 0.008982035928143712
0 0.528 0.4251497005988024 0.007 0.008982035928143712
0 0.234 0.4161676646706587 0.007 0.008982035928143712
0 0.319 0.42664670658682635 0.007 0.008982035928143712
0 0.635 0.5583832335329342 0.014 0.023952095808383235
0 0.604 0.8877245508982036 0.034 0.06736526946107785
0 0.245 0.6167664670658682 0.017 0.029940119760479042
0 0.054 0.6152694610778443 0.017 0.029940119760479042
0 0.299 0.37425149700598803 0.007 0.008982035928143712
0 0.403 0.9835329341317365 0.034 0.06736526946107785
0 0.345 0.4296407185628742 0.007 0.008982035928143712
0 0.22 0.42065868263473055 0.007 0.008982035928143712
0 0.256 0.4101796407185629 0.007 0.008982035928143712
0 0.846 0.7964071856287425 0.041 0.07634730538922156
0 0.732 0.5149700598802395 0.019 0.025449101796407185
0 0.678 0.7949101796407185 0.034 0.06736526946107785
0 0.408 0.4026946107784431 0.007 0.008982035928143712
0 0.652 0.5269461077844312 0.014 0.023952095808383235
0 0.425 0.5583832335329342 0.017 0.029940119760479042
0 0.926 0.5913173652694611 0.02 0.0374251497005988
0 0.286 0.7170658682634731 0.023 0.040419161676646706
0 0.31 0.5718562874251497 0.017 0.029940119760479042
0 0.316 0.6661676646706587 0.023 0.040419161676646706
0 0.541 0.6676646706586826 0.023 0.040419161676646706
0 0.181 0.6002994011976048 0.017 0.029940119760479042
0 0.513 0.41916167664670656 0.007 0.008982035928143712
0 0.274 0.4236526946107784 0.007 0.008982035928143712
0 0.995 0.8038922155688623 0.041 0.07634730538922156
0 0.257 0.5673652694610778 0.017 0.029940119760479042
0 0.375 0.8682634730538922 0.034 0.06736526946107785
0 0.921 0.6182634730538922 0.02 0.0374251497005988
0 0.252 0.36227544910179643 0.007 0.008982035928143712
0 0.402 0.4101796407185629 0.007 0.008982035928143712
0 0.582 0.5284431137724551 0.014 0.023952095808383235
0 0.314 0.3937125748502994 0.007 0.008982035928143712
0 0.996 0.7529940119760479 0.041 0.07634730538922156
0 0.36 0.40718562874251496 0.007 0.008982035928143712
0 0.746 0.781437125748503 0.041 0.07634730538922156
0 0.369 0.7260479041916168 0.023 0.040419161676646706
0 0.133 0.5688622754491018 0.017 0.029940119760479042
0 0.966 0.7290419161676647 0.041 0.07634730538922156
0 0.368 0.5598802395209581 0.017 0.029940119760479042
0 0.455 0.3772455089820359 0.007 0.008982035928143712
0 0.516 0.4161676646706587 0.007 0.008982035928143712
0 0.203 0.6766467065868264 0.023 0.040419161676646706
0 0.404 0.5748502994011976 0.017 0.029940119760479042
0 0.073 0.6616766467065869 0.023 0.040419161676646706
0 0.367 0.7005988023952096 0.023 0.040419161676646706
0 0.513 0.4026946107784431 0.007 0.008982035928143712
0 0.244 0.36077844311377244 0.007 0.008982035928143712
0 0.394 0.39820359281437123 0.007 0.008982035928143712
0 0.493 0.6182634730538922 0.014 0.023952095808383235
0 0.64 0.7619760479041916 0.034 0.06736526946107785
0 0.768 0.562874251497006 0.019 0.025449101796407185
0 0.349 0.4221556886227545 0.007 0.008982035928143712
0 0.809 0.7844311377245509 0.041 0.07634730538922156
0 0.898 0.8173652694610778 0.041 0.07634730538922156
0 0.893 0.5434131736526946 0.019 0.025449101796407185
0 0.107 0.594311377245509 0.017 0.029940119760479042
0 0.283 0.3787425149700599 0.007 0.008982035928143712
0 0.233 0.5703592814371258 0.017 0.029940119760479042
0 0.643 0.6437125748502994 0.023 0.040419161676646706
0 0.298 0.6362275449101796 0.023 0.040419161676646706
0 0.297 0.3937125748502994 0.007 0.008982035928143712
0 0.482 0.38922155688622756 0.007 0.008982035928143712
0 0.391 0.41916167664670656 0.007 0.008982035928143712
0 0.378 0.405688622754491 0.007 0.008982035928143712
0 0.457 0.562874251497006 0.017 0.029940119760479042
0 0.413 0.657185628742515 0.023 0.040419161676646706
0 0.567 0.5703592814371258 0.014 0.023952095808383235
0 0.326 0.44610778443113774 0.007 0.008982035928143712
0 0.381 0.4431137724550898 0.007 0.008982035928143712
0 0.254 0.36976047904191617 0.007 0.008982035928143712
0 0.79 0.5359281437125748 0.019 0.025449101796407185
0 0.355 0.4311377245508982 0.007 0.008982035928143712
0 0.584 0.562874251497006 0.014 0.023952095808383235
