0 0.31063829787234043 0.4449760765550239 0.009574468085106383 0.023923444976076555
0 0.9223404255319149 0.29984051036682613 0.010638297872340425 0.012759170653907496
0 0.6872340425531915 0.45933014354066987 0.011702127659574468 0.017543859649122806
0 0.7425531914893617 0.0733652312599681 0.00425531914893617 0.007974481658692184
0 0.9042553191489362 0.2711323763955343 0.010638297872340425 0.012759170653907496
0 0.5882978723404255 0.6921850079744817 0.01702127659574468 0.03189792663476874
0 0.6606382978723404 0.31259968102073366 0.010638297872340425 0.012759170653907496
0 0.5808510638297872 0.15789473684210525 0.009574468085106383 0.014354066985645933
0 0.26276595744680853 0.8708133971291866 0.01702127659574468 0.03189792663476874
0 0.8851063829787233 0.1674641148325359 0.005319148936170213 0.007974481658692184
0 0.8840425531914894 0.11961722488038277 0.005319148936170213 0.007974481658692184
0 0.5648936170212766 0.29984051036682613 0.009574468085106383 0.014354066985645933
0 0.9712765957446808 0.09250398724082935 0.00425531914893617 0.007974481658692184
0 0.8840425531914894 0.3141945773524721 0.010638297872340425 0.012759170653907496
0 0.5670212765957446 0.5996810207336523 0.011702127659574468 0.017543859649122806
0 0.7085106382978723 0.14992025518341306 0.00425531914893617 0.007974481658692184
0 0.5787234042553191 0.8165869218500797 0.01702127659574468 0.03189792663476874
0 0.9382978723404255 0.19298245614035087 0.005319148936170213 0.007974481658692184
0 0.9138297872340425 0.21052631578947367 0.005319148936170213 0.007974481658692184
0 0.6872340425531915 0.13875598086124402 0.00425531914893617 0.007974481658692184
0 0.6627659574468086 0.1291866028708134 0.00425531914893617 0.007974481658692184
0 0.8617021276595744 0.13556618819776714 0.005319148936170213 0.007974481658692184
0 0.17553191489361702 0.5614035087719298 0.009574468085106383 0.023923444976076555
0 0.8723404255319149 0.05422647527910686 0.00425531914893617 0.007974481658692184
0 0.5808510638297872 0.4003189792663477 0.011702127659574468 0.017543859649122806
0 0.7851063829787234 0.23923444976076555 0.010638297872340425 0.012759170653907496
0 0.7404255319148936 0.5661881977671451 0.011702127659574468 0.017543859649122806
0 0.851063829787234 0.32216905901116427 0.010638297872340425 0.012759170653907496
0 0.8457446808510638 0.05901116427432217 0.00425531914893617 0.007974481658692184
0 0.8170212765957446 0.08931419457735247 0.00425531914893617 0.007974481658692184
0 0.8021276595744681 0.6507177033492823 0.011702127659574468 0.017543859649122806
0 0.4648936170212766 0.7113237639553429 0.01702127659574468 0.03189792663476874
0 0.723404255319149 0.12599681020733652 0.00425531914893617 0.007974481658692184
0 0.8691489361702127 0.12599681020733652 0.005319148936170213 0.007974481658692184
0 0.7393617021276596 0.13237639553429026 0.00425531914893617 0.007974481658692184
0 0.045744680851063826 0.5422647527910686 0.009574468085106383 0.023923444976076555
0 0.6872340425531915 0.2886762360446571 0.010638297872340425 0.012759170653907496
0 0.8382978723404255 0.07496012759170653 0.00425531914893617 0.007974481658692184
0 0.5329787234042553 0.6762360446570973 0.01702127659574468 0.03189792663476874
0 0.5712765957446808 0.19138755980861244 0.009574468085106383 0.014354066985645933
0 0.2797872340425532 0.38915470494417864 0.009574468085106383 0.023923444976076555
0 0.7946808510638298 0.09569377990430622 0.00425531914893617 0.007974481658692184
0 0.9159574468085107 0.05422647527910686 0.00425531914893617 0.007974481658692184
0 0.2648936170212766 0.4433811802232855 0.009574468085106383 0.023923444976076555
0 0.8978723404255319 0.11802232854864433 0.005319148936170213 0.007974481658692184
0 0.5680851063829787 0.45773524720893144 0.011702127659574468 0.017543859649122806
0 0.7063829787234043 0.3349282296650718 0.010638297872340425 0.012759170653907496
0 0.7042553191489361 0.6570972886762361 0.01276595744680851 0.02073365231259968
0 0.5691489361702128 0.16427432216905902 0.009574468085106383 0.014354066985645933
0 0.8872340425531915 0.31738437001594894 0.010638297872340425 0.012759170653907496
0 0.6638297872340425 0.29505582137161085 0.010638297872340425 0.012759170653907496
0 0.9159574468085107 0.11004784688995216 0.005319148936170213 0.007974481658692184
0 0.6074468085106383 0.4800637958532695 0.011702127659574468 0.017543859649122806
0 0.6361702127659574 0.17862838915470494 0.005319148936170213 0.009569377990430622
0 0.5393617021276595 0.20414673046251994 0.009574468085106383 0.014354066985645933
0 0.5191489361702127 0.9409888357256778 0.01702127659574468 0.03189792663476874
0 0.8340425531914893 0.16108452950558214 0.005319148936170213 0.007974481658692184
0 0.5106382978723404 0.6762360446570973 0.01702127659574468 0.03189792663476874
0 0.6627659574468086 0.42424242424242425 0.011702127659574468 0.017543859649122806
0 0.6978723404255319 0.22169059011164274 0.010638297872340425 0.012759170653907496
0 0.4425531914893617 0.24401913875598086 0.009574468085106383 0.014354066985645933
0 0.6074468085106383 0.18819776714513556 0.009574468085106383 0.014354066985645933
0 0.1946808510638298 0.48325358851674644 0.009574468085106383 0.023923444976076555
0 0.8414893617021276 0.14035087719298245 0.005319148936170213 0.007974481658692184
0 0.9276595744680851 0.10047846889952153 0.00425531914893617 0.007974481658692184
0 0.4851063829787234 0.6985645933014354 0.01702127659574468 0.03189792663476874
0 0.8457446808510638 0.4513556618819777 0.011702127659574468 0.017543859649122806
0 0.7053191489361702 0.09250398724082935 0.00425531914893617 0.007974481658692184
0 0.7563829787234042 0.0733652312599681 0.00425531914893617 0.007974481658692184
0 0.9478723404255319 0.2567783094098884 0.010638297872340425 0.012759170653907496
0 0.46808510638297873 0.6618819776714514 0.01702127659574468 0.03189792663476874
0 0.7648936170212766 0.0733652312599681 0.00425531914893617 0.007974481658692184
0 0.24680851063829787 0.3843700159489633 0.009574468085106383 0.023923444976076555
0 0.6340425531914894 0.14832535885167464 0.00425531914893617 0.007974481658692184
0 0.21063829787234042 0.5709728867623605 0.010638297872340425 0.025518341307814992
0 0.4542553191489362 0.8054226475279107 0.01702127659574468 0.03189792663476874
0 0.3425531914893617 0.3444976076555024 0.009574468085106383 0.023923444976076555
0 0.6148936170212767 0.45933014354066987 0.011702127659574468 0.017543859649122806
0 0.7617021276595745 0.11802232854864433 0.00425531914893617 0.007974481658692184
0 0.597872340425532 0.17703349282296652 0.009574468085106383 0.014354066985645933
0 0.5659574468085107 0.19617224880382775 0.009574468085106383 0.014354066985645933
0 0.8425531914893617 0.31100478468899523 0.010638297872340425 0.012759170653907496
0 0.4808510638297872 0.8596491228070176 0.01702127659574468 0.03189792663476874
0 0.7680851063829788 0.09888357256778309 0.00425531914893617 0.007974481658692184
0 0.6223404255319149 0.16108452950558214 0.007446808510638298 0.012759170653907496
0 0.6723404255319149 0.12280701754385964 0.00425531914893617 0.007974481658692184
0 0.1276595744680851 0.6156299840510366 0.01702127659574468 0.03189792663476874
0 0.7574468085106383 0.2982456140350877 0.010638297872340425 0.012759170653907496
0 0.9138297872340425 0.13078149920255183 0.005319148936170213 0.007974481658692184
0 0.9010638297872341 0.13078149920255183 0.005319148936170213 0.007974481658692184
0 0.6840425531914893 0.12440191387559808 0.00425531914893617 0.007974481658692184
0 0.49042553191489363 0.8213716108452951 0.01702127659574468 0.03189792663476874
0 0.9287234042553192 0.10366826156299841 0.005319148936170213 0.007974481658692184
0 0.7510638297872341 0.28548644338118023 0.010638297872340425 0.012759170653907496
0 0.6127659574468085 0.19936204146730463 0.009574468085106383 0.014354066985645933
0 0.451063829787234 0.543859649122807 0.009574468085106383 0.023923444976076555
0 0.7319148936170212 0.11961722488038277 0.00425531914893617 0.007974481658692184
0 0.6053191489361702 0.20574162679425836 0.009574468085106383 0.014354066985645933
0 0.3074468085106383 0.36044657097288674 0.009574468085106383 0.023923444976076555
0 0.9404255319148936 0.06060606060606061 0.00425531914893617 0.007974481658692184
0 0.7319148936170212 0.4513556618819777 0.011702127659574468 0.017543859649122806
0 0.6042553191489362 0.1339712918660287 0.009574468085106383 0.014354066985645933
0 0.5659574468085107 0.6443381180223285 0.011702127659574468 0.017543859649122806
0 0.3191489361702128 0.3620414673046252 0.009574468085106383 0.023923444976076555
0 0.824468085106383 0.08452950558213716 0.00425531914893617 0.007974481658692184
0 0.6340425531914894 0.4370015948963317 0.011702127659574468 0.017543859649122806
0 0.5074468085106383 0.8516746411483254 0.01702127659574468 0.03189792663476874
0 0.7 0.45614035087719296 0.011702127659574468 0.017543859649122806
0 0.4223404255319149 0.31100478468899523 0.009574468085106383 0.014354066985645933
0 0.425531914893617 0.6874003189792663 0.01702127659574468 0.03189792663476874
0 0.6414893617021277 0.1419457735247209 0.00425531914893617 0.007974481658692184
0 0.44893617021276594 0.3365231259968102 0.009574468085106383 0.023923444976076555
0 0.7936170212765957 0.1594896331738437 0.005319148936170213 0.007974481658692184
0 0.4117021276595745 0.2807017543859649 0.009574468085106383 0.014354066985645933
0 0.6840425531914893 0.11961722488038277 0.00425531914893617 0.007974481658692184
0 0.5925531914893617 0.4274322169059011 0.011702127659574468 0.017543859649122806
0 0.825531914893617 0.05901116427432217 0.00425531914893617 0.007974481658692184
0 0.7734042553191489 0.21690590111642744 0.005319148936170213 0.007974481658692184
0 0.5606382978723404 0.7990430622009569 0.01702127659574468 0.03189792663476874
0 0.5180851063829788 0.7384370015948963 0.01702127659574468 0.03189792663476874
0 0.9574468085106383 0.24401913875598086 0.010638297872340425 0.012759170653907496
0 0.6053191489361702 0.631578947368421 0.011702127659574468 0.017543859649122806
0 0.08617021276595745 0.6905901116427432 0.01702127659574468 0.03189792663476874
0 0.5776595744680851 0.16905901116427433 0.009574468085106383 0.014354066985645933
0 0.4797872340425532 0.27910685805422647 0.009574468085106383 0.014354066985645933
0 0.28297872340425534 0.3700159489633174 0.009574468085106383 0.023923444976076555
0 0.5638297872340425 0.43221690590111644 0.011702127659574468 0.017543859649122806
0 0.9234042553191489 0.24082934609250398 0.010638297872340425 0.012759170653907496
0 0.9861702127659574 0.11642743221690591 0.00425531914893617 0.007974481658692184
0 0.9446808510638298 0.11961722488038277 0.005319148936170213 0.007974481658692184
0 0.28297872340425534 0.5247208931419458 0.009574468085106383 0.023923444976076555
0 0.5638297872340425 0.69377990430622 0.01702127659574468 0.03189792663476874
0 0.5127659574468085 0.25996810207336524 0.009574468085106383 0.014354066985645933
0 0.6946808510638298 0.1339712918660287 0.00425531914893617 0.007974481658692184
0 0.6446808510638298 0.16427432216905902 0.00425531914893617 0.007974481658692184
0 0.5776595744680851 0.18819776714513556 0.009574468085106383 0.014354066985645933
0 0.3648936170212766 0.3508771929824561 0.009574468085106383 0.023923444976076555
0 0.9521276595744681 0.4625199362041467 0.011702127659574468 0.017543859649122806
0 0.4521276595744681 0.2503987240829346 0.009574468085106383 0.014354066985645933
0 0.17340425531914894 0.49122807017543857 0.009574468085106383 0.023923444976076555
0 0.5531914893617021 0.45773524720893144 0.011702127659574468 0.017543859649122806
0 0.01702127659574468 0.7368421052631579 0.01702127659574468 0.03189792663476874
0 0.8031914893617021 0.06060606060606061 0.00425531914893617 0.007974481658692184
0 0.8202127659574469 0.0861244019138756 0.00425531914893617 0.007974481658692184
0 0.6840425531914893 0.3078149920255183 0.010638297872340425 0.012759170653907496
0 0.7946808510638298 0.12440191387559808 0.005319148936170213 0.007974481658692184
0 0.1372340425531915 0.5342902711323764 0.009574468085106383 0.023923444976076555
0 0.37446808510638296 0.3253588516746411 0.009574468085106383 0.023923444976076555
0 0.4085106382978723 0.3524720893141946 0.009574468085106383 0.023923444976076555
0 0.9436170212765957 0.03987240829346093 0.00425531914893617 0.007974481658692184
0 0.2648936170212766 0.3827751196172249 0.009574468085106383 0.023923444976076555
0 0.8648936170212767 0.3748006379585327 0.010638297872340425 0.012759170653907496
0 0.8968085106382979 0.05263157894736842 0.00425531914893617 0.007974481658692184
0 0.4319148936170213 0.3237639553429027 0.009574468085106383 0.023923444976076555
0 0.6276595744680851 0.6491228070175439 0.011702127659574468 0.017543859649122806
0 0.6021276595744681 0.5486443381180224 0.011702127659574468 0.017543859649122806
0 0.46808510638297873 0.24561403508771928 0.009574468085106383 0.014354066985645933
0 0.9042553191489362 0.44976076555023925 0.011702127659574468 0.017543859649122806
0 0.8627659574468085 0.34609250398724084 0.010638297872340425 0.012759170653907496
0 0.8521276595744681 0.05741626794258373 0.00425531914893617 0.007974481658692184
0 0.11595744680851064 0.5677830940988836 0.010638297872340425 0.025518341307814992
0 0.8180851063829787 0.43381180223285487 0.011702127659574468 0.017543859649122806
0 0.9276595744680851 0.12440191387559808 0.005319148936170213 0.007974481658692184
0 0.997872340425532 0.3397129186602871 0.010638297872340425 0.012759170653907496
0 0.9127659574468086 0.23444976076555024 0.010638297872340425 0.012759170653907496
0 0.7829787234042553 0.3365231259968102 0.010638297872340425 0.012759170653907496
0 0.46063829787234045 0.4529505582137161 0.009574468085106383 0.023923444976076555
0 0.7148936170212766 0.23763955342902712 0.010638297872340425 0.012759170653907496
0 0.04148936170212766 0.7783094098883573 0.01702127659574468 0.03189792663476874
0 0.16914893617021276 0.6283891547049442 0.01702127659574468 0.03189792663476874
0 0.7085106382978723 0.6363636363636364 0.011702127659574468 0.017543859649122806
0 0.7638297872340426 0.10207336523125997 0.00425531914893617 0.007974481658692184
0 0.6829787234042554 0.4178628389154705 0.011702127659574468 0.017543859649122806
0 0.6553191489361702 0.2535885167464115 0.010638297872340425 0.012759170653907496
0 0.9521276595744681 0.051036682615629984 0.00425531914893617 0.007974481658692184
0 0.7755319148936171 0.09728867623604466 0.00425531914893617 0.007974481658692184
0 0.55 0.21371610845295055 0.009574468085106383 0.014354066985645933
0 0.6074468085106383 0.46411483253588515 0.011702127659574468 0.017543859649122806
0 0.8138297872340425 0.30303030303030304 0.010638297872340425 0.012759170653907496
0 0.5914893617021276 0.6618819776714514 0.013829787234042552 0.023923444976076555
0 0.8680851063829788 0.266347687400319 0.010638297872340425 0.012759170653907496
0 0.9680851063829787 0.18022328548644337 0.005319148936170213 0.007974481658692184
0 0.6606382978723404 0.10207336523125997 0.00425531914893617 0.007974481658692184
0 0.9712765957446808 0.12599681020733652 0.005319148936170213 0.007974481658692184
0 0.8606382978723405 0.3062200956937799 0.010638297872340425 0.012759170653907496
0 0.6138297872340426 0.33811802232854865 0.010638297872340425 0.012759170653907496
0 0.6425531914893617 0.11642743221690591 0.00425531914893617 0.007974481658692184
0 0.6234042553191489 0.1419457735247209 0.005319148936170213 0.009569377990430622
0 0.9457446808510638 0.09409888357256778 0.00425531914893617 0.007974481658692184
0 0.0574468085106383 0.7320574162679426 0.01702127659574468 0.03189792663476874
0 0.49148936170212765 0.2631578947368421 0.009574468085106383 0.014354066985645933
0 0.6510638297872341 0.41467304625199364 0.011702127659574468 0.017543859649122806
0 0.5053191489361702 0.2679425837320574 0.009574468085106383 0.014354066985645933
0 0.32978723404255317 0.810207336523126 0.01702127659574468 0.03189792663476874
0 0.9563829787234043 0.14992025518341306 0.005319148936170213 0.007974481658692184
0 0.125531914893617 0.6507177033492823 0.01702127659574468 0.03189792663476874
0 0.8617021276595744 0.40350877192982454 0.010638297872340425 0.012759170653907496
0 0.5372340425531915 0.21850079744816586 0.009574468085106383 0.014354066985645933
0 0.23297872340425532 0.3875598086124402 0.009574468085106383 0.023923444976076555
0 0.8361702127659575 0.06220095693779904 0.00425531914893617 0.007974481658692184
0 0.8180851063829787 0.2647527910685805 0.010638297872340425 0.012759170653907496
0 0.015957446808510637 0.6953748006379585 0.01702127659574468 0.03189792663476874
0 0.8106382978723404 0.1674641148325359 0.005319148936170213 0.007974481658692184
0 0.65 0.1339712918660287 0.00425531914893617 0.007974481658692184
0 0.6776595744680851 0.7352472089314195 0.01702127659574468 0.03189792663476874
0 0.11914893617021277 0.5374800637958532 0.009574468085106383 0.023923444976076555
0 0.902127659574468 0.06220095693779904 0.00425531914893617 0.007974481658692184
0 0.5585106382978723 0.32216905901116427 0.009574468085106383 0.023923444976076555
0 0.5914893617021276 0.20893141945773525 0.009574468085106383 0.014354066985645933
0 0.36914893617021277 0.3748006379585327 0.009574468085106383 0.023923444976076555
0 0.851063829787234 0.06698564593301436 0.00425531914893617 0.007974481658692184
0 0.7053191489361702 0.4098883572567783 0.011702127659574468 0.017543859649122806
0 0.1702127659574468 0.6762360446570973 0.01702127659574468 0.03189792663476874
0 0.9372340425531915 0.1291866028708134 0.005319148936170213 0.007974481658692184
0 0.7563829787234042 0.2743221690590112 0.010638297872340425 0.012759170653907496
0 0.7946808510638298 0.14513556618819776 0.005319148936170213 0.007974481658692184
0 0.823404255319149 0.20893141945773525 0.005319148936170213 0.007974481658692184
0 0.4521276595744681 0.6778309409888357 0.01702127659574468 0.03189792663476874
0 0.8074468085106383 0.15789473684210525 0.005319148936170213 0.007974481658692184
0 0.997872340425532 0.09090909090909091 0.00425531914893617 0.007974481658692184
0 0.7393617021276596 0.10207336523125997 0.00425531914893617 0.007974481658692184
0 0.9819148936170212 0.17862838915470494 0.005319148936170213 0.007974481658692184
0 0.34361702127659577 0.3668261562998405 0.009574468085106383 0.023923444976076555
0 0.7074468085106383 0.24720893141945774 0.010638297872340425 0.012759170653907496
0 0.7446808510638298 0.11004784688995216 0.00425531914893617 0.007974481658692184
0 0.823404255319149 0.45773524720893144 0.011702127659574468 0.017543859649122806
0 0.25851063829787235 0.41148325358851673 0.009574468085106383 0.023923444976076555
0 0.6457446808510638 0.4082934609250399 0.010638297872340425 0.012759170653907496
0 0.7063829787234043 0.23125996810207336 0.010638297872340425 0.012759170653907496
0 0.7595744680851064 0.19617224880382775 0.00851063829787234 0.011164274322169059
0 0.7063829787234043 0.12280701754385964 0.00425531914893617 0.007974481658692184
0 0.24680851063829787 0.4625199362041467 0.009574468085106383 0.023923444976076555
0 0.8276595744680851 0.4944178628389155 0.010638297872340425 0.014354066985645933
0 0.7829787234042553 0.08293460925039872 0.00425531914893617 0.007974481658692184
0 0.5829787234042553 0.4354066985645933 0.011702127659574468 0.017543859649122806
0 0.6563829787234042 0.1547049441786284 0.00425531914893617 0.007974481658692184
0 0.4148936170212766 0.46411483253588515 0.009574468085106383 0.023923444976076555
0 0.25638297872340426 0.3317384370015949 0.009574468085106383 0.023923444976076555
0 0.9276595744680851 0.5980861244019139 0.011702127659574468 0.017543859649122806
0 0.5797872340425532 0.8676236044657097 0.01702127659574468 0.03189792663476874
0 0.7117021276595744 0.45773524720893144 0.011702127659574468 0.017543859649122806
0 0.5585106382978723 0.22647527910685805 0.009574468085106383 0.014354066985645933
0 0.7372340425531915 0.11323763955342903 0.00425531914893617 0.007974481658692184
0 0.6723404255319149 0.2551834130781499 0.010638297872340425 0.012759170653907496
0 0.7489361702127659 0.07814992025518341 0.00425531914893617 0.007974481658692184
0 0.6329787234042553 0.4178628389154705 0.011702127659574468 0.017543859649122806
0 0.7414893617021276 0.266347687400319 0.010638297872340425 0.012759170653907496
0 0.9180851063829787 0.1722488038277512 0.005319148936170213 0.007974481658692184
0 0.4 0.8963317384370016 0.01702127659574468 0.03189792663476874
0 0.40425531914893614 0.3700159489633174 0.009574468085106383 0.023923444976076555
0 0.8425531914893617 0.3317384370015949 0.010638297872340425 0.012759170653907496
0 0.4787234042553192 0.18819776714513556 0.009574468085106383 0.014354066985645933
0 0.19787234042553192 0.37799043062200954 0.009574468085106383 0.023923444976076555
0 0.7265957446808511 0.10207336523125997 0.00425531914893617 0.007974481658692184
0 0.9585106382978723 0.13078149920255183 0.005319148936170213 0.007974481658692184
0 0.5797872340425532 0.5885167464114832 0.011702127659574468 0.017543859649122806
0 0.8180851063829787 0.06220095693779904 0.00425531914893617 0.007974481658692184
0 0.7265957446808511 0.30462519936204147 0.010638297872340425 0.012759170653907496
0 0.8978723404255319 0.06379585326953748 0.00425531914893617 0.007974481658692184
0 0.2978723404255319 0.38596491228070173 0.009574468085106383 0.023923444976076555
0 0.2776595744680851 0.48484848484848486 0.009574468085106383 0.023923444976076555
0 0.7117021276595744 0.12121212121212122 0.00425531914893617 0.007974481658692184
0 0.7382978723404255 0.3253588516746411 0.010638297872340425 0.012759170653907496
0 0.6936170212765957 0.11483253588516747 0.00425531914893617 0.007974481658692184
0 0.39148936170212767 0.3620414673046252 0.009574468085106383 0.023923444976076555
0 0.19148936170212766 0.5709728867623605 0.010638297872340425 0.025518341307814992
0 0.7308510638297873 0.1339712918660287 0.00425531914893617 0.007974481658692184
0 0.15319148936170213 0.5374800637958532 0.009574468085106383 0.023923444976076555
0 0.7936170212765957 0.0861244019138756 0.00425531914893617 0.007974481658692184
0 0.9425531914893617 0.1371610845295056 0.005319148936170213 0.007974481658692184
0 0.7351063829787234 0.09888357256778309 0.00425531914893617 0.007974481658692184
0 0.8063829787234043 0.07974481658692185 0.00425531914893617 0.007974481658692184
0 0.798936170212766 0.07814992025518341 0.00425531914893617 0.007974481658692184
0 0.9095744680851063 0.15311004784688995 0.005319148936170213 0.007974481658692184
0 0.5585106382978723 0.6539074960127592 0.01702127659574468 0.03189792663476874
0 0.597872340425532 0.4194577352472089 0.011702127659574468 0.017543859649122806
0 0.7095744680851064 0.3572567783094099 0.010638297872340425 0.012759170653907496
0 0.7106382978723405 0.266347687400319 0.010638297872340425 0.012759170653907496
0 0.09893617021276596 0.5279106858054227 0.009574468085106383 0.023923444976076555
0 0.6138297872340426 0.43381180223285487 0.011702127659574468 0.017543859649122806
0 0.4521276595744681 0.2886762360446571 0.009574468085106383 0.014354066985645933
0 0.8861702127659574 0.1339712918660287 0.005319148936170213 0.007974481658692184
0 0.8563829787234043 0.14513556618819776 0.005319148936170213 0.007974481658692184
0 0.725531914893617 0.3317384370015949 0.010638297872340425 0.012759170653907496
0 0.6340425531914894 0.6794258373205742 0.01702127659574468 0.03189792663476874
0 0.2521276595744681 0.5550239234449761 0.009574468085106383 0.023923444976076555
0 0.07446808510638298 0.620414673046252 0.01702127659574468 0.03189792663476874
0 0.7117021276595744 0.16586921850079744 0.00425531914893617 0.007974481658692184
0 0.09680851063829787 0.7432216905901117 0.01702127659574468 0.03189792663476874
0 0.5276595744680851 0.7607655502392344 0.01702127659574468 0.03189792663476874
0 0.7851063829787234 0.2886762360446571 0.010638297872340425 0.012759170653907496
0 0.8872340425531915 0.12280701754385964 0.005319148936170213 0.007974481658692184
0 0.7691489361702127 0.11642743221690591 0.005319148936170213 0.007974481658692184
0 0.7702127659574468 0.23285486443381181 0.010638297872340425 0.012759170653907496
0 0.8436170212765958 0.35566188197767146 0.010638297872340425 0.012759170653907496
0 0.05638297872340425 0.6730462519936204 0.01702127659574468 0.03189792663476874
0 0.9563829787234043 0.09250398724082935 0.00425531914893617 0.007974481658692184
0 0.9553191489361702 0.11961722488038277 0.005319148936170213 0.007974481658692184
0 0.8106382978723404 0.07814992025518341 0.00425531914893617 0.007974481658692184
0 0.8446808510638298 0.7655502392344498 0.01702127659574468 0.03189792663476874
0 0.9148936170212766 0.06220095693779904 0.00425531914893617 0.007974481658692184
0 0.6170212765957447 0.1674641148325359 0.007446808510638298 0.012759170653907496
0 0.21063829787234042 0.5199362041467305 0.009574468085106383 0.023923444976076555
0 0.8127659574468085 0.18819776714513556 0.005319148936170213 0.007974481658692184
0 0.5191489361702127 0.19936204146730463 0.009574468085106383 0.014354066985645933
0 0.46170212765957447 0.9585326953748007 0.01702127659574468 0.03189792663476874
0 0.5627659574468085 0.5231259968102073 0.011702127659574468 0.017543859649122806
0 0.33404255319148934 0.4194577352472089 0.009574468085106383 0.023923444976076555
0 0.7117021276595744 0.0861244019138756 0.00425531914893617 0.007974481658692184
0 0.48936170212765956 0.24720893141945774 0.009574468085106383 0.014354066985645933
0 0.5276595744680851 0.6570972886762361 0.01702127659574468 0.03189792663476874
0 0.8797872340425532 0.05422647527910686 0.00425531914893617 0.007974481658692184
0 0.7553191489361702 0.3253588516746411 0.010638297872340425 0.012759170653907496
0 0.6223404255319149 0.44178628389154706 0.011702127659574468 0.017543859649122806
0 0.9638297872340426 0.046251993620414676 0.00425531914893617 0.007974481658692184
0 0.7585106382978724 0.10207336523125997 0.00425531914893617 0.007974481658692184
0 0.8212765957446808 0.3668261562998405 0.010638297872340425 0.012759170653907496
0 0.9393617021276596 0.10845295055821372 0.005319148936170213 0.007974481658692184
0 0.6265957446808511 0.17384370015948963 0.005319148936170213 0.009569377990430622
0 0.9457446808510638 0.05741626794258373 0.00425531914893617 0.007974481658692184
0 0.6117021276595744 0.11961722488038277 0.00425531914893617 0.007974481658692184
0 0.6127659574468085 0.6012759170653907 0.011702127659574468 0.017543859649122806
0 0.6361702127659574 0.6283891547049442 0.011702127659574468 0.017543859649122806
0 0.6925531914893617 0.3157894736842105 0.010638297872340425 0.012759170653907496
0 0.19893617021276597 0.4433811802232855 0.009574468085106383 0.023923444976076555
0 0.2968085106382979 0.42105263157894735 0.009574468085106383 0.023923444976076555
0 0.40106382978723404 0.3253588516746411 0.009574468085106383 0.023923444976076555
0 0.3638297872340426 0.4130781499202552 0.009574468085106383 0.023923444976076555
0 0.35 0.41626794258373206 0.009574468085106383 0.023923444976076555
0 0.15425531914893617 0.49282296650717705 0.009574468085106383 0.023923444976076555
0 0.75 0.10366826156299841 0.00425531914893617 0.007974481658692184
0 0.926595744680851 0.1594896331738437 0.005319148936170213 0.007974481658692184
0 0.5053191489361702 0.23604465709728867 0.009574468085106383 0.014354066985645933
0 0.8542553191489362 0.08133971291866028 0.00425531914893617 0.007974481658692184
0 0.8074468085106383 0.1291866028708134 0.005319148936170213 0.007974481658692184
0 0.6893617021276596 0.40350877192982454 0.010638297872340425 0.012759170653907496
0 0.652127659574468 0.4019138755980861 0.010638297872340425 0.012759170653907496
0 0.41702127659574467 0.8676236044657097 0.01702127659574468 0.03189792663476874
0 0.7691489361702127 0.3700159489633174 0.010638297872340425 0.012759170653907496
0 0.41702127659574467 0.3349282296650718 0.009574468085106383 0.023923444976076555
0 0.9425531914893617 0.10207336523125997 0.005319148936170213 0.007974481658692184
0 0.26382978723404255 0.6012759170653907 0.01702127659574468 0.03189792663476874
0 0.46063829787234045 0.29505582137161085 0.009574468085106383 0.014354066985645933
0 0.7531914893617021 0.44976076555023925 0.011702127659574468 0.017543859649122806
0 0.6106382978723405 0.17543859649122806 0.009574468085106383 0.014354066985645933
0 0.9776595744680852 0.09090909090909091 0.00425531914893617 0.007974481658692184
0 0.8159574468085107 0.3365231259968102 0.010638297872340425 0.012759170653907496
0 0.6563829787234042 0.11323763955342903 0.00425531914893617 0.007974481658692184
0 0.6617021276595745 0.1547049441786284 0.00425531914893617 0.007974481658692184
0 0.5893617021276596 0.16267942583732056 0.009574468085106383 0.014354066985645933
0 0.7329787234042553 0.6491228070175439 0.011702127659574468 0.017543859649122806
0 0.42021276595744683 0.23923444976076555 0.009574468085106383 0.014354066985645933
0 0.5148936170212766 0.20733652312599682 0.009574468085106383 0.014354066985645933
0 0.902127659574468 0.3078149920255183 0.010638297872340425 0.012759170653907496
0 0.8627659574468085 0.15789473684210525 0.005319148936170213 0.007974481658692184
0 0.7276595744680852 0.2551834130781499 0.010638297872340425 0.012759170653907496
0 0.6542553191489362 0.8373205741626795 0.01702127659574468 0.03189792663476874
0 0.8829787234042553 0.8660287081339713 0.01702127659574468 0.03189792663476874
0 0.2968085106382979 0.45454545454545453 0.009574468085106383 0.023923444976076555
0 0.75 0.12759170653907495 0.00425531914893617 0.007974481658692184
0 0.8287234042553191 0.4003189792663477 0.010638297872340425 0.012759170653907496
0 0.8489361702127659 0.18181818181818182 0.005319148936170213 0.007974481658692184
0 0.9627659574468085 0.32216905901116427 0.010638297872340425 0.012759170653907496
0 0.926595744680851 0.2807017543859649 0.010638297872340425 0.012759170653907496
0 0.41702127659574467 0.37320574162679426 0.009574468085106383 0.023923444976076555
0 0.6265957446808511 0.3923444976076555 0.010638297872340425 0.012759170653907496
0 0.9446808510638298 0.3827751196172249 0.010638297872340425 0.012759170653907496
0 0.019148936170212766 0.39074960127591707 0.009574468085106383 0.023923444976076555
0 0.2776595744680851 0.40669856459330145 0.009574468085106383 0.023923444976076555
0 0.8297872340425532 0.21052631578947367 0.005319148936170213 0.007974481658692184
0 0.5851063829787234 0.45773524720893144 0.011702127659574468 0.017543859649122806
0 0.4627659574468085 0.3269537480063796 0.009574468085106383 0.023923444976076555
0 0.924468085106383 0.26156299840510366 0.010638297872340425 0.012759170653907496
0 0.6265957446808511 0.7113237639553429 0.01702127659574468 0.03189792663476874
0 0.49361702127659574 0.2902711323763955 0.009574468085106383 0.014354066985645933
0 0.9085106382978724 0.291866028708134 0.010638297872340425 0.012759170653907496
0 0.6127659574468085 0.14354066985645933 0.007446808510638298 0.012759170653907496
0 0.15212765957446808 0.6842105263157895 0.01702127659574468 0.03189792663476874
0 0.8787234042553191 0.06698564593301436 0.00425531914893617 0.007974481658692184
0 0.8404255319148937 0.16586921850079744 0.005319148936170213 0.007974481658692184
0 0.5202127659574468 0.696969696969697 0.01702127659574468 0.03189792663476874
0 0.3851063829787234 0.39712918660287083 0.009574468085106383 0.023923444976076555
0 0.8638297872340426 0.17384370015948963 0.005319148936170213 0.007974481658692184
0 0.6 0.4529505582137161 0.011702127659574468 0.017543859649122806
0 0.9319148936170213 0.04146730462519936 0.00425531914893617 0.007974481658692184
0 0.8659574468085106 0.06698564593301436 0.00425531914893617 0.007974481658692184
0 0.6361702127659574 0.28548644338118023 0.010638297872340425 0.012759170653907496
0 0.7457446808510638 0.7623604465709729 0.01702127659574468 0.03189792663476874
0 0.7095744680851064 0.29984051036682613 0.010638297872340425 0.012759170653907496
0 0.8702127659574468 0.1339712918660287 0.005319148936170213 0.007974481658692184
0 0.16702127659574467 0.45933014354066987 0.009574468085106383 0.023923444976076555
0 0.9308510638297872 0.05901116427432217 0.00425531914893617 0.007974481658692184
0 0.44042553191489364 0.3365231259968102 0.009574468085106383 0.023923444976076555
0 0.8936170212765957 0.3748006379585327 0.010638297872340425 0.012759170653907496
0 0.7031914893617022 0.39553429027113235 0.010638297872340425 0.012759170653907496
0 0.5138297872340426 0.7527910685805422 0.01702127659574468 0.03189792663476874
0 0.2776595744680851 0.5087719298245614 0.009574468085106383 0.023923444976076555
0 0.7031914893617022 0.12599681020733652 0.00425531914893617 0.007974481658692184
0 0.6936170212765957 0.6220095693779905 0.011702127659574468 0.017543859649122806
0 0.6223404255319149 0.4226475279106858 0.011702127659574468 0.017543859649122806
0 0.9117021276595745 0.10845295055821372 0.005319148936170213 0.007974481658692184
0 0.8904255319148936 0.3588516746411483 0.010638297872340425 0.012759170653907496
0 0.4819148936170213 0.29984051036682613 0.009574468085106383 0.014354066985645933
0 0.5627659574468085 0.18022328548644337 0.009574468085106383 0.014354066985645933
0 0.7829787234042553 0.10526315789473684 0.005319148936170213 0.007974481658692184
0 0.9936170212765958 0.4433811802232855 0.010638297872340425 0.012759170653907496
0 0.847872340425532 0.15629984051036683 0.005319148936170213 0.007974481658692184
0 0.34893617021276596 0.379585326953748 0.009574468085106383 0.023923444976076555
0 0.6223404255319149 0.18819776714513556 0.009574468085106383 0.014354066985645933
0 0.8904255319148936 0.2934609250398724 0.010638297872340425 0.012759170653907496
0 0.8351063829787234 0.38915470494417864 0.010638297872340425 0.012759170653907496
0 0.8946808510638298 0.1594896331738437 0.005319148936170213 0.007974481658692184
0 0.5585106382978723 0.15789473684210525 0.009574468085106383 0.014354066985645933
0 0.3223404255319149 0.4082934609250399 0.009574468085106383 0.023923444976076555
0 0.8851063829787233 0.06539074960127592 0.00425531914893617 0.007974481658692184
0 0.5712765957446808 0.22328548644338117 0.009574468085106383 0.014354066985645933
0 0.25 0.4258373205741627 0.009574468085106383 0.023923444976076555
0 0.6680851063829787 0.1419457735247209 0.00425531914893617 0.007974481658692184
0 0.8712765957446809 0.27910685805422647 0.010638297872340425 0.012759170653907496
0 0.019148936170212766 0.6028708133971292 0.014893617021276596 0.028708133971291867
0 0.7244680851063829 0.07814992025518341 0.00425531914893617 0.007974481658692184
0 0.8574468085106383 0.20095693779904306 0.005319148936170213 0.007974481658692184
0 0.9180851063829787 0.06060606060606061 0.00425531914893617 0.007974481658692184
0 0.5138297872340426 0.24401913875598086 0.009574468085106383 0.014354066985645933
0 0.5840425531914893 0.3827751196172249 0.010638297872340425 0.01594896331738437
0 0.7925531914893617 0.23285486443381181 0.010638297872340425 0.012759170653907496
0 0.225531914893617 0.5422647527910686 0.009574468085106383 0.023923444976076555
0 0.33085106382978724 0.4433811802232855 0.009574468085106383 0.023923444976076555
0 0.3351063829787234 0.25996810207336524 0.009574468085106383 0.023923444976076555
0 0.8914893617021277 0.06539074960127592 0.00425531914893617 0.007974481658692184
0 0.7414893617021276 0.3413078149920255 0.010638297872340425 0.012759170653907496
0 0.6840425531914893 0.48963317384370014 0.011702127659574468 0.017543859649122806
0 0.8042553191489362 0.08133971291866028 0.00425531914893617 0.007974481658692184
0 0.5882978723404255 0.7416267942583732 0.01702127659574468 0.03189792663476874
0 0.5074468085106383 0.2535885167464115 0.009574468085106383 0.014354066985645933
0 0.5872340425531914 0.18660287081339713 0.009574468085106383 0.014354066985645933
0 0.8595744680851064 0.0685805422647528 0.00425531914893617 0.007974481658692184
0 0.013829787234042552 0.7910685805422647 0.01702127659574468 0.03189792663476874
0 0.9074468085106383 0.19298245614035087 0.005319148936170213 0.007974481658692184
0 0.28617021276595744 0.5709728867623605 0.009574468085106383 0.023923444976076555
0 0.9787234042553191 0.5023923444976076 0.010638297872340425 0.014354066985645933
0 0.03723404255319149 0.6347687400318979 0.01702127659574468 0.03189792663476874
0 0.8414893617021276 0.08931419457735247 0.00425531914893617 0.007974481658692184
0 0.9468085106382979 0.16267942583732056 0.005319148936170213 0.007974481658692184
0 0.3861702127659574 0.3748006379585327 0.009574468085106383 0.023923444976076555
0 0.776595744680851 0.06539074960127592 0.00425531914893617 0.007974481658692184
0 0.5797872340425532 0.6778309409888357 0.01702127659574468 0.03189792663476874
0 0.6425531914893617 0.2583732057416268 0.010638297872340425 0.012759170653907496
0 0.7319148936170212 0.4258373205741627 0.011702127659574468 0.017543859649122806
0 0.6819148936170213 0.6347687400318979 0.011702127659574468 0.017543859649122806
0 0.9542553191489361 0.6985645933014354 0.01702127659574468 0.03189792663476874
0 0.774468085106383 0.3157894736842105 0.010638297872340425 0.012759170653907496
0 0.9574468085106383 0.049441786283891544 0.00425531914893617 0.007974481658692184
