0 0.39384615384615385 0.37066974595842955 0.010769230769230769 0.03233256351039261
0 0.04923076923076923 0.418013856812933 0.021538461538461538 0.03810623556581986
0 0.4146153846153846 0.4503464203233256 0.011538461538461539 0.03117782909930716
0 0.8461538461538461 0.34872979214780603 0.03230769230769231 0.03695150115473441
0 0.8523076923076923 0.32678983833718245 0.0 0.0
0 0.03461538461538462 0.42609699769053117 0.021538461538461538 0.03810623556581986
0 0.9084615384615384 0.34526558891454967 0.015384615384615385 0.025404157043879907
0 0.14692307692307693 0.3302540415704388 0.011538461538461539 0.023094688221709007
0 0.8861538461538462 0.37528868360277134 0.015384615384615385 0.025404157043879907
0 0.9723076923076923 0.3071593533487298 0.011538461538461539 0.013856812933025405
0 0.0015384615384615385 0.3083140877598152 0.0 0.0011547344110854503
0 0.18692307692307691 0.31755196304849886 0.011538461538461539 0.023094688221709007
0 0.59 0.384526558891455 0.019230769230769232 0.028868360277136258
0 0.026153846153846153 0.34872979214780603 0.013846153846153847 0.03233256351039261
0 0.82 0.34757505773672054 0.024615384615384615 0.053117782909930716
0 0.7138461538461538 0.3441108545034642 0.006923076923076923 0.010392609699769052
0 0.5553846153846154 0.34295612009237875 0.0015384615384615385 0.0
0 0.3669230769230769 0.32909930715935337 0.011538461538461539 0.017321016166281754
0 0.05384615384615385 0.30600461893764436 0.006923076923076923 0.017321016166281754
0 0.48615384615384616 0.34757505773672054 0.021538461538461538 0.04157043879907621
0 0.18461538461538463 0.44110854503464203 0.02076923076923077 0.03695150115473441
0 0.23 0.43648960739030024 0.015384615384615385 0.03002309468822171
0 0.24923076923076923 0.36027713625866054 0.014615384615384615 0.023094688221709007
0 0.12846153846153846 0.4226327944572748 0.021538461538461538 0.03810623556581986
0 0.5423076923076923 0.3741339491916859 0.010769230769230769 0.023094688221709007
0 0.3392307692307692 0.34872979214780603 0.02076923076923077 0.03579676674364896
0 0.8015384615384615 0.35450346420323325 0.013846153846153847 0.03233256351039261
0 0.21384615384615385 0.4284064665127021 0.02076923076923077 0.03695150115473441
0 0.3676923076923077 0.37066974595842955 0.015384615384615385 0.02771362586605081
0 0.17692307692307693 0.33602771362586603 0.011538461538461539 0.023094688221709007
0 0.01769230769230769 0.45265588914549654 0.021538461538461538 0.03810623556581986
0 0.6407692307692308 0.5173210161662818 0.014615384615384615 0.03117782909930716
0 0.2746153846153846 0.325635103926097 0.009230769230769232 0.009237875288683603
0 0.41923076923076924 0.3648960739030023 0.013846153846153847 0.023094688221709007
0 0.40615384615384614 0.3648960739030023 0.009230769230769232 0.020785219399538105
0 0.6284615384615385 0.31524249422632794 0.006923076923076923 0.011547344110854504
0 0.6815384615384615 0.33602771362586603 0.014615384615384615 0.03579676674364896
0 0.5146153846153846 0.3741339491916859 0.014615384615384615 0.03579676674364896
0 0.2376923076923077 0.34757505773672054 0.014615384615384615 0.03579676674364896
0 0.09230769230769231 0.36027713625866054 0.015384615384615385 0.02771362586605081
0 0.2846153846153846 0.3556581986143187 0.016923076923076923 0.04157043879907621
0 0.3038461538461538 0.3210161662817552 0.011538461538461539 0.020785219399538105
0 0.8607692307692307 0.3094688221709007 0.010769230769230769 0.013856812933025405
0 0.666923076923077 0.3233256351039261 0.011538461538461539 0.021939953810623556
0 0.75 0.5981524249422633 0.016153846153846154 0.023094688221709007
0 0.44076923076923075 0.4053117782909931 0.026153846153846153 0.046189376443418015
0 0.038461538461538464 0.312933025404157 0.006923076923076923 0.017321016166281754
0 0.22384615384615383 0.34988452655889146 0.010769230769230769 0.02424942263279446
0 0.9646153846153847 0.3279445727482679 0.011538461538461539 0.021939953810623556
0 0.12846153846153846 0.32217090069284066 0.011538461538461539 0.023094688221709007
0 0.8369230769230769 0.30600461893764436 0.010769230769230769 0.013856812933025405
0 0.4376923076923077 0.3371824480369515 0.010769230769230769 0.02424942263279446
0 0.3984615384615385 0.3325635103926097 0.013846153846153847 0.026558891454965358
0 0.005384615384615384 0.3244803695150115 0.008461538461538461 0.015011547344110854
0 0.34 0.5277136258660509 0.015384615384615385 0.02771362586605081
0 0.5761538461538461 0.35219399538106233 0.015384615384615385 0.03810623556581986
0 0.08692307692307692 0.4341801385681293 0.021538461538461538 0.03810623556581986
0 0.1946153846153846 0.40415704387990764 0.010769230769230769 0.010392609699769052
0 0.16076923076923078 0.4284064665127021 0.019230769230769232 0.025404157043879907
0 0.04230769230769231 0.3648960739030023 0.012307692307692308 0.023094688221709007
0 0.1423076923076923 0.407621247113164 0.018461538461538463 0.015011547344110854
0 0.006153846153846154 0.4226327944572748 0.007692307692307693 0.02771362586605081
0 0.9038461538461539 0.31062355658198615 0.015384615384615385 0.025404157043879907
0 0.22 0.48498845265588914 0.02076923076923077 0.021939953810623556
0 0.6461538461538462 0.34757505773672054 0.005384615384615384 0.008083140877598153
0 0.4523076923076923 0.34872979214780603 0.014615384615384615 0.025404157043879907
0 0.7723076923076924 0.2702078521939954 0.014615384615384615 0.021939953810623556
0 0.22076923076923077 0.3163972286374134 0.011538461538461539 0.013856812933025405
0 0.055384615384615386 0.40415704387990764 0.004615384615384616 0.011547344110854504
