0 0.8061538461538461 0.545 0.015384615384615385 0.0275
0 0.7615384615384615 0.9725 0.015384615384615385 0.0225
0 0.9615384615384616 0.635 0.018461538461538463 0.0375
0 0.32769230769230767 0.21 0.015384615384615385 0.0275
0 0.5676923076923077 0.6475 0.015384615384615385 0.0275
0 0.9507692307692308 0.79 0.010769230769230769 0.025
0 0.038461538461538464 0.8475 0.015384615384615385 0.0225
0 0.6076923076923076 0.555 0.015384615384615385 0.0275
0 0.17846153846153845 0.9325 0.015384615384615385 0.0225
0 0.3569230769230769 0.71 0.015384615384615385 0.025
0 0.5430769230769231 0.8825 0.015384615384615385 0.0225
0 0.9246153846153846 0.6175 0.018461538461538463 0.0375
0 0.3230769230769231 0.5325 0.015384615384615385 0.0275
0 0.2846153846153846 0.295 0.015384615384615385 0.0275
0 0.6138461538461538 0.745 0.015384615384615385 0.025
0 0.46307692307692305 0.38 0.016923076923076923 0.0375
0 0.1723076923076923 0.135 0.012307692307692308 0.03
0 0.3569230769230769 0.3475 0.015384615384615385 0.0275
0 0.5292307692307693 0.455 0.016923076923076923 0.0375
0 0.024615384615384615 0.7125 0.015384615384615385 0.02
0 0.24 0.6225 0.015384615384615385 0.0275
0 0.48923076923076925 0.53 0.015384615384615385 0.0275
0 0.6907692307692308 0.4575 0.015384615384615385 0.0275
0 0.9184615384615384 0.965 0.015384615384615385 0.0225
0 0.5338461538461539 0.515 0.015384615384615385 0.0275
0 0.5476923076923077 0.84 0.010769230769230769 0.025
0 0.4876923076923077 0.76 0.015384615384615385 0.025
0 0.7061538461538461 0.8425 0.010769230769230769 0.025
0 0.07384615384615385 0.2325 0.015384615384615385 0.0325
0 0.26 0.28 0.015384615384615385 0.0275
0 0.7307692307692307 0.6475 0.015384615384615385 0.0275
0 0.86 0.6575 0.018461538461538463 0.0375
0 0.45692307692307693 0.6825 0.015384615384615385 0.025
0 0.24153846153846154 0.5875 0.015384615384615385 0.0275
0 0.14615384615384616 0.555 0.015384615384615385 0.02
0 0.6984615384615385 0.735 0.015384615384615385 0.025
0 0.6538461538461539 0.5225 0.015384615384615385 0.0275
0 0.4230769230769231 0.6025 0.015384615384615385 0.0275
0 0.3569230769230769 0.565 0.015384615384615385 0.0275
0 0.2076923076923077 0.125 0.012307692307692308 0.03
0 0.6246153846153846 0.7275 0.015384615384615385 0.025
0 0.54 0.58 0.015384615384615385 0.0275
0 0.2969230769230769 0.3325 0.015384615384615385 0.0275
0 0.583076923076923 0.385 0.015384615384615385 0.0275
0 0.7523076923076923 0.5225 0.015384615384615385 0.0275
0 0.9569230769230769 0.915 0.015384615384615385 0.0225
0 0.46 0.7925 0.010769230769230769 0.025
0 0.5461538461538461 0.4175 0.016923076923076923 0.0375
0 0.3 0.62 0.015384615384615385 0.0275
0 0.803076923076923 0.615 0.015384615384615385 0.0275
0 0.7676923076923077 0.8175 0.010769230769230769 0.025
0 0.46 0.94 0.015384615384615385 0.0225
0 0.4046153846153846 0.9275 0.015384615384615385 0.0225
0 0.4815384615384615 0.8325 0.010769230769230769 0.025
0 0.5907692307692308 0.6 0.015384615384615385 0.0275
0 0.38769230769230767 0.8675 0.010769230769230769 0.025
0 0.8676923076923077 0.8225 0.010769230769230769 0.025
0 0.1523076923076923 0.62 0.015384615384615385 0.02
0 0.7092307692307692 0.515 0.015384615384615385 0.0275
0 0.7646153846153846 0.5475 0.015384615384615385 0.0275
0 0.72 0.8475 0.010769230769230769 0.025
0 0.1123076923076923 0.435 0.018461538461538463 0.0325
0 0.36153846153846153 0.28 0.015384615384615385 0.0275
0 0.48615384615384616 0.665 0.015384615384615385 0.0275
0 0.7553846153846154 0.575 0.015384615384615385 0.0275
0 0.4369230769230769 0.4925 0.016923076923076923 0.0375
0 0.30615384615384617 0.3875 0.016923076923076923 0.0375
0 0.6092307692307692 0.505 0.015384615384615385 0.0275
0 0.4723076923076923 0.6575 0.015384615384615385 0.0275
0 0.6230769230769231 0.8675 0.010769230769230769 0.025
0 0.43538461538461537 0.3975 0.016923076923076923 0.0375
0 0.52 0.37 0.016923076923076923 0.0375
0 0.37538461538461537 0.655 0.015384615384615385 0.0275
0 0.34615384615384615 0.9375 0.015384615384615385 0.0225
0 0.9707692307692307 0.9725 0.015384615384615385 0.0225
0 0.5615384615384615 0.525 0.015384615384615385 0.0275
0 0.7046153846153846 0.5775 0.015384615384615385 0.0275
0 0.3923076923076923 0.6025 0.015384615384615385 0.0275
0 0.44461538461538463 0.64 0.015384615384615385 0.0275
0 0.46153846153846156 0.59 0.015384615384615385 0.0275
0 0.8123076923076923 0.855 0.010769230769230769 0.025
0 0.3892307692307692 0.68 0.015384615384615385 0.025
0 0.9446153846153846 0.5075 0.012307692307692308 0.0325
0 0.39076923076923076 0.495 0.016923076923076923 0.0375
0 0.583076923076923 0.745 0.015384615384615385 0.025
0 0.4492307692307692 0.5275 0.015384615384615385 0.0275
0 0.8692307692307693 0.975 0.015384615384615385 0.0225
0 0.6046153846153847 0.335 0.015384615384615385 0.0275
0 0.5092307692307693 0.6825 0.015384615384615385 0.025
0 0.9938461538461538 0.525 0.012307692307692308 0.0325
0 0.4492307692307692 0.3325 0.015384615384615385 0.0275
0 0.08153846153846153 0.285 0.015384615384615385 0.0325
0 0.7892307692307692 0.835 0.010769230769230769 0.025
0 0.78 0.5425 0.015384615384615385 0.0275
0 0.7184615384615385 0.72 0.015384615384615385 0.025
0 0.3892307692307692 0.56 0.015384615384615385 0.0275
0 0.696923076923077 0.67 0.015384615384615385 0.025
0 0.2630769230769231 0.705 0.015384615384615385 0.025
0 0.7692307692307693 0.9175 0.015384615384615385 0.0225
0 0.32461538461538464 0.62 0.015384615384615385 0.0275
0 0.016923076923076923 0.1175 0.015384615384615385 0.0325
0 0.9753846153846154 0.615 0.018461538461538463 0.0375
0 0.8046153846153846 0.9725 0.015384615384615385 0.0225
0 0.8384615384615385 0.9625 0.015384615384615385 0.0225
0 0.5430769230769231 0.665 0.015384615384615385 0.0275
0 0.7107692307692308 0.805 0.010769230769230769 0.025
0 0.8061538461538461 0.37 0.015384615384615385 0.0275
0 0.4246153846153846 0.695 0.015384615384615385 0.025
0 0.5107692307692308 0.885 0.015384615384615385 0.0225
0 0.9230769230769231 0.5375 0.012307692307692308 0.0325
0 0.3415384615384615 0.4775 0.016923076923076923 0.0375
0 0.6630769230769231 0.5025 0.015384615384615385 0.0275
0 0.5384615384615384 0.755 0.015384615384615385 0.025
0 0.06 0.135 0.015384615384615385 0.0325
0 0.13538461538461538 0.95 0.015384615384615385 0.0225
0 0.30153846153846153 0.2325 0.015384615384615385 0.0275
0 0.6646153846153846 0.67 0.015384615384615385 0.025
0 0.8461538461538461 0.6825 0.015384615384615385 0.025
0 0.3953846153846154 0.41 0.016923076923076923 0.0375
0 0.38 0.8875 0.015384615384615385 0.0225
0 0.6630769230769231 0.75 0.015384615384615385 0.025
0 0.4584615384615385 0.49 0.016923076923076923 0.0375
0 0.5123076923076924 0.47 0.016923076923076923 0.0375
0 0.4492307692307692 0.7475 0.015384615384615385 0.025
0 0.7553846153846154 0.715 0.015384615384615385 0.025
0 0.34 0.3625 0.016923076923076923 0.0375
0 0.4123076923076923 0.2625 0.015384615384615385 0.0275
0 0.556923076923077 0.705 0.015384615384615385 0.025
0 0.18923076923076923 0.34 0.018461538461538463 0.0325
0 0.02 0.6325 0.015384615384615385 0.02
0 0.35384615384615387 0.6625 0.015384615384615385 0.0275
0 0.3 0.8875 0.015384615384615385 0.0225
0 0.2692307692307692 0.3475 0.015384615384615385 0.0275
0 0.32769230769230767 0.4525 0.016923076923076923 0.0375
0 0.3723076923076923 0.7225 0.015384615384615385 0.025
0 0.6630769230769231 0.6075 0.015384615384615385 0.0275
0 0.9323076923076923 0.445 0.015384615384615385 0.0275
0 0.7215384615384616 0.965 0.015384615384615385 0.0225
0 0.5523076923076923 0.3825 0.016923076923076923 0.0375
0 0.29384615384615387 0.385 0.016923076923076923 0.0375
0 0.38461538461538464 0.7625 0.015384615384615385 0.025
0 0.6 0.4575 0.015384615384615385 0.0275
0 0.9446153846153846 0.5325 0.012307692307692308 0.0325
0 0.6430769230769231 0.5 0.015384615384615385 0.0275
0 0.39692307692307693 0.74 0.015384615384615385 0.025
0 0.25846153846153846 0.4925 0.016923076923076923 0.0375
0 0.007692307692307693 0.09 0.015384615384615385 0.0325
0 0.04 0.0525 0.015384615384615385 0.0325
0 0.3230769230769231 0.2775 0.015384615384615385 0.0275
0 0.42923076923076925 0.455 0.016923076923076923 0.0375
0 0.1646153846153846 0.7825 0.010769230769230769 0.025
0 0.26615384615384613 0.775 0.010769230769230769 0.025
0 0.4876923076923077 0.3775 0.016923076923076923 0.0375
0 0.6630769230769231 0.48 0.015384615384615385 0.0275
0 0.36923076923076925 0.4625 0.016923076923076923 0.0375
0 0.6784615384615384 0.51 0.015384615384615385 0.0275
0 0.42153846153846153 0.34 0.015384615384615385 0.0275
0 0.5661538461538461 0.7675 0.015384615384615385 0.025
0 0.5 0.59 0.015384615384615385 0.0275
0 0.7523076923076923 0.42 0.015384615384615385 0.0275
0 0.8384615384615385 0.93 0.015384615384615385 0.0225
0 0.5815384615384616 0.875 0.015384615384615385 0.0225
0 0.8153846153846154 0.8025 0.010769230769230769 0.025
0 0.5107692307692308 0.78 0.010769230769230769 0.025
0 0.4338461538461538 0.7925 0.010769230769230769 0.025
0 0.3292307692307692 0.7925 0.010769230769230769 0.025
