0 0.09333333333333334 0.6877133105802048 0.015555555555555555 0.027303754266211604
0 0.23777777777777778 0.07679180887372014 0.011111111111111112 0.017064846416382253
0 0.23555555555555555 0.19112627986348124 0.011111111111111112 0.017064846416382253
0 0.32 0.19795221843003413 0.011111111111111112 0.017064846416382253
0 0.5922222222222222 0.2764505119453925 0.013333333333333334 0.020477815699658702
0 0.6477777777777778 0.3191126279863481 0.013333333333333334 0.020477815699658702
0 0.11222222222222222 0.22696245733788395 0.011111111111111112 0.017064846416382253
0 0.9088888888888889 0.3703071672354949 0.013333333333333334 0.020477815699658702
0 0.9844444444444445 0.2713310580204778 0.012222222222222223 0.01877133105802048
0 0.30666666666666664 0.3771331058020478 0.013333333333333334 0.020477815699658702
0 0.8244444444444444 0.020477815699658702 0.011111111111111112 0.017064846416382253
0 0.5377777777777778 0.06996587030716724 0.011111111111111112 0.017064846416382253
0 0.92 0.22696245733788395 0.011111111111111112 0.017064846416382253
0 0.5488888888888889 0.22525597269624573 0.011111111111111112 0.017064846416382253
0 0.32555555555555554 0.6860068259385665 0.015555555555555555 0.027303754266211604
0 0.28 0.042662116040955635 0.011111111111111112 0.017064846416382253
0 0.18888888888888888 0.11092150170648464 0.011111111111111112 0.017064846416382253
0 0.7155555555555555 0.14505119453924914 0.011111111111111112 0.017064846416382253
0 0.5033333333333333 0.6194539249146758 0.015555555555555555 0.027303754266211604
0 0.8433333333333334 0.10238907849829351 0.011111111111111112 0.017064846416382253
0 0.3711111111111111 0.14675767918088736 0.011111111111111112 0.017064846416382253
0 0.8355555555555556 0.8498293515358362 0.015555555555555555 0.027303754266211604
0 0.8966666666666666 0.14505119453924914 0.011111111111111112 0.017064846416382253
0 0.9311111111111111 0.6945392491467577 0.015555555555555555 0.027303754266211604
0 0.17444444444444446 0.07849829351535836 0.011111111111111112 0.017064846416382253
0 0.8311111111111111 0.4863481228668942 0.013333333333333334 0.020477815699658702
0 0.1288888888888889 0.552901023890785 0.015555555555555555 0.027303754266211604
0 0.49 0.1075085324232082 0.011111111111111112 0.017064846416382253
0 0.32222222222222224 0.013651877133105802 0.011111111111111112 0.017064846416382253
0 0.1411111111111111 0.4334470989761092 0.013333333333333334 0.020477815699658702
0 0.07444444444444444 0.4880546075085324 0.013333333333333334 0.020477815699658702
0 0.5022222222222222 0.18771331058020477 0.011111111111111112 0.017064846416382253
0 0.5011111111111111 0.4880546075085324 0.013333333333333334 0.020477815699658702
0 0.6088888888888889 0.0034129692832764505 0.011111111111111112 0.017064846416382253
0 0.10222222222222223 0.08191126279863481 0.011111111111111112 0.017064846416382253
0 0.8544444444444445 0.621160409556314 0.015555555555555555 0.027303754266211604
0 0.9877777777777778 0.1348122866894198 0.011111111111111112 0.017064846416382253
0 0.6155555555555555 0.621160409556314 0.015555555555555555 0.027303754266211604
0 0.3933333333333333 0.49146757679180886 0.013333333333333334 0.020477815699658702
0 0.6744444444444444 0.189419795221843 0.011111111111111112 0.017064846416382253
0 0.2688888888888889 0.6177474402730375 0.015555555555555555 0.027303754266211604
0 0.7633333333333333 0.4334470989761092 0.013333333333333334 0.020477815699658702
0 0.7 0.3720136518771331 0.013333333333333334 0.020477815699658702
0 0.5755555555555556 0.034129692832764506 0.011111111111111112 0.017064846416382253
0 0.052222222222222225 0.6160409556313993 0.015555555555555555 0.027303754266211604
0 0.2911111111111111 0.4863481228668942 0.013333333333333334 0.020477815699658702
0 0.7422222222222222 0.32593856655290104 0.013333333333333334 0.020477815699658702
0 0.13777777777777778 0.27986348122866894 0.013333333333333334 0.020477815699658702
0 0.44666666666666666 0.15358361774744028 0.011111111111111112 0.017064846416382253
0 0.9211111111111111 0.9505119453924915 0.015555555555555555 0.027303754266211604
0 0.04111111111111111 0.22696245733788395 0.011111111111111112 0.017064846416382253
0 0.20555555555555555 0.6843003412969283 0.015555555555555555 0.027303754266211604
0 0.6677777777777778 0.5563139931740614 0.015555555555555555 0.027303754266211604
0 0.5022222222222222 0.36860068259385664 0.013333333333333334 0.020477815699658702
0 0.14666666666666667 0.04778156996587031 0.011111111111111112 0.017064846416382253
0 0.028888888888888888 0.08532423208191127 0.011111111111111112 0.017064846416382253
0 0.18444444444444444 0.015358361774744027 0.011111111111111112 0.017064846416382253
0 0.2544444444444444 0.7593856655290102 0.015555555555555555 0.027303754266211604
0 0.24888888888888888 0.33447098976109213 0.013333333333333334 0.020477815699658702
0 0.7333333333333333 0.962457337883959 0.015555555555555555 0.027303754266211604
0 0.41444444444444445 0.10409556313993173 0.011111111111111112 0.017064846416382253
0 0.15666666666666668 0.6245733788395904 0.015555555555555555 0.027303754266211604
0 0.07555555555555556 0.33447098976109213 0.013333333333333334 0.020477815699658702
0 0.53 0.008532423208191127 0.011111111111111112 0.017064846416382253
0 0.7311111111111112 0.22866894197952217 0.011111111111111112 0.017064846416382253
0 0.5088888888888888 0.9436860068259386 0.015555555555555555 0.027303754266211604
0 0.42777777777777776 0.8481228668941979 0.015555555555555555 0.027303754266211604
0 0.44 0.689419795221843 0.015555555555555555 0.027303754266211604
0 0.37666666666666665 0.07679180887372014 0.011111111111111112 0.017064846416382253
0 0.34555555555555556 0.04607508532423208 0.011111111111111112 0.017064846416382253
0 0.2722222222222222 0.23720136518771331 0.011111111111111112 0.017064846416382253
0 0.25333333333333335 0.015358361774744027 0.011111111111111112 0.017064846416382253
0 0.5022222222222222 0.27474402730375425 0.013333333333333334 0.020477815699658702
0 0.017777777777777778 0.378839590443686 0.013333333333333334 0.020477815699658702
0 0.5022222222222222 0.7696245733788396 0.015555555555555555 0.027303754266211604
0 0.4533333333333333 0.23037542662116042 0.011111111111111112 0.017064846416382253
0 0.6711111111111111 0.09897610921501707 0.011111111111111112 0.017064846416382253
0 0.5411111111111111 0.3242320819112628 0.013333333333333334 0.020477815699658702
0 0.6244444444444445 0.7696245733788396 0.015555555555555555 0.027303754266211604
0 0.18555555555555556 0.9436860068259386 0.015555555555555555 0.027303754266211604
0 0.08777777777777777 0.1945392491467577 0.011111111111111112 0.017064846416382253
0 0.8811111111111111 0.27474402730375425 0.013333333333333334 0.020477815699658702
0 0.09777777777777778 0.9931740614334471 0.015555555555555555 0.027303754266211604
0 0.6055555555555555 0.4931740614334471 0.013333333333333334 0.020477815699658702
0 0.30444444444444446 0.07167235494880546 0.011111111111111112 0.017064846416382253
0 0.4911111111111111 0.04436860068259386 0.011111111111111112 0.017064846416382253
0 0.9755555555555555 0.856655290102389 0.015555555555555555 0.027303754266211604
0 0.7333333333333333 0.6262798634812287 0.015555555555555555 0.027303754266211604
0 0.2111111111111111 0.1552901023890785 0.011111111111111112 0.017064846416382253
0 0.5533333333333333 0.5477815699658704 0.015555555555555555 0.027303754266211604
0 0.13666666666666666 0.7593856655290102 0.015555555555555555 0.027303754266211604
0 0.19777777777777777 0.3771331058020478 0.013333333333333334 0.020477815699658702
0 0.82 0.22866894197952217 0.011111111111111112 0.017064846416382253
0 0.9622222222222222 0.05460750853242321 0.011111111111111112 0.017064846416382253
0 0.014444444444444444 0.5477815699658704 0.015555555555555555 0.027303754266211604
0 0.06333333333333334 0.8361774744027304 0.015555555555555555 0.027303754266211604
0 0.5911111111111111 0.18771331058020477 0.011111111111111112 0.017064846416382253
0 0.23444444444444446 0.9402730375426621 0.015555555555555555 0.027303754266211604
0 0.18333333333333332 0.8498293515358362 0.015555555555555555 0.027303754266211604
0 0.33 0.5597269624573379 0.015555555555555555 0.027303754266211604
0 0.057777777777777775 0.2781569965870307 0.013333333333333334 0.020477815699658702
0 0.19 0.23208191126279865 0.011111111111111112 0.017064846416382253
0 0.45 0.3293515358361775 0.013333333333333334 0.020477815699658702
0 0.5666666666666667 0.8481228668941979 0.015555555555555555 0.027303754266211604
0 0.6222222222222222 0.06484641638225255 0.011111111111111112 0.017064846416382253
0 0.35333333333333333 0.3361774744027304 0.013333333333333334 0.020477815699658702
0 0.85 0.32081911262798635 0.013333333333333334 0.020477815699658702
0 0.4444444444444444 0.4300341296928328 0.013333333333333334 0.020477815699658702
0 0.8044444444444444 0.1416382252559727 0.011111111111111112 0.017064846416382253
0 0.4577777777777778 0.010238907849829351 0.011111111111111112 0.017064846416382253
0 0.016666666666666666 0.7559726962457338 0.015555555555555555 0.027303754266211604
0 0.76 0.09556313993174062 0.011111111111111112 0.017064846416382253
0 0.2833333333333333 0.14846416382252559 0.011111111111111112 0.017064846416382253
0 0.38333333333333336 0.011945392491467578 0.011111111111111112 0.017064846416382253
0 0.7822222222222223 0.552901023890785 0.015555555555555555 0.027303754266211604
0 0.4022222222222222 0.18771331058020477 0.011111111111111112 0.017064846416382253
0 0.9488888888888889 0.3191126279863481 0.013333333333333334 0.020477815699658702
0 0.30777777777777776 0.8447098976109215 0.015555555555555555 0.027303754266211604
0 0.4533333333333333 0.07508532423208192 0.011111111111111112 0.017064846416382253
0 0.6588888888888889 0.02901023890784983 0.011111111111111112 0.017064846416382253
0 0.8055555555555556 0.7030716723549488 0.015555555555555555 0.027303754266211604
0 0.5844444444444444 0.10238907849829351 0.011111111111111112 0.017064846416382253
0 0.9044444444444445 0.02218430034129693 0.011111111111111112 0.017064846416382253
0 0.5588888888888889 0.6979522184300341 0.015555555555555555 0.027303754266211604
0 0.9433333333333334 0.4880546075085324 0.013333333333333334 0.020477815699658702
0 0.38333333333333336 0.6109215017064846 0.015555555555555555 0.027303754266211604
0 0.15888888888888889 0.1945392491467577 0.011111111111111112 0.017064846416382253
0 0.35333333333333333 0.22696245733788395 0.011111111111111112 0.017064846416382253
0 0.7933333333333333 0.05802047781569966 0.011111111111111112 0.017064846416382253
0 0.26 0.11262798634812286 0.011111111111111112 0.017064846416382253
0 0.7555555555555555 0.7713310580204779 0.015555555555555555 0.027303754266211604
0 0.40555555555555556 0.2815699658703072 0.013333333333333334 0.020477815699658702
0 0.22555555555555556 0.5494880546075085 0.015555555555555555 0.027303754266211604
0 0.7055555555555556 0.8600682593856656 0.015555555555555555 0.027303754266211604
0 0.7155555555555555 0.48464163822525597 0.013333333333333334 0.020477815699658702
0 0.8644444444444445 0.17406143344709898 0.011111111111111112 0.017064846416382253
0 0.64 0.9488054607508533 0.015555555555555555 0.027303754266211604
0 0.9833333333333333 0.4232081911262799 0.013333333333333334 0.02218430034129693
0 0.3322222222222222 0.11092150170648464 0.011111111111111112 0.017064846416382253
0 0.9766666666666667 0.621160409556314 0.014444444444444444 0.025597269624573378
0 0.11555555555555555 0.378839590443686 0.013333333333333334 0.020477815699658702
0 0.35555555555555557 0.9419795221843004 0.015555555555555555 0.027303754266211604
0 0.21222222222222223 0.04778156996587031 0.011111111111111112 0.017064846416382253
0 0.052222222222222225 0.020477815699658702 0.011111111111111112 0.017064846416382253
0 0.8855555555555555 0.7679180887372014 0.015555555555555555 0.027303754266211604
0 0.12777777777777777 0.11774744027303755 0.011111111111111112 0.017064846416382253
0 0.7422222222222222 0.030716723549488054 0.011111111111111112 0.017064846416382253
0 0.05333333333333334 0.4351535836177474 0.013333333333333334 0.020477815699658702
0 0.5555555555555556 0.4300341296928328 0.013333333333333334 0.020477815699658702
0 0.07 0.15870307167235495 0.011111111111111112 0.017064846416382253
0 0.3088888888888889 0.2832764505119454 0.013333333333333334 0.020477815699658702
0 0.8733333333333333 0.06825938566552901 0.011111111111111112 0.017064846416382253
0 0.87 0.431740614334471 0.013333333333333334 0.020477815699658702
0 0.7855555555555556 0.2696245733788396 0.013333333333333334 0.020477815699658702
0 0.44 0.5477815699658704 0.015555555555555555 0.027303754266211604
0 0.8055555555555556 0.3703071672354949 0.013333333333333334 0.020477815699658702
0 0.7655555555555555 0.1825938566552901 0.011111111111111112 0.017064846416382253
0 0.14333333333333334 0.15358361774744028 0.011111111111111112 0.017064846416382253
0 0.63 0.1416382252559727 0.011111111111111112 0.017064846416382253
0 0.18777777777777777 0.48293515358361777 0.013333333333333334 0.020477815699658702
0 0.6011111111111112 0.37542662116040953 0.013333333333333334 0.020477815699658702
0 0.41333333333333333 0.03924914675767918 0.011111111111111112 0.017064846416382253
0 0.0033333333333333335 0.052901023890784986 0.011111111111111112 0.017064846416382253
0 0.6355555555555555 0.22696245733788395 0.011111111111111112 0.017064846416382253
0 0.49333333333333335 0.9692832764505119 0.015555555555555555 0.027303754266211604
0 0.22444444444444445 0.2832764505119454 0.013333333333333334 0.020477815699658702
0 0.95 0.17747440273037543 0.011111111111111112 0.017064846416382253
0 0.1288888888888889 0.020477815699658702 0.011111111111111112 0.017064846416382253
0 0.8988888888888888 0.5546075085324232 0.015555555555555555 0.027303754266211604
0 0.7055555555555556 0.06143344709897611 0.011111111111111112 0.017064846416382253
0 0.6866666666666666 0.689419795221843 0.015555555555555555 0.027303754266211604
0 0.051111111111111114 0.11604095563139932 0.011111111111111112 0.017064846416382253
0 0.5433333333333333 0.14505119453924914 0.011111111111111112 0.017064846416382253
0 0.16666666666666666 0.33276450511945393 0.013333333333333334 0.020477815699658702
0 0.9888888888888889 0.023890784982935155 0.011111111111111112 0.017064846416382253
0 0.6911111111111111 0.2696245733788396 0.013333333333333334 0.020477815699658702
0 0.3977777777777778 0.3822525597269625 0.013333333333333334 0.020477815699658702
0 0.2511111111111111 0.42662116040955633 0.013333333333333334 0.020477815699658702
0 0.34444444444444444 0.4334470989761092 0.013333333333333334 0.020477815699658702
0 0.9322222222222222 0.09556313993174062 0.011111111111111112 0.017064846416382253
0 0.7755555555555556 0.947098976109215 0.015555555555555555 0.027303754266211604
0 0.10555555555555556 0.9402730375426621 0.015555555555555555 0.027303754266211604
0 0.07777777777777778 0.04607508532423208 0.011111111111111112 0.017064846416382253
0 0.6544444444444445 0.4351535836177474 0.013333333333333334 0.020477815699658702
0 0.44222222222222224 0.9590443686006825 0.015555555555555555 0.027303754266211604
0 0.37777777777777777 0.7747440273037542 0.015555555555555555 0.027303754266211604
