0 0.08333333333333333 0.6625 0.021666666666666667 0.03625
0 0.5741666666666667 0.12125 0.021666666666666667 0.03625
0 0.07333333333333333 0.12375 0.021666666666666667 0.03625
0 0.31166666666666665 0.01 0.010833333333333334 0.02
0 0.9066666666666666 0.0 0.010833333333333334 0.02
0 0.9491666666666667 0.11 0.021666666666666667 0.03625
0 0.8516666666666667 0.10375 0.021666666666666667 0.03625
0 0.8983333333333333 0.95125 0.021666666666666667 0.03625
0 0.5791666666666667 0.65625 0.021666666666666667 0.03625
0 0.4008333333333333 0.7925 0.021666666666666667 0.03625
0 0.9958333333333333 0.90625 0.021666666666666667 0.03625
0 0.14333333333333334 0.155 0.021666666666666667 0.03625
0 0.4166666666666667 0.09125 0.021666666666666667 0.03625
0 0.6783333333333333 0.1075 0.021666666666666667 0.03625
0 0.6725 0.68625 0.021666666666666667 0.03625
0 0.18 0.11375 0.021666666666666667 0.03625
0 0.095 0.1075 0.021666666666666667 0.03625
0 0.8066666666666666 0.0 0.010833333333333334 0.02
0 0.48583333333333334 0.7825 0.021666666666666667 0.03625
0 0.2658333333333333 0.1125 0.021666666666666667 0.03625
0 0.7958333333333333 0.66125 0.021666666666666667 0.03625
