0 0.0764163372859025 0.6492890995260664 0.026350461133069828 0.04976303317535545
0 0.48484848484848486 0.16350710900473933 0.022397891963109356 0.045023696682464455
0 0.29907773386034253 0.5687203791469194 0.026350461133069828 0.04976303317535545
0 0.06455862977602109 0.3127962085308057 0.022397891963109356 0.045023696682464455
0 0.35177865612648224 0.3080568720379147 0.022397891963109356 0.045023696682464455
0 0.9710144927536232 0.061611374407582936 0.022397891963109356 0.045023696682464455
0 0.25823451910408435 0.6445497630331753 0.026350461133069828 0.04976303317535545
0 0.32938076416337286 0.4928909952606635 0.025032938076416336 0.04265402843601896
0 0.3570487483530962 0.6137440758293838 0.026350461133069828 0.04976303317535545
0 0.6258234519104084 0.061611374407582936 0.022397891963109356 0.045023696682464455
0 0.8827404479578392 0.3341232227488152 0.025032938076416336 0.04265402843601896
0 0.5270092226613966 0.3341232227488152 0.025032938076416336 0.04265402843601896
0 0.5652173913043478 0.7606635071090048 0.026350461133069828 0.04976303317535545
0 0.48089591567852435 0.5947867298578199 0.026350461133069828 0.04976303317535545
0 0.3702239789196311 0.6161137440758294 0.026350461133069828 0.04976303317535545
0 0.47167325428194995 0.3009478672985782 0.022397891963109356 0.045023696682464455
0 0.4137022397891963 0.011848341232227487 0.022397891963109356 0.045023696682464455
0 0.5098814229249012 0.46919431279620855 0.025032938076416336 0.04265402843601896
0 0.026350461133069828 0.014218009478672985 0.022397891963109356 0.045023696682464455
0 0.8761528326745718 0.7156398104265402 0.026350461133069828 0.04976303317535545
0 0.18181818181818182 0.7298578199052133 0.026350461133069828 0.04976303317535545
0 0.8405797101449275 0.8412322274881516 0.03162055335968379 0.06872037914691943
0 0.7220026350461133 0.5876777251184834 0.026350461133069828 0.04976303317535545
0 0.20816864295125165 0.13270142180094788 0.022397891963109356 0.045023696682464455
0 0.5507246376811594 0.045023696682464455 0.022397891963109356 0.045023696682464455
0 0.38998682476943347 0.6113744075829384 0.026350461133069828 0.04976303317535545
0 0.01844532279314888 0.6113744075829384 0.025032938076416336 0.04265402843601896
0 0.7984189723320159 0.11374407582938388 0.022397891963109356 0.045023696682464455
0 0.12911725955204217 0.11611374407582939 0.022397891963109356 0.045023696682464455
0 0.42160737812911725 0.11611374407582939 0.022397891963109356 0.045023696682464455
0 0.3570487483530962 0.48578199052132703 0.025032938076416336 0.04265402843601896
0 0.2437417654808959 0.8436018957345972 0.03162055335968379 0.06872037914691943
0 0.9459815546772069 0.36255924170616116 0.025032938076416336 0.04265402843601896
0 0.38866930171277997 0.33886255924170616 0.025032938076416336 0.04265402843601896
0 0.08432147562582346 0.5995260663507109 0.026350461133069828 0.04976303317535545
0 0.9894598155467721 0.2677725118483412 0.022397891963109356 0.04265402843601896
0 0.549407114624506 0.6398104265402843 0.026350461133069828 0.04976303317535545
0 0.7905138339920948 0.6137440758293838 0.026350461133069828 0.04976303317535545
0 0.8827404479578392 0.13507109004739337 0.022397891963109356 0.045023696682464455
0 0.4993412384716733 0.38388625592417064 0.025032938076416336 0.04265402843601896
0 0.22134387351778656 0.6090047393364929 0.026350461133069828 0.04976303317535545
0 0.9143610013175231 0.523696682464455 0.025032938076416336 0.04265402843601896
0 0.5191040843214756 0.15165876777251186 0.022397891963109356 0.045023696682464455
0 0.8511198945981555 0.12796208530805686 0.022397891963109356 0.045023696682464455
0 0.8932806324110671 0.8578199052132701 0.03162055335968379 0.06872037914691943
0 0.6034255599472991 0.5924170616113744 0.026350461133069828 0.04976303317535545
0 0.014492753623188406 0.9075829383886256 0.028985507246376812 0.05924170616113744
0 0.5968379446640316 0.3246445497630332 0.025032938076416336 0.04265402843601896
0 0.7878787878787878 0.9478672985781991 0.03162055335968379 0.06872037914691943
0 0.4874835309617918 0.8483412322274881 0.03162055335968379 0.06872037914691943
0 0.6007905138339921 0.12796208530805686 0.022397891963109356 0.045023696682464455
0 0.8761528326745718 0.5995260663507109 0.026350461133069828 0.04976303317535545
0 0.9696969696969697 0.8862559241706162 0.028985507246376812 0.05924170616113744
0 0.5942028985507246 0.15402843601895735 0.022397891963109356 0.045023696682464455
0 0.6429512516469038 0.957345971563981 0.03162055335968379 0.06872037914691943
0 0.7971014492753623 0.6753554502369669 0.026350461133069828 0.04976303317535545
0 0.8853754940711462 0.1943127962085308 0.022397891963109356 0.045023696682464455
0 0.9591567852437418 0.6445497630331753 0.025032938076416336 0.04739336492890995
0 0.08036890645586298 0.36255924170616116 0.025032938076416336 0.04265402843601896
0 0.08827404479578392 0.023696682464454975 0.022397891963109356 0.045023696682464455
0 0.541501976284585 0.8886255924170616 0.03162055335968379 0.06872037914691943
0 0.06851119894598155 0.1990521327014218 0.022397891963109356 0.045023696682464455
0 0.994729907773386 0.4431279620853081 0.023715415019762844 0.04265402843601896
0 0.11067193675889328 0.19194312796208532 0.022397891963109356 0.045023696682464455
0 0.1383399209486166 0.5308056872037915 0.025032938076416336 0.04265402843601896
0 0.28194993412384717 0.6018957345971564 0.026350461133069828 0.04976303317535545
0 0.9407114624505929 0.25829383886255924 0.022397891963109356 0.045023696682464455
0 0.8642951251646904 0.995260663507109 0.030303030303030304 0.06398104265402843
0 0.21080368906455862 0.3293838862559242 0.025032938076416336 0.04265402843601896
0 0.1370223978919631 0.8909952606635071 0.03162055335968379 0.06872037914691943
0 0.5164690382081687 0.7180094786729858 0.026350461133069828 0.04976303317535545
0 0.5625823451910409 0.014218009478672985 0.022397891963109356 0.045023696682464455
0 0.28326745718050067 0.3246445497630332 0.025032938076416336 0.04265402843601896
0 0.9235836627140975 0.6966824644549763 0.026350461133069828 0.04976303317535545
0 0.11330698287220026 0.06872037914691943 0.022397891963109356 0.045023696682464455
0 0.11198945981554677 0.509478672985782 0.025032938076416336 0.04265402843601896
0 0.6495388669301713 0.8009478672985783 0.03162055335968379 0.06872037914691943
0 0.043478260869565216 0.933649289099526 0.03162055335968379 0.06872037914691943
0 0.9117259552042161 0.31516587677725116 0.022397891963109356 0.045023696682464455
0 0.5243741765480896 0.5758293838862559 0.026350461133069828 0.04976303317535545
0 0.43346508563899866 0.3696682464454976 0.025032938076416336 0.04265402843601896
0 0.4176548089591568 0.5639810426540285 0.026350461133069828 0.04976303317535545
0 0.6455862977602108 0.15402843601895735 0.022397891963109356 0.045023696682464455
0 0.9920948616600791 0.16587677725118483 0.022397891963109356 0.04265402843601896
0 0.9683794466403162 0.3246445497630332 0.025032938076416336 0.04265402843601896
0 0.42555994729907776 0.6492890995260664 0.026350461133069828 0.04976303317535545
0 0.09354413702239789 0.9312796208530806 0.03162055335968379 0.06872037914691943
0 0.04479578392621871 0.34834123222748814 0.025032938076416336 0.04265402843601896
0 0.7154150197628458 0.6872037914691943 0.026350461133069828 0.04976303317535545
0 0.3689064558629776 0.5687203791469194 0.026350461133069828 0.04976303317535545
0 0.40843214756258234 0.2914691943127962 0.022397891963109356 0.045023696682464455
0 0.27009222661396576 0.504739336492891 0.025032938076416336 0.04265402843601896
0 0.9657444005270093 0.8127962085308057 0.026350461133069828 0.052132701421800945
0 0.03162055335968379 0.07582938388625593 0.022397891963109356 0.045023696682464455
0 0.16600790513833993 0.030805687203791468 0.022397891963109356 0.045023696682464455
0 0.9604743083003953 0.1966824644549763 0.022397891963109356 0.045023696682464455
0 0.9657444005270093 0.566350710900474 0.025032938076416336 0.04265402843601896
0 0.48221343873517786 0.026066350710900472 0.022397891963109356 0.045023696682464455
0 0.04743083003952569 0.504739336492891 0.025032938076416336 0.04265402843601896
0 0.9262187088274044 0.15876777251184834 0.022397891963109356 0.045023696682464455
0 0.6600790513833992 0.3056872037914692 0.022397891963109356 0.045023696682464455
0 0.9920948616600791 0.0071090047393364926 0.022397891963109356 0.045023696682464455
0 0.5744400527009222 0.14454976303317535 0.022397891963109356 0.045023696682464455
0 0.7839262187088274 0.04028436018957346 0.022397891963109356 0.045023696682464455
0 0.4598155467720685 0.08056872037914692 0.022397891963109356 0.045023696682464455
0 0.3570487483530962 0.8649289099526066 0.03162055335968379 0.06872037914691943
0 0.023715415019762844 0.33175355450236965 0.023715415019762844 0.04265402843601896
0 0.9011857707509882 0.026066350710900472 0.022397891963109356 0.045023696682464455
0 0.8484848484848485 0.9644549763033176 0.03162055335968379 0.06872037914691943
0 0.4743083003952569 0.34834123222748814 0.025032938076416336 0.04265402843601896
0 0.5849802371541502 0.7938388625592417 0.03162055335968379 0.06872037914691943
0 0.61133069828722 0.4099526066350711 0.025032938076416336 0.04265402843601896
0 0.8801054018445322 0.06398104265402843 0.022397891963109356 0.045023696682464455
0 0.4018445322793149 0.05924170616113744 0.022397891963109356 0.045023696682464455
0 0.21739130434782608 0.42417061611374407 0.025032938076416336 0.04265402843601896
0 0.5138339920948617 0.8056872037914692 0.03162055335968379 0.06872037914691943
0 0.27931488801054016 0.9312796208530806 0.03162055335968379 0.06872037914691943
0 0.7167325428194994 0.02843601895734597 0.022397891963109356 0.045023696682464455
0 0.6376811594202898 0.6800947867298578 0.026350461133069828 0.04976303317535545
0 0.4268774703557312 0.8530805687203792 0.03162055335968379 0.06872037914691943
0 0.6903820816864296 0.05924170616113744 0.022397891963109356 0.045023696682464455
0 0.6982872200263505 0.7606635071090048 0.026350461133069828 0.04976303317535545
0 0.5177865612648221 0.2014218009478673 0.022397891963109356 0.045023696682464455
