0 0.3689655172413793 0.575 0.02586206896551724 0.0425
0 0.4396551724137931 0.37 0.01896551724137931 0.03
0 0.41379310344827586 0.9775 0.02586206896551724 0.0425
0 0.35344827586206895 0.6525 0.02586206896551724 0.0425
0 0.15 0.9175 0.02586206896551724 0.0425
0 0.31896551724137934 0.2675 0.01896551724137931 0.03
0 0.3603448275862069 0.4075 0.01896551724137931 0.03
0 0.9379310344827586 0.095 0.013793103448275862 0.015
0 0.22413793103448276 0.4025 0.01896551724137931 0.03
0 0.8275862068965517 0.435 0.01896551724137931 0.03
0 0.1396551724137931 0.3025 0.01896551724137931 0.03
0 0.23448275862068965 0.445 0.01896551724137931 0.03
0 0.9379310344827586 0.49 0.01896551724137931 0.03
0 0.19137931034482758 0.05 0.013793103448275862 0.015
0 0.5448275862068965 0.635 0.02586206896551724 0.0425
0 0.3879310344827586 0.18 0.013793103448275862 0.015
0 0.04482758620689655 0.715 0.02586206896551724 0.0425
0 0.11724137931034483 0.255 0.01896551724137931 0.03
0 0.3482758620689655 0.305 0.01896551724137931 0.03
0 0.20862068965517241 0.7275 0.02586206896551724 0.0425
0 0.10344827586206896 0.2325 0.013793103448275862 0.015
0 0.9879310344827587 0.775 0.02586206896551724 0.0425
0 0.4017241379310345 0.135 0.013793103448275862 0.015
0 0.8293103448275863 0.4025 0.01896551724137931 0.03
0 0.8862068965517241 0.6175 0.02586206896551724 0.0425
0 0.7051724137931035 0.98 0.02586206896551724 0.0425
0 0.2103448275862069 0.3475 0.01896551724137931 0.03
0 0.041379310344827586 0.9725 0.02586206896551724 0.0425
0 0.44655172413793104 0.185 0.013793103448275862 0.015
0 0.2810344827586207 0.1875 0.013793103448275862 0.015
0 0.27241379310344827 0.3825 0.01896551724137931 0.03
0 0.6862068965517242 0.0975 0.013793103448275862 0.015
0 0.3396551724137931 0.4925 0.01896551724137931 0.03
0 0.8241379310344827 0.36 0.01896551724137931 0.03
0 0.017241379310344827 0.485 0.01896551724137931 0.03
0 0.20689655172413793 0.7925 0.02586206896551724 0.0425
0 0.4051724137931034 0.665 0.02586206896551724 0.0425
0 0.05 0.2675 0.01896551724137931 0.03
0 0.12586206896551724 0.0925 0.013793103448275862 0.015
0 0.12586206896551724 0.585 0.02586206896551724 0.0425
0 0.032758620689655175 0.385 0.01896551724137931 0.03
0 0.04310344827586207 0.1 0.013793103448275862 0.015
0 0.38620689655172413 0.0675 0.013793103448275862 0.015
0 0.8913793103448275 0.3675 0.01896551724137931 0.03
0 0.85 0.42 0.01896551724137931 0.03
0 0.6775862068965517 0.4675 0.01896551724137931 0.03
0 0.20517241379310344 0.425 0.01896551724137931 0.03
0 0.8103448275862069 0.2475 0.01896551724137931 0.03
0 0.8844827586206897 0.555 0.02586206896551724 0.0425
0 0.5551724137931034 0.715 0.02586206896551724 0.0425
0 0.4586206896551724 0.5125 0.01896551724137931 0.03
0 0.4862068965517241 0.675 0.02586206896551724 0.0425
0 0.5120689655172413 0.3975 0.01896551724137931 0.03
0 0.13793103448275862 0.38 0.01896551724137931 0.03
0 0.6086206896551725 0.3525 0.01896551724137931 0.03
0 0.11551724137931034 0.6875 0.02586206896551724 0.0425
0 0.05172413793103448 0.14 0.013793103448275862 0.015
0 0.04482758620689655 0.2675 0.01896551724137931 0.03
0 0.16206896551724137 0.2375 0.013793103448275862 0.015
0 0.5310344827586206 0.3275 0.01896551724137931 0.03
0 0.06896551724137931 0.23 0.013793103448275862 0.015
0 0.12413793103448276 0.4425 0.01896551724137931 0.03
0 0.9051724137931034 0.34 0.01896551724137931 0.03
0 0.17413793103448275 0.1 0.013793103448275862 0.015
0 0.10172413793103448 0.4175 0.01896551724137931 0.03
0 0.47758620689655173 0.605 0.02586206896551724 0.0425
0 0.0706896551724138 0.2625 0.01896551724137931 0.03
0 0.2603448275862069 0.415 0.01896551724137931 0.03
0 0.2689655172413793 0.6125 0.02586206896551724 0.0425
0 0.6017241379310345 0.625 0.02586206896551724 0.0425
0 0.45517241379310347 0.63 0.02586206896551724 0.0425
0 0.39655172413793105 0.355 0.01896551724137931 0.03
0 0.5327586206896552 0.3675 0.01896551724137931 0.03
0 0.8793103448275862 0.4075 0.01896551724137931 0.03
0 0.1706896551724138 0.375 0.01896551724137931 0.03
0 0.35 0.13 0.013793103448275862 0.015
0 0.7706896551724138 0.615 0.02586206896551724 0.0425
0 0.027586206896551724 0.4675 0.01896551724137931 0.03
0 0.22586206896551725 0.6575 0.02586206896551724 0.0425
0 0.015517241379310345 0.125 0.013793103448275862 0.015
0 0.04310344827586207 0.335 0.01896551724137931 0.03
0 0.44310344827586207 0.3175 0.01896551724137931 0.03
0 0.2120689655172414 0.1875 0.013793103448275862 0.015
0 0.5413793103448276 0.2175 0.013793103448275862 0.015
0 0.7 0.4025 0.01896551724137931 0.03
0 0.6603448275862069 0.805 0.02586206896551724 0.0425
0 0.0896551724137931 0.77 0.02586206896551724 0.0425
0 0.3275862068965517 0.575 0.02586206896551724 0.0425
0 0.13275862068965516 0.205 0.013793103448275862 0.015
0 0.12413793103448276 0.405 0.01896551724137931 0.03
0 0.8551724137931035 0.73 0.02586206896551724 0.0425
0 0.1810344827586207 0.785 0.02586206896551724 0.0425
0 0.11551724137931034 0.4125 0.01896551724137931 0.03
0 0.3448275862068966 0.22 0.013793103448275862 0.015
0 0.5810344827586207 0.665 0.02586206896551724 0.0425
0 0.15517241379310345 0.625 0.02586206896551724 0.0425
0 0.31724137931034485 0.8475 0.02586206896551724 0.0425
0 0.43103448275862066 0.5825 0.02586206896551724 0.0425
0 0.19482758620689655 0.08 0.013793103448275862 0.015
0 0.9672413793103448 0.74 0.02586206896551724 0.0425
0 0.8206896551724138 0.8025 0.02586206896551724 0.0425
0 0.32241379310344825 0.65 0.02586206896551724 0.0425
0 0.9844827586206897 0.2825 0.01896551724137931 0.03
0 0.8620689655172413 0.7025 0.02586206896551724 0.0425
0 0.603448275862069 0.2775 0.01896551724137931 0.03
0 0.9448275862068966 0.7675 0.02586206896551724 0.0425
0 0.020689655172413793 0.5825 0.02586206896551724 0.0425
0 0.20172413793103447 0.845 0.02586206896551724 0.0425
0 0.44655172413793104 0.4275 0.01896551724137931 0.03
0 0.5810344827586207 0.2525 0.01896551724137931 0.03
0 0.9224137931034483 0.37 0.01896551724137931 0.03
0 0.6793103448275862 0.9825 0.02586206896551724 0.0425
0 0.7793103448275862 0.895 0.02586206896551724 0.0425
0 0.896551724137931 0.69 0.02586206896551724 0.0425
0 0.32413793103448274 0.1125 0.013793103448275862 0.015
0 0.1 0.325 0.01896551724137931 0.03
0 0.22241379310344828 0.9425 0.02586206896551724 0.0425
0 0.9706896551724138 0.64 0.02586206896551724 0.0425
0 0.04827586206896552 0.6725 0.02586206896551724 0.0425
0 0.42931034482758623 0.7275 0.02586206896551724 0.0425
0 0.39827586206896554 0.4275 0.01896551724137931 0.03
0 0.9120689655172414 0.4425 0.01896551724137931 0.03
0 0.9017241379310345 0.7875 0.02586206896551724 0.0425
0 0.253448275862069 0.91 0.02586206896551724 0.0425
0 0.7327586206896551 0.145 0.013793103448275862 0.015
0 0.18620689655172415 0.965 0.02586206896551724 0.0425
0 0.03793103448275862 0.0775 0.013793103448275862 0.015
0 0.16034482758620688 0.33 0.01896551724137931 0.03
0 0.2637931034482759 0.565 0.02586206896551724 0.0425
0 0.3103448275862069 0.94 0.02586206896551724 0.0425
0 0.5655172413793104 0.46 0.01896551724137931 0.03
0 0.2482758620689655 0.3875 0.01896551724137931 0.03
0 0.19482758620689655 0.23 0.013793103448275862 0.015
0 0.15344827586206897 0.0875 0.013793103448275862 0.015
0 0.6637931034482759 0.89 0.02586206896551724 0.0425
0 0.22758620689655173 0.77 0.02586206896551724 0.0425
0 0.17413793103448275 0.2175 0.013793103448275862 0.015
0 0.8396551724137931 0.755 0.02586206896551724 0.0425
0 0.6913793103448276 0.6675 0.02586206896551724 0.0425
0 0.31896551724137934 0.7825 0.02586206896551724 0.0425
0 0.35517241379310344 0.9075 0.02586206896551724 0.0425
0 0.9672413793103448 0.46 0.01896551724137931 0.03
0 0.032758620689655175 0.7875 0.02586206896551724 0.0425
0 0.017241379310344827 0.6875 0.02586206896551724 0.0425
0 0.253448275862069 0.8075 0.02586206896551724 0.0425
0 0.1810344827586207 0.2975 0.01896551724137931 0.03
0 0.03793103448275862 0.3 0.01896551724137931 0.03
0 0.6 0.3625 0.01896551724137931 0.03
0 0.7448275862068966 0.905 0.02586206896551724 0.0425
0 0.13448275862068965 0.9925 0.02586206896551724 0.0425
0 0.30689655172413793 0.595 0.02586206896551724 0.0425
0 0.08620689655172414 0.365 0.01896551724137931 0.03
0 0.8982758620689655 0.9475 0.02586206896551724 0.0425
0 0.9379310344827586 0.3875 0.01896551724137931 0.03
0 0.04827586206896552 0.875 0.02586206896551724 0.0425
0 0.15344827586206897 0.43 0.01896551724137931 0.03
0 0.3586206896551724 0.05 0.013793103448275862 0.015
0 0.015517241379310345 0.74 0.02586206896551724 0.0425
0 0.38275862068965516 0.67 0.02586206896551724 0.0425
0 0.10344827586206896 0.1825 0.013793103448275862 0.015
0 0.15689655172413794 0.3925 0.01896551724137931 0.03
0 0.1 0.2325 0.013793103448275862 0.015
0 0.7827586206896552 0.44 0.01896551724137931 0.03
0 0.3293103448275862 0.1925 0.013793103448275862 0.015
0 0.03620689655172414 0.235 0.013793103448275862 0.015
0 0.743103448275862 0.8375 0.02586206896551724 0.0425
0 0.15172413793103448 0.16 0.013793103448275862 0.015
0 0.2293103448275862 0.1125 0.013793103448275862 0.015
0 0.4706896551724138 0.355 0.01896551724137931 0.03
0 0.8620689655172413 0.3725 0.01896551724137931 0.03
0 0.4689655172413793 0.3775 0.01896551724137931 0.03
0 0.503448275862069 0.3775 0.01896551724137931 0.03
0 0.18620689655172415 0.2625 0.01896551724137931 0.03
0 0.4793103448275862 0.3125 0.01896551724137931 0.03
0 0.6155172413793103 0.355 0.01896551724137931 0.03
0 0.7844827586206896 0.0425 0.013793103448275862 0.015
0 0.15517241379310345 0.875 0.02586206896551724 0.0425
0 0.04310344827586207 0.7125 0.02586206896551724 0.0425
0 0.7120689655172414 0.0275 0.013793103448275862 0.015
0 0.05344827586206897 0.365 0.01896551724137931 0.03
0 0.16034482758620688 0.0675 0.013793103448275862 0.015
0 0.19482758620689655 0.53 0.022413793103448276 0.035
0 0.16896551724137931 0.13 0.013793103448275862 0.015
0 0.4 0.2925 0.01896551724137931 0.03
0 0.10862068965517241 0.1225 0.013793103448275862 0.015
0 0.896551724137931 0.405 0.01896551724137931 0.03
0 0.35172413793103446 0.3325 0.01896551724137931 0.03
0 0.25862068965517243 0.0575 0.013793103448275862 0.015
0 0.8413793103448276 0.5725 0.02586206896551724 0.0425
0 0.2620689655172414 0.7475 0.02586206896551724 0.0425
0 0.8379310344827586 0.2475 0.01896551724137931 0.03
0 0.19137931034482758 0.3675 0.01896551724137931 0.03
0 0.8948275862068965 0.14 0.013793103448275862 0.015
0 0.05862068965517241 0.1725 0.013793103448275862 0.015
0 0.18620689655172415 0.315 0.01896551724137931 0.03
0 0.35 0.795 0.02586206896551724 0.0425
0 0.2827586206896552 0.4925 0.01896551724137931 0.03
0 0.29310344827586204 0.0825 0.013793103448275862 0.015
0 0.7724137931034483 0.815 0.02586206896551724 0.0425
0 0.7137931034482758 0.475 0.01896551724137931 0.03
0 0.6896551724137931 0.42 0.01896551724137931 0.03
0 0.041379310344827586 0.4025 0.01896551724137931 0.03
0 0.653448275862069 0.365 0.01896551724137931 0.03
0 0.08793103448275862 0.335 0.01896551724137931 0.03
0 0.6620689655172414 0.2925 0.01896551724137931 0.03
0 0.16206896551724137 0.06 0.013793103448275862 0.015
0 0.10862068965517241 0.715 0.02586206896551724 0.0425
0 0.0896551724137931 0.1125 0.013793103448275862 0.015
0 0.7068965517241379 0.3875 0.01896551724137931 0.03
0 0.8413793103448276 0.3325 0.01896551724137931 0.03
0 0.1879310344827586 0.1625 0.013793103448275862 0.015
0 0.3793103448275862 0.2325 0.013793103448275862 0.015
0 0.16034482758620688 0.175 0.013793103448275862 0.015
0 0.03620689655172414 0.18 0.013793103448275862 0.015
0 0.5603448275862069 0.6025 0.02586206896551724 0.0425
0 0.13620689655172413 0.245 0.013793103448275862 0.015
0 0.03793103448275862 0.3525 0.01896551724137931 0.03
0 0.5793103448275863 0.27 0.01896551724137931 0.03
0 0.5448275862068965 0.3575 0.01896551724137931 0.03
0 0.9155172413793103 0.3475 0.01896551724137931 0.03
0 0.27413793103448275 0.305 0.01896551724137931 0.03
0 0.1724137931034483 0.155 0.013793103448275862 0.015
0 0.22758620689655173 0.13 0.013793103448275862 0.015
0 0.47413793103448276 0.125 0.013793103448275862 0.015
0 0.596551724137931 0.2325 0.013793103448275862 0.015
0 0.5603448275862069 0.56 0.02586206896551724 0.0425
0 0.14655172413793102 0.3125 0.01896551724137931 0.03
0 0.04827586206896552 0.625 0.02586206896551724 0.0425
0 0.010344827586206896 0.795 0.02586206896551724 0.0425
0 0.5913793103448276 0.9375 0.02586206896551724 0.0425
0 0.7189655172413794 0.9525 0.02586206896551724 0.0425
0 0.08448275862068966 0.305 0.01896551724137931 0.03
0 0.40344827586206894 0.72 0.02586206896551724 0.0425
0 0.5482758620689655 0.2425 0.017241379310344827 0.025
0 0.32241379310344825 0.3125 0.01896551724137931 0.03
0 0.9568965517241379 0.1 0.013793103448275862 0.015
0 0.9896551724137931 0.305 0.01896551724137931 0.03
0 0.4793103448275862 0.425 0.01896551724137931 0.03
0 0.9396551724137931 0.925 0.02586206896551724 0.0425
0 0.6620689655172414 0.345 0.01896551724137931 0.03
0 0.2 0.5775 0.02586206896551724 0.0425
0 0.4051724137931034 0.13 0.013793103448275862 0.015
0 0.7775862068965518 0.97 0.02586206896551724 0.0425
0 0.5293103448275862 0.6525 0.02586206896551724 0.0425
0 0.5258620689655172 0.985 0.02586206896551724 0.0425
0 0.2982758620689655 0.1375 0.013793103448275862 0.015
0 0.46551724137931033 0.32 0.01896551724137931 0.03
0 0.3275862068965517 0.425 0.01896551724137931 0.03
0 0.4396551724137931 0.465 0.01896551724137931 0.03
0 0.23620689655172414 0.28 0.01896551724137931 0.03
0 0.24310344827586206 0.8525 0.02586206896551724 0.0425
0 0.06896551724137931 0.7975 0.02586206896551724 0.0425
0 0.44482758620689655 0.835 0.02586206896551724 0.0425
0 0.3120689655172414 0.49 0.01896551724137931 0.03
0 0.39655172413793105 0.3425 0.01896551724137931 0.03
0 0.12586206896551724 0.1075 0.013793103448275862 0.015
0 0.7620689655172413 0.7025 0.02586206896551724 0.0425
0 0.9396551724137931 0.6875 0.02586206896551724 0.0425
0 0.30517241379310345 0.6625 0.02586206896551724 0.0425
0 0.0034482758620689655 0.52 0.02413793103448276 0.0375
0 0.39655172413793105 0.3975 0.01896551724137931 0.03
0 0.5327586206896552 0.425 0.01896551724137931 0.03
0 0.19655172413793104 0.385 0.01896551724137931 0.03
0 0.9327586206896552 0.35 0.01896551724137931 0.03
0 0.8620689655172413 0.51 0.01896551724137931 0.03
0 0.7137931034482758 0.08 0.013793103448275862 0.015
0 0.11379310344827587 0.815 0.02586206896551724 0.0425
0 0.034482758620689655 0.175 0.013793103448275862 0.015
0 0.3931034482758621 0.4825 0.01896551724137931 0.03
0 0.9137931034482759 0.6625 0.02586206896551724 0.0425
0 0.0896551724137931 0.075 0.013793103448275862 0.015
0 0.3689655172413793 0.175 0.013793103448275862 0.015
0 0.4482758620689655 0.545 0.02586206896551724 0.0425
0 0.3931034482758621 0.175 0.013793103448275862 0.015
0 0.15172413793103448 0.2975 0.01896551724137931 0.03
0 0.06206896551724138 0.2175 0.013793103448275862 0.015
0 0.20517241379310344 0.355 0.01896551724137931 0.03
0 0.4379310344827586 0.43 0.01896551724137931 0.03
0 0.21551724137931033 0.235 0.013793103448275862 0.015
0 0.01206896551724138 0.63 0.02586206896551724 0.0425
0 0.5224137931034483 0.3725 0.01896551724137931 0.03
0 0.6086206896551725 0.7675 0.02586206896551724 0.0425
0 0.8948275862068965 0.905 0.02586206896551724 0.0425
0 0.5827586206896552 0.5975 0.02586206896551724 0.0425
0 0.9913793103448276 0.2875 0.01896551724137931 0.03
0 0.08448275862068966 0.415 0.01896551724137931 0.03
0 0.12413793103448276 0.215 0.013793103448275862 0.015
0 0.4482758620689655 0.7425 0.02586206896551724 0.0425
0 0.6586206896551724 0.335 0.01896551724137931 0.03
0 0.5310344827586206 0.8475 0.02586206896551724 0.0425
0 0.2396551724137931 0.64 0.02586206896551724 0.0425
0 0.20862068965517241 0.08 0.013793103448275862 0.015
0 0.8586206896551725 0.8225 0.02586206896551724 0.0425
0 0.6275862068965518 0.5675 0.02586206896551724 0.0425
0 0.17413793103448275 0.565 0.02586206896551724 0.0425
0 0.4224137931034483 0.3925 0.01896551724137931 0.03
0 0.7775862068965518 0.0275 0.013793103448275862 0.015
0 0.1724137931034483 0.65 0.02586206896551724 0.0425
0 0.38448275862068965 0.2825 0.01896551724137931 0.03
0 0.503448275862069 0.3275 0.01896551724137931 0.03
0 0.43275862068965515 0.3075 0.01896551724137931 0.03
0 0.12931034482758622 0.8375 0.02586206896551724 0.0425
0 0.47413793103448276 0.72 0.02586206896551724 0.0425
0 0.24655172413793103 0.6975 0.02586206896551724 0.0425
0 0.6224137931034482 0.9525 0.02586206896551724 0.0425
0 0.029310344827586206 0.635 0.02586206896551724 0.0425
0 0.41551724137931034 0.445 0.01896551724137931 0.03
0 0.8517241379310345 0.6025 0.02586206896551724 0.0425
0 0.10344827586206896 0.36 0.01896551724137931 0.03
0 0.1 0.9075 0.02586206896551724 0.0425
0 0.36551724137931035 0.15 0.013793103448275862 0.015
0 0.3293103448275862 0.375 0.01896551724137931 0.03
0 0.6379310344827587 0.0525 0.013793103448275862 0.015
0 0.6689655172413793 0.9225 0.02586206896551724 0.0425
0 0.9879310344827587 0.33 0.01896551724137931 0.03
0 0.25517241379310346 0.2425 0.013793103448275862 0.0175
