0 0.7402777777777778 0.6541666666666667 0.0 0.0
0 0.5708333333333333 0.6479166666666667 0.013888888888888888 0.027083333333333334
0 0.7902777777777777 0.6729166666666667 0.009722222222222222 0.020833333333333332
0 0.7861111111111111 0.6229166666666667 0.0 0.0
0 0.2569444444444444 0.6458333333333334 0.020833333333333332 0.035416666666666666
0 0.8444444444444444 0.6604166666666667 0.018055555555555554 0.027083333333333334
0 0.5125 0.6604166666666667 0.013888888888888888 0.027083333333333334
0 0.6416666666666667 0.6541666666666667 0.0 0.0
0 0.7555555555555555 0.65625 0.0 0.0
0 0.8111111111111111 0.65 0.0 0.0
0 0.46805555555555556 0.6541666666666667 0.0 0.0
0 0.1111111111111111 0.6416666666666667 0.020833333333333332 0.035416666666666666
0 0.7708333333333334 0.6541666666666667 0.0 0.0
0 0.8055555555555556 0.6479166666666667 0.0 0.0
0 0.675 0.6541666666666667 0.013888888888888888 0.027083333333333334
0 0.7833333333333333 0.6229166666666667 0.0 0.0
0 0.8472222222222222 0.6333333333333333 0.0 0.0
