0 0.2451171875 0.2671081677704194 0.0244140625 0.0706401766004415
0 0.19921875 0.6335540838852097 0.0244140625 0.0706401766004415
0 0.3974609375 0.4613686534216336 0.0244140625 0.0706401766004415
0 0.6796875 0.19646799116997793 0.0244140625 0.0706401766004415
0 0.59375 0.20750551876379691 0.0244140625 0.0706401766004415
0 0.8564453125 0.5518763796909493 0.0244140625 0.0706401766004415
0 0.3857421875 0.16114790286975716 0.0244140625 0.0706401766004415
0 0.19921875 0.5077262693156733 0.0244140625 0.0706401766004415
0 0.47265625 0.17439293598233996 0.0244140625 0.0706401766004415
0 0.494140625 0.46357615894039733 0.0244140625 0.0706401766004415
0 0.71484375 0.20088300220750552 0.0244140625 0.0706401766004415
0 0.7958984375 0.1479028697571744 0.0244140625 0.0706401766004415
0 0.568359375 0.445916114790287 0.0244140625 0.0706401766004415
0 0.640625 0.1368653421633554 0.0244140625 0.0706401766004415
0 0.283203125 0.609271523178808 0.0244140625 0.0706401766004415
0 0.8974609375 0.2693156732891832 0.0244140625 0.0706401766004415
0 0.091796875 0.2582781456953642 0.0244140625 0.0706401766004415
0 0.63671875 0.2141280353200883 0.0244140625 0.0706401766004415
0 0.306640625 0.2119205298013245 0.0244140625 0.0706401766004415
0 0.615234375 0.1545253863134658 0.0244140625 0.0706401766004415
0 0.8427734375 0.1280353200883002 0.0244140625 0.0706401766004415
0 0.470703125 0.5916114790286976 0.0244140625 0.0706401766004415
0 0.6787109375 0.44370860927152317 0.0244140625 0.0706401766004415
0 0.62109375 0.445916114790287 0.0244140625 0.0706401766004415
0 0.33984375 0.19426048565121412 0.0244140625 0.0706401766004415
0 0.3291015625 0.44150110375275936 0.0244140625 0.0706401766004415
0 0.2919921875 0.15673289183222958 0.0244140625 0.0706401766004415
0 0.36328125 0.5916114790286976 0.0244140625 0.0706401766004415
0 0.4521484375 0.4503311258278146 0.0244140625 0.0706401766004415
0 0.7587890625 0.17439293598233996 0.0244140625 0.0706401766004415
0 0.2734375 0.4878587196467991 0.0244140625 0.0706401766004415
0 0.7890625 0.4194260485651214 0.0302734375 0.08388520971302428
0 0.755859375 0.5849889624724062 0.0244140625 0.0706401766004415
0 0.5791015625 0.17439293598233996 0.0244140625 0.0706401766004415
0 0.73828125 0.45253863134657835 0.0244140625 0.0706401766004415
0 0.5361328125 0.16114790286975716 0.0244140625 0.0706401766004415
0 0.1484375 0.282560706401766 0.0244140625 0.0706401766004415
0 0.8564453125 0.4304635761589404 0.0244140625 0.0706401766004415
0 0.6572265625 0.17660044150110377 0.0244140625 0.0706401766004415
0 0.435546875 0.19426048565121412 0.0244140625 0.0706401766004415
0 0.6201171875 0.5717439293598234 0.0244140625 0.0706401766004415
0 0.46484375 0.22075055187637968 0.0244140625 0.0706401766004415
0 0.556640625 0.2141280353200883 0.0244140625 0.0706401766004415
0 0.890625 0.08830022075055188 0.0244140625 0.0706401766004415
0 0.2001953125 0.304635761589404 0.0244140625 0.0706401766004415
0 0.5439453125 0.5629139072847682 0.0244140625 0.0706401766004415
0 0.9267578125 0.2671081677704194 0.0244140625 0.0706401766004415
0 0.697265625 0.5805739514348786 0.0244140625 0.0706401766004415
0 0.2392578125 0.17880794701986755 0.0244140625 0.0706401766004415
0 0.69921875 0.1545253863134658 0.0244140625 0.0706401766004415
0 0.515625 0.19646799116997793 0.0244140625 0.0706401766004415
