0 0.034 0.3020372010628875 0.011333333333333334 0.007528786536758193
0 0.4 0.29317980513728964 0.011333333333333334 0.007528786536758193
0 0.38333333333333336 0.4114260407440213 0.012 0.010628875110717449
0 0.25533333333333336 0.29317980513728964 0.011333333333333334 0.007528786536758193
0 0.044 0.24269264836138174 0.007333333333333333 0.006643046944198406
0 0.2693333333333333 0.7099202834366696 0.03266666666666666 0.026572187776793623
0 0.43933333333333335 0.2865367581930912 0.011333333333333334 0.007528786536758193
0 0.41333333333333333 0.2595217006200177 0.007333333333333333 0.006643046944198406
0 0.264 0.2860938883968113 0.011333333333333334 0.007528786536758193
0 0.102 0.27192205491585475 0.007333333333333333 0.006643046944198406
0 0.132 0.26705048715677593 0.007333333333333333 0.006643046944198406
0 0.098 0.20903454384410983 0.007333333333333333 0.006643046944198406
0 0.05533333333333333 0.2400354295837024 0.007333333333333333 0.006643046944198406
0 0.08666666666666667 0.24844995571302037 0.007333333333333333 0.006643046944198406
0 0.14133333333333334 0.30070859167404784 0.011333333333333334 0.007528786536758193
0 0.5673333333333334 0.5115146147032772 0.012 0.010628875110717449
0 0.498 0.9459698848538529 0.037333333333333336 0.033215234720992026
0 0.052 0.27147918511957486 0.007333333333333333 0.006643046944198406
0 0.04066666666666666 0.33525243578387953 0.011333333333333334 0.007528786536758193
0 0.06933333333333333 0.2843224092116918 0.011333333333333334 0.007528786536758193
0 0.31266666666666665 0.2821080602302923 0.009333333333333334 0.0070859167404783
0 0.18066666666666667 0.5141718334809566 0.012 0.010628875110717449
0 0.072 0.2475642161204606 0.007333333333333333 0.006643046944198406
0 0.276 0.44109831709477415 0.012 0.010628875110717449
0 0.254 0.24800708591674048 0.007333333333333333 0.006643046944198406
0 0.9433333333333334 0.5637732506643047 0.03266666666666666 0.026572187776793623
0 0.45666666666666667 0.2754650132860939 0.007333333333333333 0.006643046944198406
0 0.31 0.27059344552701503 0.007333333333333333 0.006643046944198406
0 0.528 0.6009743135518157 0.03266666666666666 0.026572187776793623
0 0.016666666666666666 0.8604960141718335 0.037333333333333336 0.033215234720992026
0 0.22333333333333333 0.24800708591674048 0.007333333333333333 0.006643046944198406
0 0.009333333333333334 0.2316209034543844 0.007333333333333333 0.006643046944198406
0 0.10133333333333333 0.2320637732506643 0.007333333333333333 0.006643046944198406
0 0.017333333333333333 0.20549158547387067 0.007333333333333333 0.006643046944198406
0 0.48933333333333334 0.24933569530558017 0.007333333333333333 0.006643046944198406
0 0.16133333333333333 0.26217891939769705 0.007333333333333333 0.006643046944198406
0 0.09133333333333334 0.2320637732506643 0.007333333333333333 0.006643046944198406
0 0.214 0.29893711248892824 0.011333333333333334 0.007528786536758193
0 0.13466666666666666 0.275022143489814 0.007333333333333333 0.006643046944198406
0 0.9766666666666667 0.46014171833480955 0.012 0.010628875110717449
0 0.26666666666666666 0.27679362267493357 0.01 0.0070859167404783
0 0.20333333333333334 0.26439326837909655 0.007333333333333333 0.006643046944198406
0 0.14133333333333334 0.271036315323295 0.007333333333333333 0.006643046944198406
0 0.16733333333333333 0.5788308237378211 0.03266666666666666 0.026572187776793623
0 0.204 0.2865367581930912 0.011333333333333334 0.007528786536758193
0 0.5973333333333334 0.42648361381753763 0.012 0.010628875110717449
0 0.23333333333333334 0.8308237378210807 0.037333333333333336 0.033215234720992026
0 0.172 0.7794508414526129 0.037333333333333336 0.033215234720992026
0 0.284 0.2914083259521701 0.011333333333333334 0.007528786536758193
0 0.764 0.42072630646589904 0.012 0.010628875110717449
0 0.2866666666666667 0.28786536758193093 0.011333333333333334 0.007528786536758193
0 0.152 0.23560673162090345 0.007333333333333333 0.006643046944198406
0 0.304 0.2816651904340124 0.008 0.006643046944198406
0 0.19666666666666666 0.21036315323294952 0.007333333333333333 0.006643046944198406
0 0.25466666666666665 0.2652790079716563 0.007333333333333333 0.006643046944198406
0 0.36466666666666664 0.6120460584588131 0.03266666666666666 0.026572187776793623
0 0.19066666666666668 0.49689991142604073 0.012 0.010628875110717449
0 0.16066666666666668 0.28565101860053144 0.011333333333333334 0.007528786536758193
0 0.024666666666666667 0.20814880425155005 0.007333333333333333 0.006643046944198406
0 0.148 0.2869796279893711 0.011333333333333334 0.007528786536758193
0 0.24066666666666667 0.26705048715677593 0.007333333333333333 0.006643046944198406
0 0.2713333333333333 0.26926483613817537 0.007333333333333333 0.006643046944198406
0 0.020666666666666667 0.24844995571302037 0.007333333333333333 0.006643046944198406
0 0.28933333333333333 0.4061116031886625 0.012 0.010628875110717449
0 0.05533333333333333 0.22143489813994685 0.007333333333333333 0.006643046944198406
0 0.07533333333333334 0.2962798937112489 0.011333333333333334 0.007528786536758193
0 0.43133333333333335 0.2860938883968113 0.011333333333333334 0.007528786536758193
0 0.19333333333333333 0.30070859167404784 0.011333333333333334 0.007528786536758193
0 0.5646666666666667 0.4552701505757307 0.012 0.010628875110717449
0 0.18066666666666667 0.24977856510186006 0.007333333333333333 0.006643046944198406
0 0.6386666666666667 0.42072630646589904 0.012 0.010628875110717449
0 0.872 0.8069087688219664 0.037333333333333336 0.033215234720992026
0 0.044 0.25642161204605846 0.007333333333333333 0.006643046944198406
0 0.236 0.2838795394154119 0.011333333333333334 0.007528786536758193
0 0.7366666666666667 0.45172719220549157 0.012 0.010628875110717449
0 0.15066666666666667 0.26439326837909655 0.007333333333333333 0.006643046944198406
0 0.004666666666666667 0.24402125775022143 0.007333333333333333 0.006643046944198406
0 0.8686666666666667 0.41009743135518156 0.012 0.010628875110717449
0 0.25133333333333335 0.27945084145261295 0.01 0.0070859167404783
0 0.668 0.41762621789193977 0.012 0.010628875110717449
0 0.9646666666666667 0.9889282550930026 0.037333333333333336 0.033215234720992026
0 0.674 0.6851195748449955 0.03266666666666666 0.026572187776793623
0 0.12466666666666666 0.23693534100974314 0.007333333333333333 0.006643046944198406
0 0.25333333333333335 0.5912311780336581 0.03266666666666666 0.026572187776793623
0 0.3426666666666667 0.2843224092116918 0.011333333333333334 0.007528786536758193
0 0.734 0.43179805137289634 0.012 0.010628875110717449
0 0.052 0.3228520814880425 0.011333333333333334 0.007528786536758193
0 0.4726666666666667 0.6213463241806909 0.03266666666666666 0.026572187776793623
0 0.8313333333333334 0.8520814880425155 0.037333333333333336 0.033215234720992026
0 0.096 0.4977856510186005 0.012 0.010628875110717449
0 0.09866666666666667 0.24313551815766166 0.007333333333333333 0.006643046944198406
0 0.318 0.29849424269264835 0.011333333333333334 0.007528786536758193
0 0.67 0.508414526129318 0.012 0.010628875110717449
0 0.5973333333333334 0.4136403897254207 0.012 0.010628875110717449
0 0.348 0.5850310008857396 0.03266666666666666 0.026572187776793623
0 0.38333333333333336 0.6607617360496014 0.03266666666666666 0.026572187776793623
0 0.6993333333333334 0.46014171833480955 0.012 0.010628875110717449
0 0.31866666666666665 0.4136403897254207 0.012 0.010628875110717449
0 0.078 0.23870682019486272 0.007333333333333333 0.006643046944198406
0 0.18266666666666667 0.2785651018600531 0.008 0.006643046944198406
0 0.214 0.4007971656333038 0.012 0.010628875110717449
0 0.542 0.6660761736049602 0.03266666666666666 0.026572187776793623
0 0.09933333333333333 0.25730735163861823 0.007333333333333333 0.006643046944198406
0 0.19866666666666666 0.38352524357838796 0.012 0.010628875110717449
0 0.13866666666666666 0.42338352524357836 0.012 0.010628875110717449
0 0.10466666666666667 0.283436669619132 0.011333333333333334 0.007528786536758193
0 0.023333333333333334 0.19574844995571303 0.007333333333333333 0.006643046944198406
0 0.2653333333333333 0.24446412754650132 0.007333333333333333 0.006643046944198406
0 0.48133333333333334 0.4238263950398583 0.012 0.010628875110717449
0 0.9906666666666667 0.43844109831709477 0.012 0.010628875110717449
0 0.3233333333333333 0.44109831709477415 0.012 0.010628875110717449
0 0.30266666666666664 0.22984942426926483 0.007333333333333333 0.006643046944198406
0 0.014666666666666666 0.22364924712134632 0.007333333333333333 0.006643046944198406
0 0.18266666666666667 0.23870682019486272 0.007333333333333333 0.006643046944198406
0 0.07266666666666667 0.2174490699734278 0.007333333333333333 0.006643046944198406
0 0.11733333333333333 0.21390611160318868 0.007333333333333333 0.006643046944198406
0 0.23933333333333334 0.5646589902568645 0.03266666666666666 0.026572187776793623
0 0.09266666666666666 0.2976085031000886 0.011333333333333334 0.007528786536758193
0 0.228 0.29982285208148807 0.011333333333333334 0.007528786536758193
0 0.25666666666666665 0.2860938883968113 0.011333333333333334 0.007528786536758193
0 0.4033333333333333 0.45925597874224977 0.012 0.010628875110717449
0 0.23866666666666667 0.262621789193977 0.007333333333333333 0.006643046944198406
0 0.0013333333333333333 0.25022143489813997 0.007333333333333333 0.006643046944198406
0 0.14133333333333334 0.2550930026572188 0.007333333333333333 0.006643046944198406
0 0.3526666666666667 0.38662533215234723 0.012 0.010628875110717449
0 0.04666666666666667 0.21169176262178918 0.007333333333333333 0.006643046944198406
0 0.19866666666666666 0.5283436669619131 0.027333333333333334 0.022586359610274578
0 0.55 0.4211691762621789 0.012 0.010628875110717449
0 0.37466666666666665 0.25066430469441986 0.007333333333333333 0.006643046944198406
0 0.19133333333333333 0.7466784765279008 0.037333333333333336 0.033215234720992026
0 0.12666666666666668 0.27236492471213464 0.007333333333333333 0.006643046944198406
0 0.17066666666666666 0.22940655447298494 0.007333333333333333 0.006643046944198406
0 0.04 0.25110717449069975 0.007333333333333333 0.006643046944198406
0 0.17066666666666666 0.26660761736049604 0.007333333333333333 0.006643046944198406
0 0.07133333333333333 0.2537643932683791 0.007333333333333333 0.006643046944198406
0 0.05 0.31399468556244464 0.011333333333333334 0.007528786536758193
0 0.222 0.2608503100088574 0.007333333333333333 0.006643046944198406
0 0.262 0.5544729849424269 0.03266666666666666 0.026572187776793623
0 0.14466666666666667 0.2940655447298494 0.011333333333333334 0.007528786536758193
0 0.07066666666666667 0.22586359610274578 0.007333333333333333 0.006643046944198406
0 0.01 0.27059344552701503 0.008 0.006643046944198406
0 0.22333333333333333 0.2883082373782108 0.011333333333333334 0.007528786536758193
0 0.048666666666666664 0.23427812223206376 0.007333333333333333 0.006643046944198406
0 0.136 0.23560673162090345 0.007333333333333333 0.006643046944198406
0 0.028666666666666667 0.24136403897254208 0.007333333333333333 0.006643046944198406
0 0.352 0.42338352524357836 0.012 0.010628875110717449
0 0.23066666666666666 0.2785651018600531 0.011333333333333334 0.007528786536758193
0 0.854 0.5031000885739593 0.012 0.010628875110717449
0 0.12666666666666668 0.29893711248892824 0.011333333333333334 0.007528786536758193
0 0.11 0.30115146147032773 0.011333333333333334 0.007528786536758193
0 0.24333333333333335 0.18821966341895482 0.007333333333333333 0.006643046944198406
0 0.18266666666666667 0.21346324180690876 0.007333333333333333 0.006643046944198406
0 0.278 0.5633303808680248 0.03266666666666666 0.026572187776793623
0 0.24333333333333335 0.18733392382639505 0.007333333333333333 0.006643046944198406
0 0.5353333333333333 0.3649247121346324 0.011333333333333334 0.007528786536758193
0 0.504 0.4114260407440213 0.012 0.010628875110717449
0 0.14866666666666667 0.2475642161204606 0.007333333333333333 0.006643046944198406
0 0.026 0.2674933569530558 0.007333333333333333 0.006643046944198406
0 0.36733333333333335 0.3857395925597874 0.012 0.010628875110717449
0 0.22066666666666668 0.27900797165633306 0.009333333333333334 0.0070859167404783
0 0.326 0.39681133746678476 0.012 0.010628875110717449
0 0.7686666666666667 0.5053144375553588 0.012 0.010628875110717449
0 0.5173333333333333 0.8618246235606731 0.037333333333333336 0.033215234720992026
0 0.05266666666666667 0.22940655447298494 0.007333333333333333 0.006643046944198406
0 0.128 0.22276350752878654 0.007333333333333333 0.006643046944198406
0 0.116 0.2953941541186891 0.011333333333333334 0.007528786536758193
0 0.088 0.2754650132860939 0.007333333333333333 0.006643046944198406
0 0.4226666666666667 0.3937112488928255 0.012 0.010628875110717449
0 0.072 0.2329495128432241 0.007333333333333333 0.006643046944198406
0 0.5066666666666667 0.3671390611160319 0.011333333333333334 0.007528786536758193
0 0.334 0.275022143489814 0.007333333333333333 0.006643046944198406
0 0.06066666666666667 0.29052258635961026 0.011333333333333334 0.007528786536758193
0 0.21466666666666667 0.2688219663418955 0.007333333333333333 0.006643046944198406
0 0.216 0.5504871567759079 0.03266666666666666 0.026572187776793623
0 0.20733333333333334 0.27900797165633306 0.008 0.006643046944198406
0 0.9553333333333334 0.5336581045172719 0.03266666666666666 0.026572187776793623
0 0.16 0.2112488928255093 0.007333333333333333 0.006643046944198406
0 0.13733333333333334 0.20283436669619131 0.007333333333333333 0.006643046944198406
0 0.04533333333333334 0.3051372896368468 0.011333333333333334 0.007528786536758193
0 0.7626666666666667 0.44641275465013286 0.012 0.010628875110717449
0 0.05466666666666667 0.19397697077059345 0.007333333333333333 0.006643046944198406
0 0.122 0.2471213463241807 0.007333333333333333 0.006643046944198406
0 0.17733333333333334 0.29893711248892824 0.011333333333333334 0.007528786536758193
0 0.4666666666666667 0.27236492471213464 0.007333333333333333 0.006643046944198406
0 0.7313333333333333 0.48095659875996455 0.012 0.010628875110717449
0 0.47933333333333333 0.39902568644818426 0.012 0.010628875110717449
0 0.31533333333333335 0.5779450841452612 0.03266666666666666 0.026572187776793623
0 0.24666666666666667 0.2860938883968113 0.011333333333333334 0.007528786536758193
0 0.014 0.20106288751107174 0.007333333333333333 0.006643046944198406
0 0.6266666666666667 0.39769707705934454 0.012 0.010628875110717449
0 0.08 0.22586359610274578 0.007333333333333333 0.006643046944198406
0 0.27266666666666667 0.3857395925597874 0.012 0.010628875110717449
0 0.02266666666666667 0.2612931798051373 0.007333333333333333 0.006643046944198406
0 0.21333333333333335 0.5930026572187777 0.03266666666666666 0.026572187776793623
0 0.45466666666666666 0.3808680248007086 0.012 0.010628875110717449
0 0.15266666666666667 0.2240921169176262 0.007333333333333333 0.006643046944198406
0 0.6326666666666667 0.4424269264836138 0.012 0.010628875110717449
0 0.16 0.8060230292294066 0.037333333333333336 0.033215234720992026
0 0.5626666666666666 0.6922054915854738 0.03266666666666666 0.026572187776793623
0 0.043333333333333335 0.20194862710363154 0.007333333333333333 0.006643046944198406
0 0.344 0.29317980513728964 0.011333333333333334 0.007528786536758193
0 0.586 0.3883968113374668 0.012 0.010628875110717449
0 0.118 0.2763507528786537 0.007333333333333333 0.006643046944198406
0 0.09266666666666666 0.21390611160318868 0.007333333333333333 0.006643046944198406
0 0.394 0.2604074402125775 0.007333333333333333 0.006643046944198406
0 0.236 0.2883082373782108 0.011333333333333334 0.007528786536758193
0 0.2773333333333333 0.20106288751107174 0.007333333333333333 0.006643046944198406
0 0.28 0.2971656333038087 0.011333333333333334 0.007528786536758193
0 0.14533333333333334 0.20859167404782994 0.007333333333333333 0.006643046944198406
0 0.10933333333333334 0.23870682019486272 0.007333333333333333 0.006643046944198406
0 0.158 0.2949512843224092 0.011333333333333334 0.007528786536758193
0 0.017333333333333333 0.27015057573073514 0.008 0.006643046944198406
0 0.08 0.21434898139946856 0.007333333333333333 0.006643046944198406
0 0.6833333333333333 0.4158547387068202 0.012 0.010628875110717449
0 0.30666666666666664 0.24889282550930025 0.007333333333333333 0.006643046944198406
0 0.236 0.2736935341009743 0.007333333333333333 0.006643046944198406
0 0.5433333333333333 0.38219663418954825 0.012 0.010628875110717449
0 0.324 0.2896368467670505 0.011333333333333334 0.007528786536758193
0 0.19666666666666666 0.5580159433126661 0.03266666666666666 0.026572187776793623
0 0.17266666666666666 0.2896368467670505 0.011333333333333334 0.007528786536758193
0 0.3313333333333333 0.2400354295837024 0.007333333333333333 0.006643046944198406
0 0.104 0.19929140832595216 0.007333333333333333 0.006643046944198406
0 0.018666666666666668 0.23427812223206376 0.007333333333333333 0.006643046944198406
0 0.13133333333333333 0.28255093002657217 0.008 0.006643046944198406
0 0.18866666666666668 0.26439326837909655 0.007333333333333333 0.006643046944198406
0 0.094 0.22054915854738708 0.007333333333333333 0.006643046944198406
0 0.208 0.25730735163861823 0.007333333333333333 0.006643046944198406
0 0.042 0.22232063773250665 0.007333333333333333 0.006643046944198406
0 0.032 0.29229406554472986 0.011333333333333334 0.007528786536758193
0 0.38266666666666665 0.37511071744907 0.012 0.010628875110717449
0 0.45866666666666667 0.4743135518157662 0.012 0.010628875110717449
0 0.41733333333333333 0.3777679362267493 0.012 0.010628875110717449
0 0.5093333333333333 0.45217006200177146 0.012 0.010628875110717449
0 0.064 0.23870682019486272 0.007333333333333333 0.006643046944198406
0 0.534 0.4140832595217006 0.012 0.010628875110717449
0 0.3526666666666667 0.2843224092116918 0.011333333333333334 0.007528786536758193
0 0.178 0.22276350752878654 0.007333333333333333 0.006643046944198406
0 0.112 0.2550930026572188 0.007333333333333333 0.006643046944198406
0 0.7506666666666667 0.7404782993799823 0.037333333333333336 0.033215234720992026
0 0.872 0.4853852967227635 0.012 0.010628875110717449
0 0.6193333333333333 0.47564216120460584 0.012 0.010628875110717449
0 0.45666666666666667 0.4238263950398583 0.012 0.010628875110717449
0 0.4666666666666667 0.2528786536758193 0.007333333333333333 0.006643046944198406
0 0.7213333333333334 0.7931798051372896 0.037333333333333336 0.033215234720992026
0 0.02666666666666667 0.22896368467670505 0.007333333333333333 0.006643046944198406
0 0.42133333333333334 0.27723649247121346 0.008 0.006643046944198406
0 0.068 0.2599645704162976 0.007333333333333333 0.006643046944198406
0 0.944 0.4419840566873339 0.012 0.010628875110717449
0 0.44533333333333336 0.2683790965456156 0.007333333333333333 0.006643046944198406
0 0.04933333333333333 0.2785651018600531 0.009333333333333334 0.0070859167404783
0 0.382 0.6120460584588131 0.03266666666666666 0.026572187776793623
0 0.19133333333333333 0.23383525243578387 0.007333333333333333 0.006643046944198406
0 0.2773333333333333 0.2595217006200177 0.007333333333333333 0.006643046944198406
0 0.2986666666666667 0.2395925597874225 0.007333333333333333 0.006643046944198406
0 0.15933333333333333 0.2741364038972542 0.007333333333333333 0.006643046944198406
0 0.4673333333333333 0.4012400354295837 0.012 0.010628875110717449
0 0.3506666666666667 0.4003542958370239 0.012 0.010628875110717449
0 0.43666666666666665 0.6186891054030115 0.03266666666666666 0.026572187776793623
0 0.25 0.4162976085031001 0.012 0.010628875110717449
0 0.18933333333333333 0.27059344552701503 0.007333333333333333 0.006643046944198406
0 0.2906666666666667 0.8206377325066431 0.037333333333333336 0.033215234720992026
0 0.41733333333333333 0.4162976085031001 0.012 0.010628875110717449
0 0.31933333333333336 0.2759078830823738 0.007333333333333333 0.006643046944198406
0 0.372 0.2914083259521701 0.011333333333333334 0.007528786536758193
0 0.13533333333333333 0.21479185119574845 0.007333333333333333 0.006643046944198406
0 0.38 0.271036315323295 0.007333333333333333 0.006643046944198406
0 0.9586666666666667 0.5088573959255979 0.012 0.010628875110717449
0 0.035333333333333335 0.2821080602302923 0.01 0.0070859167404783
0 0.05533333333333333 0.295837023914969 0.011333333333333334 0.007528786536758193
0 0.056 0.27679362267493357 0.009333333333333334 0.0070859167404783
0 0.13 0.2462356067316209 0.007333333333333333 0.006643046944198406
0 0.066 0.2688219663418955 0.007333333333333333 0.006643046944198406
0 0.242 0.295837023914969 0.011333333333333334 0.007528786536758193
0 0.5293333333333333 0.3963684676705049 0.012 0.010628875110717449
0 0.12333333333333334 0.2860938883968113 0.011333333333333334 0.007528786536758193
0 0.10266666666666667 0.29317980513728964 0.011333333333333334 0.007528786536758193
0 0.8133333333333334 0.4300265721877768 0.012 0.010628875110717449
0 0.4633333333333333 0.3662533215234721 0.011333333333333334 0.007528786536758193
0 0.006666666666666667 0.22099202834366696 0.007333333333333333 0.006643046944198406
0 0.4686666666666667 0.2409211691762622 0.007333333333333333 0.006643046944198406
0 0.49466666666666664 0.3675819309123118 0.011333333333333334 0.007528786536758193
0 0.08333333333333333 0.2577502214348981 0.007333333333333333 0.006643046944198406
0 0.534 0.6439326837909655 0.03266666666666666 0.026572187776793623
0 0.5133333333333333 0.6775907883082374 0.03266666666666666 0.026572187776793623
0 0.4046666666666667 0.8494242692648362 0.037333333333333336 0.033215234720992026
0 0.13333333333333333 0.5938883968113374 0.03266666666666666 0.026572187776793623
0 0.3413333333333333 0.9180690876882197 0.037333333333333336 0.033215234720992026
0 0.03 0.3228520814880425 0.011333333333333334 0.007528786536758193
0 0.254 0.3937112488928255 0.012 0.010628875110717449
0 0.22266666666666668 0.23117803365810452 0.007333333333333333 0.006643046944198406
0 0.12933333333333333 0.25686448184233834 0.007333333333333333 0.006643046944198406
0 0.4033333333333333 0.4357838795394154 0.012 0.010628875110717449
0 0.09533333333333334 0.2865367581930912 0.011333333333333334 0.007528786536758193
0 0.33866666666666667 0.4433126660761736 0.012 0.010628875110717449
0 0.10933333333333334 0.20549158547387067 0.007333333333333333 0.006643046944198406
0 0.15066666666666667 0.49867139061116034 0.015333333333333332 0.013286093888396812
0 0.23 0.29185119574845 0.011333333333333334 0.007528786536758193
0 0.6373333333333333 0.3879539415411869 0.012 0.010628875110717449
0 0.3486666666666667 0.6452612931798052 0.03266666666666666 0.026572187776793623
0 0.884 0.4508414526129318 0.012 0.010628875110717449
0 0.23733333333333334 0.5358724534986714 0.03266666666666666 0.026572187776793623
0 0.032 0.2736935341009743 0.007333333333333333 0.006643046944198406
0 0.9753333333333334 0.866696191319752 0.037333333333333336 0.033215234720992026
0 0.974 0.4765279007971656 0.012 0.010628875110717449
0 0.214 0.812223206377325 0.037333333333333336 0.033215234720992026
0 0.14933333333333335 0.27767936226749335 0.009333333333333334 0.0070859167404783
0 0.026 0.283436669619132 0.008 0.006643046944198406
0 0.2833333333333333 0.24224977856510185 0.007333333333333333 0.006643046944198406
0 0.8386666666666667 0.4853852967227635 0.012 0.010628875110717449
0 0.39066666666666666 0.27812223206377323 0.009333333333333334 0.0070859167404783
0 0.013333333333333334 0.21523472099202834 0.007333333333333333 0.006643046944198406
0 0.5733333333333334 0.37023914968999116 0.011333333333333334 0.008857395925597875
0 0.056 0.24933569530558017 0.007333333333333333 0.006643046944198406
0 0.08466666666666667 0.26705048715677593 0.007333333333333333 0.006643046944198406
0 0.03266666666666666 0.262621789193977 0.007333333333333333 0.006643046944198406
0 0.462 0.44419840566873336 0.012 0.010628875110717449
0 0.9333333333333333 0.5341009743135519 0.03266666666666666 0.026572187776793623
0 0.22 0.525243578387954 0.016666666666666666 0.014614703277236492
0 0.448 0.29096545615589015 0.011333333333333334 0.007528786536758193
0 0.9126666666666666 0.7652790079716564 0.037333333333333336 0.033215234720992026
0 0.12933333333333333 0.5221434898139947 0.012 0.010628875110717449
0 0.444 0.40478299379982285 0.012 0.010628875110717449
0 0.05266666666666667 0.25686448184233834 0.007333333333333333 0.006643046944198406
0 0.07533333333333334 0.2745792736935341 0.007333333333333333 0.006643046944198406
0 0.18133333333333335 0.28565101860053144 0.011333333333333334 0.007528786536758193
0 0.64 0.46058458813108943 0.012 0.010628875110717449
0 0.116 0.2683790965456156 0.007333333333333333 0.006643046944198406
0 0.38533333333333336 0.2887511071744907 0.011333333333333334 0.007528786536758193
0 0.2866666666666667 0.2785651018600531 0.01 0.0070859167404783
0 0.5486666666666666 0.43622674933569533 0.012 0.010628875110717449
0 0.9213333333333333 0.8928255093002657 0.037333333333333336 0.033215234720992026
0 0.18866666666666668 0.2936226749335695 0.011333333333333334 0.007528786536758193
0 0.4026666666666667 0.262621789193977 0.007333333333333333 0.006643046944198406
0 0.30266666666666664 0.29229406554472986 0.011333333333333334 0.007528786536758193
0 0.294 0.27236492471213464 0.007333333333333333 0.006643046944198406
0 0.49133333333333334 0.21169176262178918 0.007333333333333333 0.006643046944198406
0 0.11866666666666667 0.29052258635961026 0.011333333333333334 0.007528786536758193
0 0.8453333333333334 0.4654561558901683 0.012 0.010628875110717449
0 0.11 0.27945084145261295 0.008 0.006643046944198406
0 0.154 0.8768821966341895 0.037333333333333336 0.033215234720992026
0 0.07666666666666666 0.20239149689991143 0.007333333333333333 0.006643046944198406
0 0.13866666666666666 0.2462356067316209 0.007333333333333333 0.006643046944198406
0 0.17266666666666666 0.20150575730735165 0.007333333333333333 0.006643046944198406
0 0.394 0.39149689991142606 0.012 0.010628875110717449
0 0.6733333333333333 0.7134632418069088 0.034666666666666665 0.02967227635075288
0 0.4886666666666667 0.3861824623560673 0.012 0.010628875110717449
0 0.362 0.2785651018600531 0.01 0.0070859167404783
0 0.16533333333333333 0.2174490699734278 0.007333333333333333 0.006643046944198406
0 0.19866666666666666 0.2612931798051373 0.007333333333333333 0.006643046944198406
0 0.138 0.2821080602302923 0.009333333333333334 0.0070859167404783
