0 0.4564102564102564 0.6598173515981736 0.05897435897435897 0.1187214611872146
0 0.5076923076923077 0.7077625570776256 0.05128205128205128 0.1552511415525114
0 0.9192307692307692 0.7054794520547946 0.05512820512820513 0.1552511415525114
0 0.09871794871794871 0.7054794520547946 0.04487179487179487 0.11643835616438356
0 0.16923076923076924 0.8721461187214612 0.05897435897435897 0.1187214611872146
0 0.26153846153846155 0.8127853881278538 0.05897435897435897 0.1187214611872146
0 0.18717948717948718 0.6118721461187214 0.04487179487179487 0.11643835616438356
0 0.15128205128205127 0.589041095890411 0.04487179487179487 0.11643835616438356
0 0.782051282051282 0.5981735159817352 0.03461538461538462 0.06621004566210045
0 0.2423076923076923 0.7100456621004566 0.04487179487179487 0.11643835616438356
0 0.9948717948717949 0.7671232876712328 0.05128205128205128 0.1552511415525114
0 0.3769230769230769 0.8013698630136986 0.05897435897435897 0.1187214611872146
0 0.9948717948717949 0.639269406392694 0.029487179487179487 0.06164383561643835
0 0.8064102564102564 0.726027397260274 0.05512820512820513 0.1552511415525114
0 0.34487179487179487 0.7214611872146118 0.05897435897435897 0.1187214611872146
0 0.2128205128205128 0.6050228310502284 0.04487179487179487 0.11643835616438356
0 0.7756410256410257 0.6552511415525114 0.05512820512820513 0.1552511415525114
0 0.9948717948717949 0.6643835616438356 0.029487179487179487 0.06164383561643835
0 0.035897435897435895 0.7146118721461188 0.04487179487179487 0.11643835616438356
0 0.17435897435897435 0.7031963470319634 0.04487179487179487 0.11643835616438356
0 0.5846153846153846 0.682648401826484 0.035897435897435895 0.1004566210045662
0 0.015384615384615385 0.6643835616438356 0.04487179487179487 0.11643835616438356
0 0.9141025641025641 0.634703196347032 0.029487179487179487 0.06164383561643835
0 0.732051282051282 0.728310502283105 0.05512820512820513 0.1552511415525114
0 0.3628205128205128 0.6643835616438356 0.05897435897435897 0.1187214611872146
0 0.6666666666666666 0.7191780821917808 0.05512820512820513 0.1552511415525114
0 0.8564102564102564 0.6757990867579908 0.05512820512820513 0.1552511415525114
0 0.6205128205128205 0.6689497716894978 0.035897435897435895 0.1004566210045662
0 0.03205128205128205 0.867579908675799 0.05897435897435897 0.1187214611872146
0 0.8935897435897436 0.6050228310502284 0.03461538461538462 0.06621004566210045
0 0.09102564102564102 0.6666666666666666 0.04487179487179487 0.11643835616438356
0 0.7653846153846153 0.6210045662100456 0.03461538461538462 0.06621004566210045
0 0.6807692307692308 0.6164383561643836 0.03461538461538462 0.06621004566210045
