0 0.9025 0.7365119196988708 0.007083333333333333 0.011292346298619825
0 0.9504166666666667 0.7208281053952321 0.007083333333333333 0.011292346298619825
0 0.1875 0.7703889585947302 0.007916666666666667 0.015056461731493099
0 0.16833333333333333 0.7107904642409034 0.005 0.008155583437892095
0 0.6820833333333334 0.8130489335006273 0.012083333333333333 0.02070263488080301
0 0.8845833333333334 0.8143036386449184 0.012083333333333333 0.02070263488080301
0 0.24875 0.6298619824341279 0.004583333333333333 0.0075282308657465494
0 0.38916666666666666 0.6430363864491845 0.005 0.010037641154328732
0 0.19333333333333333 0.705771643663739 0.005 0.008155583437892095
0 0.0325 0.6549560853199499 0.005 0.008155583437892095
0 0.73 0.823086574654956 0.012083333333333333 0.02070263488080301
0 0.27791666666666665 0.8055207026348808 0.01 0.01944792973651192
0 0.10666666666666667 0.8030112923462986 0.007083333333333333 0.01191969887076537
0 0.14333333333333334 0.7672521957340025 0.007916666666666667 0.015056461731493099
0 0.35833333333333334 0.6606022584692597 0.004583333333333333 0.0075282308657465494
0 0.25 0.7936010037641155 0.01 0.01944792973651192
0 0.43291666666666667 0.6687578419071518 0.005 0.010037641154328732
0 0.6975 0.6474278544542033 0.004166666666666667 0.009410288582183186
0 0.34125 0.671267252195734 0.004583333333333333 0.008155583437892095
0 0.08291666666666667 0.7296110414052698 0.007083333333333333 0.01191969887076537
0 0.22125 0.7358845671267252 0.007083333333333333 0.01191969887076537
0 0.10791666666666666 0.7622333751568381 0.007916666666666667 0.015056461731493099
0 0.7079166666666666 0.7358845671267252 0.01 0.016938519447929738
0 0.14125 0.6380175658720201 0.004583333333333333 0.0075282308657465494
0 0.5575 0.6775407779171895 0.005 0.010037641154328732
0 0.49541666666666667 0.823086574654956 0.010416666666666666 0.02258469259723965
0 0.44333333333333336 0.7038895859473023 0.01 0.016938519447929738
0 0.9183333333333333 0.8168130489335006 0.012083333333333333 0.02070263488080301
0 0.5033333333333333 0.7515683814303639 0.007083333333333333 0.013174404015056462
0 0.67625 0.6480552070263488 0.005 0.010037641154328732
0 0.19333333333333333 0.6562107904642409 0.005 0.008155583437892095
0 0.43291666666666667 0.6882057716436637 0.005 0.010037641154328732
0 0.24208333333333334 0.6417816813048933 0.005 0.008155583437892095
0 0.5533333333333333 0.759723964868256 0.007083333333333333 0.013174404015056462
0 0.05 0.821831869510665 0.010416666666666666 0.02070263488080301
0 0.22958333333333333 0.8067754077791719 0.010416666666666666 0.02070263488080301
0 0.95125 0.6486825595984943 0.004166666666666667 0.009410288582183186
0 0.6904166666666667 0.8262233375156838 0.012083333333333333 0.02070263488080301
0 0.8133333333333334 0.6555834378920954 0.004166666666666667 0.009410288582183186
0 0.3283333333333333 0.6668757841907151 0.004583333333333333 0.0075282308657465494
0 0.71625 0.6329987452948557 0.004166666666666667 0.009410288582183186
0 0.17 0.7277289836888331 0.007083333333333333 0.01191969887076537
0 0.13166666666666665 0.7697616060225847 0.007916666666666667 0.015056461731493099
0 0.12791666666666668 0.6480552070263488 0.005 0.008155583437892095
0 0.9766666666666667 0.6863237139272271 0.004166666666666667 0.009410288582183186
0 0.7695833333333333 0.7365119196988708 0.007083333333333333 0.011292346298619825
0 0.85625 0.7766624843161857 0.007083333333333333 0.011292346298619825
0 0.37 0.828732747804266 0.01 0.01944792973651192
0 0.18875 0.6480552070263488 0.005 0.008155583437892095
0 0.9516666666666667 0.7967377666248432 0.012083333333333333 0.02070263488080301
0 0.8120833333333334 0.644918444165621 0.004166666666666667 0.009410288582183186
0 0.31166666666666665 0.6461731493099122 0.004583333333333333 0.0075282308657465494
0 0.46958333333333335 0.6499372647427855 0.005 0.010037641154328732
0 0.3358333333333333 0.7979924717691342 0.01 0.01944792973651192
0 0.31166666666666665 0.7396486825595985 0.005833333333333334 0.01066499372647428
0 0.5554166666666667 0.6223337515683814 0.005 0.010037641154328732
0 0.20416666666666666 0.6217063989962359 0.004583333333333333 0.0075282308657465494
0 0.13916666666666666 0.6662484316185696 0.005 0.008155583437892095
0 0.27875 0.7277289836888331 0.004583333333333333 0.0075282308657465494
0 0.7645833333333333 0.676913425345044 0.004166666666666667 0.009410288582183186
0 0.35041666666666665 0.6806775407779172 0.005 0.010037641154328732
0 0.875 0.6543287327478042 0.004166666666666667 0.009410288582183186
0 0.71625 0.6499372647427855 0.004166666666666667 0.009410288582183186
0 0.885 0.7427854454203262 0.007083333333333333 0.011292346298619825
0 0.4166666666666667 0.6606022584692597 0.005 0.010037641154328732
0 0.48541666666666666 0.6442910915934755 0.005 0.010037641154328732
0 0.6154166666666666 0.6154328732747805 0.005 0.010037641154328732
0 0.013333333333333334 0.6587202007528231 0.005 0.008155583437892095
0 0.8891666666666667 0.6649937264742786 0.004166666666666667 0.009410288582183186
0 0.4091666666666667 0.6762860727728983 0.005 0.010037641154328732
0 0.21666666666666667 0.7409033877038896 0.007083333333333333 0.01191969887076537
0 0.5429166666666667 0.8168130489335006 0.010416666666666666 0.02258469259723965
0 0.9670833333333333 0.6687578419071518 0.004166666666666667 0.009410288582183186
0 0.18333333333333332 0.7936010037641155 0.007083333333333333 0.01191969887076537
0 0.8966666666666666 0.740276035131744 0.007083333333333333 0.011292346298619825
0 0.19041666666666668 0.6907151819322459 0.005 0.008155583437892095
0 0.31916666666666665 0.6386449184441656 0.004583333333333333 0.0075282308657465494
0 0.5125 0.7741530740276035 0.007083333333333333 0.013174404015056462
0 0.8883333333333333 0.6474278544542033 0.004166666666666667 0.009410288582183186
0 0.050416666666666665 0.7346298619824341 0.007083333333333333 0.01191969887076537
0 0.9395833333333333 0.6925972396486826 0.004166666666666667 0.009410288582183186
0 0.24166666666666667 0.7973651191969887 0.01 0.01944792973651192
0 0.91 0.6775407779171895 0.004166666666666667 0.009410288582183186
0 0.9808333333333333 0.7340025094102886 0.01 0.016938519447929738
0 0.5779166666666666 0.685069008782936 0.005 0.010037641154328732
0 0.61625 0.78732747804266 0.007083333333333333 0.013174404015056462
0 0.11375 0.8331242158092849 0.010416666666666666 0.02070263488080301
0 0.012916666666666667 0.8061480552070264 0.007083333333333333 0.01191969887076537
0 0.18541666666666667 0.8155583437892095 0.010416666666666666 0.02070263488080301
0 0.0025 0.7979924717691342 0.008333333333333333 0.015683814303638646
0 0.7479166666666667 0.823086574654956 0.012083333333333333 0.02070263488080301
0 0.77875 0.7810539523212046 0.007083333333333333 0.011292346298619825
0 0.21083333333333334 0.671267252195734 0.005 0.008155583437892095
0 0.016666666666666666 0.820577164366374 0.010416666666666666 0.02070263488080301
0 0.40125 0.6587202007528231 0.005 0.010037641154328732
0 0.16625 0.6957340025094103 0.005 0.008155583437892095
0 0.4741666666666667 0.6562107904642409 0.005 0.010037641154328732
0 0.14041666666666666 0.6486825595984943 0.005 0.008155583437892095
0 0.04125 0.6800501882057717 0.005 0.008155583437892095
0 0.20125 0.7427854454203262 0.007083333333333333 0.01191969887076537
0 0.435 0.6612296110414053 0.005 0.010037641154328732
0 0.32208333333333333 0.7365119196988708 0.005833333333333334 0.01066499372647428
0 0.775 0.7302383939774153 0.007083333333333333 0.011292346298619825
0 0.8395833333333333 0.8005018820577164 0.012083333333333333 0.02070263488080301
0 0.2891666666666667 0.6631116687578419 0.004583333333333333 0.0075282308657465494
0 0.8645833333333334 0.7622333751568381 0.007083333333333333 0.011292346298619825
0 0.23708333333333334 0.7283563362609786 0.007083333333333333 0.01191969887076537
0 0.6079166666666667 0.7685069008782937 0.007083333333333333 0.013174404015056462
0 0.04708333333333333 0.6480552070263488 0.005 0.008155583437892095
0 0.1525 0.8161856963613551 0.010416666666666666 0.02070263488080301
0 0.1775 0.6938519447929736 0.005 0.008155583437892095
0 0.26708333333333334 0.6405269761606023 0.004583333333333333 0.0075282308657465494
0 0.08291666666666667 0.6580928481806776 0.005 0.008155583437892095
0 0.165 0.6744040150564617 0.005 0.008155583437892095
0 0.3175 0.6555834378920954 0.004583333333333333 0.0075282308657465494
0 0.21416666666666667 0.6838143036386449 0.005 0.008155583437892095
0 0.6091666666666666 0.795483061480552 0.007083333333333333 0.013174404015056462
0 0.8766666666666667 0.7867001254705144 0.007083333333333333 0.011292346298619825
0 0.7966666666666666 0.7791718946047679 0.007083333333333333 0.011292346298619825
0 0.82875 0.6631116687578419 0.004166666666666667 0.009410288582183186
0 0.535 0.651819322459222 0.005 0.010037641154328732
0 0.085 0.6304893350062736 0.004583333333333333 0.0075282308657465494
0 0.17791666666666667 0.7051442910915935 0.005 0.008155583437892095
0 0.9320833333333334 0.6944792973651192 0.004166666666666667 0.009410288582183186
0 0.18083333333333335 0.6198243412797992 0.004583333333333333 0.0075282308657465494
0 0.1075 0.6875784190715182 0.005 0.008155583437892095
0 0.04583333333333333 0.7258469259723965 0.007083333333333333 0.01191969887076537
0 0.8875 0.6549560853199499 0.004166666666666667 0.009410288582183186
0 0.002916666666666667 0.71267252195734 0.005416666666666667 0.009410288582183186
0 0.5720833333333334 0.7572145545796738 0.007083333333333333 0.013174404015056462
0 0.5204166666666666 0.6543287327478042 0.005 0.010037641154328732
0 0.22041666666666668 0.6662484316185696 0.005 0.008155583437892095
0 0.8375 0.7158092848180677 0.01 0.016938519447929738
0 0.40458333333333335 0.6725219573400251 0.005 0.010037641154328732
0 0.28 0.6493099121706399 0.004583333333333333 0.0075282308657465494
0 0.8541666666666666 0.7929736511919699 0.007083333333333333 0.011292346298619825
0 0.39958333333333335 0.823086574654956 0.01 0.01944792973651192
0 0.6304166666666666 0.6731493099121706 0.005 0.010037641154328732
0 0.48875 0.7992471769134254 0.010416666666666666 0.02258469259723965
0 0.40958333333333335 0.6549560853199499 0.005 0.010037641154328732
0 0.22458333333333333 0.6417816813048933 0.005 0.008155583437892095
0 0.04708333333333333 0.6700125470514429 0.005 0.008155583437892095
0 0.6379166666666667 0.6411543287327478 0.005 0.010037641154328732
0 0.16291666666666665 0.8136762860727729 0.010416666666666666 0.02070263488080301
0 0.49833333333333335 0.7804265997490589 0.007083333333333333 0.013174404015056462
0 0.037083333333333336 0.7973651191969887 0.007083333333333333 0.01191969887076537
0 0.17708333333333334 0.8061480552070264 0.010416666666666666 0.02070263488080301
0 0.23166666666666666 0.617314930991217 0.004583333333333333 0.0075282308657465494
0 0.35833333333333334 0.6122961104140527 0.004583333333333333 0.0075282308657465494
0 0.19583333333333333 0.7327478042659975 0.007083333333333333 0.01191969887076537
0 0.37833333333333335 0.6530740276035132 0.005 0.010037641154328732
0 0.9925 0.7095357590966123 0.004166666666666667 0.009410288582183186
0 0.8708333333333333 0.6731493099121706 0.004166666666666667 0.009410288582183186
0 0.5191666666666667 0.7860727728983689 0.007083333333333333 0.013174404015056462
0 0.8125 0.6813048933500627 0.004166666666666667 0.009410288582183186
0 0.0925 0.6217063989962359 0.005 0.008155583437892095
0 0.15458333333333332 0.7653701380175659 0.007916666666666667 0.015056461731493099
0 0.7666666666666667 0.6612296110414053 0.004166666666666667 0.009410288582183186
0 0.034583333333333334 0.7189460476787954 0.005 0.008155583437892095
0 0.28 0.7465495608531995 0.00875 0.01631116687578419
0 0.0525 0.7885821831869511 0.007916666666666667 0.015056461731493099
0 0.83375 0.78732747804266 0.007083333333333333 0.011292346298619825
0 0.23166666666666666 0.671267252195734 0.005 0.008155583437892095
0 0.49375 0.739021329987453 0.007083333333333333 0.013174404015056462
0 0.11125 0.794228356336261 0.007083333333333333 0.01191969887076537
0 0.42625 0.6787954830614805 0.005 0.010037641154328732
0 0.3104166666666667 0.6549560853199499 0.004583333333333333 0.0075282308657465494
0 0.20208333333333334 0.6317440401505646 0.004583333333333333 0.0075282308657465494
0 0.5170833333333333 0.739021329987453 0.007083333333333333 0.013174404015056462
0 0.21166666666666667 0.6304893350062736 0.004583333333333333 0.0075282308657465494
0 0.15625 0.7979924717691342 0.007083333333333333 0.01191969887076537
0 0.1775 0.6744040150564617 0.005 0.008155583437892095
0 0.7104166666666667 0.7534504391468005 0.01 0.016938519447929738
0 0.10916666666666666 0.6468005018820577 0.005 0.008155583437892095
0 0.11166666666666666 0.6744040150564617 0.005 0.008155583437892095
0 0.034166666666666665 0.6706398996235885 0.005 0.008155583437892095
0 0.20166666666666666 0.6863237139272271 0.005 0.008155583437892095
0 0.95125 0.7528230865746549 0.007083333333333333 0.011292346298619825
0 0.97125 0.7848180677540778 0.01 0.016938519447929738
0 0.26958333333333334 0.6562107904642409 0.004583333333333333 0.0075282308657465494
0 0.2075 0.7440401505646174 0.007083333333333333 0.01191969887076537
0 0.6154166666666666 0.6762860727728983 0.005 0.010037641154328732
0 0.05583333333333333 0.6744040150564617 0.005 0.008155583437892095
0 0.29 0.7340025094102886 0.005833333333333334 0.01066499372647428
0 0.34208333333333335 0.6555834378920954 0.004583333333333333 0.0075282308657465494
0 0.04416666666666667 0.6587202007528231 0.005 0.008155583437892095
0 0.9175 0.6825595984943539 0.004166666666666667 0.009410288582183186
0 0.042083333333333334 0.7885821831869511 0.007916666666666667 0.015056461731493099
0 0.12333333333333334 0.6681304893350063 0.005 0.008155583437892095
0 0.79875 0.7979924717691342 0.012083333333333333 0.02070263488080301
0 0.65875 0.685069008782936 0.005 0.010037641154328732
0 0.06541666666666666 0.801129234629862 0.007083333333333333 0.01191969887076537
0 0.58875 0.7766624843161857 0.007083333333333333 0.013174404015056462
0 0.8779166666666667 0.6919698870765371 0.004166666666666667 0.009410288582183186
0 0.27125 0.8111668757841907 0.01 0.01944792973651192
0 0.63375 0.7779171894604768 0.007083333333333333 0.013174404015056462
0 0.8358333333333333 0.6480552070263488 0.004166666666666667 0.009410288582183186
0 0.59375 0.7697616060225847 0.007083333333333333 0.013174404015056462
0 0.235 0.8005018820577164 0.007083333333333333 0.01191969887076537
0 0.3645833333333333 0.6555834378920954 0.005 0.010037641154328732
0 0.007083333333333333 0.6737766624843162 0.005 0.008155583437892095
0 0.94875 0.6631116687578419 0.004166666666666667 0.009410288582183186
0 0.24833333333333332 0.6737766624843162 0.005 0.008155583437892095
0 0.07833333333333334 0.7176913425345044 0.005 0.008155583437892095
0 0.4975 0.7979924717691342 0.007083333333333333 0.013174404015056462
0 0.8279166666666666 0.678168130489335 0.004166666666666667 0.009410288582183186
0 0.6654166666666667 0.6355081555834379 0.005 0.010037641154328732
0 0.1825 0.7396486825595985 0.007083333333333333 0.01191969887076537
0 0.2325 0.760978670012547 0.007916666666666667 0.015056461731493099
0 0.76625 0.8136762860727729 0.012083333333333333 0.02070263488080301
0 0.7829166666666667 0.6706398996235885 0.004166666666666667 0.009410288582183186
0 0.63 0.8030112923462986 0.010416666666666666 0.02258469259723965
0 0.9025 0.6800501882057717 0.004166666666666667 0.009410288582183186
0 0.002916666666666667 0.8130489335006273 0.007916666666666667 0.014429109159347553
0 0.31916666666666665 0.6618569636135508 0.004583333333333333 0.0075282308657465494
0 0.02875 0.6775407779171895 0.005 0.008155583437892095
0 0.7641666666666667 0.7923462986198243 0.007083333333333333 0.011292346298619825
0 0.059583333333333335 0.7672521957340025 0.007916666666666667 0.015056461731493099
0 0.01625 0.7559598494353826 0.007916666666666667 0.015056461731493099
0 0.7175 0.7371392722710163 0.01 0.016938519447929738
0 0.6658333333333334 0.8124215809284818 0.012083333333333333 0.02070263488080301
0 0.18583333333333332 0.7208281053952321 0.005 0.008155583437892095
0 0.6375 0.6656210790464241 0.005 0.010037641154328732
0 0.7075 0.6825595984943539 0.004166666666666667 0.009410288582183186
0 0.2995833333333333 0.7340025094102886 0.005833333333333334 0.010037641154328732
0 0.90125 0.6687578419071518 0.004166666666666667 0.009410288582183186
0 0.5108333333333334 0.7979924717691342 0.007083333333333333 0.013174404015056462
0 0.7495833333333334 0.664366373902133 0.004166666666666667 0.009410288582183186
0 0.52125 0.766624843161857 0.007083333333333333 0.013174404015056462
0 0.9925 0.7001254705144291 0.004166666666666667 0.009410288582183186
0 0.22041666666666668 0.8143036386449184 0.010416666666666666 0.02070263488080301
0 0.17791666666666667 0.7145545796737767 0.005 0.008155583437892095
0 0.77375 0.6737766624843162 0.004166666666666667 0.009410288582183186
0 0.6429166666666667 0.6468005018820577 0.005 0.010037641154328732
0 0.00375 0.7578419071518193 0.007916666666666667 0.015056461731493099
0 0.9145833333333333 0.7973651191969887 0.012083333333333333 0.02070263488080301
0 0.15791666666666668 0.6486825595984943 0.005 0.008155583437892095
0 0.44416666666666665 0.8074027603513174 0.01 0.01944792973651192
0 0.4025 0.6587202007528231 0.005 0.010037641154328732
0 0.8766666666666667 0.6700125470514429 0.004166666666666667 0.009410288582183186
0 0.8370833333333333 0.6894604767879549 0.004166666666666667 0.009410288582183186
0 0.5795833333333333 0.6342534504391468 0.005 0.010037641154328732
0 0.9475 0.8099121706398996 0.012083333333333333 0.02070263488080301
0 0.9416666666666667 0.6976160602258469 0.004166666666666667 0.009410288582183186
0 0.8258333333333333 0.6480552070263488 0.004166666666666667 0.009410288582183186
0 0.8270833333333333 0.814930991217064 0.012083333333333333 0.02070263488080301
0 0.33166666666666667 0.6537013801756587 0.004583333333333333 0.0075282308657465494
0 0.48625 0.8130489335006273 0.010416666666666666 0.02258469259723965
0 0.5095833333333334 0.8199498117942283 0.010416666666666666 0.02258469259723965
0 0.59 0.6493099121706399 0.005 0.010037641154328732
0 0.6991666666666667 0.6524466750313677 0.004166666666666667 0.009410288582183186
0 0.13833333333333334 0.6894604767879549 0.005 0.008155583437892095
0 0.8920833333333333 0.760978670012547 0.007083333333333333 0.011292346298619825
0 0.21083333333333334 0.6555834378920954 0.005 0.008155583437892095
0 0.07291666666666667 0.6725219573400251 0.005 0.008155583437892095
0 0.021666666666666667 0.6693851944792973 0.005 0.008155583437892095
0 0.9870833333333333 0.8080301129234629 0.012083333333333333 0.02070263488080301
0 0.44208333333333333 0.6537013801756587 0.005 0.010037641154328732
0 0.42375 0.6530740276035132 0.005 0.010037641154328732
0 0.96125 0.6555834378920954 0.004166666666666667 0.009410288582183186
0 0.0175 0.6555834378920954 0.005 0.008155583437892095
0 0.034583333333333334 0.6951066499372648 0.005 0.008155583437892095
0 0.17125 0.6524466750313677 0.005 0.008155583437892095
0 0.21958333333333332 0.8036386449184442 0.007083333333333333 0.01191969887076537
0 0.25 0.6493099121706399 0.004583333333333333 0.0075282308657465494
0 0.6045833333333334 0.6474278544542033 0.005 0.010037641154328732
0 0.0675 0.8174404015056461 0.010416666666666666 0.02070263488080301
0 0.5641666666666667 0.7371392722710163 0.007083333333333333 0.013174404015056462
0 0.56875 0.8017565872020075 0.010416666666666666 0.02258469259723965
0 0.5395833333333333 0.7371392722710163 0.007083333333333333 0.013174404015056462
0 0.27541666666666664 0.6919698870765371 0.004583333333333333 0.0075282308657465494
0 0.15875 0.6900878293601004 0.005 0.008155583437892095
0 0.9579166666666666 0.8193224592220828 0.012083333333333333 0.02070263488080301
0 0.7341666666666666 0.6593475533249686 0.004166666666666667 0.009410288582183186
0 0.3120833333333333 0.7867001254705144 0.007916666666666667 0.015056461731493099
0 0.8691666666666666 0.7503136762860728 0.007083333333333333 0.011292346298619825
0 0.6495833333333333 0.6298619824341279 0.005 0.010037641154328732
0 0.3745833333333333 0.6461731493099122 0.005 0.010037641154328732
0 0.54 0.6461731493099122 0.005 0.010037641154328732
0 0.8308333333333333 0.794228356336261 0.007083333333333333 0.011292346298619825
0 0.5854166666666667 0.7478042659974906 0.007083333333333333 0.013174404015056462
0 0.5408333333333334 0.6932245922208281 0.01 0.016938519447929738
0 0.5254166666666666 0.6380175658720201 0.005 0.010037641154328732
0 0.36875 0.7979924717691342 0.01 0.01944792973651192
0 0.6108333333333333 0.8199498117942283 0.010416666666666666 0.02258469259723965
0 0.24916666666666668 0.6831869510664994 0.005 0.008155583437892095
0 0.18875 0.739021329987453 0.007083333333333333 0.01191969887076537
0 0.5870833333333333 0.685069008782936 0.005 0.010037641154328732
0 0.6120833333333333 0.8061480552070264 0.010416666666666666 0.02258469259723965
0 0.2275 0.7760351317440402 0.007916666666666667 0.015056461731493099
0 0.5179166666666667 0.7936010037641155 0.007083333333333333 0.013174404015056462
0 0.78875 0.6493099121706399 0.004166666666666667 0.009410288582183186
0 0.3725 0.8105395232120451 0.01 0.01944792973651192
0 0.18625 0.7565872020075283 0.007916666666666667 0.015056461731493099
0 0.5566666666666666 0.6411543287327478 0.005 0.010037641154328732
0 0.5520833333333334 0.6511919698870765 0.005 0.010037641154328732
0 0.2708333333333333 0.7314930991217063 0.006666666666666667 0.012547051442910916
0 0.18625 0.7289836888331243 0.007083333333333333 0.01191969887076537
0 0.2791666666666667 0.7107904642409034 0.004583333333333333 0.0075282308657465494
0 0.9245833333333333 0.7948557089084065 0.007083333333333333 0.011292346298619825
0 0.6579166666666667 0.6618569636135508 0.005 0.010037641154328732
0 0.5483333333333333 0.6624843161856964 0.005 0.010037641154328732
0 0.195 0.7183186951066499 0.005 0.008155583437892095
0 0.006666666666666667 0.8299874529485571 0.007083333333333333 0.01191969887076537
0 0.58125 0.6675031367628608 0.005 0.010037641154328732
0 0.10958333333333334 0.6675031367628608 0.005 0.008155583437892095
0 0.07666666666666666 0.7302383939774153 0.007083333333333333 0.01191969887076537
0 0.72 0.6631116687578419 0.004166666666666667 0.009410288582183186
0 0.10958333333333334 0.6292346298619824 0.004583333333333333 0.0075282308657465494
0 0.5758333333333333 0.6537013801756587 0.005 0.010037641154328732
0 0.225 0.651819322459222 0.005 0.008155583437892095
0 0.9958333333333333 0.7189460476787954 0.01 0.016938519447929738
0 0.8879166666666667 0.676913425345044 0.004166666666666667 0.009410288582183186
0 0.6016666666666667 0.6681304893350063 0.005 0.010037641154328732
0 0.0025 0.7365119196988708 0.00625 0.01066499372647428
0 0.9904166666666666 0.7747804265997491 0.01 0.016938519447929738
0 0.49833333333333335 0.7892095357590966 0.007083333333333333 0.013174404015056462
0 0.19166666666666668 0.6819322459222082 0.005 0.008155583437892095
0 0.13333333333333333 0.6323713927227101 0.004583333333333333 0.0075282308657465494
0 0.6958333333333333 0.6913425345043914 0.004166666666666667 0.009410288582183186
0 0.09666666666666666 0.7521957340025094 0.007916666666666667 0.015056461731493099
0 0.56375 0.651819322459222 0.005 0.010037641154328732
0 0.05458333333333333 0.7346298619824341 0.007083333333333333 0.01191969887076537
0 0.7595833333333334 0.6524466750313677 0.004166666666666667 0.009410288582183186
0 0.88125 0.7747804265997491 0.007083333333333333 0.011292346298619825
0 0.7675 0.6486825595984943 0.004166666666666667 0.009410288582183186
0 0.6445833333333333 0.671267252195734 0.005 0.010037641154328732
0 0.11583333333333333 0.8161856963613551 0.010416666666666666 0.02070263488080301
0 0.81 0.6687578419071518 0.004166666666666667 0.009410288582183186
0 0.20333333333333334 0.6737766624843162 0.005 0.008155583437892095
0 0.9041666666666667 0.7578419071518193 0.007083333333333333 0.011292346298619825
0 0.09875 0.6687578419071518 0.005 0.008155583437892095
0 0.8275 0.6919698870765371 0.004166666666666667 0.009410288582183186
0 0.2833333333333333 0.657465495608532 0.004583333333333333 0.0075282308657465494
0 0.9991666666666666 0.7296110414052698 0.01 0.016938519447929738
0 0.25833333333333336 0.6549560853199499 0.004583333333333333 0.0075282308657465494
0 0.7554166666666666 0.6900878293601004 0.004166666666666667 0.009410288582183186
0 0.845 0.7854454203262233 0.007083333333333333 0.011292346298619825
0 0.50375 0.651819322459222 0.005 0.010037641154328732
0 0.49875 0.767879548306148 0.007083333333333333 0.013174404015056462
0 0.05333333333333334 0.8030112923462986 0.007083333333333333 0.01191969887076537
0 0.6583333333333333 0.676913425345044 0.005 0.010037641154328732
0 0.8179166666666666 0.7892095357590966 0.007083333333333333 0.011292346298619825
0 0.4483333333333333 0.6925972396486826 0.005 0.010037641154328732
0 0.14458333333333334 0.678168130489335 0.005 0.008155583437892095
0 0.20875 0.8281053952321205 0.010416666666666666 0.02070263488080301
