0 0.2032301480484522 0.7158469945355191 0.004710632570659489 0.01092896174863388
0 0.1971736204576043 0.8779599271402551 0.02220726783310902 0.07468123861566485
0 0.21063257065948857 0.9216757741347905 0.02220726783310902 0.07468123861566485
0 0.7146702557200538 0.7832422586520947 0.010767160161507403 0.03278688524590164
0 0.16890982503364738 0.75591985428051 0.016823687752355317 0.03825136612021858
0 0.34791386271870794 0.9089253187613844 0.010767160161507403 0.03460837887067395
0 0.6332436069986541 0.8524590163934426 0.028936742934051143 0.0965391621129326
0 0.6372812920592194 0.8087431693989071 0.028936742934051143 0.0965391621129326
0 0.5531628532974427 0.8724954462659381 0.01547779273216689 0.04553734061930783
0 0.7059219380888291 0.8051001821493625 0.010767160161507403 0.03278688524590164
0 0.6756393001345895 0.7905282331511839 0.01816958277254374 0.058287795992714025
0 0.6534320323014805 0.7923497267759563 0.010767160161507403 0.03278688524590164
0 0.648721399730821 0.7832422586520947 0.010767160161507403 0.03278688524590164
0 0.8593539703903096 0.7395264116575592 0.017496635262449527 0.056466302367941715
0 0.8674293405114402 0.8979963570127505 0.04306864064602961 0.0965391621129326
0 0.6870794078061911 0.7814207650273224 0.01816958277254374 0.058287795992714025
0 0.5100942126514132 0.8633879781420765 0.008075370121130552 0.020036429872495445
0 0.65814266487214 0.761384335154827 0.010767160161507403 0.03278688524590164
0 0.4629878869448183 0.8615664845173042 0.016150740242261104 0.04735883424408015
0 0.5242261103633916 0.8597449908925319 0.008075370121130552 0.020036429872495445
0 0.7314939434724091 0.7795992714025501 0.010767160161507403 0.03278688524590164
0 0.8728129205921938 0.7923497267759563 0.016823687752355317 0.07468123861566485
0 0.31561238223418575 0.8925318761384335 0.010767160161507403 0.03460837887067395
0 0.7240915208613729 0.8123861566484517 0.010767160161507403 0.025500910746812388
0 0.6534320323014805 0.8615664845173042 0.028936742934051143 0.0965391621129326
0 0.06796769851951548 0.5865209471766849 0.007402422611036339 0.018214936247723135
0 0.639300134589502 0.7668488160291439 0.010767160161507403 0.03278688524590164
0 0.4347240915208614 0.8287795992714025 0.018842530282637954 0.06557377049180328
0 0.8909825033647375 0.8415300546448088 0.016823687752355317 0.07468123861566485
0 0.11036339165545088 0.5865209471766849 0.007402422611036339 0.018214936247723135
0 0.7328398384925976 0.7941712204007286 0.010767160161507403 0.025500910746812388
0 0.693135935397039 0.8214936247723132 0.01816958277254374 0.058287795992714025
0 0.4979811574697174 0.8761384335154827 0.008075370121130552 0.020036429872495445
0 0.6359353970390309 0.785063752276867 0.010767160161507403 0.03278688524590164
0 0.8270524899057874 0.9726775956284153 0.04306864064602961 0.0965391621129326
0 0.6480484522207268 0.7668488160291439 0.010767160161507403 0.03278688524590164
0 0.15679676985195154 0.8652094717668488 0.02220726783310902 0.07468123861566485
0 0.9865410497981157 0.7868852459016393 0.009421265141318977 0.020036429872495445
0 0.039703903095558546 0.4918032786885246 0.007402422611036339 0.018214936247723135
0 0.9616419919246298 0.9052823315118397 0.039030955585464336 0.1384335154826958
0 0.38694481830417227 0.9016393442622951 0.010767160161507403 0.03460837887067395
