0 0.35646687697160884 0.02631578947368421 0.03627760252365931 0.07894736842105263
0 0.18454258675078863 0.2026315789473684 0.03627760252365931 0.07894736842105263
0 0.24132492113564669 0.44473684210526315 0.04258675078864353 0.07631578947368421
0 0.21608832807570977 0.12894736842105264 0.03627760252365931 0.07894736842105263
0 0.7933753943217665 0.07631578947368421 0.03627760252365931 0.07894736842105263
0 0.7050473186119873 0.12105263157894737 0.03627760252365931 0.07894736842105263
0 0.1861198738170347 0.007894736842105263 0.03627760252365931 0.07894736842105263
0 0.48580441640378547 0.9763157894736842 0.033123028391167195 0.07631578947368421
0 0.45741324921135645 0.8736842105263158 0.033123028391167195 0.07631578947368421
0 0.9258675078864353 0.060526315789473685 0.03627760252365931 0.07894736842105263
0 0.8375394321766562 0.28157894736842104 0.03627760252365931 0.07894736842105263
0 0.3580441640378549 0.8921052631578947 0.033123028391167195 0.07631578947368421
0 0.5662460567823344 0.3868421052631579 0.04258675078864353 0.07631578947368421
0 0.26025236593059936 0.3973684210526316 0.04258675078864353 0.07631578947368421
0 0.09936908517350158 0.14210526315789473 0.03627760252365931 0.07894736842105263
0 0.04100946372239748 0.34210526315789475 0.03627760252365931 0.07894736842105263
0 0.028391167192429023 0.7526315789473684 0.033123028391167195 0.07631578947368421
0 0.5173501577287066 0.0868421052631579 0.03627760252365931 0.07894736842105263
0 0.2949526813880126 0.6342105263157894 0.033123028391167195 0.07631578947368421
0 0.9258675078864353 0.8526315789473684 0.033123028391167195 0.07631578947368421
0 0.47791798107255523 0.013157894736842105 0.03627760252365931 0.07894736842105263
0 0.5394321766561514 0.4473684210526316 0.04258675078864353 0.07631578947368421
0 0.27287066246056785 0.9578947368421052 0.033123028391167195 0.07631578947368421
0 0.12933753943217666 0.6710526315789473 0.033123028391167195 0.07631578947368421
0 0.5236593059936908 0.8473684210526315 0.033123028391167195 0.07631578947368421
0 0.9321766561514195 0.3078947368421053 0.03627760252365931 0.07894736842105263
0 0.6324921135646687 0.6973684210526315 0.033123028391167195 0.07631578947368421
0 0.3264984227129338 0.7236842105263158 0.033123028391167195 0.07631578947368421
0 0.05362776025236593 0.5763157894736842 0.04258675078864353 0.07631578947368421
0 0.9826498422712934 0.8078947368421052 0.033123028391167195 0.07631578947368421
0 0.16246056782334384 0.5605263157894737 0.04258675078864353 0.07631578947368421
0 0.08517350157728706 0.42105263157894735 0.04258675078864353 0.07631578947368421
0 0.4400630914826498 0.0868421052631579 0.03627760252365931 0.07894736842105263
0 0.8107255520504731 0.11052631578947368 0.03627760252365931 0.07894736842105263
0 0.973186119873817 0.16842105263157894 0.03627760252365931 0.07894736842105263
0 0.2334384858044164 0.30526315789473685 0.03627760252365931 0.07894736842105263
0 0.6041009463722398 0.22105263157894736 0.03627760252365931 0.07894736842105263
0 0.6088328075709779 0.039473684210526314 0.03627760252365931 0.07894736842105263
0 0.33753943217665616 0.5473684210526316 0.04258675078864353 0.07631578947368421
0 0.6261829652996845 0.031578947368421054 0.03627760252365931 0.07894736842105263
0 0.41798107255520506 0.5210526315789473 0.04258675078864353 0.07631578947368421
0 0.44637223974763407 0.17105263157894737 0.03627760252365931 0.07894736842105263
0 0.20347003154574134 0.7578947368421053 0.033123028391167195 0.07631578947368421
0 0.03943217665615142 0.6894736842105263 0.033123028391167195 0.07631578947368421
0 0.5173501577287066 0.5578947368421052 0.04258675078864353 0.07631578947368421
0 0.3990536277602524 0.9894736842105263 0.033123028391167195 0.07631578947368421
0 0.02050473186119874 0.41842105263157897 0.04100946372239748 0.07631578947368421
0 0.42113564668769715 0.4105263157894737 0.04258675078864353 0.07631578947368421
0 0.5473186119873817 0.15789473684210525 0.03627760252365931 0.07894736842105263
0 0.7397476340694006 0.5052631578947369 0.04258675078864353 0.07631578947368421
0 0.8801261829652997 0.7657894736842106 0.033123028391167195 0.07631578947368421
0 0.7602523659305994 0.12105263157894737 0.03627760252365931 0.07894736842105263
0 0.3249211356466877 0.8131578947368421 0.033123028391167195 0.07631578947368421
0 0.050473186119873815 0.9578947368421052 0.033123028391167195 0.07631578947368421
0 0.2665615141955836 0.20526315789473684 0.03627760252365931 0.07894736842105263
0 0.44637223974763407 0.3894736842105263 0.04258675078864353 0.07631578947368421
0 0.526813880126183 0.24736842105263157 0.03627760252365931 0.07894736842105263
0 0.6750788643533123 0.4710526315789474 0.04258675078864353 0.07631578947368421
0 0.23186119873817035 0.618421052631579 0.033123028391167195 0.07631578947368421
0 0.8233438485804416 0.868421052631579 0.033123028391167195 0.07631578947368421
0 0.7034700315457413 0.3631578947368421 0.04258675078864353 0.07631578947368421
0 0.04416403785488959 0.8789473684210526 0.033123028391167195 0.07631578947368421
0 0.11041009463722397 0.718421052631579 0.033123028391167195 0.07631578947368421
0 0.6056782334384858 0.12105263157894737 0.03627760252365931 0.07894736842105263
0 0.5962145110410094 0.4473684210526316 0.04258675078864353 0.07631578947368421
0 0.29337539432176657 0.021052631578947368 0.03627760252365931 0.07894736842105263
0 0.2744479495268139 0.9368421052631579 0.033123028391167195 0.07631578947368421
0 0.6876971608832808 0.6447368421052632 0.033123028391167195 0.07631578947368421
0 0.1309148264984227 0.5184210526315789 0.04258675078864353 0.07631578947368421
0 0.9952681388012619 0.3131578947368421 0.03627760252365931 0.07894736842105263
0 0.3548895899053628 0.781578947368421 0.033123028391167195 0.07631578947368421
0 0.8201892744479495 0.02894736842105263 0.03627760252365931 0.07894736842105263
0 0.8264984227129337 0.9526315789473684 0.033123028391167195 0.07631578947368421
0 0.8012618296529969 0.17105263157894737 0.03627760252365931 0.07894736842105263
0 0.9905362776025236 0.8842105263157894 0.033123028391167195 0.07631578947368421
0 0.7602523659305994 0.5710526315789474 0.04258675078864353 0.07631578947368421
0 0.0031545741324921135 0.30526315789473685 0.04100946372239748 0.07631578947368421
0 0.22082018927444794 0.8473684210526315 0.033123028391167195 0.07631578947368421
0 0.1498422712933754 0.6263157894736842 0.033123028391167195 0.07631578947368421
0 0.305993690851735 0.09210526315789473 0.03627760252365931 0.07894736842105263
0 0.33280757097791797 0.48157894736842105 0.04258675078864353 0.07631578947368421
0 0.18454258675078863 0.4236842105263158 0.04258675078864353 0.07631578947368421
0 0.13564668769716087 0.3473684210526316 0.03627760252365931 0.07894736842105263
0 0.943217665615142 0.46842105263157896 0.04100946372239748 0.07631578947368421
0 0.6624605678233438 0.8 0.033123028391167195 0.07631578947368421
0 0.8217665615141956 0.6894736842105263 0.033123028391167195 0.07631578947368421
0 0.07728706624605679 0.19736842105263158 0.03627760252365931 0.07894736842105263
0 0.04574132492113565 0.8105263157894737 0.033123028391167195 0.07631578947368421
0 0.007886435331230283 0.013157894736842105 0.03627760252365931 0.07894736842105263
0 0.38485804416403785 0.47368421052631576 0.04258675078864353 0.07631578947368421
0 0.3580441640378549 0.6263157894736842 0.033123028391167195 0.07631578947368421
0 0.5615141955835962 0.41578947368421054 0.04258675078864353 0.07631578947368421
0 0.2807570977917981 0.09736842105263158 0.03627760252365931 0.07894736842105263
0 0.21293375394321767 0.034210526315789476 0.03627760252365931 0.07894736842105263
0 0.5962145110410094 0.8421052631578947 0.033123028391167195 0.07631578947368421
0 0.6908517350157729 0.531578947368421 0.04258675078864353 0.07631578947368421
0 0.7413249211356467 0.7447368421052631 0.033123028391167195 0.07631578947368421
0 0.7602523659305994 0.868421052631579 0.033123028391167195 0.07631578947368421
0 0.861198738170347 0.5157894736842106 0.04258675078864353 0.07631578947368421
0 0.9873817034700315 0.43157894736842106 0.03943217665615142 0.07631578947368421
0 0.6072555205047319 0.9657894736842105 0.033123028391167195 0.07631578947368421
0 0.20662460567823343 0.6710526315789473 0.033123028391167195 0.07631578947368421
0 0.6340694006309149 0.1631578947368421 0.03627760252365931 0.07894736842105263
0 0.7917981072555205 0.5157894736842106 0.04258675078864353 0.07631578947368421
0 0.006309148264984227 0.65 0.03785488958990536 0.07631578947368421
0 0.15772870662460567 0.2868421052631579 0.03627760252365931 0.07894736842105263
0 0.20504731861198738 0.35 0.03627760252365931 0.07894736842105263
0 0.00473186119873817 0.8842105263157894 0.033123028391167195 0.07631578947368421
0 0.9085173501577287 0.35526315789473684 0.03627760252365931 0.07894736842105263
0 0.6261829652996845 0.9131578947368421 0.033123028391167195 0.07631578947368421
0 0.7176656151419558 0.9763157894736842 0.033123028391167195 0.07631578947368421
0 0.5914826498422713 0.5236842105263158 0.04258675078864353 0.07631578947368421
0 0.2113564668769716 0.4368421052631579 0.04258675078864353 0.07631578947368421
0 0.7712933753943217 0.02631578947368421 0.03627760252365931 0.07894736842105263
0 0.610410094637224 0.37105263157894736 0.04258675078864353 0.07631578947368421
0 0.18454258675078863 0.7368421052631579 0.033123028391167195 0.07631578947368421
0 0.0015772870662460567 0.4368421052631579 0.04100946372239748 0.07631578947368421
0 0.9495268138801262 0.5447368421052632 0.04100946372239748 0.07631578947368421
0 0.9621451104100947 0.0868421052631579 0.03627760252365931 0.07894736842105263
0 0.4227129337539432 0.060526315789473685 0.03627760252365931 0.07894736842105263
0 0.7618296529968455 0.4236842105263158 0.04258675078864353 0.07631578947368421
0 0.7886435331230284 0.45526315789473687 0.04258675078864353 0.07631578947368421
0 0.9542586750788643 0.6631578947368421 0.033123028391167195 0.07631578947368421
0 0.7192429022082019 0.05789473684210526 0.03627760252365931 0.07894736842105263
0 0.9258675078864353 0.7736842105263158 0.033123028391167195 0.07631578947368421
0 0.5094637223974764 0.4921052631578947 0.04258675078864353 0.07631578947368421
0 0.06309148264984227 0.4921052631578947 0.04258675078864353 0.07631578947368421
0 0.05993690851735016 0.042105263157894736 0.03627760252365931 0.07894736842105263
0 0.42586750788643535 0.3368421052631579 0.03627760252365931 0.07894736842105263
0 0.10725552050473186 0.4052631578947368 0.04258675078864353 0.07631578947368421
0 0.17981072555205047 0.1394736842105263 0.03627760252365931 0.07894736842105263
0 0.8375394321766562 0.3684210526315789 0.04258675078864353 0.07631578947368421
0 0.1056782334384858 0.8 0.033123028391167195 0.07631578947368421
0 0.02365930599369085 0.4921052631578947 0.04258675078864353 0.07631578947368421
0 0.0946372239747634 0.49473684210526314 0.04258675078864353 0.07631578947368421
0 0.831230283911672 0.7631578947368421 0.033123028391167195 0.07631578947368421
0 0.007886435331230283 0.5368421052631579 0.03943217665615142 0.07631578947368421
0 0.38170347003154576 0.04736842105263158 0.03627760252365931 0.07894736842105263
0 0.2192429022082019 0.5394736842105263 0.04258675078864353 0.07631578947368421
0 0.34069400630914826 0.18947368421052632 0.03627760252365931 0.07894736842105263
0 0.9369085173501577 0.14210526315789473 0.03627760252365931 0.07894736842105263
0 0.8769716088328076 0.14473684210526316 0.03627760252365931 0.07894736842105263
0 0.15457413249211358 0.039473684210526314 0.03627760252365931 0.07894736842105263
0 0.3785488958990536 0.6052631578947368 0.04258675078864353 0.07631578947368421
0 0.31545741324921134 0.42894736842105263 0.04258675078864353 0.07631578947368421
0 0.2192429022082019 0.9868421052631579 0.033123028391167195 0.07631578947368421
0 0.3627760252365931 0.25526315789473686 0.03627760252365931 0.07894736842105263
0 0.8738170347003155 0.2736842105263158 0.03627760252365931 0.07894736842105263
0 0.8675078864353313 0.4394736842105263 0.04258675078864353 0.07631578947368421
0 0.15772870662460567 0.4421052631578947 0.04258675078864353 0.07631578947368421
0 0.14668769716088328 0.7131578947368421 0.033123028391167195 0.07631578947368421
0 0.5362776025236593 0.3894736842105263 0.04258675078864353 0.07631578947368421
0 0.5205047318611987 0.9394736842105263 0.033123028391167195 0.07631578947368421
0 0.6056782334384858 0.5842105263157895 0.04258675078864353 0.07631578947368421
0 0.2634069400630915 0.5078947368421053 0.04258675078864353 0.07631578947368421
0 0.8943217665615142 0.034210526315789476 0.03627760252365931 0.07894736842105263
0 0.11198738170347003 0.09210526315789473 0.03627760252365931 0.07894736842105263
0 0.49053627760252366 0.6105263157894737 0.033123028391167195 0.07631578947368421
0 0.6987381703470031 0.20789473684210527 0.03627760252365931 0.07894736842105263
0 0.8753943217665615 0.5894736842105263 0.04258675078864353 0.07631578947368421
0 0.35173501577287064 0.39210526315789473 0.04258675078864353 0.07631578947368421
0 0.7318611987381703 0.7921052631578948 0.033123028391167195 0.07631578947368421
0 0.05993690851735016 0.42105263157894735 0.04258675078864353 0.07631578947368421
0 0.45741324921135645 0.5421052631578948 0.04258675078864353 0.07631578947368421
