0 0.9705555555555555 0.3795121951219512 0.009444444444444445 0.021463414634146343
0 0.17333333333333334 0.9102439024390244 0.012222222222222223 0.025365853658536587
0 0.5488888888888889 0.05951219512195122 0.010555555555555556 0.01951219512195122
0 0.34 0.19121951219512195 0.010555555555555556 0.01951219512195122
0 0.18833333333333332 0.38439024390243903 0.009444444444444445 0.021463414634146343
0 0.28888888888888886 0.6995121951219512 0.012222222222222223 0.025365853658536587
0 0.13944444444444445 0.18926829268292683 0.010555555555555556 0.01951219512195122
0 0.14833333333333334 0.8302439024390244 0.012222222222222223 0.025365853658536587
0 0.022222222222222223 0.5014634146341463 0.009444444444444445 0.021463414634146343
0 0.4411111111111111 0.568780487804878 0.012222222222222223 0.025365853658536587
0 0.5994444444444444 0.5395121951219513 0.012222222222222223 0.025365853658536587
0 0.3244444444444444 0.5180487804878049 0.012222222222222223 0.025365853658536587
0 0.9227777777777778 0.6546341463414634 0.012222222222222223 0.025365853658536587
0 0.155 0.6273170731707317 0.012222222222222223 0.025365853658536587
0 0.8766666666666667 0.1024390243902439 0.010555555555555556 0.01951219512195122
0 0.6311111111111111 0.7278048780487805 0.012222222222222223 0.025365853658536587
0 0.12555555555555556 0.38146341463414635 0.009444444444444445 0.021463414634146343
0 0.07277777777777777 0.18048780487804877 0.010555555555555556 0.01951219512195122
0 0.7811111111111111 0.255609756097561 0.009444444444444445 0.021463414634146343
0 0.11777777777777777 0.5726829268292682 0.012222222222222223 0.025365853658536587
0 0.715 0.2224390243902439 0.010555555555555556 0.01951219512195122
0 0.7544444444444445 0.7473170731707317 0.012222222222222223 0.025365853658536587
0 0.4716666666666667 0.09853658536585366 0.010555555555555556 0.01951219512195122
0 0.9438888888888889 0.72 0.012222222222222223 0.025365853658536587
0 0.12111111111111111 0.8965853658536586 0.012222222222222223 0.025365853658536587
0 0.535 0.6195121951219512 0.012222222222222223 0.025365853658536587
0 0.6333333333333333 0.12878048780487805 0.010555555555555556 0.01951219512195122
0 0.4166666666666667 0.9882926829268293 0.012222222222222223 0.025365853658536587
0 0.28555555555555556 0.4292682926829268 0.009444444444444445 0.021463414634146343
0 0.5694444444444444 0.3521951219512195 0.009444444444444445 0.021463414634146343
0 0.32 0.18536585365853658 0.010555555555555556 0.01951219512195122
0 0.07555555555555556 0.15804878048780488 0.010555555555555556 0.01951219512195122
0 0.4861111111111111 0.7004878048780487 0.012222222222222223 0.025365853658536587
0 0.5461111111111111 0.24 0.010555555555555556 0.01951219512195122
0 0.5983333333333334 0.9346341463414635 0.012222222222222223 0.025365853658536587
0 0.365 0.5375609756097561 0.012222222222222223 0.025365853658536587
0 0.39444444444444443 0.045853658536585365 0.010555555555555556 0.01951219512195122
0 0.40944444444444444 0.40780487804878046 0.009444444444444445 0.021463414634146343
0 0.16111111111111112 0.6946341463414634 0.012222222222222223 0.025365853658536587
0 0.8388888888888889 0.806829268292683 0.012222222222222223 0.025365853658536587
0 0.7816666666666666 0.47804878048780486 0.009444444444444445 0.021463414634146343
0 0.24444444444444444 0.5034146341463415 0.009444444444444445 0.021463414634146343
0 0.9111111111111111 0.4692682926829268 0.009444444444444445 0.021463414634146343
0 0.6244444444444445 0.46439024390243905 0.009444444444444445 0.021463414634146343
0 0.26944444444444443 0.39707317073170734 0.009444444444444445 0.021463414634146343
0 0.5494444444444444 0.9931707317073171 0.012222222222222223 0.025365853658536587
0 0.7261111111111112 0.2897560975609756 0.009444444444444445 0.021463414634146343
0 0.935 0.02926829268292683 0.010555555555555556 0.01951219512195122
0 0.46 0.9004878048780488 0.012222222222222223 0.025365853658536587
0 0.7716666666666666 0.15414634146341463 0.010555555555555556 0.01951219512195122
0 0.40944444444444444 0.14634146341463414 0.010555555555555556 0.01951219512195122
0 0.8161111111111111 0.697560975609756 0.012222222222222223 0.025365853658536587
0 0.44333333333333336 0.2760975609756098 0.009444444444444445 0.021463414634146343
0 0.10555555555555556 0.2224390243902439 0.010555555555555556 0.01951219512195122
0 0.8577777777777778 0.9434146341463414 0.012222222222222223 0.025365853658536587
0 0.08722222222222223 0.7921951219512195 0.012222222222222223 0.025365853658536587
0 0.7766666666666666 0.6760975609756098 0.012222222222222223 0.025365853658536587
0 0.085 0.9063414634146342 0.012222222222222223 0.025365853658536587
0 0.205 0.1824390243902439 0.010555555555555556 0.01951219512195122
0 0.9216666666666666 0.4458536585365854 0.009444444444444445 0.021463414634146343
0 0.26611111111111113 0.17268292682926828 0.010555555555555556 0.01951219512195122
0 0.3972222222222222 0.2370731707317073 0.010555555555555556 0.01951219512195122
0 0.385 0.9239024390243903 0.012222222222222223 0.025365853658536587
0 0.505 0.8858536585365854 0.012222222222222223 0.025365853658536587
0 0.10277777777777777 0.9024390243902439 0.012222222222222223 0.025365853658536587
0 0.7594444444444445 0.26634146341463416 0.009444444444444445 0.021463414634146343
0 0.28444444444444444 0.47804878048780486 0.009444444444444445 0.021463414634146343
0 0.3661111111111111 0.8887804878048781 0.012222222222222223 0.025365853658536587
0 0.7911111111111111 0.5073170731707317 0.009444444444444445 0.021463414634146343
0 0.06388888888888888 0.5639024390243902 0.012222222222222223 0.025365853658536587
0 0.235 0.08 0.010555555555555556 0.01951219512195122
0 0.3138888888888889 0.6282926829268293 0.012222222222222223 0.025365853658536587
0 0.5355555555555556 0.6721951219512196 0.012222222222222223 0.025365853658536587
0 0.31166666666666665 0.8078048780487805 0.012222222222222223 0.025365853658536587
0 0.6705555555555556 0.455609756097561 0.009444444444444445 0.021463414634146343
0 0.5305555555555556 0.18829268292682927 0.010555555555555556 0.01951219512195122
0 0.6672222222222223 0.7190243902439024 0.012222222222222223 0.025365853658536587
0 0.050555555555555555 0.1521951219512195 0.010555555555555556 0.01951219512195122
0 0.4577777777777778 0.7951219512195122 0.012222222222222223 0.025365853658536587
0 0.39444444444444443 0.5648780487804878 0.012222222222222223 0.025365853658536587
0 0.57 0.32195121951219513 0.009444444444444445 0.021463414634146343
0 0.6072222222222222 0.37853658536585366 0.009444444444444445 0.021463414634146343
0 0.9127777777777778 0.1648780487804878 0.010555555555555556 0.01951219512195122
0 0.6405555555555555 0.2702439024390244 0.009444444444444445 0.021463414634146343
0 0.012777777777777779 0.42048780487804877 0.009444444444444445 0.021463414634146343
0 0.9727777777777777 0.16975609756097562 0.010555555555555556 0.01951219512195122
0 0.9533333333333334 0.3307317073170732 0.009444444444444445 0.021463414634146343
0 0.009444444444444445 0.8975609756097561 0.012222222222222223 0.025365853658536587
0 0.4683333333333333 0.007804878048780488 0.010555555555555556 0.01951219512195122
0 0.08 0.5892682926829268 0.012222222222222223 0.025365853658536587
0 0.32166666666666666 0.48097560975609754 0.009444444444444445 0.021463414634146343
0 0.10277777777777777 0.14536585365853658 0.010555555555555556 0.01951219512195122
0 0.6922222222222222 0.3570731707317073 0.009444444444444445 0.021463414634146343
0 0.8966666666666666 0.6673170731707317 0.012222222222222223 0.025365853658536587
0 0.015555555555555555 0.8039024390243903 0.012222222222222223 0.025365853658536587
0 0.46166666666666667 0.7004878048780487 0.012222222222222223 0.025365853658536587
0 0.8133333333333334 0.9024390243902439 0.012222222222222223 0.025365853658536587
0 0.5127777777777778 0.3668292682926829 0.009444444444444445 0.021463414634146343
0 0.6272222222222222 0.5248780487804878 0.012222222222222223 0.025365853658536587
0 0.5066666666666667 0.4507317073170732 0.009444444444444445 0.021463414634146343
0 0.405 0.34829268292682924 0.009444444444444445 0.021463414634146343
0 0.1461111111111111 0.007804878048780488 0.010555555555555556 0.01951219512195122
0 0.5572222222222222 0.8624390243902439 0.012222222222222223 0.025365853658536587
0 0.36777777777777776 0.48292682926829267 0.009444444444444445 0.021463414634146343
0 0.185 0.7629268292682927 0.012222222222222223 0.025365853658536587
0 0.22611111111111112 0.4458536585365854 0.009444444444444445 0.021463414634146343
0 0.5977777777777777 0.14341463414634145 0.010555555555555556 0.01951219512195122
0 0.9566666666666667 0.49073170731707316 0.009444444444444445 0.021463414634146343
0 0.3422222222222222 0.33951219512195124 0.009444444444444445 0.021463414634146343
0 0.17 0.6624390243902439 0.012222222222222223 0.025365853658536587
0 0.4961111111111111 0.8546341463414634 0.012222222222222223 0.025365853658536587
0 0.37833333333333335 0.17365853658536584 0.010555555555555556 0.01951219512195122
0 0.9338888888888889 0.5121951219512195 0.012222222222222223 0.025365853658536587
0 0.36444444444444446 0.1024390243902439 0.010555555555555556 0.01951219512195122
0 0.5327777777777778 0.014634146341463415 0.010555555555555556 0.01951219512195122
0 0.2 0.08780487804878048 0.010555555555555556 0.01951219512195122
0 0.24555555555555555 0.6575609756097561 0.012222222222222223 0.025365853658536587
0 0.2388888888888889 0.36585365853658536 0.009444444444444445 0.021463414634146343
0 0.9488888888888889 0.3697560975609756 0.009444444444444445 0.021463414634146343
0 0.9255555555555556 0.2126829268292683 0.010555555555555556 0.01951219512195122
0 0.18388888888888888 0.4790243902439024 0.009444444444444445 0.021463414634146343
0 0.865 0.02048780487804878 0.010555555555555556 0.01951219512195122
0 0.29444444444444445 0.1902439024390244 0.010555555555555556 0.01951219512195122
0 0.9283333333333333 0.4751219512195122 0.009444444444444445 0.021463414634146343
0 0.4688888888888889 0.8575609756097561 0.012222222222222223 0.025365853658536587
0 0.5344444444444445 0.5170731707317073 0.012222222222222223 0.025365853658536587
0 0.5244444444444445 0.8458536585365853 0.012222222222222223 0.025365853658536587
0 0.14277777777777778 0.5804878048780487 0.012222222222222223 0.025365853658536587
0 0.5138888888888888 0.016585365853658537 0.010555555555555556 0.01951219512195122
0 0.58 0.12 0.010555555555555556 0.01951219512195122
0 0.03222222222222222 0.014634146341463415 0.010555555555555556 0.01951219512195122
0 0.615 0.004878048780487805 0.010555555555555556 0.01951219512195122
0 0.6916666666666667 0.3902439024390244 0.009444444444444445 0.021463414634146343
0 0.635 0.8965853658536586 0.012222222222222223 0.025365853658536587
0 0.023333333333333334 0.13658536585365855 0.010555555555555556 0.01951219512195122
0 0.07888888888888888 0.3668292682926829 0.009444444444444445 0.021463414634146343
0 0.12611111111111112 0.04975609756097561 0.010555555555555556 0.01951219512195122
0 0.7294444444444445 0.4273170731707317 0.009444444444444445 0.021463414634146343
0 0.0038888888888888888 0.5209756097560976 0.01 0.0224390243902439
0 0.25055555555555553 0.4253658536585366 0.009444444444444445 0.021463414634146343
0 0.3061111111111111 0.44682926829268294 0.009444444444444445 0.021463414634146343
0 0.6877777777777778 0.6068292682926829 0.012222222222222223 0.025365853658536587
0 0.42777777777777776 0.2624390243902439 0.009444444444444445 0.021463414634146343
0 0.24388888888888888 0.40780487804878046 0.009444444444444445 0.021463414634146343
0 0.44666666666666666 0.18439024390243902 0.010555555555555556 0.01951219512195122
0 0.9911111111111112 0.45658536585365855 0.009444444444444445 0.021463414634146343
0 0.8088888888888889 0.20585365853658535 0.010555555555555556 0.01951219512195122
0 0.007222222222222222 0.3053658536585366 0.009444444444444445 0.021463414634146343
0 0.11722222222222223 0.024390243902439025 0.010555555555555556 0.01951219512195122
0 0.03722222222222222 0.7229268292682927 0.012222222222222223 0.025365853658536587
0 0.8955555555555555 0.5726829268292682 0.012222222222222223 0.025365853658536587
0 0.20666666666666667 0.2126829268292683 0.010555555555555556 0.01951219512195122
0 0.04111111111111111 0.4458536585365854 0.009444444444444445 0.021463414634146343
0 0.5333333333333333 0.2809756097560976 0.009444444444444445 0.021463414634146343
0 0.9138888888888889 0.8185365853658536 0.012222222222222223 0.025365853658536587
0 0.975 0.03219512195121951 0.010555555555555556 0.01951219512195122
0 0.7488888888888889 0.9570731707317073 0.012222222222222223 0.025365853658536587
0 0.5616666666666666 0.38926829268292684 0.009444444444444445 0.021463414634146343
0 0.29888888888888887 0.13170731707317074 0.010555555555555556 0.01951219512195122
0 0.13111111111111112 0.7317073170731707 0.012222222222222223 0.025365853658536587
0 0.7527777777777778 0.16195121951219513 0.010555555555555556 0.01951219512195122
0 0.8377777777777777 0.38341463414634147 0.009444444444444445 0.021463414634146343
0 0.11222222222222222 0.24878048780487805 0.010555555555555556 0.01951219512195122
0 0.7394444444444445 0.5151219512195122 0.012222222222222223 0.025365853658536587
0 0.4361111111111111 0.11804878048780487 0.010555555555555556 0.01951219512195122
0 0.24833333333333332 0.8263414634146341 0.012222222222222223 0.025365853658536587
0 0.6372222222222222 0.4848780487804878 0.009444444444444445 0.021463414634146343
0 0.2688888888888889 0.7346341463414634 0.012222222222222223 0.025365853658536587
0 0.9394444444444444 0.7863414634146342 0.012222222222222223 0.025365853658536587
0 0.11166666666666666 0.9931707317073171 0.012222222222222223 0.025365853658536587
0 0.69 0.31121951219512195 0.009444444444444445 0.021463414634146343
0 0.4077777777777778 0.5092682926829268 0.009444444444444445 0.021463414634146343
0 0.020555555555555556 0.6009756097560975 0.012222222222222223 0.025365853658536587
0 0.4572222222222222 0.5853658536585366 0.012222222222222223 0.025365853658536587
0 0.5516666666666666 0.3258536585365854 0.009444444444444445 0.021463414634146343
0 0.23555555555555555 0.010731707317073172 0.010555555555555556 0.01951219512195122
0 0.1 0.44390243902439025 0.009444444444444445 0.021463414634146343
0 0.3372222222222222 0.6234146341463415 0.012222222222222223 0.025365853658536587
0 0.6672222222222223 0.13463414634146342 0.010555555555555556 0.01951219512195122
0 0.4583333333333333 0.5180487804878049 0.012222222222222223 0.025365853658536587
0 0.16833333333333333 0.7434146341463415 0.012222222222222223 0.025365853658536587
0 0.1938888888888889 0.6341463414634146 0.012222222222222223 0.025365853658536587
0 0.9561111111111111 0.8917073170731707 0.012222222222222223 0.025365853658536587
0 0.16333333333333333 0.784390243902439 0.012222222222222223 0.025365853658536587
0 0.07888888888888888 0.504390243902439 0.009444444444444445 0.021463414634146343
0 0.01888888888888889 0.4497560975609756 0.009444444444444445 0.021463414634146343
0 0.6333333333333333 0.624390243902439 0.012222222222222223 0.025365853658536587
0 0.8316666666666667 0.06341463414634146 0.010555555555555556 0.01951219512195122
0 0.49 0.055609756097560976 0.010555555555555556 0.01951219512195122
0 0.3016666666666667 0.5434146341463415 0.012222222222222223 0.025365853658536587
0 0.2816666666666667 0.0448780487804878 0.010555555555555556 0.01951219512195122
0 0.8427777777777777 0.5941463414634146 0.012222222222222223 0.025365853658536587
0 0.5627777777777778 0.7112195121951219 0.012222222222222223 0.025365853658536587
0 0.5583333333333333 0.06536585365853659 0.010555555555555556 0.01951219512195122
0 0.335 0.551219512195122 0.012222222222222223 0.025365853658536587
0 0.41 0.16585365853658537 0.010555555555555556 0.01951219512195122
0 0.7972222222222223 0.424390243902439 0.009444444444444445 0.021463414634146343
0 0.06222222222222222 0.4097560975609756 0.009444444444444445 0.021463414634146343
0 0.48333333333333334 0.6507317073170732 0.012222222222222223 0.025365853658536587
0 0.86 0.8058536585365854 0.012222222222222223 0.025365853658536587
0 0.23722222222222222 0.7473170731707317 0.012222222222222223 0.025365853658536587
0 0.5577777777777778 0.2097560975609756 0.010555555555555556 0.01951219512195122
0 0.2916666666666667 0.5678048780487804 0.012222222222222223 0.025365853658536587
0 0.7083333333333334 0.6995121951219512 0.012222222222222223 0.025365853658536587
0 0.9894444444444445 0.27219512195121953 0.009444444444444445 0.021463414634146343
0 0.7661111111111111 0.28292682926829266 0.009444444444444445 0.021463414634146343
0 0.8238888888888889 0.27414634146341466 0.009444444444444445 0.021463414634146343
0 0.03111111111111111 0.31121951219512195 0.009444444444444445 0.021463414634146343
0 0.9083333333333333 0.9463414634146341 0.012222222222222223 0.025365853658536587
0 0.3688888888888889 0.2604878048780488 0.009444444444444445 0.021463414634146343
0 0.5405555555555556 0.13951219512195123 0.010555555555555556 0.01951219512195122
0 0.4161111111111111 0.10634146341463414 0.010555555555555556 0.01951219512195122
0 0.23333333333333334 0.5375609756097561 0.012222222222222223 0.025365853658536587
0 0.18222222222222223 0.22341463414634147 0.010555555555555556 0.01951219512195122
0 0.3277777777777778 0.45951219512195124 0.009444444444444445 0.021463414634146343
0 0.3488888888888889 0.9941463414634146 0.012222222222222223 0.025365853658536587
0 0.27111111111111114 0.35804878048780486 0.009444444444444445 0.021463414634146343
0 0.5133333333333333 0.3931707317073171 0.009444444444444445 0.021463414634146343
0 0.2288888888888889 0.22634146341463415 0.010555555555555556 0.01951219512195122
0 0.35388888888888886 0.02829268292682927 0.010555555555555556 0.01951219512195122
0 0.10388888888888889 0.3073170731707317 0.009444444444444445 0.021463414634146343
0 0.7077777777777777 0.15804878048780488 0.010555555555555556 0.01951219512195122
0 0.46555555555555556 0.04975609756097561 0.010555555555555556 0.01951219512195122
0 0.0038888888888888888 0.5726829268292682 0.010555555555555556 0.023414634146341463
0 0.9222222222222223 0.0351219512195122 0.010555555555555556 0.01951219512195122
0 0.965 0.3073170731707317 0.009444444444444445 0.021463414634146343
0 0.07777777777777778 0.4097560975609756 0.009444444444444445 0.021463414634146343
0 0.7488888888888889 0.08682926829268292 0.010555555555555556 0.01951219512195122
0 0.33555555555555555 0.8673170731707317 0.012222222222222223 0.025365853658536587
0 0.8988888888888888 0.7434146341463415 0.012222222222222223 0.025365853658536587
0 0.9955555555555555 0.4351219512195122 0.009444444444444445 0.021463414634146343
0 0.6888888888888889 0.018536585365853658 0.010555555555555556 0.01951219512195122
0 0.26944444444444443 0.3336585365853659 0.009444444444444445 0.021463414634146343
0 0.0038888888888888888 0.8029268292682927 0.012222222222222223 0.025365853658536587
0 0.2544444444444444 0.2634146341463415 0.009444444444444445 0.021463414634146343
0 0.6683333333333333 0.9219512195121952 0.012222222222222223 0.025365853658536587
0 0.5816666666666667 0.7541463414634146 0.012222222222222223 0.025365853658536587
0 0.18888888888888888 0.40390243902439027 0.009444444444444445 0.021463414634146343
0 0.7894444444444444 0.09268292682926829 0.010555555555555556 0.01951219512195122
0 0.30444444444444446 0.2995121951219512 0.009444444444444445 0.021463414634146343
0 0.13666666666666666 0.3170731707317073 0.009444444444444445 0.021463414634146343
0 0.19444444444444445 0.27121951219512197 0.009444444444444445 0.021463414634146343
0 0.09888888888888889 0.953170731707317 0.012222222222222223 0.025365853658536587
0 0.7716666666666666 0.6517073170731708 0.012222222222222223 0.025365853658536587
0 0.4822222222222222 0.6302439024390244 0.012222222222222223 0.025365853658536587
0 0.5605555555555556 0.9336585365853659 0.012222222222222223 0.025365853658536587
0 0.07 0.024390243902439025 0.010555555555555556 0.01951219512195122
0 0.14555555555555555 0.26926829268292685 0.009444444444444445 0.021463414634146343
0 0.7211111111111111 0.5658536585365853 0.012222222222222223 0.025365853658536587
0 0.30333333333333334 0.5258536585365854 0.012222222222222223 0.025365853658536587
0 0.9605555555555556 0.10634146341463414 0.010555555555555556 0.01951219512195122
0 0.9388888888888889 0.05951219512195122 0.010555555555555556 0.01951219512195122
0 0.73 0.18536585365853658 0.010555555555555556 0.01951219512195122
0 0.125 0.20682926829268292 0.010555555555555556 0.01951219512195122
0 0.8605555555555555 0.6936585365853658 0.012222222222222223 0.025365853658536587
0 0.875 0.05268292682926829 0.010555555555555556 0.01951219512195122
0 0.6944444444444444 0.7873170731707317 0.012222222222222223 0.025365853658536587
0 0.7088888888888889 0.3336585365853659 0.009444444444444445 0.021463414634146343
0 0.17777777777777778 0.055609756097560976 0.010555555555555556 0.01951219512195122
0 0.42444444444444446 0.025365853658536587 0.010555555555555556 0.01951219512195122
0 0.7222222222222222 0.3795121951219512 0.009444444444444445 0.021463414634146343
0 0.25555555555555554 0.13560975609756099 0.010555555555555556 0.01951219512195122
0 0.7811111111111111 0.39414634146341465 0.009444444444444445 0.021463414634146343
0 0.6172222222222222 0.19707317073170733 0.010555555555555556 0.01951219512195122
0 0.1461111111111111 0.2917073170731707 0.009444444444444445 0.021463414634146343
0 0.09944444444444445 0.3804878048780488 0.009444444444444445 0.021463414634146343
0 0.74 0.47804878048780486 0.009444444444444445 0.021463414634146343
0 0.7544444444444445 0.033170731707317075 0.010555555555555556 0.01951219512195122
0 0.09833333333333333 0.18926829268292683 0.010555555555555556 0.01951219512195122
0 0.08277777777777778 0.5658536585365853 0.012222222222222223 0.025365853658536587
0 0.8666666666666667 0.4146341463414634 0.009444444444444445 0.021463414634146343
0 0.2038888888888889 0.6117073170731707 0.012222222222222223 0.025365853658536587
0 0.48944444444444446 0.41560975609756096 0.009444444444444445 0.021463414634146343
0 0.9944444444444445 0.9668292682926829 0.012222222222222223 0.025365853658536587
0 0.5316666666666666 0.4770731707317073 0.009444444444444445 0.021463414634146343
0 0.3838888888888889 0.08390243902439025 0.010555555555555556 0.01951219512195122
0 0.45944444444444443 0.13853658536585367 0.010555555555555556 0.01951219512195122
0 0.7611111111111111 0.3473170731707317 0.009444444444444445 0.021463414634146343
0 0.7344444444444445 0.7775609756097561 0.012222222222222223 0.025365853658536587
0 0.4816666666666667 0.44878048780487806 0.009444444444444445 0.021463414634146343
0 0.03888888888888889 0.3229268292682927 0.009444444444444445 0.021463414634146343
0 0.0961111111111111 0.5307317073170732 0.012222222222222223 0.025365853658536587
0 0.4527777777777778 0.7190243902439024 0.012222222222222223 0.025365853658536587
0 0.11333333333333333 0.68 0.012222222222222223 0.025365853658536587
0 0.17055555555555554 0.9512195121951219 0.012222222222222223 0.025365853658536587
0 0.9405555555555556 0.7648780487804878 0.012222222222222223 0.025365853658536587
0 0.6655555555555556 0.6634146341463415 0.012222222222222223 0.025365853658536587
0 0.7972222222222223 0.9102439024390244 0.012222222222222223 0.025365853658536587
0 0.47888888888888886 0.3131707317073171 0.009444444444444445 0.021463414634146343
0 0.37722222222222224 0.56 0.012222222222222223 0.025365853658536587
0 0.5466666666666666 0.9619512195121951 0.012222222222222223 0.025365853658536587
0 0.5966666666666667 0.4165853658536585 0.009444444444444445 0.021463414634146343
0 0.6405555555555555 0.38634146341463416 0.009444444444444445 0.021463414634146343
0 0.8344444444444444 0.4419512195121951 0.009444444444444445 0.021463414634146343
0 0.8961111111111111 0.16975609756097562 0.010555555555555556 0.01951219512195122
0 0.051111111111111114 0.9619512195121951 0.012222222222222223 0.025365853658536587
0 0.12277777777777778 0.07707317073170732 0.010555555555555556 0.01951219512195122
0 0.8177777777777778 0.8741463414634146 0.012222222222222223 0.025365853658536587
0 0.37722222222222224 0.9902439024390244 0.012222222222222223 0.025365853658536587
0 0.7561111111111111 0.304390243902439 0.009444444444444445 0.021463414634146343
0 0.34555555555555556 0.9521951219512195 0.012222222222222223 0.025365853658536587
0 0.2038888888888889 0.7785365853658537 0.012222222222222223 0.025365853658536587
0 0.945 0.26146341463414635 0.009444444444444445 0.021463414634146343
0 0.1638888888888889 0.3775609756097561 0.009444444444444445 0.021463414634146343
0 0.1688888888888889 0.22439024390243903 0.010555555555555556 0.01951219512195122
0 0.8244444444444444 0.7307317073170732 0.012222222222222223 0.025365853658536587
0 0.011666666666666667 0.9141463414634147 0.012222222222222223 0.025365853658536587
0 0.17722222222222223 0.17853658536585365 0.010555555555555556 0.01951219512195122
0 0.3277777777777778 0.018536585365853658 0.010555555555555556 0.01951219512195122
0 0.38333333333333336 0.8790243902439024 0.012222222222222223 0.025365853658536587
0 0.8044444444444444 0.2809756097560976 0.009444444444444445 0.021463414634146343
0 0.40555555555555556 0.6 0.012222222222222223 0.025365853658536587
0 0.8255555555555556 0.16 0.010555555555555556 0.01951219512195122
0 0.31222222222222223 0.15707317073170732 0.010555555555555556 0.01951219512195122
0 0.27 0.9239024390243903 0.012222222222222223 0.025365853658536587
0 0.8122222222222222 0.7326829268292683 0.012222222222222223 0.025365853658536587
0 0.7361111111111112 0.018536585365853658 0.010555555555555556 0.01951219512195122
0 0.7572222222222222 0.5648780487804878 0.012222222222222223 0.025365853658536587
0 0.8 0.8282926829268292 0.012222222222222223 0.025365853658536587
0 0.8544444444444445 0.8692682926829268 0.012222222222222223 0.025365853658536587
0 0.4622222222222222 0.12195121951219512 0.010555555555555556 0.01951219512195122
0 0.6483333333333333 0.07707317073170732 0.010555555555555556 0.01951219512195122
0 0.8738888888888889 0.21365853658536585 0.010555555555555556 0.01951219512195122
0 0.7833333333333333 0.19219512195121952 0.010555555555555556 0.01951219512195122
0 0.23222222222222222 0.2946341463414634 0.009444444444444445 0.021463414634146343
0 0.6083333333333333 0.144390243902439 0.010555555555555556 0.01951219512195122
0 0.465 0.22926829268292684 0.010555555555555556 0.01951219512195122
0 0.3477777777777778 0.5746341463414634 0.012222222222222223 0.025365853658536587
0 0.7144444444444444 0.19121951219512195 0.010555555555555556 0.01951219512195122
0 0.3322222222222222 0.7775609756097561 0.012222222222222223 0.025365853658536587
0 0.8622222222222222 0.2917073170731707 0.009444444444444445 0.021463414634146343
0 0.3888888888888889 0.5902439024390244 0.012222222222222223 0.025365853658536587
0 0.9333333333333333 0.18439024390243902 0.010555555555555556 0.01951219512195122
0 0.7761111111111111 0.004878048780487805 0.010555555555555556 0.01951219512195122
0 0.04611111111111111 0.8760975609756098 0.012222222222222223 0.025365853658536587
0 0.40444444444444444 0.21170731707317073 0.010555555555555556 0.01951219512195122
0 0.67 0.5121951219512195 0.012222222222222223 0.025365853658536587
0 0.5261111111111111 0.5892682926829268 0.012222222222222223 0.025365853658536587
0 0.1461111111111111 0.4253658536585366 0.009444444444444445 0.021463414634146343
0 0.64 0.5707317073170731 0.012222222222222223 0.025365853658536587
0 0.07333333333333333 0.27219512195121953 0.009444444444444445 0.021463414634146343
0 0.9955555555555555 0.2975609756097561 0.009444444444444445 0.021463414634146343
0 0.6272222222222222 0.20195121951219513 0.010555555555555556 0.01951219512195122
0 0.10611111111111111 0.8360975609756097 0.012222222222222223 0.025365853658536587
0 0.17222222222222222 0.3492682926829268 0.009444444444444445 0.021463414634146343
0 0.2127777777777778 0.3570731707317073 0.009444444444444445 0.021463414634146343
0 0.8444444444444444 0.13365853658536586 0.010555555555555556 0.01951219512195122
0 0.3794444444444444 0.5190243902439025 0.012222222222222223 0.025365853658536587
0 0.024444444444444446 0.5473170731707317 0.012222222222222223 0.025365853658536587
0 0.17777777777777778 0.5482926829268293 0.012222222222222223 0.025365853658536587
0 0.38333333333333336 0.26926829268292685 0.009444444444444445 0.021463414634146343
0 0.21722222222222223 0.22634146341463415 0.010555555555555556 0.01951219512195122
0 0.9672222222222222 0.34243902439024393 0.009444444444444445 0.021463414634146343
0 0.03166666666666667 0.5785365853658536 0.012222222222222223 0.025365853658536587
0 0.2644444444444444 0.5434146341463415 0.012222222222222223 0.025365853658536587
0 0.6433333333333333 0.5160975609756098 0.012222222222222223 0.025365853658536587
0 0.11777777777777777 0.3326829268292683 0.009444444444444445 0.021463414634146343
0 0.39555555555555555 0.13365853658536586 0.010555555555555556 0.01951219512195122
0 0.49666666666666665 0.5004878048780488 0.009444444444444445 0.021463414634146343
0 0.45055555555555554 0.6663414634146342 0.012222222222222223 0.025365853658536587
0 0.24888888888888888 0.7804878048780488 0.012222222222222223 0.025365853658536587
0 0.6155555555555555 0.8117073170731708 0.012222222222222223 0.025365853658536587
0 0.030555555555555555 0.40780487804878046 0.009444444444444445 0.021463414634146343
0 0.9077777777777778 0.3473170731707317 0.009444444444444445 0.021463414634146343
0 0.915 0.015609756097560976 0.010555555555555556 0.01951219512195122
0 0.2538888888888889 0.7082926829268292 0.012222222222222223 0.025365853658536587
0 0.8527777777777777 0.04097560975609756 0.010555555555555556 0.01951219512195122
0 0.2061111111111111 0.3336585365853659 0.009444444444444445 0.021463414634146343
0 0.17 0.5209756097560976 0.012222222222222223 0.025365853658536587
0 0.5177777777777778 0.926829268292683 0.012222222222222223 0.025365853658536587
0 0.5694444444444444 0.18439024390243902 0.010555555555555556 0.01951219512195122
0 0.06333333333333334 0.05951219512195122 0.010555555555555556 0.01951219512195122
0 0.9644444444444444 0.6321951219512195 0.012222222222222223 0.025365853658536587
0 0.5761111111111111 0.7824390243902439 0.012222222222222223 0.025365853658536587
0 0.405 0.9639024390243902 0.012222222222222223 0.025365853658536587
0 0.8777777777777778 0.7395121951219512 0.012222222222222223 0.025365853658536587
0 0.5966666666666667 0.25658536585365854 0.009444444444444445 0.021463414634146343
0 0.16777777777777778 0.00975609756097561 0.010555555555555556 0.01951219512195122
0 0.3161111111111111 0.03414634146341464 0.010555555555555556 0.01951219512195122
0 0.23333333333333334 0.3326829268292683 0.009444444444444445 0.021463414634146343
0 0.5194444444444445 0.7736585365853659 0.012222222222222223 0.025365853658536587
0 0.07944444444444444 0.6439024390243903 0.012222222222222223 0.025365853658536587
0 0.35055555555555556 0.6926829268292682 0.012222222222222223 0.025365853658536587
0 0.03777777777777778 0.9639024390243902 0.012222222222222223 0.025365853658536587
0 0.37666666666666665 0.010731707317073172 0.010555555555555556 0.01951219512195122
0 0.4216666666666667 0.38341463414634147 0.009444444444444445 0.021463414634146343
0 0.9488888888888889 0.02829268292682927 0.010555555555555556 0.01951219512195122
0 0.6616666666666666 0.5678048780487804 0.012222222222222223 0.025365853658536587
0 0.15444444444444444 0.3326829268292683 0.009444444444444445 0.021463414634146343
0 0.4388888888888889 0.20682926829268292 0.010555555555555556 0.01951219512195122
0 0.16 0.15609756097560976 0.010555555555555556 0.01951219512195122
0 0.8316666666666667 0.8878048780487805 0.012222222222222223 0.025365853658536587
0 0.8594444444444445 0.3648780487804878 0.009444444444444445 0.021463414634146343
0 0.5572222222222222 0.12292682926829268 0.010555555555555556 0.01951219512195122
0 0.5533333333333333 0.6117073170731707 0.012222222222222223 0.025365853658536587
0 0.21333333333333335 0.9385365853658536 0.012222222222222223 0.025365853658536587
0 0.7661111111111111 0.5082926829268293 0.009444444444444445 0.021463414634146343
0 0.5077777777777778 0.1278048780487805 0.010555555555555556 0.01951219512195122
0 0.7511111111111111 0.6546341463414634 0.012222222222222223 0.025365853658536587
0 0.07388888888888889 0.39707317073170734 0.009444444444444445 0.021463414634146343
0 0.5444444444444444 0.8897560975609756 0.012222222222222223 0.025365853658536587
0 0.35555555555555557 0.735609756097561 0.012222222222222223 0.025365853658536587
0 0.505 0.9609756097560975 0.012222222222222223 0.025365853658536587
0 0.5927777777777777 0.7082926829268292 0.012222222222222223 0.025365853658536587
0 0.19333333333333333 0.1326829268292683 0.010555555555555556 0.01951219512195122
0 0.6255555555555555 0.09073170731707317 0.010555555555555556 0.01951219512195122
0 0.7861111111111111 0.9521951219512195 0.012222222222222223 0.025365853658536587
0 0.10277777777777777 0.7004878048780487 0.012222222222222223 0.025365853658536587
0 0.7894444444444444 0.775609756097561 0.012222222222222223 0.025365853658536587
0 0.8816666666666667 0.3931707317073171 0.009444444444444445 0.021463414634146343
0 0.8972222222222223 0.3131707317073171 0.009444444444444445 0.021463414634146343
0 0.8605555555555555 0.38926829268292684 0.009444444444444445 0.021463414634146343
0 0.37166666666666665 0.45658536585365855 0.009444444444444445 0.021463414634146343
0 0.5033333333333333 0.25853658536585367 0.009444444444444445 0.021463414634146343
0 0.29444444444444445 0.8751219512195122 0.012222222222222223 0.025365853658536587
0 0.7188888888888889 0.4741463414634146 0.009444444444444445 0.021463414634146343
0 0.6955555555555556 0.2926829268292683 0.009444444444444445 0.021463414634146343
0 0.81 0.3882926829268293 0.009444444444444445 0.021463414634146343
0 0.5783333333333334 0.6478048780487805 0.012222222222222223 0.025365853658536587
0 0.9877777777777778 0.6692682926829269 0.012222222222222223 0.025365853658536587
0 0.1811111111111111 0.6273170731707317 0.012222222222222223 0.025365853658536587
0 0.655 0.8214634146341463 0.012222222222222223 0.025365853658536587
0 0.36944444444444446 0.6117073170731707 0.012222222222222223 0.025365853658536587
0 0.59 0.18536585365853658 0.010555555555555556 0.01951219512195122
0 0.11833333333333333 0.4429268292682927 0.009444444444444445 0.021463414634146343
0 0.3322222222222222 0.13951219512195123 0.010555555555555556 0.01951219512195122
0 0.8 0.1824390243902439 0.010555555555555556 0.01951219512195122
0 0.9433333333333334 0.9346341463414635 0.012222222222222223 0.025365853658536587
0 0.37277777777777776 0.20878048780487804 0.010555555555555556 0.01951219512195122
0 0.97 0.4321951219512195 0.009444444444444445 0.021463414634146343
0 0.3 0.3873170731707317 0.009444444444444445 0.021463414634146343
0 0.3566666666666667 0.16390243902439025 0.010555555555555556 0.01951219512195122
0 0.5833333333333334 0.4 0.009444444444444445 0.021463414634146343
0 0.7394444444444445 0.2146341463414634 0.010555555555555556 0.01951219512195122
0 0.3877777777777778 0.3795121951219512 0.009444444444444445 0.021463414634146343
0 0.7105555555555556 0.7346341463414634 0.012222222222222223 0.025365853658536587
0 0.8766666666666667 0.2526829268292683 0.010555555555555556 0.01951219512195122
0 0.7394444444444445 0.8048780487804879 0.012222222222222223 0.025365853658536587
0 0.015 0.8439024390243902 0.012222222222222223 0.025365853658536587
0 0.3738888888888889 0.7980487804878049 0.012222222222222223 0.025365853658536587
0 0.1461111111111111 0.024390243902439025 0.010555555555555556 0.01951219512195122
0 0.41388888888888886 0.46146341463414636 0.009444444444444445 0.021463414634146343
0 0.22944444444444445 0.6751219512195122 0.012222222222222223 0.025365853658536587
0 0.5088888888888888 0.3404878048780488 0.009444444444444445 0.021463414634146343
0 0.485 0.9297560975609757 0.012222222222222223 0.025365853658536587
0 0.19 0.24682926829268292 0.010555555555555556 0.01951219512195122
0 0.7994444444444444 0.8507317073170731 0.012222222222222223 0.025365853658536587
0 0.13111111111111112 0.5092682926829268 0.009444444444444445 0.021463414634146343
0 0.28555555555555556 0.38926829268292684 0.009444444444444445 0.021463414634146343
0 0.2788888888888889 0.30634146341463414 0.009444444444444445 0.021463414634146343
0 0.26944444444444443 0.6068292682926829 0.012222222222222223 0.025365853658536587
0 0.315 0.06048780487804878 0.010555555555555556 0.01951219512195122
0 0.9905555555555555 0.03902439024390244 0.010555555555555556 0.01951219512195122
0 0.4177777777777778 0.28 0.009444444444444445 0.021463414634146343
0 0.017777777777777778 0.6917073170731707 0.012222222222222223 0.025365853658536587
0 0.81 0.016585365853658537 0.010555555555555556 0.01951219512195122
0 0.6855555555555556 0.4624390243902439 0.009444444444444445 0.021463414634146343
0 0.6738888888888889 0.6273170731707317 0.012222222222222223 0.025365853658536587
0 0.7127777777777777 0.8273170731707317 0.012222222222222223 0.025365853658536587
0 0.6733333333333333 0.09853658536585366 0.010555555555555556 0.01951219512195122
0 0.42 0.5541463414634147 0.012222222222222223 0.025365853658536587
0 0.48944444444444446 0.1473170731707317 0.010555555555555556 0.01951219512195122
0 0.6 0.8224390243902439 0.012222222222222223 0.025365853658536587
0 0.67 0.3824390243902439 0.009444444444444445 0.021463414634146343
0 0.26055555555555554 0.3151219512195122 0.009444444444444445 0.021463414634146343
0 0.815 0.12292682926829268 0.010555555555555556 0.01951219512195122
0 0.41 0.04390243902439024 0.010555555555555556 0.01951219512195122
0 0.2577777777777778 0.4497560975609756 0.009444444444444445 0.021463414634146343
0 0.09666666666666666 0.577560975609756 0.012222222222222223 0.025365853658536587
0 0.5772222222222222 0.2682926829268293 0.009444444444444445 0.021463414634146343
0 0.655 0.3590243902439024 0.009444444444444445 0.021463414634146343
0 0.6405555555555555 0.615609756097561 0.012222222222222223 0.025365853658536587
0 0.4072222222222222 0.19317073170731708 0.010555555555555556 0.01951219512195122
0 0.7 0.4321951219512195 0.009444444444444445 0.021463414634146343
0 0.9016666666666666 0.7814634146341464 0.012222222222222223 0.025365853658536587
0 0.6166666666666667 0.255609756097561 0.009444444444444445 0.021463414634146343
0 0.17888888888888888 0.46146341463414636 0.009444444444444445 0.021463414634146343
0 0.9216666666666666 0.31414634146341464 0.009444444444444445 0.021463414634146343
0 0.5611111111111111 0.5678048780487804 0.012222222222222223 0.025365853658536587
0 0.9716666666666667 0.8263414634146341 0.012222222222222223 0.025365853658536587
0 0.3983333333333333 0.42048780487804877 0.009444444444444445 0.021463414634146343
0 0.33166666666666667 0.8887804878048781 0.012222222222222223 0.025365853658536587
0 0.04388888888888889 0.4682926829268293 0.009444444444444445 0.021463414634146343
0 0.9083333333333333 0.8897560975609756 0.012222222222222223 0.025365853658536587
0 0.06277777777777778 0.5180487804878049 0.012222222222222223 0.025365853658536587
0 0.4266666666666667 0.8536585365853658 0.012222222222222223 0.025365853658536587
0 0.041666666666666664 0.8985365853658537 0.012222222222222223 0.025365853658536587
0 0.38666666666666666 0.4419512195121951 0.009444444444444445 0.021463414634146343
0 0.11833333333333333 0.4165853658536585 0.009444444444444445 0.021463414634146343
0 0.11666666666666667 0.29853658536585365 0.009444444444444445 0.021463414634146343
0 0.27944444444444444 0.09463414634146342 0.010555555555555556 0.01951219512195122
0 0.7427777777777778 0.0975609756097561 0.010555555555555556 0.01951219512195122
0 0.5922222222222222 0.9492682926829268 0.012222222222222223 0.025365853658536587
0 0.6922222222222222 0.6682926829268293 0.012222222222222223 0.025365853658536587
0 0.04555555555555556 0.5073170731707317 0.009444444444444445 0.021463414634146343
0 0.65 0.5892682926829268 0.012222222222222223 0.025365853658536587
0 0.5633333333333334 0.6068292682926829 0.012222222222222223 0.025365853658536587
0 0.9377777777777778 0.8097560975609757 0.012222222222222223 0.025365853658536587
0 0.9872222222222222 0.375609756097561 0.009444444444444445 0.021463414634146343
0 0.37 0.697560975609756 0.012222222222222223 0.025365853658536587
0 0.055 0.10048780487804879 0.010555555555555556 0.01951219512195122
0 0.3738888888888889 0.7697560975609756 0.012222222222222223 0.025365853658536587
0 0.6366666666666667 0.655609756097561 0.012222222222222223 0.025365853658536587
0 0.035555555555555556 0.6819512195121952 0.012222222222222223 0.025365853658536587
0 0.4261111111111111 0.13853658536585367 0.010555555555555556 0.01951219512195122
0 0.005 0.9473170731707317 0.012222222222222223 0.025365853658536587
0 0.8061111111111111 0.3385365853658537 0.009444444444444445 0.021463414634146343
0 0.7038888888888889 0.5951219512195122 0.012222222222222223 0.025365853658536587
0 0.3211111111111111 0.6614634146341464 0.012222222222222223 0.025365853658536587
0 0.5422222222222223 0.2965853658536585 0.009444444444444445 0.021463414634146343
0 0.1511111111111111 0.5434146341463415 0.012222222222222223 0.025365853658536587
0 0.2922222222222222 0.25853658536585367 0.009444444444444445 0.021463414634146343
0 0.26666666666666666 0.6829268292682927 0.012222222222222223 0.025365853658536587
0 0.26944444444444443 0.5160975609756098 0.012222222222222223 0.025365853658536587
0 0.5638888888888889 0.04097560975609756 0.010555555555555556 0.01951219512195122
0 0.6261111111111111 0.29560975609756096 0.009444444444444445 0.021463414634146343
0 0.5761111111111111 0.6117073170731707 0.012222222222222223 0.025365853658536587
0 0.9161111111111111 0.07317073170731707 0.010555555555555556 0.01951219512195122
0 0.8144444444444444 0.06926829268292684 0.010555555555555556 0.01951219512195122
0 0.245 0.47609756097560973 0.009444444444444445 0.021463414634146343
0 0.4033333333333333 0.535609756097561 0.012222222222222223 0.025365853658536587
0 0.3511111111111111 0.8604878048780488 0.012222222222222223 0.025365853658536587
0 0.6355555555555555 0.3726829268292683 0.009444444444444445 0.021463414634146343
0 0.3088888888888889 0.36097560975609755 0.009444444444444445 0.021463414634146343
0 0.7572222222222222 0.19707317073170733 0.010555555555555556 0.01951219512195122
0 0.6822222222222222 0.06926829268292684 0.010555555555555556 0.01951219512195122
0 0.6427777777777778 0.18926829268292683 0.010555555555555556 0.01951219512195122
0 0.8516666666666667 0.6829268292682927 0.012222222222222223 0.025365853658536587
0 0.7105555555555556 0.9521951219512195 0.012222222222222223 0.025365853658536587
0 0.7472222222222222 0.00975609756097561 0.010555555555555556 0.01951219512195122
0 0.5816666666666667 0.014634146341463415 0.010555555555555556 0.01951219512195122
0 0.7116666666666667 0.024390243902439025 0.010555555555555556 0.01951219512195122
0 0.205 0.05365853658536585 0.010555555555555556 0.01951219512195122
0 0.4905555555555556 0.7775609756097561 0.012222222222222223 0.025365853658536587
0 0.7566666666666667 0.5960975609756097 0.012222222222222223 0.025365853658536587
0 0.5805555555555556 0.5024390243902439 0.009444444444444445 0.021463414634146343
0 0.9488888888888889 0.4419512195121951 0.009444444444444445 0.021463414634146343
0 0.3688888888888889 0.026341463414634145 0.010555555555555556 0.01951219512195122
0 0.008333333333333333 0.3882926829268293 0.009444444444444445 0.021463414634146343
0 0.02666666666666667 0.10926829268292683 0.010555555555555556 0.01951219512195122
0 0.5222222222222223 0.5434146341463415 0.012222222222222223 0.025365853658536587
0 0.5905555555555555 0.2897560975609756 0.009444444444444445 0.021463414634146343
0 0.04 0.3678048780487805 0.009444444444444445 0.021463414634146343
0 0.6861111111111111 0.1951219512195122 0.010555555555555556 0.01951219512195122
0 0.4211111111111111 0.07317073170731707 0.010555555555555556 0.01951219512195122
0 0.03722222222222222 0.7541463414634146 0.012222222222222223 0.025365853658536587
0 0.21555555555555556 0.6224390243902439 0.012222222222222223 0.025365853658536587
0 0.9938888888888889 0.5707317073170731 0.012222222222222223 0.025365853658536587
0 0.39666666666666667 0.4585365853658537 0.009444444444444445 0.021463414634146343
0 0.6027777777777777 0.4 0.009444444444444445 0.021463414634146343
0 0.4716666666666667 0.2926829268292683 0.009444444444444445 0.021463414634146343
0 0.7927777777777778 0.29365853658536584 0.009444444444444445 0.021463414634146343
0 0.3161111111111111 0.7941463414634147 0.012222222222222223 0.025365853658536587
0 0.765 0.8097560975609757 0.012222222222222223 0.025365853658536587
0 0.9861111111111112 0.40195121951219515 0.009444444444444445 0.021463414634146343
0 0.29055555555555557 0.03024390243902439 0.010555555555555556 0.01951219512195122
0 0.5216666666666666 0.9941463414634146 0.012222222222222223 0.025365853658536587
0 0.7283333333333334 0.16585365853658537 0.010555555555555556 0.01951219512195122
0 0.7805555555555556 0.7297560975609756 0.012222222222222223 0.025365853658536587
0 0.3427777777777778 0.5190243902439025 0.012222222222222223 0.025365853658536587
0 0.86 0.7297560975609756 0.012222222222222223 0.025365853658536587
0 0.024444444444444446 0.2682926829268293 0.009444444444444445 0.021463414634146343
0 0.6122222222222222 0.04097560975609756 0.010555555555555556 0.01951219512195122
0 0.19277777777777777 0.697560975609756 0.012222222222222223 0.025365853658536587
0 0.8555555555555555 0.43317073170731707 0.009444444444444445 0.021463414634146343
0 0.5633333333333334 0.7902439024390244 0.012222222222222223 0.025365853658536587
0 0.4111111111111111 0.6721951219512196 0.012222222222222223 0.025365853658536587
0 0.4255555555555556 0.8878048780487805 0.012222222222222223 0.025365853658536587
0 0.6483333333333333 0.1073170731707317 0.010555555555555556 0.01951219512195122
0 0.9061111111111111 0.43317073170731707 0.009444444444444445 0.021463414634146343
0 0.8455555555555555 0.20195121951219513 0.010555555555555556 0.01951219512195122
0 0.7133333333333334 0.631219512195122 0.012222222222222223 0.025365853658536587
0 0.605 0.21951219512195122 0.010555555555555556 0.01951219512195122
0 0.4216666666666667 0.8360975609756097 0.012222222222222223 0.025365853658536587
0 0.755 0.3795121951219512 0.009444444444444445 0.021463414634146343
0 0.29777777777777775 0.0175609756097561 0.010555555555555556 0.01951219512195122
0 0.016666666666666666 0.4692682926829268 0.009444444444444445 0.021463414634146343
0 0.6061111111111112 0.7658536585365854 0.012222222222222223 0.025365853658536587
0 0.7844444444444445 0.32390243902439025 0.009444444444444445 0.021463414634146343
0 0.4716666666666667 0.5756097560975609 0.012222222222222223 0.025365853658536587
0 0.2111111111111111 0.002926829268292683 0.010555555555555556 0.01951219512195122
0 0.7816666666666666 0.1648780487804878 0.010555555555555556 0.01951219512195122
0 0.6861111111111111 0.8282926829268292 0.012222222222222223 0.025365853658536587
0 0.5105555555555555 0.3131707317073171 0.009444444444444445 0.021463414634146343
0 0.16555555555555557 0.2731707317073171 0.009444444444444445 0.021463414634146343
0 0.9177777777777778 0.8751219512195122 0.012222222222222223 0.025365853658536587
0 0.15055555555555555 0.37853658536585366 0.009444444444444445 0.021463414634146343
0 0.8305555555555556 0.9590243902439024 0.012222222222222223 0.025365853658536587
0 0.17222222222222222 0.32390243902439025 0.009444444444444445 0.021463414634146343
0 0.6277777777777778 0.9658536585365853 0.012222222222222223 0.025365853658536587
0 0.9833333333333333 0.5463414634146342 0.012222222222222223 0.025365853658536587
0 0.3461111111111111 0.26634146341463416 0.009444444444444445 0.021463414634146343
0 0.8505555555555555 0.07414634146341463 0.010555555555555556 0.01951219512195122
0 0.5911111111111111 0.5102439024390244 0.012222222222222223 0.025365853658536587
0 0.22444444444444445 0.5882926829268292 0.012222222222222223 0.025365853658536587
0 0.017777777777777778 0.3326829268292683 0.009444444444444445 0.021463414634146343
0 0.205 0.47609756097560973 0.009444444444444445 0.021463414634146343
0 0.14166666666666666 0.06634146341463415 0.010555555555555556 0.01951219512195122
0 0.665 0.2848780487804878 0.009444444444444445 0.021463414634146343
0 0.9688888888888889 0.584390243902439 0.012222222222222223 0.025365853658536587
0 0.49333333333333335 0.11902439024390243 0.010555555555555556 0.01951219512195122
0 0.4761111111111111 0.9639024390243902 0.012222222222222223 0.025365853658536587
0 0.8838888888888888 0.9287804878048781 0.012222222222222223 0.025365853658536587
0 0.5922222222222222 0.8878048780487805 0.012222222222222223 0.025365853658536587
0 0.7922222222222223 0.4429268292682927 0.009444444444444445 0.021463414634146343
0 0.6566666666666666 0.5278048780487805 0.012222222222222223 0.025365853658536587
0 0.32666666666666666 0.09365853658536585 0.010555555555555556 0.01951219512195122
0 0.4083333333333333 0.02829268292682927 0.010555555555555556 0.01951219512195122
0 0.13444444444444445 0.1678048780487805 0.010555555555555556 0.01951219512195122
0 0.10277777777777777 0.344390243902439 0.009444444444444445 0.021463414634146343
0 0.45222222222222225 0.2048780487804878 0.010555555555555556 0.01951219512195122
0 0.3388888888888889 0.3697560975609756 0.009444444444444445 0.021463414634146343
0 0.5222222222222223 0.5697560975609756 0.012222222222222223 0.025365853658536587
0 0.2827777777777778 0.14341463414634145 0.010555555555555556 0.01951219512195122
0 0.5972222222222222 0.6429268292682927 0.012222222222222223 0.025365853658536587
0 0.09055555555555556 0.2 0.010555555555555556 0.01951219512195122
0 0.6955555555555556 0.12195121951219512 0.010555555555555556 0.01951219512195122
0 0.07222222222222222 0.31121951219512195 0.009444444444444445 0.021463414634146343
0 0.5105555555555555 0.6653658536585366 0.012222222222222223 0.025365853658536587
0 0.07333333333333333 0.9853658536585366 0.012222222222222223 0.025365853658536587
0 0.8083333333333333 0.04097560975609756 0.010555555555555556 0.01951219512195122
0 0.8105555555555556 0.4497560975609756 0.009444444444444445 0.021463414634146343
0 0.33944444444444444 0.11609756097560976 0.010555555555555556 0.01951219512195122
0 0.8677777777777778 0.31414634146341464 0.009444444444444445 0.021463414634146343
0 0.05333333333333334 0.7941463414634147 0.012222222222222223 0.025365853658536587
0 0.08611111111111111 0.04097560975609756 0.010555555555555556 0.01951219512195122
0 0.585 0.06146341463414634 0.010555555555555556 0.01951219512195122
0 0.645 0.24585365853658536 0.010555555555555556 0.01951219512195122
0 0.8861111111111111 0.8156097560975609 0.012222222222222223 0.025365853658536587
0 0.6077777777777778 0.646829268292683 0.012222222222222223 0.025365853658536587
0 0.6472222222222223 0.2995121951219512 0.009444444444444445 0.021463414634146343
0 0.3277777777777778 0.4302439024390244 0.009444444444444445 0.021463414634146343
0 0.6861111111111111 0.5463414634146342 0.012222222222222223 0.025365853658536587
0 0.06722222222222222 0.4585365853658537 0.009444444444444445 0.021463414634146343
0 0.6166666666666667 0.5863414634146341 0.012222222222222223 0.025365853658536587
0 0.11666666666666667 0.615609756097561 0.012222222222222223 0.025365853658536587
0 0.7588888888888888 0.45463414634146343 0.009444444444444445 0.021463414634146343
0 0.02388888888888889 0.1746341463414634 0.010555555555555556 0.01951219512195122
0 0.058888888888888886 0.9434146341463414 0.012222222222222223 0.025365853658536587
0 0.45166666666666666 0.43317073170731707 0.009444444444444445 0.021463414634146343
0 0.9 0.7082926829268292 0.012222222222222223 0.025365853658536587
0 0.7716666666666666 0.22048780487804878 0.010555555555555556 0.01951219512195122
0 0.7516666666666667 0.28780487804878047 0.009444444444444445 0.021463414634146343
0 0.24 0.12975609756097561 0.010555555555555556 0.01951219512195122
0 0.4077777777777778 0.6995121951219512 0.012222222222222223 0.025365853658536587
0 0.08 0.1375609756097561 0.010555555555555556 0.01951219512195122
0 0.07222222222222222 0.864390243902439 0.012222222222222223 0.025365853658536587
0 0.4938888888888889 0.3053658536585366 0.009444444444444445 0.021463414634146343
0 0.2511111111111111 0.055609756097560976 0.010555555555555556 0.01951219512195122
0 0.5738888888888889 0.5521951219512196 0.012222222222222223 0.025365853658536587
0 0.925 0.3492682926829268 0.009444444444444445 0.021463414634146343
0 0.2061111111111111 0.5648780487804878 0.012222222222222223 0.025365853658536587
0 0.6111111111111112 0.9785365853658536 0.012222222222222223 0.025365853658536587
0 0.15055555555555555 0.8692682926829268 0.012222222222222223 0.025365853658536587
0 0.11333333333333333 0.18048780487804877 0.010555555555555556 0.01951219512195122
0 0.2388888888888889 0.5941463414634146 0.012222222222222223 0.025365853658536587
0 0.9716666666666667 0.7385365853658536 0.012222222222222223 0.025365853658536587
0 0.9994444444444445 0.7921951219512195 0.012222222222222223 0.025365853658536587
0 0.42388888888888887 0.1795121951219512 0.010555555555555556 0.01951219512195122
0 0.4077777777777778 0.7746341463414634 0.012222222222222223 0.025365853658536587
0 0.43833333333333335 0.06341463414634146 0.010555555555555556 0.01951219512195122
0 0.155 0.05951219512195122 0.010555555555555556 0.01951219512195122
0 0.2511111111111111 0.38341463414634147 0.009444444444444445 0.021463414634146343
0 0.17555555555555555 0.42341463414634145 0.009444444444444445 0.021463414634146343
0 0.6061111111111112 0.10341463414634146 0.010555555555555556 0.01951219512195122
0 0.4938888888888889 0.07902439024390244 0.010555555555555556 0.01951219512195122
0 0.47944444444444445 0.526829268292683 0.012222222222222223 0.025365853658536587
0 0.9755555555555555 0.09463414634146342 0.010555555555555556 0.01951219512195122
0 0.3927777777777778 0.9678048780487805 0.012222222222222223 0.025365853658536587
0 0.9544444444444444 0.5473170731707317 0.012222222222222223 0.025365853658536587
0 0.225 0.2 0.010555555555555556 0.01951219512195122
0 0.3138888888888889 0.344390243902439 0.009444444444444445 0.021463414634146343
0 0.5933333333333334 0.6029268292682927 0.012222222222222223 0.025365853658536587
0 0.28055555555555556 0.8087804878048781 0.012222222222222223 0.025365853658536587
0 0.3927777777777778 0.3170731707317073 0.009444444444444445 0.021463414634146343
0 0.9166666666666666 0.23902439024390243 0.010555555555555556 0.01951219512195122
0 0.13555555555555557 0.4585365853658537 0.009444444444444445 0.021463414634146343
0 0.7733333333333333 0.8370731707317073 0.012222222222222223 0.025365853658536587
0 0.06333333333333334 0.7658536585365854 0.012222222222222223 0.025365853658536587
0 0.7294444444444445 0.6751219512195122 0.012222222222222223 0.025365853658536587
0 0.9766666666666667 0.48878048780487804 0.009444444444444445 0.021463414634146343
0 0.09 0.4224390243902439 0.009444444444444445 0.021463414634146343
0 0.42333333333333334 0.5853658536585366 0.012222222222222223 0.025365853658536587
0 0.9211111111111111 0.5814634146341463 0.012222222222222223 0.025365853658536587
0 0.43722222222222223 0.46731707317073173 0.009444444444444445 0.021463414634146343
0 0.34055555555555556 0.005853658536585366 0.010555555555555556 0.01951219512195122
0 0.18777777777777777 0.20097560975609757 0.010555555555555556 0.01951219512195122
0 0.6638888888888889 0.8448780487804878 0.012222222222222223 0.025365853658536587
