0 0.6550347222222223 0.60546875 0.013020833333333334 0.023697916666666666
0 0.12170138888888889 0.63515625 0.02013888888888889 0.03515625
0 0.5883680555555556 0.61171875 0.00920138888888889 0.015885416666666666
0 0.4409722222222222 0.6333333333333333 0.008333333333333333 0.0125
0 0.7081597222222222 0.6020833333333333 0.013020833333333334 0.023697916666666666
0 0.3015625 0.63125 0.009375 0.01640625
0 0.5227430555555556 0.6317708333333333 0.008333333333333333 0.0125
0 0.5625 0.6106770833333334 0.00920138888888889 0.015885416666666666
0 0.5460069444444444 0.6166666666666667 0.00920138888888889 0.015885416666666666
0 0.07065972222222222 0.6130208333333333 0.011458333333333333 0.0203125
0 0.24131944444444445 0.6221354166666667 0.018229166666666668 0.027864583333333335
0 0.6309027777777778 0.62109375 0.013020833333333334 0.023697916666666666
0 0.3310763888888889 0.6192708333333333 0.003298611111111111 0.00625
0 0.35572916666666665 0.6174479166666667 0.0067708333333333336 0.0109375
0 0.1453125 0.6098958333333333 0.01597222222222222 0.028125
0 0.40121527777777777 0.63125 0.015625 0.023177083333333334
0 0.6925347222222222 0.63671875 0.013020833333333334 0.023697916666666666
0 0.5661458333333333 0.6143229166666667 0.00920138888888889 0.015885416666666666
0 0.5227430555555556 0.6236979166666666 0.008333333333333333 0.0125
0 0.7227430555555555 0.5963541666666666 0.013020833333333334 0.023697916666666666
0 0.17326388888888888 0.6283854166666667 0.011979166666666667 0.021354166666666667
0 0.5901041666666667 0.6158854166666666 0.00920138888888889 0.015885416666666666
0 0.2611111111111111 0.61640625 0.018229166666666668 0.027864583333333335
0 0.40989583333333335 0.6203125 0.005729166666666666 0.009114583333333334
0 0.47152777777777777 0.6109375 0.008333333333333333 0.0125
0 0.7480902777777778 0.61796875 0.013020833333333334 0.023697916666666666
0 0.4404513888888889 0.6114583333333333 0.008333333333333333 0.0125
0 0.38645833333333335 0.6127604166666667 0.005729166666666666 0.009114583333333334
0 0.7123263888888889 0.6442708333333333 0.013020833333333334 0.023697916666666666
0 0.4925347222222222 0.61484375 0.008333333333333333 0.0125
0 0.6133680555555555 0.63046875 0.00920138888888889 0.015885416666666666
0 0.3736111111111111 0.6455729166666667 0.015625 0.023177083333333334
0 0.5623263888888889 0.6096354166666667 0.00920138888888889 0.015885416666666666
0 0.39895833333333336 0.62109375 0.005729166666666666 0.009114583333333334
0 0.39079861111111114 0.6067708333333334 0.005729166666666666 0.009114583333333334
0 0.8258680555555555 0.6174479166666667 0.02013888888888889 0.02734375
0 0.63125 0.6221354166666667 0.013020833333333334 0.023697916666666666
0 0.13315972222222222 0.63046875 0.02013888888888889 0.03515625
0 0.22586805555555556 0.5682291666666667 0.019270833333333334 0.03515625
0 0.09079861111111111 0.62734375 0.011458333333333333 0.0203125
0 0.459375 0.6091145833333333 0.008333333333333333 0.0125
0 0.17829861111111112 0.6 0.011979166666666667 0.021354166666666667
0 0.42291666666666666 0.6067708333333334 0.005729166666666666 0.009114583333333334
0 0.6527777777777778 0.61171875 0.013020833333333334 0.023697916666666666
0 0.6642361111111111 0.62421875 0.013020833333333334 0.023697916666666666
0 0.6140625 0.62890625 0.00920138888888889 0.015885416666666666
0 0.6958333333333333 0.6393229166666666 0.013020833333333334 0.023697916666666666
0 0.15694444444444444 0.6111979166666667 0.0026041666666666665 0.005208333333333333
0 0.44895833333333335 0.6109375 0.008333333333333333 0.0125
0 0.5092013888888889 0.6122395833333333 0.008333333333333333 0.0125
0 0.6916666666666667 0.6328125 0.013020833333333334 0.023697916666666666
0 0.6263888888888889 0.30963541666666666 0.011979166666666667 0.021614583333333333
0 0.024826388888888887 0.6192708333333333 0.011458333333333333 0.0203125
0 0.9470486111111112 0.6216145833333333 0.02013888888888889 0.02734375
0 0.7079861111111111 0.6005208333333333 0.013020833333333334 0.023697916666666666
0 0.8307291666666666 0.6130208333333333 0.02013888888888889 0.02734375
0 0.6262152777777777 0.6125 0.00920138888888889 0.015885416666666666
0 0.5460069444444444 0.6190104166666667 0.00920138888888889 0.015885416666666666
0 0.3116319444444444 0.61171875 0.003298611111111111 0.00625
0 0.6270833333333333 0.6127604166666667 0.013020833333333334 0.023697916666666666
0 0.2861111111111111 0.6200520833333333 0.015104166666666667 0.02421875
0 0.8298611111111112 0.6080729166666666 0.02013888888888889 0.02734375
0 0.7048611111111112 0.58984375 0.013020833333333334 0.023697916666666666
0 0.7762152777777778 0.6229166666666667 0.018229166666666668 0.026302083333333334
0 0.6380208333333334 0.60390625 0.013020833333333334 0.023697916666666666
