0 0.39834710743801655 0.02481389578163772 0.021487603305785124 0.034739454094292806
0 0.05619834710743802 0.5409429280397022 0.1322314049586777 0.18858560794044665
0 0.31900826446280994 0.5930521091811415 0.1322314049586777 0.18858560794044665
0 0.42479338842975206 0.04714640198511166 0.021487603305785124 0.034739454094292806
0 0.5768595041322314 0.1687344913151365 0.04628099173553719 0.07196029776674938
0 0.8396694214876033 0.34987593052109184 0.1322314049586777 0.18858560794044665
0 0.6760330578512397 0.1662531017369727 0.04628099173553719 0.07196029776674938
0 0.6628099173553719 0.07692307692307693 0.021487603305785124 0.034739454094292806
0 0.7388429752066116 0.228287841191067 0.04628099173553719 0.07196029776674938
0 0.5801652892561984 0.08933002481389578 0.021487603305785124 0.034739454094292806
0 0.4793388429752066 0.1761786600496278 0.04628099173553719 0.07196029776674938
0 0.6132231404958678 0.0967741935483871 0.021487603305785124 0.034739454094292806
0 0.5553719008264463 0.6724565756823822 0.1322314049586777 0.18858560794044665
0 0.21322314049586777 0.28287841191067 0.04628099173553719 0.07196029776674938
0 0.4727272727272727 0.09181141439205956 0.021487603305785124 0.034739454094292806
0 0.3867768595041322 0.21836228287841192 0.04628099173553719 0.07196029776674938
0 0.6925619834710743 0.21339950372208435 0.04628099173553719 0.07196029776674938
0 0.6710743801652893 0.12158808933002481 0.021487603305785124 0.034739454094292806
0 0.3884297520661157 0.1488833746898263 0.04628099173553719 0.07196029776674938
0 0.42644628099173554 0.017369727047146403 0.021487603305785124 0.034739454094292806
0 0.6330578512396694 0.18858560794044665 0.04628099173553719 0.07196029776674938
0 0.41487603305785126 0.0794044665012407 0.021487603305785124 0.034739454094292806
0 0.4462809917355372 0.08188585607940446 0.021487603305785124 0.034739454094292806
0 0.8115702479338843 0.20347394540942929 0.04628099173553719 0.07196029776674938
0 0.596694214876033 0.04714640198511166 0.021487603305785124 0.034739454094292806
0 0.4644628099173554 0.06947890818858561 0.021487603305785124 0.034739454094292806
0 0.4049586776859504 0.11910669975186104 0.021487603305785124 0.034739454094292806
0 0.512396694214876 0.05459057071960298 0.021487603305785124 0.034739454094292806
0 0.46115702479338844 0.02481389578163772 0.021487603305785124 0.034739454094292806
0 0.9900826446280991 0.29280397022332505 0.04628099173553719 0.07196029776674938
0 0.5818181818181818 0.12406947890818859 0.021487603305785124 0.034739454094292806
0 0.41818181818181815 0.24069478908188585 0.04628099173553719 0.07196029776674938
0 0.3933884297520661 0.052109181141439205 0.021487603305785124 0.034739454094292806
0 0.5421487603305785 0.11910669975186104 0.021487603305785124 0.034739454094292806
0 0.3074380165289256 0.14392059553349876 0.021487603305785124 0.034739454094292806
0 0.3652892561983471 0.05707196029776675 0.021487603305785124 0.034739454094292806
0 0.32231404958677684 0.20099255583126552 0.04628099173553719 0.07196029776674938
0 0.2975206611570248 0.2456575682382134 0.04628099173553719 0.07196029776674938
0 0.8826446280991735 0.19106699751861042 0.04628099173553719 0.07196029776674938
0 0.3702479338842975 0.08188585607940446 0.021487603305785124 0.034739454094292806
0 0.5107438016528926 0.02729528535980149 0.021487603305785124 0.034739454094292806
0 0.34710743801652894 0.14392059553349876 0.021487603305785124 0.034739454094292806
0 0.34710743801652894 0.05707196029776675 0.021487603305785124 0.034739454094292806
0 0.5504132231404959 0.01240694789081886 0.021487603305785124 0.034739454094292806
0 0.6148760330578512 0.22332506203473945 0.04628099173553719 0.07196029776674938
0 0.5735537190082645 0.034739454094292806 0.021487603305785124 0.034739454094292806
0 0.5752066115702479 0.05955334987593052 0.021487603305785124 0.034739454094292806
0 0.8429752066115702 0.5732009925558312 0.1322314049586777 0.18858560794044665
0 0.7933884297520661 0.18858560794044665 0.04628099173553719 0.07196029776674938
0 0.34049586776859503 0.09429280397022333 0.021487603305785124 0.034739454094292806
0 0.4975206611570248 0.34987593052109184 0.1322314049586777 0.18858560794044665
0 0.08429752066115702 0.23325062034739455 0.04628099173553719 0.07196029776674938
0 0.740495867768595 0.16129032258064516 0.04628099173553719 0.07196029776674938
0 0.1933884297520661 0.1687344913151365 0.04628099173553719 0.07196029776674938
0 0.5239669421487604 0.23076923076923078 0.04628099173553719 0.07196029776674938
0 0.6743801652892562 0.4665012406947891 0.1322314049586777 0.18858560794044665
0 0.596694214876033 0.06451612903225806 0.021487603305785124 0.034739454094292806
0 0.6958677685950413 0.24813895781637718 0.04628099173553719 0.07196029776674938
0 0.47107438016528924 0.04466501240694789 0.021487603305785124 0.034739454094292806
0 0.43140495867768597 0.09925558312655088 0.021487603305785124 0.034739454094292806
0 0.45454545454545453 0.141439205955335 0.021487603305785124 0.034739454094292806
0 0.7619834710743801 0.1935483870967742 0.04628099173553719 0.07196029776674938
0 0.4743801652892562 0.21836228287841192 0.04628099173553719 0.07196029776674938
0 0.3669421487603306 0.034739454094292806 0.021487603305785124 0.034739454094292806
0 0.49421487603305786 0.01240694789081886 0.021487603305785124 0.034739454094292806
0 0.22644628099173553 0.17866004962779156 0.04628099173553719 0.07196029776674938
0 0.3421487603305785 0.3870967741935484 0.1322314049586777 0.18858560794044665
0 0.4826446280991736 0.13399503722084366 0.021487603305785124 0.034739454094292806
0 0.10578512396694215 0.18858560794044665 0.04628099173553719 0.07196029776674938
0 0.1024793388429752 0.2853598014888337 0.04628099173553719 0.07196029776674938
0 0.1768595041322314 0.2630272952853598 0.04628099173553719 0.07196029776674938
0 0.5884297520661157 0.2655086848635236 0.04628099173553719 0.07196029776674938
0 0.5355371900826447 0.08933002481389578 0.021487603305785124 0.034739454094292806
0 0.7173553719008264 0.3325062034739454 0.1322314049586777 0.18858560794044665
0 0.5024793388429752 0.08188585607940446 0.021487603305785124 0.034739454094292806
