0 0.611328125 0.10102489019033675 0.0263671875 0.04978038067349927
0 0.0517578125 0.4816983894582723 0.0263671875 0.04685212298682284
0 0.986328125 0.6442166910688141 0.0263671875 0.04685212298682284
0 0.0576171875 0.698389458272328 0.0263671875 0.04685212298682284
0 0.59765625 0.39092240117130306 0.0263671875 0.04978038067349927
0 0.7470703125 0.13469985358711567 0.0263671875 0.04978038067349927
0 0.833984375 0.623718887262079 0.0263671875 0.04685212298682284
0 0.515625 0.5051244509516838 0.0263671875 0.04685212298682284
0 0.5380859375 0.3938506588579795 0.0263671875 0.04978038067349927
0 0.759765625 0.5929721815519766 0.0263671875 0.04685212298682284
0 0.2431640625 0.18301610541727673 0.0263671875 0.04978038067349927
0 0.544921875 0.6076134699853587 0.0263671875 0.04685212298682284
0 0.9501953125 0.8125915080527086 0.0263671875 0.04685212298682284
0 0.97265625 0.7437774524158126 0.0263671875 0.04685212298682284
0 0.5224609375 0.4568081991215227 0.0263671875 0.04685212298682284
0 0.75 0.5578330893118595 0.0263671875 0.04685212298682284
0 0.4873046875 0.33821376281112736 0.0263671875 0.04978038067349927
0 0.109375 0.3689604685212299 0.0263671875 0.04978038067349927
0 0.4736328125 0.19912152269399708 0.0263671875 0.04978038067349927
0 0.34765625 0.6910688140556369 0.0263671875 0.04685212298682284
0 0.150390625 0.20351390922401172 0.0263671875 0.04978038067349927
0 0.5107421875 0.42313323572474376 0.0263671875 0.04978038067349927
0 0.953125 0.6354319180087847 0.0263671875 0.04685212298682284
0 0.416015625 0.43923865300146414 0.0263671875 0.048316251830161056
0 0.1044921875 0.5197657393850659 0.0263671875 0.04685212298682284
0 0.826171875 0.5607613469985359 0.0263671875 0.04685212298682284
0 0.86328125 0.7774524158125915 0.0263671875 0.04685212298682284
0 0.7080078125 0.4172767203513909 0.0263671875 0.04978038067349927
0 0.693359375 0.6281112737920937 0.0263671875 0.04685212298682284
0 0.193359375 0.4802342606149341 0.0263671875 0.04685212298682284
0 0.5693359375 0.424597364568082 0.0263671875 0.04978038067349927
0 0.1591796875 0.595900439238653 0.0263671875 0.04685212298682284
0 0.1376953125 0.5431918008784773 0.0263671875 0.04685212298682284
0 0.2666015625 0.45973645680819913 0.0263671875 0.04685212298682284
0 0.4189453125 0.5387994143484627 0.0263671875 0.04685212298682284
0 0.138671875 0.7291361639824304 0.0263671875 0.04685212298682284
0 0.0390625 0.3235724743777452 0.0263671875 0.04978038067349927
0 0.6455078125 0.6295754026354319 0.0263671875 0.04685212298682284
0 0.5185546875 0.568081991215227 0.0263671875 0.04685212298682284
0 0.6884765625 0.4582723279648609 0.0263671875 0.04685212298682284
0 0.0849609375 0.016105417276720352 0.0263671875 0.04978038067349927
0 0.951171875 0.16544655929721816 0.0263671875 0.04978038067349927
0 0.7421875 0.6720351390922401 0.0263671875 0.04685212298682284
0 0.8828125 0.08345534407027819 0.0263671875 0.04978038067349927
0 0.4951171875 0.4816983894582723 0.0263671875 0.04685212298682284
0 0.9013671875 0.31478770131771594 0.0263671875 0.04978038067349927
0 0.908203125 0.568081991215227 0.0263671875 0.04685212298682284
0 0.482421875 0.3806734992679356 0.0263671875 0.04978038067349927
0 0.72265625 0.5095168374816984 0.0263671875 0.04685212298682284
0 0.341796875 0.4407027818448023 0.0263671875 0.04685212298682284
0 0.6025390625 0.568081991215227 0.0263671875 0.04685212298682284
0 0.158203125 0.04685212298682284 0.0263671875 0.04978038067349927
0 0.140625 0.24890190336749635 0.0263671875 0.04978038067349927
0 0.076171875 0.5358711566617862 0.0263671875 0.04685212298682284
0 0.37109375 0.5387994143484627 0.0263671875 0.04685212298682284
0 0.4521484375 0.5944363103953147 0.0263671875 0.04685212298682284
0 0.1640625 0.13323572474377746 0.0263671875 0.04978038067349927
0 0.859375 0.4802342606149341 0.0263671875 0.04685212298682284
0 0.4365234375 0.6222547584187409 0.0263671875 0.04685212298682284
0 0.2421875 0.040995607613469986 0.0263671875 0.04978038067349927
0 0.173828125 0.1581259150805271 0.0263671875 0.04978038067349927
0 0.9228515625 0.27379209370424595 0.0263671875 0.04978038067349927
0 0.5556640625 0.34699853587115664 0.0263671875 0.04978038067349927
0 0.94140625 0.7642752562225475 0.0263671875 0.04685212298682284
0 0.5654296875 0.7408491947291361 0.0263671875 0.04685212298682284
0 0.6435546875 0.4172767203513909 0.0263671875 0.04978038067349927
0 0.2119140625 0.04978038067349927 0.0263671875 0.04978038067349927
0 0.6533203125 0.1493411420204978 0.0263671875 0.04978038067349927
0 0.2880859375 0.35871156661786235 0.0263671875 0.04978038067349927
0 0.1015625 0.3235724743777452 0.0263671875 0.04978038067349927
0 0.1015625 0.7906295754026355 0.0263671875 0.04685212298682284
0 0.7763671875 0.23865300146412885 0.0263671875 0.04978038067349927
0 0.0615234375 0.029282576866764276 0.0263671875 0.04978038067349927
0 0.6484375 0.2225475841874085 0.0263671875 0.04978038067349927
0 0.69921875 0.12445095168374817 0.0263671875 0.04978038067349927
0 0.4345703125 0.33821376281112736 0.0263671875 0.04978038067349927
0 0.1025390625 0.45095168374816985 0.0263671875 0.048316251830161056
0 0.3271484375 0.5065885797950219 0.0263671875 0.04685212298682284
0 0.5380859375 0.44216691068814057 0.0263671875 0.048316251830161056
0 0.826171875 0.0951683748169839 0.0263671875 0.04978038067349927
0 0.283203125 0.5314787701317716 0.0263671875 0.04685212298682284
0 0.9111328125 0.3806734992679356 0.0263671875 0.04978038067349927
0 0.7119140625 0.541727672035139 0.0263671875 0.04685212298682284
0 0.5361328125 0.664714494875549 0.0263671875 0.04685212298682284
0 0.9306640625 0.5241581259150805 0.0263671875 0.04685212298682284
0 0.2041015625 0.623718887262079 0.0263671875 0.04685212298682284
0 0.5146484375 0.3279648609077599 0.0263671875 0.04978038067349927
0 0.7646484375 0.7452415812591509 0.0263671875 0.04685212298682284
0 0.9638671875 0.3103953147877013 0.0263671875 0.04978038067349927
0 0.81640625 0.06881405563689605 0.0263671875 0.04978038067349927
0 0.5830078125 0.718887262079063 0.0263671875 0.04685212298682284
0 0.552734375 0.575402635431918 0.0263671875 0.04685212298682284
0 0.4873046875 0.5710102489019033 0.0263671875 0.04685212298682284
0 0.408203125 0.7349926793557833 0.0263671875 0.04685212298682284
0 0.1591796875 0.4216691068814056 0.0263671875 0.04978038067349927
0 0.0361328125 0.16105417276720352 0.0263671875 0.04978038067349927
0 0.39453125 0.47291361639824303 0.0263671875 0.04685212298682284
0 0.3984375 0.07906295754026355 0.0263671875 0.04978038067349927
0 0.625 0.5666178623718887 0.0263671875 0.04685212298682284
0 0.1845703125 0.4158125915080527 0.0263671875 0.04978038067349927
0 0.5126953125 0.7423133235724744 0.0263671875 0.04685212298682284
0 0.6484375 0.5490483162518301 0.0263671875 0.04685212298682284
0 0.83203125 0.232796486090776 0.0263671875 0.04978038067349927
0 0.2978515625 0.27232796486090777 0.0263671875 0.04978038067349927
0 0.818359375 0.4612005856515373 0.0263671875 0.04685212298682284
0 0.0703125 0.39824304538799415 0.0263671875 0.04978038067349927
0 0.1884765625 0.191800878477306 0.0263671875 0.04978038067349927
0 0.953125 0.527086383601757 0.0263671875 0.04685212298682284
0 0.4736328125 0.6764275256222547 0.0263671875 0.04685212298682284
0 0.8994140625 0.7423133235724744 0.0263671875 0.04685212298682284
0 0.044921875 0.39092240117130306 0.0263671875 0.04978038067349927
0 0.3330078125 0.2679355783308931 0.0263671875 0.04978038067349927
0 0.744140625 0.5285505124450952 0.0263671875 0.04685212298682284
0 0.9638671875 0.5666178623718887 0.0263671875 0.04685212298682284
0 0.740234375 0.8169838945827232 0.0263671875 0.04685212298682284
0 0.31640625 0.14055636896046853 0.0263671875 0.04978038067349927
0 0.6640625 0.8184480234260615 0.0263671875 0.04685212298682284
0 0.248046875 0.21815519765739386 0.0263671875 0.04978038067349927
0 0.29296875 0.5900439238653001 0.0263671875 0.04685212298682284
0 0.35546875 0.5797950219619327 0.0263671875 0.04685212298682284
0 0.92578125 0.13030746705710103 0.0263671875 0.04978038067349927
0 0.2822265625 0.21961932650073207 0.0263671875 0.04978038067349927
0 0.5380859375 0.5344070278184481 0.0263671875 0.04685212298682284
0 0.6083984375 0.34992679355783307 0.0263671875 0.04978038067349927
0 0.8095703125 0.6837481698389458 0.0263671875 0.04685212298682284
0 0.564453125 0.3206442166910688 0.0263671875 0.04978038067349927
0 0.6943359375 0.5578330893118595 0.0263671875 0.04685212298682284
0 0.2333984375 0.595900439238653 0.0263671875 0.04685212298682284
0 0.2197265625 0.1376281112737921 0.0263671875 0.04978038067349927
0 0.1005859375 0.5871156661786238 0.0263671875 0.04685212298682284
0 0.0068359375 0.5534407027818448 0.0263671875 0.04685212298682284
0 0.916015625 0.6471449487554904 0.0263671875 0.04685212298682284
0 0.25 0.1259150805270864 0.0263671875 0.04978038067349927
0 0.2548828125 0.424597364568082 0.0263671875 0.04978038067349927
0 0.076171875 0.13616398243045388 0.0263671875 0.04978038067349927
0 0.0068359375 0.06734992679355783 0.0263671875 0.04978038067349927
0 0.6845703125 0.363103953147877 0.0263671875 0.04978038067349927
0 0.375 0.4172767203513909 0.0263671875 0.04978038067349927
0 0.37890625 0.25036603221083453 0.0263671875 0.04978038067349927
0 0.5986328125 0.6105417276720352 0.0263671875 0.04685212298682284
0 0.009765625 0.18887262079062958 0.0263671875 0.04978038067349927
0 0.552734375 0.16398243045387995 0.0263671875 0.04978038067349927
0 0.5830078125 0.8301610541727672 0.0263671875 0.04685212298682284
0 0.140625 0.4084919472913616 0.0263671875 0.04978038067349927
0 0.5810546875 0.09809663250366032 0.0263671875 0.04978038067349927
0 0.22265625 0.3323572474377745 0.0263671875 0.04978038067349927
0 0.4794921875 0.14494875549048317 0.0263671875 0.04978038067349927
0 0.0595703125 0.7510980966325037 0.0263671875 0.04685212298682284
0 0.5830078125 0.18594436310395315 0.0263671875 0.04978038067349927
0 0.796875 0.11273792093704246 0.0263671875 0.04978038067349927
0 0.1630859375 0.8140556368960469 0.0263671875 0.04685212298682284
0 0.283203125 0.6954612005856515 0.0263671875 0.04685212298682284
0 0.6884765625 0.09956076134699854 0.0263671875 0.04978038067349927
0 0.103515625 0.24158125915080528 0.0263671875 0.04978038067349927
0 0.96875 0.07320644216691069 0.0263671875 0.04978038067349927
0 0.658203125 0.36603221083455345 0.0263671875 0.04978038067349927
0 0.3857421875 0.45534407027818447 0.0263671875 0.04685212298682284
0 0.763671875 0.4143484626647145 0.0263671875 0.04978038067349927
0 0.8662109375 0.5900439238653001 0.0263671875 0.04685212298682284
0 0.0166015625 0.828696925329429 0.0263671875 0.04685212298682284
0 0.740234375 0.6002928257686676 0.0263671875 0.04685212298682284
0 0.8271484375 0.30161054172767204 0.0263671875 0.04978038067349927
0 0.0146484375 0.46412884333821375 0.0263671875 0.048316251830161056
0 0.9951171875 0.22547584187408493 0.0263671875 0.04978038067349927
0 0.46484375 0.4802342606149341 0.0263671875 0.04685212298682284
0 0.2734375 0.6251830161054173 0.0263671875 0.04685212298682284
0 0.2080078125 0.541727672035139 0.0263671875 0.04685212298682284
0 0.07421875 0.1815519765739385 0.0263671875 0.04978038067349927
0 0.091796875 0.06149341142020498 0.0263671875 0.04978038067349927
0 0.470703125 0.08638360175695461 0.0263671875 0.04978038067349927
0 0.7333984375 0.08052708638360176 0.0263671875 0.04978038067349927
0 0.8759765625 0.14641288433382138 0.0263671875 0.04978038067349927
0 0.9697265625 0.6837481698389458 0.0263671875 0.04685212298682284
0 0.611328125 0.7657393850658858 0.0263671875 0.04685212298682284
0 0.6884765625 0.6002928257686676 0.0263671875 0.04685212298682284
0 0.7373046875 0.445095168374817 0.0263671875 0.04685212298682284
0 0.54296875 0.09809663250366032 0.0263671875 0.04978038067349927
0 0.6826171875 0.7584187408491947 0.0263671875 0.04685212298682284
0 0.2900390625 0.17715959004392387 0.0263671875 0.04978038067349927
0 0.1298828125 0.13323572474377746 0.0263671875 0.04978038067349927
0 0.6689453125 0.17423133235724744 0.0263671875 0.04978038067349927
0 0.2841796875 0.40263543191800877 0.0263671875 0.04978038067349927
0 0.22265625 0.8023426061493412 0.0263671875 0.04685212298682284
0 0.4755859375 0.746705710102489 0.0263671875 0.04685212298682284
0 0.41796875 0.1493411420204978 0.0263671875 0.04978038067349927
0 0.3330078125 0.6398243045387995 0.0263671875 0.04685212298682284
0 0.611328125 0.1478770131771596 0.0263671875 0.04978038067349927
0 0.1591796875 0.37774524158125916 0.0263671875 0.04978038067349927
0 0.830078125 0.8301610541727672 0.0263671875 0.04685212298682284
0 0.2392578125 0.08052708638360176 0.0263671875 0.04978038067349927
0 0.4228515625 0.37774524158125916 0.0263671875 0.04978038067349927
0 0.927734375 0.5929721815519766 0.0263671875 0.04685212298682284
0 0.7978515625 0.5226939970717424 0.0263671875 0.04685212298682284
0 0.5791015625 0.677891654465593 0.0263671875 0.04685212298682284
