0 0.1254681647940075 0.26932668329177056 0.02247191011235955 0.04488778054862843
0 0.9213483146067416 0.6708229426433915 0.018726591760299626 0.0399002493765586
0 0.07303370786516854 0.38902743142144636 0.02247191011235955 0.04488778054862843
0 0.9307116104868914 0.04738154613466334 0.026217228464419477 0.04488778054862843
0 0.7397003745318352 0.5037406483790524 0.018726591760299626 0.0399002493765586
0 0.5430711610486891 0.1396508728179551 0.016853932584269662 0.0399002493765586
0 0.05805243445692884 0.18453865336658354 0.016853932584269662 0.0399002493765586
0 0.020599250936329586 0.5860349127182045 0.018726591760299626 0.0399002493765586
0 0.17415730337078653 0.45885286783042395 0.02247191011235955 0.04488778054862843
0 0.8220973782771536 0.36658354114713215 0.02247191011235955 0.04488778054862843
0 0.9868913857677902 0.6932668329177057 0.026217228464419477 0.04239401496259352
0 0.5112359550561798 0.8802992518703242 0.026217228464419477 0.04239401496259352
0 0.8220973782771536 0.830423940149626 0.026217228464419477 0.04239401496259352
0 0.1797752808988764 0.600997506234414 0.018726591760299626 0.0399002493765586
0 0.0056179775280898875 0.8079800498753117 0.026217228464419477 0.04239401496259352
0 0.7640449438202247 0.286783042394015 0.02247191011235955 0.04488778054862843
0 0.04681647940074907 0.5386533665835411 0.018726591760299626 0.0399002493765586
0 0.22659176029962547 0.827930174563591 0.026217228464419477 0.04239401496259352
0 0.4438202247191011 0.1546134663341646 0.016853932584269662 0.0399002493765586
0 0.36891385767790263 0.3192019950124688 0.02247191011235955 0.04488778054862843
0 0.12734082397003746 0.6932668329177057 0.026217228464419477 0.04239401496259352
0 0.8838951310861424 0.5336658354114713 0.018726591760299626 0.0399002493765586
0 0.11235955056179775 0.004987531172069825 0.026217228464419477 0.04488778054862843
0 0.7921348314606742 0.628428927680798 0.018726591760299626 0.0399002493765586
0 0.31647940074906367 0.9675810473815462 0.026217228464419477 0.04239401496259352
0 0.846441947565543 0.2144638403990025 0.016853932584269662 0.0399002493765586
0 0.8352059925093633 0.08977556109725686 0.016853932584269662 0.0399002493765586
0 0.3857677902621723 0.7680798004987531 0.026217228464419477 0.04239401496259352
0 0.07303370786516854 0.8528678304239401 0.026217228464419477 0.04239401496259352
0 0.14606741573033707 0.8229426433915212 0.026217228464419477 0.04239401496259352
0 0.9138576779026217 0.3491271820448878 0.02247191011235955 0.04488778054862843
0 0.2752808988764045 0.1371571072319202 0.016853932584269662 0.0399002493765586
0 0.8595505617977528 0.4688279301745636 0.02247191011235955 0.04488778054862843
0 0.48314606741573035 0.9451371571072319 0.026217228464419477 0.04239401496259352
0 0.9026217228464419 0.2967581047381546 0.02247191011235955 0.04488778054862843
0 0.06741573033707865 0.9326683291770573 0.026217228464419477 0.04239401496259352
0 0.6722846441947565 0.32917705735660846 0.02247191011235955 0.04488778054862843
0 0.1891385767790262 0.017456359102244388 0.026217228464419477 0.04488778054862843
0 0.25280898876404495 0.3316708229426434 0.02247191011235955 0.04488778054862843
0 0.9176029962546817 0.18703241895261846 0.016853932584269662 0.0399002493765586
0 0.7097378277153558 0.10473815461346633 0.016853932584269662 0.0399002493765586
0 0.5692883895131086 0.23940149625935161 0.016853932584269662 0.0399002493765586
0 0.550561797752809 0.8054862842892768 0.026217228464419477 0.04239401496259352
0 0.5205992509363296 0.5211970074812967 0.018726591760299626 0.0399002493765586
0 0.36142322097378277 0.09476309226932668 0.016853932584269662 0.0399002493765586
0 0.41198501872659177 0.2344139650872818 0.016853932584269662 0.0399002493765586
0 0.6348314606741573 0.26184538653366585 0.02247191011235955 0.04488778054862843
0 0.15917602996254682 0.06733167082294264 0.026217228464419477 0.04488778054862843
0 0.15355805243445692 0.6483790523690773 0.018726591760299626 0.0399002493765586
0 0.5655430711610487 0.032418952618453865 0.026217228464419477 0.04488778054862843
0 0.9962546816479401 0.11221945137157108 0.026217228464419477 0.04488778054862843
0 0.7097378277153558 0.683291770573566 0.026217228464419477 0.04239401496259352
0 0.947565543071161 0.26932668329177056 0.02247191011235955 0.04488778054862843
0 0.32771535580524347 0.6259351620947631 0.018726591760299626 0.0399002493765586
0 0.04868913857677903 0.8778054862842892 0.026217228464419477 0.04239401496259352
0 0.6310861423220974 0.8054862842892768 0.026217228464419477 0.04239401496259352
0 0.20786516853932585 0.5386533665835411 0.018726591760299626 0.0399002493765586
0 0.0018726591760299626 0.5536159600997507 0.0149812734082397 0.02743142144638404
0 0.4250936329588015 0.10473815461346633 0.016853932584269662 0.0399002493765586
0 0.37453183520599254 0.05236907730673317 0.026217228464419477 0.04488778054862843
0 0.6722846441947565 0.04488778054862843 0.026217228464419477 0.04488778054862843
0 0.7921348314606742 0.2543640897755611 0.02247191011235955 0.04488778054862843
0 0.5280898876404494 0.3266832917705736 0.02247191011235955 0.04488778054862843
0 0.09737827715355805 0.08229426433915212 0.016853932584269662 0.0399002493765586
0 0.947565543071161 0.7980049875311721 0.026217228464419477 0.04239401496259352
0 0.009363295880149813 0.2344139650872818 0.016853932584269662 0.0399002493765586
0 0.41947565543071164 0.9276807980049875 0.026217228464419477 0.04239401496259352
0 0.9775280898876404 0.18703241895261846 0.016853932584269662 0.0399002493765586
0 0.6048689138576779 0.16458852867830423 0.016853932584269662 0.0399002493765586
0 0.13857677902621723 0.5386533665835411 0.018726591760299626 0.0399002493765586
0 0.7677902621722846 0.16209476309226933 0.016853932584269662 0.0399002493765586
0 0.20599250936329588 0.14962593516209477 0.016853932584269662 0.0399002493765586
0 0.2808988764044944 0.6234413965087282 0.018726591760299626 0.0399002493765586
0 0.3464419475655431 0.8802992518703242 0.026217228464419477 0.04239401496259352
0 0.3895131086142322 0.1745635910224439 0.016853932584269662 0.0399002493765586
0 0.5917602996254682 0.5785536159600998 0.018726591760299626 0.0399002493765586
0 0.4943820224719101 0.7331670822942643 0.026217228464419477 0.04239401496259352
0 0.22846441947565543 0.6783042394014963 0.026217228464419477 0.04239401496259352
0 0.4419475655430712 0.8528678304239401 0.026217228464419477 0.04239401496259352
0 0.149812734082397 0.9825436408977556 0.026217228464419477 0.04239401496259352
0 0.31835205992509363 0.6957605985037406 0.026217228464419477 0.04239401496259352
0 0.9906367041198502 0.9750623441396509 0.026217228464419477 0.04239401496259352
0 0.2546816479400749 0.3790523690773067 0.02247191011235955 0.04488778054862843
0 0.06554307116104868 0.0024937655860349127 0.026217228464419477 0.04488778054862843
0 0.12359550561797752 0.47880299251870323 0.018726591760299626 0.0399002493765586
0 0.8127340823970037 0.012468827930174564 0.026217228464419477 0.04488778054862843
0 0.6685393258426966 0.18453865336658354 0.016853932584269662 0.0399002493765586
0 0.8352059925093633 0.4837905236907731 0.018726591760299626 0.0399002493765586
0 0.11610486891385768 0.6184538653366584 0.018726591760299626 0.0399002493765586
0 0.6310861423220974 0.0199501246882793 0.026217228464419477 0.04488778054862843
0 0.18352059925093633 0.22942643391521197 0.016853932584269662 0.0399002493765586
0 0.299625468164794 0.0399002493765586 0.026217228464419477 0.04488778054862843
0 0.4419475655430712 0.5037406483790524 0.018726591760299626 0.0399002493765586
0 0.8782771535580525 0.6109725685785536 0.018726591760299626 0.0399002493765586
0 0.2846441947565543 0.9301745635910225 0.026217228464419477 0.04239401496259352
0 0.700374531835206 0.8079800498753117 0.026217228464419477 0.04239401496259352
0 0.8670411985018727 0.004987531172069825 0.026217228464419477 0.04488778054862843
0 0.5112359550561798 0.26932668329177056 0.02247191011235955 0.04488778054862843
0 0.37265917602996257 0.5211970074812967 0.018726591760299626 0.0399002493765586
0 0.6123595505617978 0.85785536159601 0.026217228464419477 0.04239401496259352
0 0.12734082397003746 0.41895261845386533 0.02247191011235955 0.04488778054862843
0 0.7546816479400749 0.33665835411471323 0.02247191011235955 0.04488778054862843
0 0.4419475655430712 0.26184538653366585 0.02247191011235955 0.04488778054862843
0 0.5823970037453183 0.7057356608478803 0.026217228464419477 0.04239401496259352
0 0.16666666666666666 0.1371571072319202 0.016853932584269662 0.0399002493765586
0 0.8052434456928839 0.713216957605985 0.026217228464419477 0.04239401496259352
0 0.41385767790262173 0.7456359102244389 0.026217228464419477 0.04239401496259352
0 0.13108614232209737 0.8503740648379052 0.026217228464419477 0.04239401496259352
0 0.028089887640449437 0.38154613466334164 0.02247191011235955 0.04488778054862843
0 0.49812734082397003 0.7855361596009975 0.026217228464419477 0.04239401496259352
0 0.3352059925093633 0.5785536159600998 0.018726591760299626 0.0399002493765586
0 0.7621722846441947 0.0798004987531172 0.016853932584269662 0.0399002493765586
0 0.6423220973782772 0.5037406483790524 0.018726591760299626 0.0399002493765586
0 0.1891385767790262 0.770573566084788 0.026217228464419477 0.04239401496259352
0 0.8895131086142322 0.8204488778054863 0.026217228464419477 0.04239401496259352
0 0.24344569288389514 0.2144638403990025 0.016853932584269662 0.0399002493765586
0 0.9232209737827716 0.10473815461346633 0.016853932584269662 0.0399002493765586
0 0.024344569288389514 0.2817955112219451 0.02247191011235955 0.04488778054862843
0 0.8033707865168539 0.42144638403990026 0.02247191011235955 0.04488778054862843
0 0.9775280898876404 0.8553615960099751 0.026217228464419477 0.04239401496259352
0 0.2902621722846442 0.8129675810473815 0.026217228464419477 0.04239401496259352
0 0.21348314606741572 0.0024937655860349127 0.026217228464419477 0.04488778054862843
0 0.8314606741573034 0.2967581047381546 0.02247191011235955 0.04488778054862843
0 0.949438202247191 0.6134663341645885 0.018726591760299626 0.0399002493765586
0 0.19850187265917604 0.40648379052369077 0.02247191011235955 0.04488778054862843
0 0.3595505617977528 0.8354114713216958 0.026217228464419477 0.04239401496259352
0 0.31273408239700373 0.7506234413965087 0.026217228464419477 0.04239401496259352
0 0.9812734082397003 0.3491271820448878 0.02247191011235955 0.04488778054862843
0 0.7059925093632958 0.5187032418952618 0.018726591760299626 0.0399002493765586
0 0.6985018726591761 0.7506234413965087 0.026217228464419477 0.04239401496259352
0 0.08239700374531835 0.655860349127182 0.018726591760299626 0.0399002493765586
0 0.5280898876404494 0.6359102244389028 0.018726591760299626 0.0399002493765586
0 0.3333333333333333 0.17206982543640897 0.016853932584269662 0.0399002493765586
0 0.23220973782771537 0.0773067331670823 0.016853932584269662 0.0399002493765586
0 0.20411985018726592 0.9002493765586035 0.026217228464419477 0.04239401496259352
0 0.4606741573033708 0.7082294264339152 0.026217228464419477 0.04239401496259352
0 0.602996254681648 0.32917705735660846 0.02247191011235955 0.04488778054862843
0 0.6947565543071161 0.24438902743142144 0.016853932584269662 0.0399002493765586
0 0.7322097378277154 0.032418952618453865 0.026217228464419477 0.04488778054862843
0 0.3352059925093633 0.24438902743142144 0.016853932584269662 0.0399002493765586
0 0.06928838951310862 0.6982543640897756 0.026217228464419477 0.04239401496259352
0 0.18726591760299627 0.3167082294264339 0.02247191011235955 0.04488778054862843
0 0.31086142322097376 0.3541147132169576 0.02247191011235955 0.04488778054862843
0 0.013108614232209739 0.14713216957605985 0.016853932584269662 0.0399002493765586
0 0.031835205992509365 0.02493765586034913 0.026217228464419477 0.04488778054862843
0 0.50187265917603 0.19950124688279303 0.016853932584269662 0.0399002493765586
0 0.6610486891385767 0.6134663341645885 0.018726591760299626 0.0399002493765586
0 0.42696629213483145 0.6334164588528678 0.018726591760299626 0.0399002493765586
0 0.6591760299625468 0.4014962593516209 0.02247191011235955 0.04488778054862843
0 0.056179775280898875 0.3092269326683292 0.02247191011235955 0.04488778054862843
0 0.3352059925093633 0.4164588528678304 0.02247191011235955 0.04488778054862843
0 0.27340823970037453 0.57356608478803 0.018726591760299626 0.0399002493765586
0 0.0056179775280898875 0.7381546134663342 0.026217228464419477 0.04239401496259352
0 0.09363295880149813 0.9102244389027432 0.026217228464419477 0.04239401496259352
0 0.31273408239700373 0.48129675810473815 0.018726591760299626 0.0399002493765586
0 0.7528089887640449 0.9376558603491272 0.026217228464419477 0.04239401496259352
0 0.5561797752808989 0.42144638403990026 0.02247191011235955 0.04488778054862843
0 0.7602996254681648 0.8054862842892768 0.026217228464419477 0.04239401496259352
0 0.8876404494382022 0.7406483790523691 0.026217228464419477 0.04239401496259352
0 0.5149812734082397 0.1172069825436409 0.016853932584269662 0.0399002493765586
0 0.5636704119850188 0.5012468827930174 0.018726591760299626 0.0399002493765586
0 0.5187265917602997 0.007481296758104738 0.026217228464419477 0.04488778054862843
0 0.6367041198501873 0.11221945137157108 0.016853932584269662 0.0399002493765586
0 0.27153558052434457 0.00997506234413965 0.026217228464419477 0.04488778054862843
0 0.07303370786516854 0.12718204488778054 0.016853932584269662 0.0399002493765586
0 0.7397003745318352 0.44139650872817954 0.02247191011235955 0.04488778054862843
