0 0.2865384615384615 0.347008547008547 0.0019230769230769232 0.0017094017094017094
0 0.3730769230769231 0.48717948717948717 0.007692307692307693 0.017094017094017096
0 0.17884615384615385 0.5008547008547009 0.007692307692307693 0.017094017094017096
0 0.028846153846153848 0.3811965811965812 0.0019230769230769232 0.0017094017094017094
0 0.7903846153846154 0.4427350427350427 0.006730769230769231 0.015384615384615385
0 0.03365384615384615 0.8358974358974359 0.02980769230769231 0.05641025641025641
0 0.44519230769230766 0.48205128205128206 0.007692307692307693 0.017094017094017096
0 0.23942307692307693 0.8752136752136752 0.02980769230769231 0.05641025641025641
0 0.05 0.7811965811965812 0.02980769230769231 0.05641025641025641
0 0.032692307692307694 0.5777777777777777 0.01730769230769231 0.037606837606837605
0 0.44903846153846155 0.6564102564102564 0.01730769230769231 0.037606837606837605
0 0.5115384615384615 0.4376068376068376 0.006730769230769231 0.015384615384615385
0 0.8394230769230769 0.4153846153846154 0.0019230769230769232 0.0017094017094017094
0 0.08846153846153847 0.8444444444444444 0.02980769230769231 0.05641025641025641
0 0.7932692307692307 0.41367521367521365 0.007692307692307693 0.011965811965811967
0 0.37115384615384617 0.6632478632478632 0.01730769230769231 0.037606837606837605
0 0.1798076923076923 0.3504273504273504 0.0019230769230769232 0.0017094017094017094
0 0.5807692307692308 0.39316239316239315 0.0019230769230769232 0.0017094017094017094
0 0.026923076923076925 0.705982905982906 0.020192307692307693 0.042735042735042736
0 0.4701923076923077 0.4239316239316239 0.006730769230769231 0.015384615384615385
0 0.3557692307692308 0.4581196581196581 0.007692307692307693 0.017094017094017096
0 0.47307692307692306 0.7299145299145299 0.02403846153846154 0.05128205128205128
0 0.7740384615384616 0.4735042735042735 0.006730769230769231 0.015384615384615385
0 0.5461538461538461 0.49572649572649574 0.006730769230769231 0.015384615384615385
0 0.10865384615384616 0.6957264957264957 0.02403846153846154 0.05128205128205128
0 0.13173076923076923 0.3247863247863248 0.0019230769230769232 0.0017094017094017094
0 0.7826923076923077 0.3606837606837607 0.0019230769230769232 0.0017094017094017094
0 0.2298076923076923 0.6991452991452991 0.02403846153846154 0.05128205128205128
0 0.6701923076923076 0.46153846153846156 0.006730769230769231 0.015384615384615385
0 0.15384615384615385 0.4307692307692308 0.006730769230769231 0.015384615384615385
0 0.4480769230769231 0.358974358974359 0.0019230769230769232 0.0017094017094017094
0 0.19134615384615383 0.4358974358974359 0.006730769230769231 0.015384615384615385
0 0.25961538461538464 0.7299145299145299 0.02403846153846154 0.05128205128205128
0 0.614423076923077 0.42905982905982903 0.006730769230769231 0.015384615384615385
0 0.12307692307692308 0.41196581196581195 0.0019230769230769232 0.0017094017094017094
0 0.7740384615384616 0.3606837606837607 0.0019230769230769232 0.0017094017094017094
0 0.05 0.4495726495726496 0.007692307692307693 0.017094017094017096
0 0.24711538461538463 0.6068376068376068 0.01730769230769231 0.037606837606837605
0 0.21923076923076923 0.6444444444444445 0.01730769230769231 0.037606837606837605
0 0.39326923076923076 0.3213675213675214 0.0019230769230769232 0.0017094017094017094
0 0.4442307692307692 0.7299145299145299 0.02403846153846154 0.05128205128205128
0 0.3211538461538462 0.8153846153846154 0.02980769230769231 0.05641025641025641
0 0.18846153846153846 0.3111111111111111 0.0019230769230769232 0.0017094017094017094
0 0.11346153846153846 0.7760683760683761 0.02980769230769231 0.05641025641025641
0 0.06442307692307692 0.6239316239316239 0.01730769230769231 0.037606837606837605
0 0.1605769230769231 0.6581196581196581 0.01730769230769231 0.037606837606837605
0 0.8144230769230769 0.5863247863247864 0.014423076923076924 0.03247863247863248
0 0.11826923076923077 0.7042735042735043 0.02403846153846154 0.05128205128205128
0 0.23076923076923078 0.5897435897435898 0.01730769230769231 0.037606837606837605
0 0.4567307692307692 0.588034188034188 0.01730769230769231 0.037606837606837605
0 0.008653846153846154 0.7777777777777778 0.025 0.04786324786324787
0 0.4201923076923077 0.7247863247863248 0.02403846153846154 0.05128205128205128
0 0.5673076923076923 0.35384615384615387 0.0019230769230769232 0.0017094017094017094
0 0.14903846153846154 0.9623931623931624 0.02980769230769231 0.05641025641025641
0 0.027884615384615386 0.7504273504273504 0.020192307692307693 0.042735042735042736
0 0.15673076923076923 0.7333333333333333 0.02403846153846154 0.05128205128205128
0 0.1548076923076923 0.6957264957264957 0.02403846153846154 0.05128205128205128
0 0.6807692307692308 0.3504273504273504 0.0019230769230769232 0.0017094017094017094
0 0.1076923076923077 0.9846153846153847 0.025 0.04786324786324787
0 0.7692307692307693 0.5401709401709401 0.014423076923076924 0.03247863247863248
0 0.07403846153846154 0.347008547008547 0.0019230769230769232 0.0017094017094017094
0 0.6509615384615385 0.3572649572649573 0.0019230769230769232 0.0017094017094017094
0 0.046153846153846156 0.6085470085470085 0.01730769230769231 0.037606837606837605
0 0.10096153846153846 0.8051282051282052 0.02980769230769231 0.05641025641025641
0 0.25096153846153846 0.5008547008547009 0.007692307692307693 0.017094017094017096
0 0.10480769230769231 0.9042735042735043 0.02980769230769231 0.05641025641025641
0 0.01826923076923077 0.6085470085470085 0.014423076923076924 0.03247863247863248
0 0.12884615384615383 0.38461538461538464 0.0019230769230769232 0.0017094017094017094
0 0.07307692307692308 0.5384615384615384 0.01730769230769231 0.037606837606837605
0 0.8163461538461538 0.4188034188034188 0.007692307692307693 0.011965811965811967
0 0.6990384615384615 0.37777777777777777 0.0019230769230769232 0.0017094017094017094
0 0.2673076923076923 0.8427350427350427 0.02980769230769231 0.05641025641025641
0 0.016346153846153847 0.6752136752136753 0.014423076923076924 0.03247863247863248
0 0.07884615384615384 0.5965811965811966 0.01730769230769231 0.037606837606837605
0 0.7586538461538461 0.4358974358974359 0.006730769230769231 0.015384615384615385
0 0.29615384615384616 0.36752136752136755 0.0019230769230769232 0.0017094017094017094
0 0.025 0.9623931623931624 0.025 0.04786324786324787
0 0.06442307692307692 0.8188034188034188 0.02980769230769231 0.05641025641025641
0 0.6471153846153846 0.4581196581196581 0.006730769230769231 0.015384615384615385
0 0.4673076923076923 0.5470085470085471 0.01730769230769231 0.037606837606837605
0 0.7644230769230769 0.3247863247863248 0.0019230769230769232 0.0017094017094017094
0 0.47307692307692306 0.6444444444444445 0.01730769230769231 0.037606837606837605
0 0.7730769230769231 0.27863247863247864 0.0019230769230769232 0.0017094017094017094
0 0.03461538461538462 0.3299145299145299 0.0019230769230769232 0.0017094017094017094
0 0.12980769230769232 0.5111111111111111 0.007692307692307693 0.017094017094017096
0 0.1971153846153846 0.8085470085470086 0.02980769230769231 0.05641025641025641
0 0.08942307692307692 0.7042735042735043 0.02403846153846154 0.05128205128205128
0 0.30865384615384617 0.3641025641025641 0.0019230769230769232 0.0017094017094017094
0 0.006730769230769231 0.6188034188034188 0.014423076923076924 0.03247863247863248
0 0.2875 0.6051282051282051 0.01730769230769231 0.037606837606837605
0 0.4423076923076923 0.6923076923076923 0.01730769230769231 0.037606837606837605
0 0.06538461538461539 0.7230769230769231 0.02403846153846154 0.05128205128205128
0 0.4576923076923077 0.6222222222222222 0.01730769230769231 0.037606837606837605
0 0.30288461538461536 0.358974358974359 0.0019230769230769232 0.0017094017094017094
0 0.3230769230769231 0.3213675213675214 0.0019230769230769232 0.0017094017094017094
0 0.023076923076923078 0.31794871794871793 0.0019230769230769232 0.0017094017094017094
0 0.425 0.3401709401709402 0.0019230769230769232 0.0017094017094017094
0 0.8134615384615385 0.5042735042735043 0.006730769230769231 0.015384615384615385
0 0.19807692307692307 0.37435897435897436 0.0019230769230769232 0.0017094017094017094
0 0.5038461538461538 0.38803418803418804 0.0019230769230769232 0.0017094017094017094
0 0.3817307692307692 0.7247863247863248 0.02403846153846154 0.05128205128205128
0 0.2125 0.5709401709401709 0.01730769230769231 0.037606837606837605
0 0.4096153846153846 0.6273504273504273 0.01730769230769231 0.037606837606837605
0 0.275 0.47692307692307695 0.007692307692307693 0.017094017094017096
0 0.7548076923076923 0.40854700854700854 0.0019230769230769232 0.0017094017094017094
0 0.6951923076923077 0.4393162393162393 0.006730769230769231 0.015384615384615385
0 0.32596153846153847 0.6444444444444445 0.01730769230769231 0.037606837606837605
0 0.3528846153846154 0.8803418803418803 0.02980769230769231 0.05641025641025641
0 0.16153846153846155 0.5897435897435898 0.01730769230769231 0.037606837606837605
0 0.09230769230769231 0.39829059829059826 0.0019230769230769232 0.0017094017094017094
0 0.38653846153846155 0.3811965811965812 0.0019230769230769232 0.0017094017094017094
0 0.6298076923076923 0.4717948717948718 0.006730769230769231 0.015384615384615385
0 0.11923076923076924 0.6512820512820513 0.01730769230769231 0.037606837606837605
0 0.1971153846153846 0.3213675213675214 0.0019230769230769232 0.0017094017094017094
0 0.21634615384615385 0.31965811965811963 0.0019230769230769232 0.0017094017094017094
0 0.7298076923076923 0.37777777777777777 0.0019230769230769232 0.0017094017094017094
0 0.33076923076923076 0.4341880341880342 0.006730769230769231 0.015384615384615385
0 0.2144230769230769 0.35555555555555557 0.0019230769230769232 0.0017094017094017094
0 0.07019230769230769 0.9794871794871794 0.02980769230769231 0.05641025641025641
0 0.13173076923076923 0.4905982905982906 0.007692307692307693 0.017094017094017096
0 0.28365384615384615 0.3641025641025641 0.0019230769230769232 0.0017094017094017094
0 0.7855769230769231 0.31965811965811963 0.0019230769230769232 0.0017094017094017094
0 0.0028846153846153848 0.9145299145299145 0.025 0.04786324786324787
0 0.14423076923076922 0.5948717948717949 0.01730769230769231 0.037606837606837605
0 0.2903846153846154 0.30256410256410254 0.0019230769230769232 0.0017094017094017094
0 0.25961538461538464 0.35555555555555557 0.0019230769230769232 0.0017094017094017094
0 0.3423076923076923 0.3811965811965812 0.0019230769230769232 0.0017094017094017094
0 0.3375 0.31965811965811963 0.0019230769230769232 0.0017094017094017094
0 0.6971153846153846 0.3452991452991453 0.0019230769230769232 0.0017094017094017094
0 0.26826923076923076 0.6581196581196581 0.01730769230769231 0.037606837606837605
0 0.04903846153846154 0.6820512820512821 0.01730769230769231 0.037606837606837605
0 0.4894230769230769 0.5196581196581197 0.01730769230769231 0.037606837606837605
0 0.36153846153846153 0.335042735042735 0.0019230769230769232 0.0017094017094017094
0 0.49230769230769234 0.4393162393162393 0.006730769230769231 0.015384615384615385
0 0.14903846153846154 0.35213675213675216 0.0019230769230769232 0.0017094017094017094
0 0.12788461538461537 0.4495726495726496 0.007692307692307693 0.017094017094017096
0 0.2605769230769231 0.3811965811965812 0.0019230769230769232 0.0017094017094017094
0 0.5480769230769231 0.4 0.0019230769230769232 0.0017094017094017094
0 0.14615384615384616 0.8051282051282052 0.02980769230769231 0.05641025641025641
0 0.10288461538461538 0.31794871794871793 0.0019230769230769232 0.0017094017094017094
0 0.3528846153846154 0.3128205128205128 0.0019230769230769232 0.0017094017094017094
0 0.4394230769230769 0.8188034188034188 0.02980769230769231 0.05641025641025641
0 0.5076923076923077 0.3487179487179487 0.0019230769230769232 0.0017094017094017094
0 0.19423076923076923 0.8495726495726496 0.02980769230769231 0.05641025641025641
0 0.26346153846153847 0.3213675213675214 0.0019230769230769232 0.0017094017094017094
0 0.14134615384615384 0.5111111111111111 0.007692307692307693 0.017094017094017096
0 0.10384615384615385 0.3452991452991453 0.0019230769230769232 0.0017094017094017094
0 0.6875 0.4683760683760684 0.006730769230769231 0.015384615384615385
0 0.04519230769230769 0.305982905982906 0.0019230769230769232 0.0017094017094017094
0 0.3548076923076923 0.7538461538461538 0.02980769230769231 0.05641025641025641
0 0.015384615384615385 0.40512820512820513 0.0019230769230769232 0.0017094017094017094
0 0.026923076923076925 0.788034188034188 0.025 0.04786324786324787
0 0.29903846153846153 0.6410256410256411 0.01730769230769231 0.037606837606837605
0 0.19230769230769232 0.5487179487179488 0.01730769230769231 0.037606837606837605
0 0.05096153846153846 0.3658119658119658 0.0019230769230769232 0.0017094017094017094
0 0.45096153846153847 0.38461538461538464 0.0019230769230769232 0.0017094017094017094
0 0.34134615384615385 0.5572649572649573 0.01730769230769231 0.037606837606837605
0 0.14326923076923076 0.5418803418803418 0.01730769230769231 0.037606837606837605
0 0.39903846153846156 0.6803418803418804 0.01730769230769231 0.037606837606837605
0 0.39903846153846156 0.4358974358974359 0.006730769230769231 0.015384615384615385
0 0.275 0.4461538461538462 0.006730769230769231 0.015384615384615385
0 0.7615384615384615 0.38803418803418804 0.0019230769230769232 0.0017094017094017094
0 0.18942307692307692 0.6153846153846154 0.01730769230769231 0.037606837606837605
0 0.3278846153846154 0.7076923076923077 0.02403846153846154 0.05128205128205128
0 0.24711538461538463 0.7914529914529914 0.02980769230769231 0.05641025641025641
0 0.8067307692307693 0.3641025641025641 0.007692307692307693 0.011965811965811967
0 0.30096153846153845 0.3299145299145299 0.0019230769230769232 0.0017094017094017094
0 0.7125 0.4512820512820513 0.006730769230769231 0.015384615384615385
0 0.4740384615384615 0.4461538461538462 0.006730769230769231 0.015384615384615385
0 0.21346153846153845 0.5196581196581197 0.01730769230769231 0.037606837606837605
0 0.7307692307692307 0.41367521367521365 0.0019230769230769232 0.0017094017094017094
0 0.2326923076923077 0.8188034188034188 0.02980769230769231 0.05641025641025641
0 0.12692307692307692 0.6923076923076923 0.01730769230769231 0.037606837606837605
0 0.17403846153846153 0.5811965811965812 0.01730769230769231 0.037606837606837605
0 0.08942307692307692 0.5008547008547009 0.007692307692307693 0.017094017094017096
0 0.2375 0.5401709401709401 0.01730769230769231 0.037606837606837605
0 0.4807692307692308 0.3401709401709402 0.0019230769230769232 0.0017094017094017094
0 0.2403846153846154 0.6512820512820513 0.01730769230769231 0.037606837606837605
0 0.5326923076923077 0.3623931623931624 0.0019230769230769232 0.0017094017094017094
0 0.05096153846153846 0.7401709401709402 0.02403846153846154 0.05128205128205128
0 0.2076923076923077 0.4495726495726496 0.007692307692307693 0.017094017094017096
0 0.16346153846153846 0.7897435897435897 0.02980769230769231 0.05641025641025641
0 0.13173076923076923 0.7401709401709402 0.02403846153846154 0.05128205128205128
0 0.43365384615384617 0.46153846153846156 0.007692307692307693 0.017094017094017096
0 0.06442307692307692 0.38803418803418804 0.0019230769230769232 0.0017094017094017094
0 0.225 0.48547008547008547 0.007692307692307693 0.017094017094017096
0 0.25384615384615383 0.41025641025641024 0.0019230769230769232 0.0017094017094017094
0 0.44711538461538464 0.3316239316239316 0.0019230769230769232 0.0017094017094017094
0 0.4028846153846154 0.7897435897435897 0.02980769230769231 0.05641025641025641
0 0.3 0.5965811965811966 0.01730769230769231 0.037606837606837605
0 0.20673076923076922 0.9076923076923077 0.02980769230769231 0.05641025641025641
0 0.1778846153846154 0.7538461538461538 0.02980769230769231 0.05641025641025641
0 0.22403846153846155 0.4341880341880342 0.006730769230769231 0.015384615384615385
0 0.19423076923076923 0.7008547008547008 0.02403846153846154 0.05128205128205128
0 0.019230769230769232 0.4683760683760684 0.006730769230769231 0.015384615384615385
0 0.28557692307692306 0.49230769230769234 0.007692307692307693 0.017094017094017096
0 0.6653846153846154 0.517948717948718 0.014423076923076924 0.03247863247863248
0 0.3701923076923077 0.42905982905982903 0.006730769230769231 0.015384615384615385
0 0.3019230769230769 0.5162393162393163 0.007692307692307693 0.017094017094017096
0 0.3057692307692308 0.4495726495726496 0.007692307692307693 0.017094017094017096
0 0.09038461538461538 0.6358974358974359 0.01730769230769231 0.037606837606837605
0 0.0673076923076923 0.5948717948717949 0.01730769230769231 0.037606837606837605
0 0.3019230769230769 0.347008547008547 0.0019230769230769232 0.0017094017094017094
0 0.04230769230769231 0.6461538461538462 0.01730769230769231 0.037606837606837605
0 0.2875 0.8564102564102564 0.02980769230769231 0.05641025641025641
0 0.19326923076923078 0.49572649572649574 0.007692307692307693 0.017094017094017096
0 0.025 0.48547008547008547 0.006730769230769231 0.015384615384615385
0 0.2048076923076923 0.6786324786324787 0.01730769230769231 0.037606837606837605
0 0.12884615384615383 0.35384615384615387 0.0019230769230769232 0.0017094017094017094
0 0.7192307692307692 0.3623931623931624 0.0019230769230769232 0.0017094017094017094
0 0.2903846153846154 0.7931623931623931 0.02980769230769231 0.05641025641025641
0 0.3173076923076923 0.7452991452991453 0.02403846153846154 0.05128205128205128
0 0.41057692307692306 0.8427350427350427 0.02980769230769231 0.05641025641025641
0 0.3211538461538462 0.6051282051282051 0.01730769230769231 0.037606837606837605
0 0.13365384615384615 0.6735042735042736 0.01730769230769231 0.037606837606837605
0 0.46923076923076923 0.38974358974358975 0.0019230769230769232 0.0017094017094017094
0 0.06442307692307692 0.5555555555555556 0.01730769230769231 0.037606837606837605
0 0.02403846153846154 0.5982905982905983 0.014423076923076924 0.03247863247863248
0 0.5298076923076923 0.3435897435897436 0.0019230769230769232 0.0017094017094017094
0 0.4076923076923077 0.5777777777777777 0.01730769230769231 0.037606837606837605
0 0.15 0.38803418803418804 0.0019230769230769232 0.0017094017094017094
0 0.05576923076923077 0.305982905982906 0.0019230769230769232 0.0017094017094017094
0 0.058653846153846154 0.8769230769230769 0.02980769230769231 0.05641025641025641
0 0.09134615384615384 0.6683760683760683 0.01730769230769231 0.037606837606837605
0 0.05 0.4905982905982906 0.007692307692307693 0.017094017094017096
0 0.10961538461538461 0.5863247863247864 0.01730769230769231 0.037606837606837605
0 0.1423076923076923 0.4376068376068376 0.006730769230769231 0.015384615384615385
0 0.5201923076923077 0.4735042735042735 0.007692307692307693 0.017094017094017096
0 0.058653846153846154 0.4324786324786325 0.006730769230769231 0.015384615384615385
0 0.4201923076923077 0.6598290598290598 0.01730769230769231 0.037606837606837605
0 0.7759615384615385 0.41196581196581195 0.0019230769230769232 0.0017094017094017094
0 0.10096153846153846 0.6547008547008547 0.01730769230769231 0.037606837606837605
0 0.5240384615384616 0.5008547008547009 0.007692307692307693 0.017094017094017096
0 0.16634615384615384 0.8222222222222222 0.02980769230769231 0.05641025641025641
0 0.30673076923076925 0.3213675213675214 0.0019230769230769232 0.0017094017094017094
0 0.7442307692307693 0.3572649572649573 0.0019230769230769232 0.0017094017094017094
0 0.39326923076923076 0.6153846153846154 0.01730769230769231 0.037606837606837605
0 0.40865384615384615 0.5162393162393163 0.007692307692307693 0.017094017094017096
0 0.027884615384615386 0.4444444444444444 0.006730769230769231 0.015384615384615385
0 0.3682692307692308 0.5384615384615384 0.01730769230769231 0.037606837606837605
0 0.09134615384615384 0.4495726495726496 0.007692307692307693 0.017094017094017096
0 0.8519230769230769 0.3076923076923077 0.09519230769230769 0.18974358974358974
0 0.31346153846153846 0.4666666666666667 0.007692307692307693 0.017094017094017096
0 0.7971153846153847 0.30256410256410254 0.0019230769230769232 0.010256410256410256
0 0.36346153846153845 0.5965811965811966 0.01730769230769231 0.037606837606837605
0 0.30865384615384617 0.8905982905982905 0.02980769230769231 0.05641025641025641
0 0.5394230769230769 0.4735042735042735 0.006730769230769231 0.015384615384615385
0 0.8173076923076923 0.4581196581196581 0.006730769230769231 0.015384615384615385
0 0.08653846153846154 0.4700854700854701 0.007692307692307693 0.017094017094017096
0 0.08076923076923077 0.30256410256410254 0.0019230769230769232 0.0017094017094017094
0 0.42788461538461536 0.39829059829059826 0.0019230769230769232 0.0017094017094017094
0 0.4596153846153846 0.3316239316239316 0.0019230769230769232 0.0017094017094017094
0 0.32019230769230766 0.3572649572649573 0.0019230769230769232 0.0017094017094017094
0 0.7019230769230769 0.3230769230769231 0.0019230769230769232 0.0017094017094017094
0 0.014423076923076924 0.8444444444444444 0.025 0.04786324786324787
0 0.27403846153846156 0.6153846153846154 0.01730769230769231 0.037606837606837605
0 0.5875 0.3435897435897436 0.0019230769230769232 0.0017094017094017094
0 0.46923076923076923 0.3435897435897436 0.0019230769230769232 0.0017094017094017094
0 0.19134615384615383 0.41367521367521365 0.0019230769230769232 0.0017094017094017094
0 0.20961538461538462 0.49572649572649574 0.007692307692307693 0.017094017094017096
0 0.14615384615384616 0.4239316239316239 0.006730769230769231 0.015384615384615385
0 0.38461538461538464 0.3401709401709402 0.0019230769230769232 0.0017094017094017094
0 0.13846153846153847 0.4717948717948718 0.007692307692307693 0.017094017094017096
0 0.27884615384615385 0.5230769230769231 0.01730769230769231 0.037606837606837605
0 0.35 0.3572649572649573 0.0019230769230769232 0.0017094017094017094
0 0.5509615384615385 0.35555555555555557 0.0019230769230769232 0.0017094017094017094
0 0.3019230769230769 0.6837606837606838 0.01730769230769231 0.037606837606837605
0 0.3057692307692308 0.8290598290598291 0.02980769230769231 0.05641025641025641
0 0.5605769230769231 0.4495726495726496 0.006730769230769231 0.015384615384615385
0 0.2144230769230769 0.4153846153846154 0.0019230769230769232 0.0017094017094017094
0 0.46826923076923077 0.4888888888888889 0.007692307692307693 0.017094017094017096
0 0.6394230769230769 0.3452991452991453 0.0019230769230769232 0.0017094017094017094
0 0.6105769230769231 0.37435897435897436 0.0019230769230769232 0.0017094017094017094
0 0.1519230769230769 0.3128205128205128 0.0019230769230769232 0.0017094017094017094
0 0.34615384615384615 0.8256410256410256 0.02980769230769231 0.05641025641025641
0 0.23653846153846153 0.7572649572649572 0.02980769230769231 0.05641025641025641
0 0.7115384615384616 0.3333333333333333 0.0019230769230769232 0.0017094017094017094
0 0.21826923076923077 0.8222222222222222 0.02980769230769231 0.05641025641025641
0 0.2125 0.7264957264957265 0.02403846153846154 0.05128205128205128
0 0.09519230769230769 0.6102564102564103 0.01730769230769231 0.037606837606837605
0 0.5807692307692308 0.4461538461538462 0.006730769230769231 0.015384615384615385
0 0.11442307692307692 0.4752136752136752 0.007692307692307693 0.017094017094017096
0 0.16153846153846155 0.3316239316239316 0.0019230769230769232 0.0017094017094017094
0 0.5259615384615385 0.4222222222222222 0.006730769230769231 0.015384615384615385
0 0.6019230769230769 0.35384615384615387 0.0019230769230769232 0.0017094017094017094
0 0.17692307692307693 0.4 0.0019230769230769232 0.0017094017094017094
0 0.2653846153846154 0.5811965811965812 0.01730769230769231 0.037606837606837605
0 0.8009615384615385 0.26837606837606837 0.0019230769230769232 0.010256410256410256
0 0.2375 0.37264957264957266 0.0019230769230769232 0.0017094017094017094
0 0.09423076923076923 0.5282051282051282 0.01730769230769231 0.037606837606837605
0 0.052884615384615384 0.3401709401709402 0.0019230769230769232 0.0017094017094017094
0 0.23173076923076924 0.4017094017094017 0.0019230769230769232 0.0017094017094017094
0 0.3423076923076923 0.7076923076923077 0.02403846153846154 0.05128205128205128
0 0.6480769230769231 0.4170940170940171 0.0019230769230769232 0.0017094017094017094
0 0.2798076923076923 0.5572649572649573 0.01730769230769231 0.037606837606837605
0 0.4115384615384615 0.35384615384615387 0.0019230769230769232 0.0017094017094017094
0 0.37403846153846154 0.8512820512820513 0.02980769230769231 0.05641025641025641
0 0.5144230769230769 0.5282051282051282 0.01730769230769231 0.037606837606837605
