0 0.38125 0.17823639774859287 0.02 0.039399624765478425
0 0.82 0.11069418386491557 0.03125 0.0525328330206379
0 0.695 0.4146341463414634 0.06 0.09193245778611632
0 0.3525 0.1894934333958724 0.02 0.039399624765478425
0 0.0375 0.039399624765478425 0.06 0.08630393996247655
0 0.64375 0.31144465290806755 0.0125 0.01876172607879925
0 0.61125 0.2026266416510319 0.02375 0.03564727954971857
0 0.3975 0.19136960600375236 0.02 0.039399624765478425
0 0.4825 0.20825515947467166 0.02375 0.03564727954971857
0 0.33125 0.19699812382739212 0.02 0.039399624765478425
0 0.70125 0.1275797373358349 0.03125 0.0525328330206379
0 0.53375 0.21951219512195122 0.02375 0.03564727954971857
0 0.925 0.016885553470919325 0.02375 0.039399624765478425
0 0.29375 0.150093808630394 0.02 0.039399624765478425
0 0.5825 0.21200750469043153 0.02375 0.03564727954971857
0 0.15375 0.15947467166979362 0.01875 0.028142589118198873
0 0.72125 0.47842401500938087 0.06 0.09193245778611632
0 0.7775 0.12382739212007504 0.03125 0.0525328330206379
0 0.21125 0.20075046904315197 0.01875 0.028142589118198873
0 0.24375 0.17636022514071295 0.01875 0.028142589118198873
0 0.5025 0.19324577861163228 0.02375 0.03564727954971857
0 0.45 0.2176360225140713 0.02375 0.03564727954971857
0 0.54125 0.18574108818011256 0.02375 0.03564727954971857
