0 0.07863849765258216 0.5604166666666667 0.03169014084507042 0.06666666666666667
0 0.5176056338028169 0.7083333333333334 0.03755868544600939 0.08125
0 0.6772300469483568 0.65 0.03990610328638498 0.07291666666666667
0 0.9107981220657277 0.6229166666666667 0.03990610328638498 0.07291666666666667
0 0.4953051643192488 0.45416666666666666 0.03169014084507042 0.06666666666666667
0 0.9190140845070423 0.5354166666666667 0.03990610328638498 0.07291666666666667
0 0.4694835680751174 0.47708333333333336 0.03169014084507042 0.06666666666666667
0 0.8215962441314554 0.5125 0.03990610328638498 0.07291666666666667
0 0.7382629107981221 0.6083333333333333 0.03990610328638498 0.07291666666666667
0 0.14553990610328638 0.68125 0.035211267605633804 0.08125
0 0.07981220657276995 0.6416666666666667 0.035211267605633804 0.08125
0 0.1607981220657277 0.5166666666666667 0.03286384976525822 0.06458333333333334
0 0.24647887323943662 0.6229166666666667 0.035211267605633804 0.08125
0 0.3826291079812207 0.5270833333333333 0.03169014084507042 0.06666666666666667
0 0.7429577464788732 0.7104166666666667 0.03051643192488263 0.07291666666666667
0 0.3403755868544601 0.37916666666666665 0.03169014084507042 0.06666666666666667
0 0.528169014084507 0.4708333333333333 0.03169014084507042 0.06666666666666667
0 0.3532863849765258 0.45 0.03169014084507042 0.06666666666666667
0 0.2147887323943662 0.4479166666666667 0.03286384976525822 0.06458333333333334
0 0.34624413145539906 0.53125 0.03169014084507042 0.06666666666666667
0 0.6197183098591549 0.8541666666666666 0.03755868544600939 0.08125
0 0.1795774647887324 0.6625 0.035211267605633804 0.08125
0 0.6044600938967136 0.44166666666666665 0.03169014084507042 0.06666666666666667
0 0.9800469483568075 0.84375 0.03051643192488263 0.07291666666666667
0 0.5539906103286385 0.5125 0.03169014084507042 0.06666666666666667
0 0.9835680751173709 0.74375 0.03051643192488263 0.07291666666666667
0 0.4166666666666667 0.5333333333333333 0.03169014084507042 0.06666666666666667
0 0.39436619718309857 0.65625 0.03169014084507042 0.06666666666666667
0 0.11502347417840375 0.4625 0.03286384976525822 0.06458333333333334
0 0.2805164319248826 0.7208333333333333 0.035211267605633804 0.08125
0 0.07042253521126761 0.42083333333333334 0.029342723004694836 0.0625
0 0.26291079812206575 0.50625 0.03286384976525822 0.06458333333333334
0 0.4953051643192488 0.8395833333333333 0.03755868544600939 0.08125
0 0.5715962441314554 0.5729166666666666 0.03169014084507042 0.06666666666666667
0 0.8826291079812206 0.50625 0.03990610328638498 0.07291666666666667
0 0.2852112676056338 0.4895833333333333 0.03286384976525822 0.06458333333333334
0 0.7065727699530516 0.7145833333333333 0.03051643192488263 0.07291666666666667
0 0.3427230046948357 0.4166666666666667 0.03169014084507042 0.06666666666666667
0 0.11737089201877934 0.375 0.03286384976525822 0.06458333333333334
0 0.16901408450704225 0.5979166666666667 0.035211267605633804 0.08125
0 0.5774647887323944 0.8354166666666667 0.03755868544600939 0.08125
0 0.8110328638497653 0.88125 0.03051643192488263 0.07291666666666667
0 0.4225352112676056 0.6166666666666667 0.03169014084507042 0.06666666666666667
0 0.7241784037558685 0.7770833333333333 0.03051643192488263 0.07291666666666667
0 0.8485915492957746 0.675 0.03990610328638498 0.07291666666666667
0 0.9178403755868545 0.9166666666666666 0.03051643192488263 0.07291666666666667
0 0.009389671361502348 0.4 0.03169014084507042 0.06666666666666667
0 0.2934272300469484 0.5041666666666667 0.03286384976525822 0.06458333333333334
0 0.3873239436619718 0.44583333333333336 0.03169014084507042 0.06666666666666667
0 0.4471830985915493 0.5229166666666667 0.03169014084507042 0.06666666666666667
0 0.7723004694835681 0.66875 0.03990610328638498 0.07291666666666667
0 0.7934272300469484 0.85625 0.03051643192488263 0.07291666666666667
0 0.03755868544600939 0.48125 0.029342723004694836 0.0625
0 0.4272300469483568 0.41041666666666665 0.03169014084507042 0.06666666666666667
0 0.7887323943661971 0.5729166666666666 0.03990610328638498 0.07291666666666667
0 0.75 0.8666666666666667 0.03051643192488263 0.07291666666666667
0 0.7394366197183099 0.50625 0.03990610328638498 0.07291666666666667
0 0.17018779342723006 0.42083333333333334 0.03286384976525822 0.06458333333333334
0 0.6267605633802817 0.60625 0.03990610328638498 0.07291666666666667
0 0.44014084507042256 0.6895833333333333 0.03755868544600939 0.08125
0 0.5434272300469484 0.7541666666666667 0.03755868544600939 0.08125
0 0.6607981220657277 0.9333333333333333 0.03755868544600939 0.08125
0 0.5446009389671361 0.90625 0.03755868544600939 0.08125
0 0.11854460093896714 0.6375 0.035211267605633804 0.08125
0 0.5868544600938967 0.5375 0.03169014084507042 0.06666666666666667
0 0.6842723004694836 0.83125 0.03051643192488263 0.07291666666666667
0 0.7734741784037559 0.6125 0.03990610328638498 0.07291666666666667
0 0.6619718309859155 0.7520833333333333 0.03755868544600939 0.08125
0 0.9471830985915493 0.9208333333333333 0.03051643192488263 0.07291666666666667
0 0.284037558685446 0.45416666666666666 0.03286384976525822 0.06458333333333334
0 0.5176056338028169 0.5333333333333333 0.03169014084507042 0.06666666666666667
0 0.9436619718309859 0.80625 0.03051643192488263 0.07291666666666667
0 0.09624413145539906 0.7333333333333333 0.035211267605633804 0.08125
