0 0.38285714285714284 0.2291220556745182 0.018571428571428572 0.032119914346895075
0 0.13857142857142857 0.31049250535331907 0.022857142857142857 0.04068522483940043
0 0.8171428571428572 0.17130620985010706 0.018571428571428572 0.029978586723768737
0 0.47 0.5717344753747323 0.05857142857142857 0.10920770877944326
0 0.8014285714285714 0.4753747323340471 0.041428571428571426 0.0728051391862955
0 0.8371428571428572 0.33190578158458245 0.03428571428571429 0.059957173447537475
0 0.7828571428571428 0.5267665952890792 0.05857142857142857 0.13704496788008566
0 0.26571428571428574 0.09850107066381156 0.015714285714285715 0.02569593147751606
0 0.4957142857142857 0.33190578158458245 0.027142857142857142 0.05139186295503212
0 0.74 0.5182012847965739 0.041428571428571426 0.0728051391862955
0 0.007142857142857143 0.5417558886509636 0.02857142857142857 0.05139186295503212
0 0.17714285714285713 0.12419700214132762 0.015714285714285715 0.02569593147751606
0 0.09857142857142857 0.3897216274089936 0.022857142857142857 0.04068522483940043
0 0.6685714285714286 0.5010706638115632 0.041428571428571426 0.0728051391862955
0 0.23285714285714285 0.11563169164882227 0.015714285714285715 0.02569593147751606
0 0.8585714285714285 0.35974304068522484 0.03428571428571429 0.059957173447537475
0 0.09714285714285714 0.31049250535331907 0.022857142857142857 0.04068522483940043
0 0.03857142857142857 0.284796573875803 0.027142857142857142 0.032119914346895075
0 0.5314285714285715 0.16916488222698073 0.018571428571428572 0.032119914346895075
0 0.64 0.5524625267665952 0.05857142857142857 0.13704496788008566
0 0.5457142857142857 0.5182012847965739 0.047142857142857146 0.09207708779443255
0 0.5985714285714285 0.4582441113490364 0.041428571428571426 0.0728051391862955
0 0.5114285714285715 0.26124197002141325 0.018571428571428572 0.032119914346895075
0 0.04857142857142857 0.3811563169164882 0.022857142857142857 0.04068522483940043
0 0.16142857142857142 0.2890792291220557 0.027142857142857142 0.032119914346895075
0 0.8385714285714285 0.5310492505353319 0.05857142857142857 0.13704496788008566
0 0.06428571428571428 0.2740899357601713 0.027142857142857142 0.032119914346895075
0 0.17714285714285713 0.32762312633832974 0.027142857142857142 0.032119914346895075
0 0.9157142857142857 0.2462526766595289 0.02857142857142857 0.05353319057815846
0 0.4328571428571429 0.19914346895074947 0.018571428571428572 0.032119914346895075
0 0.3842857142857143 0.37044967880085655 0.02857142857142857 0.057815845824411134
0 0.9385714285714286 0.20342612419700215 0.018571428571428572 0.029978586723768737
0 0.9557142857142857 0.31263383297644537 0.02857142857142857 0.05353319057815846
0 0.9428571428571428 0.23554603854389722 0.02857142857142857 0.05353319057815846
0 0.008571428571428572 0.33832976445396146 0.027142857142857142 0.032119914346895075
0 0.29714285714285715 0.39400428265524623 0.03428571428571429 0.06638115631691649
0 0.2642857142857143 0.3875802997858672 0.03 0.042826552462526764
0 0.7214285714285714 0.2569593147751606 0.025714285714285714 0.044967880085653104
0 0.10428571428571429 0.43683083511777304 0.045714285714285714 0.09421841541755889
0 0.7657142857142857 0.6017130620985011 0.05857142857142857 0.13704496788008566
0 0.44142857142857145 0.3404710920770878 0.02857142857142857 0.057815845824411134
0 0.9171428571428571 0.16274089935760172 0.018571428571428572 0.029978586723768737
0 0.7528571428571429 0.3511777301927195 0.03428571428571429 0.059957173447537475
0 0.24571428571428572 0.22483940042826553 0.025714285714285714 0.03640256959314775
0 0.9057142857142857 0.5032119914346895 0.04857142857142857 0.08565310492505353
0 0.37285714285714283 0.5845824411134903 0.05857142857142857 0.10920770877944326
0 0.055714285714285716 0.4518201284796574 0.045714285714285714 0.09421841541755889
0 0.2 0.6038543897216274 0.05857142857142857 0.10920770877944326
0 0.44142857142857145 0.6167023554603854 0.05857142857142857 0.10920770877944326
0 0.2257142857142857 0.22269807280513917 0.025714285714285714 0.03640256959314775
0 0.9914285714285714 0.24411134903640258 0.02857142857142857 0.05353319057815846
0 0.4342857142857143 0.24411134903640258 0.018571428571428572 0.032119914346895075
0 0.002857142857142857 0.27194860813704497 0.024285714285714285 0.03640256959314775
0 0.4142857142857143 0.29764453961456105 0.027142857142857142 0.05139186295503212
0 0.3914285714285714 0.29336188436830835 0.027142857142857142 0.05139186295503212
0 0.9728571428571429 0.41541755888650966 0.03428571428571429 0.059957173447537475
0 0.9728571428571429 0.5353319057815846 0.04857142857142857 0.08565310492505353
0 0.46285714285714286 0.20985010706638116 0.018571428571428572 0.032119914346895075
0 0.03571428571428571 0.3361884368308351 0.022857142857142857 0.04068522483940043
0 0.47285714285714286 0.4004282655246253 0.02857142857142857 0.057815845824411134
0 0.15428571428571428 0.5032119914346895 0.041428571428571426 0.07494646680942184
0 0.49 0.18843683083511778 0.018571428571428572 0.032119914346895075
0 0.9114285714285715 0.278372591006424 0.02857142857142857 0.05353319057815846
0 0.4742857142857143 0.2955032119914347 0.027142857142857142 0.05139186295503212
0 0.9871428571428571 0.18843683083511778 0.018571428571428572 0.029978586723768737
0 0.8928571428571429 0.37044967880085655 0.03428571428571429 0.059957173447537475
0 0.23 0.4753747323340471 0.041428571428571426 0.07494646680942184
0 0.20142857142857143 0.291220556745182 0.027142857142857142 0.032119914346895075
0 0.9771428571428571 0.278372591006424 0.02857142857142857 0.05353319057815846
0 0.15142857142857144 0.21413276231263384 0.025714285714285714 0.03640256959314775
0 0.85 0.22269807280513917 0.018571428571428572 0.029978586723768737
