0 0.3742857142857143 0.07285714285714286 0.02214285714285714 0.06285714285714286
0 0.68 0.08285714285714285 0.03785714285714286 0.09571428571428571
0 0.6671428571428571 0.08285714285714285 0.04071428571428572 0.09428571428571429
0 0.8121428571428572 0.18142857142857144 0.03785714285714286 0.09571428571428571
0 0.315 0.12857142857142856 0.03857142857142857 0.09142857142857143
0 0.7321428571428571 0.11571428571428571 0.03785714285714286 0.09571428571428571
0 0.35 0.09428571428571429 0.03857142857142857 0.09142857142857143
0 0.43357142857142855 0.06142857142857143 0.02214285714285714 0.06285714285714286
0 0.5007142857142857 0.14142857142857143 0.04214285714285714 0.09428571428571429
0 0.6571428571428571 0.07857142857142857 0.04071428571428572 0.09428571428571429
0 0.27285714285714285 0.07857142857142857 0.03857142857142857 0.09142857142857143
0 0.4114285714285714 0.08571428571428572 0.02214285714285714 0.06285714285714286
0 0.53 0.07857142857142857 0.04214285714285714 0.09714285714285714
0 0.6521428571428571 0.18285714285714286 0.04214285714285714 0.09428571428571429
0 0.4471428571428571 0.11714285714285715 0.02214285714285714 0.06285714285714286
0 0.6035714285714285 0.15 0.04214285714285714 0.09428571428571429
0 0.4685714285714286 0.07857142857142857 0.02214285714285714 0.06285714285714286
0 0.5721428571428572 0.12714285714285714 0.04214285714285714 0.09428571428571429
0 0.1992857142857143 0.1442857142857143 0.03857142857142857 0.09142857142857143
0 0.3392857142857143 0.055714285714285716 0.027142857142857142 0.07285714285714286
0 0.53 0.16428571428571428 0.04214285714285714 0.09428571428571429
