0 0.12857142857142856 0.29336188436830835 0.022857142857142857 0.04925053533190578
0 0.7842857142857143 0.3533190578158458 0.06285714285714286 0.10706638115631692
0 0.16714285714285715 0.44325481798715205 0.022857142857142857 0.04925053533190578
0 0.6585714285714286 0.16916488222698073 0.05285714285714286 0.10706638115631692
0 0.8842857142857142 0.3683083511777302 0.06285714285714286 0.10706638115631692
0 0.12428571428571429 0.39400428265524623 0.022857142857142857 0.04925053533190578
0 0.2914285714285714 0.24197002141327623 0.041428571428571426 0.08137044967880086
0 0.9171428571428571 0.09207708779443255 0.05285714285714286 0.10706638115631692
0 0.16714285714285715 0.39400428265524623 0.022857142857142857 0.04925053533190578
0 0.5357142857142857 0.16916488222698073 0.04428571428571428 0.08565310492505353
0 0.4471428571428571 0.16916488222698073 0.04428571428571428 0.08565310492505353
0 0.7571428571428571 0.7730192719486081 0.07 0.13276231263383298
0 0.3871428571428571 0.4025695931477516 0.04428571428571428 0.08565310492505353
0 0.2757142857142857 0.24839400428265523 0.041428571428571426 0.08137044967880086
0 0.35 0.1841541755888651 0.04 0.0835117773019272
0 0.05857142857142857 0.5974304068522484 0.02857142857142857 0.05139186295503212
0 0.25285714285714284 0.6188436830835118 0.041428571428571426 0.08137044967880086
0 0.24142857142857144 0.39828693790149894 0.041428571428571426 0.08137044967880086
0 0.11285714285714285 0.44539614561027835 0.022857142857142857 0.04925053533190578
0 0.31857142857142856 0.1734475374732334 0.04 0.0835117773019272
0 0.45285714285714285 0.6466809421841542 0.04428571428571428 0.08565310492505353
0 0.10857142857142857 0.3083511777301927 0.022857142857142857 0.04925053533190578
0 0.10857142857142857 0.5995717344753747 0.022857142857142857 0.04925053533190578
0 0.5071428571428571 0.145610278372591 0.04428571428571428 0.08565310492505353
0 0.19285714285714287 0.2698072805139186 0.022857142857142857 0.04925053533190578
0 0.5742857142857143 0.8822269807280514 0.05285714285714286 0.10706638115631692
0 0.6571428571428571 0.4132762312633833 0.05285714285714286 0.10706638115631692
0 0.03571428571428571 0.3147751605995717 0.02857142857142857 0.05139186295503212
0 0.02 0.5802997858672377 0.02857142857142857 0.05139186295503212
0 0.7742857142857142 0.08779443254817987 0.05285714285714286 0.10706638115631692
0 0.5814285714285714 0.9678800856531049 0.05285714285714286 0.10706638115631692
0 0.51 0.8843683083511777 0.02857142857142857 0.08137044967880086
0 0.012857142857142857 0.33190578158458245 0.02857142857142857 0.05139186295503212
0 0.7185714285714285 0.6167023554603854 0.07 0.13276231263383298
0 0.6585714285714286 0.11777301927194861 0.05285714285714286 0.10706638115631692
0 0.12857142857142856 0.5674518201284796 0.022857142857142857 0.04925053533190578
0 0.01 0.4668094218415418 0.011428571428571429 0.047109207708779445
0 0.09142857142857143 0.41113490364025695 0.02857142857142857 0.05139186295503212
0 0.57 0.42184154175588867 0.04428571428571428 0.08565310492505353
0 0.9228571428571428 0.6466809421841542 0.06285714285714286 0.10706638115631692
0 0.37 0.6102783725910065 0.04 0.0835117773019272
0 0.2742857142857143 0.4261241970021413 0.041428571428571426 0.08137044967880086
0 0.004285714285714286 0.4197002141327623 0.011428571428571429 0.047109207708779445
0 0.21285714285714286 0.24411134903640258 0.041428571428571426 0.08137044967880086
0 0.21571428571428572 0.6102783725910065 0.041428571428571426 0.08137044967880086
0 0.09571428571428571 0.32762312633832974 0.02857142857142857 0.05139186295503212
0 0.40285714285714286 0.18629550321199143 0.04428571428571428 0.08565310492505353
0 0.8228571428571428 0.11991434689507495 0.05285714285714286 0.10706638115631692
0 0.9885714285714285 0.032119914346895075 0.037142857142857144 0.10706638115631692
0 0.037142857142857144 0.4475374732334047 0.02857142857142857 0.05139186295503212
0 0.48 0.37687366167023556 0.04428571428571428 0.08565310492505353
0 0.3142857142857143 0.6188436830835118 0.04 0.0835117773019272
0 0.22142857142857142 0.44325481798715205 0.041428571428571426 0.08137044967880086
