0 0.5410714285714285 0.3190348525469169 0.02857142857142857 0.05361930294906166
0 0.9178571428571428 0.21179624664879357 0.017857142857142856 0.032171581769437
0 0.4 0.24664879356568364 0.023214285714285715 0.03753351206434316
0 0.8607142857142858 0.3914209115281501 0.048214285714285716 0.08310991957104558
0 0.2785714285714286 0.546916890080429 0.06964285714285715 0.15281501340482573
0 0.3392857142857143 0.40482573726541554 0.0375 0.0938337801608579
0 0.2982142857142857 0.2680965147453083 0.023214285714285715 0.03753351206434316
0 0.6642857142857143 0.3726541554959786 0.02857142857142857 0.064343163538874
0 0.5142857142857142 0.46112600536193027 0.055357142857142855 0.10991957104557641
0 0.49464285714285716 0.32707774798927614 0.02857142857142857 0.05361930294906166
0 0.19642857142857142 0.2386058981233244 0.023214285714285715 0.03753351206434316
0 0.6964285714285714 0.3163538873994638 0.026785714285714284 0.04289544235924933
0 0.2017857142857143 0.3324396782841823 0.030357142857142857 0.04289544235924933
0 0.3267857142857143 0.34048257372654156 0.030357142857142857 0.05361930294906166
0 0.15892857142857142 0.47989276139410186 0.06964285714285715 0.15281501340482573
0 0.3678571428571429 0.34584450402144773 0.030357142857142857 0.05361930294906166
0 0.8892857142857142 0.30831099195710454 0.02142857142857143 0.03485254691689008
0 0.9571428571428572 0.24932975871313673 0.017857142857142856 0.032171581769437
0 0.8 0.47989276139410186 0.05 0.10187667560321716
0 0.5803571428571429 0.46112600536193027 0.07678571428571429 0.1126005361930295
0 0.2714285714285714 0.42359249329758714 0.05357142857142857 0.10455764075067024
0 0.5875 0.29222520107238603 0.02142857142857143 0.032171581769437
0 0.9910714285714286 0.32439678284182305 0.02142857142857143 0.03485254691689008
0 0.0875 0.32171581769436997 0.030357142857142857 0.04289544235924933
0 0.11964285714285715 0.49865951742627346 0.06964285714285715 0.15281501340482573
0 0.2892857142857143 0.3512064343163539 0.030357142857142857 0.05361930294906166
0 0.43392857142857144 0.4718498659517426 0.07321428571428572 0.13941018766756033
0 0.6767857142857143 0.40482573726541554 0.02857142857142857 0.064343163538874
0 0.7892857142857143 0.30563002680965146 0.023214285714285715 0.04289544235924933
0 0.9857142857142858 0.289544235924933 0.02142857142857143 0.03485254691689008
0 0.9875 0.40214477211796246 0.048214285714285716 0.08310991957104558
0 0.36964285714285716 0.4289544235924933 0.0375 0.0938337801608579
0 0.4714285714285714 0.2386058981233244 0.023214285714285715 0.03753351206434316
0 0.45535714285714285 0.3190348525469169 0.02857142857142857 0.05361930294906166
0 0.9571428571428572 0.4906166219839142 0.05 0.10187667560321716
0 0.019642857142857142 0.4316353887399464 0.05 0.08579088471849866
0 0.13035714285714287 0.24128686327077747 0.023214285714285715 0.03753351206434316
0 0.6696428571428571 0.32707774798927614 0.026785714285714284 0.04289544235924933
0 0.8446428571428571 0.3297587131367292 0.023214285714285715 0.04289544235924933
0 0.6964285714285714 0.2546916890080429 0.01607142857142857 0.032171581769437
0 0.8232142857142857 0.34584450402144773 0.023214285714285715 0.04289544235924933
0 0.9017857142857143 0.3485254691689008 0.03214285714285714 0.06702412868632708
0 0.039285714285714285 0.30294906166219837 0.030357142857142857 0.04289544235924933
0 0.09285714285714286 0.40214477211796246 0.05 0.08579088471849866
0 0.15 0.3914209115281501 0.02857142857142857 0.05630026809651475
0 0.6214285714285714 0.3324396782841823 0.02142857142857143 0.032171581769437
0 0.7321428571428571 0.3324396782841823 0.026785714285714284 0.04289544235924933
0 0.033928571428571426 0.3646112600536193 0.030357142857142857 0.04289544235924933
0 0.6464285714285715 0.3002680965147453 0.02142857142857143 0.032171581769437
0 0.06785714285714285 0.23324396782841822 0.023214285714285715 0.03753351206434316
0 0.4160714285714286 0.3136729222520107 0.02857142857142857 0.05361930294906166
0 0.24821428571428572 0.26273458445040215 0.023214285714285715 0.03753351206434316
0 0.9285714285714286 0.353887399463807 0.03214285714285714 0.06702412868632708
0 0.19107142857142856 0.39946380697050937 0.02857142857142857 0.05630026809651475
0 0.6464285714285715 0.48525469168900803 0.07678571428571429 0.1126005361930295
0 0.5714285714285714 0.3753351206434316 0.02857142857142857 0.064343163538874
