0 0.46923076923076923 0.03690036900369004 0.016923076923076923 0.05166051660516605
0 0.5138461538461538 0.15129151291512916 0.02 0.08118081180811808
0 0.5261538461538462 0.22878228782287824 0.07230769230769231 0.2066420664206642
0 0.40923076923076923 0.033210332103321034 0.016923076923076923 0.05166051660516605
0 0.8415384615384616 0.09225092250922509 0.016923076923076923 0.05166051660516605
0 0.8276923076923077 0.46494464944649444 0.10461538461538461 0.3062730627306273
0 0.3553846153846154 0.03690036900369004 0.016923076923076923 0.05166051660516605
0 0.6507692307692308 0.3985239852398524 0.07230769230769231 0.2066420664206642
0 0.7107692307692308 0.15498154981549817 0.02 0.08118081180811808
0 0.34615384615384615 0.13653136531365315 0.02 0.08118081180811808
0 0.8076923076923077 0.02214022140221402 0.016923076923076923 0.05166051660516605
0 0.5646153846153846 0.11070110701107011 0.016923076923076923 0.05166051660516605
0 0.8107692307692308 0.1881918819188192 0.02 0.08118081180811808
0 0.5953846153846154 0.5867158671586716 0.10461538461538461 0.3062730627306273
0 0.18 0.22878228782287824 0.07230769230769231 0.2066420664206642
0 0.6092307692307692 0.08856088560885608 0.016923076923076923 0.05166051660516605
0 0.4246153846153846 0.04059040590405904 0.016923076923076923 0.05166051660516605
0 0.14153846153846153 0.07011070110701106 0.016923076923076923 0.05166051660516605
0 0.7569230769230769 0.07380073800738007 0.016923076923076923 0.05166051660516605
0 0.7153846153846154 0.055350553505535055 0.016923076923076923 0.05166051660516605
0 0.03230769230769231 0.11808118081180811 0.016923076923076923 0.05166051660516605
0 0.09538461538461539 0.25830258302583026 0.07230769230769231 0.2066420664206642
0 0.2569230769230769 0.08487084870848709 0.016923076923076923 0.05166051660516605
0 0.4369230769230769 0.04428044280442804 0.016923076923076923 0.05166051660516605
0 0.18769230769230769 0.05904059040590406 0.016923076923076923 0.05166051660516605
0 0.6538461538461539 0.14760147601476015 0.02 0.08118081180811808
0 0.74 0.1070110701107011 0.016923076923076923 0.05166051660516605
0 0.10923076923076923 0.4981549815498155 0.10461538461538461 0.3062730627306273
0 0.5169230769230769 0.1070110701107011 0.016923076923076923 0.05166051660516605
0 0.583076923076923 0.15498154981549817 0.02 0.08118081180811808
0 0.2353846153846154 0.05166051660516605 0.016923076923076923 0.05166051660516605
0 0.5738461538461539 0.23985239852398524 0.07230769230769231 0.2066420664206642
0 0.7415384615384616 0.3985239852398524 0.07230769230769231 0.2066420664206642
0 0.8015384615384615 0.05166051660516605 0.016923076923076923 0.05166051660516605
0 0.8507692307692307 0.18450184501845018 0.016923076923076923 0.05904059040590406
0 0.703076923076923 0.08118081180811808 0.016923076923076923 0.05166051660516605
0 0.44 0.3025830258302583 0.07230769230769231 0.2066420664206642
0 0.9923076923076923 0.08856088560885608 0.016923076923076923 0.05166051660516605
0 0.8061538461538461 0.3210332103321033 0.07230769230769231 0.2066420664206642
0 0.9015384615384615 0.6789667896678967 0.10461538461538461 0.3062730627306273
0 0.8984615384615384 0.02952029520295203 0.016923076923076923 0.05166051660516605
0 0.7292307692307692 0.17712177121771217 0.02 0.08118081180811808
0 0.7 0.01107011070110701 0.016923076923076923 0.05166051660516605
0 0.5184615384615384 0.8708487084870848 0.10461538461538461 0.3062730627306273
0 0.21846153846153846 0.16974169741697417 0.02 0.08118081180811808
0 0.7692307692307693 0.02952029520295203 0.016923076923076923 0.05166051660516605
0 0.84 0.055350553505535055 0.016923076923076923 0.05166051660516605
0 0.6323076923076923 0.14022140221402213 0.02 0.08118081180811808
0 0.3384615384615385 0.08118081180811808 0.016923076923076923 0.05166051660516605
0 0.3076923076923077 0.34686346863468637 0.07230769230769231 0.2066420664206642
0 0.8215384615384616 0.07749077490774908 0.016923076923076923 0.05166051660516605
0 0.7938461538461539 0.0996309963099631 0.016923076923076923 0.05166051660516605
0 0.9246153846153846 0.07380073800738007 0.016923076923076923 0.05166051660516605
0 0.9292307692307692 0.04428044280442804 0.016923076923076923 0.05166051660516605
0 0.5553846153846154 0.3948339483394834 0.07230769230769231 0.2066420664206642
0 0.6815384615384615 0.0996309963099631 0.016923076923076923 0.05166051660516605
0 0.3707692307692308 0.033210332103321034 0.016923076923076923 0.05166051660516605
0 0.88 0.06273062730627306 0.016923076923076923 0.05166051660516605
0 0.4076923076923077 0.17343173431734318 0.02 0.08118081180811808
0 0.03076923076923077 0.26199261992619927 0.03076923076923077 0.08856088560885608
0 0.17692307692307693 0.0959409594095941 0.016923076923076923 0.05166051660516605
0 0.6646153846153846 0.01107011070110701 0.016923076923076923 0.05904059040590406
0 0.055384615384615386 0.07380073800738007 0.016923076923076923 0.05166051660516605
0 0.3046153846153846 0.08118081180811808 0.016923076923076923 0.05166051660516605
0 0.8246153846153846 0.18081180811808117 0.02 0.08118081180811808
0 0.40615384615384614 0.06273062730627306 0.016923076923076923 0.05166051660516605
0 0.0 0.5055350553505535 0.03076923076923077 0.0959409594095941
0 0.2784615384615385 0.08118081180811808 0.016923076923076923 0.05166051660516605
0 0.1753846153846154 0.33948339483394835 0.07230769230769231 0.2066420664206642
0 0.8307692307692308 0.03690036900369004 0.016923076923076923 0.05166051660516605
0 0.42153846153846153 0.14391143911439114 0.02 0.08118081180811808
0 0.4938461538461538 0.16974169741697417 0.02 0.08118081180811808
0 0.32461538461538464 0.15129151291512916 0.02 0.08118081180811808
0 0.4584615384615385 0.18081180811808117 0.02 0.08118081180811808
0 0.7815384615384615 0.02952029520295203 0.016923076923076923 0.05166051660516605
0 0.8369230769230769 0.03690036900369004 0.016923076923076923 0.05166051660516605
0 0.046153846153846156 0.0996309963099631 0.016923076923076923 0.05166051660516605
0 0.6061538461538462 0.2029520295202952 0.02 0.08118081180811808
0 0.7507692307692307 0.18450184501845018 0.02 0.08118081180811808
0 0.40307692307692305 0.2915129151291513 0.07230769230769231 0.2066420664206642
0 0.9138461538461539 0.05166051660516605 0.016923076923076923 0.05166051660516605
0 0.7692307692307693 0.1033210332103321 0.016923076923076923 0.05166051660516605
0 0.2169230769230769 0.08487084870848709 0.016923076923076923 0.05166051660516605
0 0.3230769230769231 0.07380073800738007 0.016923076923076923 0.05166051660516605
0 0.26 0.16974169741697417 0.02 0.08118081180811808
0 0.8476923076923077 0.014760147601476014 0.016923076923076923 0.05166051660516605
0 0.8523076923076923 0.08118081180811808 0.016923076923076923 0.05166051660516605
0 0.8630769230769231 0.04059040590405904 0.016923076923076923 0.05166051660516605
0 0.30615384615384617 0.1992619926199262 0.02 0.08118081180811808
0 0.49846153846153846 0.03690036900369004 0.016923076923076923 0.05166051660516605
0 0.10307692307692308 0.07011070110701106 0.016923076923076923 0.05166051660516605
0 0.5415384615384615 0.1033210332103321 0.016923076923076923 0.05166051660516605
0 0.66 0.07011070110701106 0.016923076923076923 0.05166051660516605
0 0.7384615384615385 0.033210332103321034 0.016923076923076923 0.05166051660516605
0 0.7215384615384616 0.09225092250922509 0.016923076923076923 0.05166051660516605
0 0.49538461538461537 0.33579335793357934 0.07230769230769231 0.2066420664206642
0 0.007692307692307693 0.13284132841328414 0.016923076923076923 0.05166051660516605
0 0.7015384615384616 0.23247232472324722 0.07230769230769231 0.2066420664206642
0 0.22 0.6494464944649446 0.10461538461538461 0.3062730627306273
0 0.6015384615384616 0.0996309963099631 0.016923076923076923 0.05166051660516605
0 0.12461538461538461 0.07380073800738007 0.016923076923076923 0.05166051660516605
0 0.20615384615384616 0.07380073800738007 0.016923076923076923 0.05166051660516605
0 0.4 0.033210332103321034 0.016923076923076923 0.05166051660516605
0 0.7569230769230769 0.033210332103321034 0.016923076923076923 0.05166051660516605
0 0.07384615384615385 0.1033210332103321 0.016923076923076923 0.05166051660516605
0 0.8215384615384616 0.033210332103321034 0.016923076923076923 0.05166051660516605
0 0.1076923076923077 0.1033210332103321 0.016923076923076923 0.05166051660516605
0 0.5215384615384615 0.033210332103321034 0.016923076923076923 0.05166051660516605
0 0.12461538461538461 0.18450184501845018 0.02 0.08118081180811808
0 0.45076923076923076 0.07749077490774908 0.016923076923076923 0.05166051660516605
