0 0.4979166666666667 0.49074074074074076 0.015625 0.027777777777777776
0 0.04479166666666667 0.4981481481481482 0.015625 0.027777777777777776
0 0.9104166666666667 0.5722222222222222 0.026041666666666668 0.04814814814814815
0 0.3125 0.5833333333333334 0.026041666666666668 0.04814814814814815
0 0.9322916666666666 0.6203703703703703 0.026041666666666668 0.04814814814814815
0 0.9239583333333333 0.5944444444444444 0.026041666666666668 0.04814814814814815
0 0.7020833333333333 0.4777777777777778 0.015625 0.027777777777777776
0 0.740625 0.6907407407407408 0.04479166666666667 0.08148148148148149
0 0.478125 0.49444444444444446 0.015625 0.027777777777777776
0 0.09479166666666666 0.4740740740740741 0.015625 0.027777777777777776
0 0.36875 0.5981481481481481 0.026041666666666668 0.04814814814814815
0 0.090625 0.5 0.015625 0.027777777777777776
0 0.5833333333333334 0.48148148148148145 0.015625 0.027777777777777776
0 0.2833333333333333 0.5944444444444444 0.026041666666666668 0.04814814814814815
0 0.5291666666666667 0.5296296296296297 0.021875 0.037037037037037035
0 0.4239583333333333 0.5444444444444444 0.021875 0.037037037037037035
0 0.44479166666666664 0.48518518518518516 0.015625 0.027777777777777776
0 0.5010416666666667 0.6351851851851852 0.026041666666666668 0.04814814814814815
0 0.17708333333333334 0.6703703703703704 0.04479166666666667 0.08148148148148149
0 0.9677083333333333 0.5425925925925926 0.021875 0.037037037037037035
0 0.6572916666666667 0.7222222222222222 0.04479166666666667 0.08148148148148149
0 0.8125 0.4703703703703704 0.015625 0.027777777777777776
0 0.4375 0.5148148148148148 0.021875 0.037037037037037035
0 0.6375 0.5333333333333333 0.021875 0.037037037037037035
0 0.5125 0.5481481481481482 0.021875 0.037037037037037035
0 0.7041666666666667 0.5407407407407407 0.021875 0.037037037037037035
0 0.9479166666666666 0.5611111111111111 0.026041666666666668 0.04814814814814815
0 0.85 0.49074074074074076 0.015625 0.027777777777777776
0 0.478125 0.5277777777777778 0.021875 0.037037037037037035
0 0.525 0.5037037037037037 0.015625 0.027777777777777776
0 0.68125 0.48518518518518516 0.015625 0.027777777777777776
0 0.16666666666666666 0.4666666666666667 0.015625 0.027777777777777776
0 0.7802083333333333 0.5722222222222222 0.026041666666666668 0.04814814814814815
0 0.76875 0.4759259259259259 0.015625 0.027777777777777776
0 0.4083333333333333 0.5407407407407407 0.021875 0.037037037037037035
0 0.5125 0.5074074074074074 0.021875 0.037037037037037035
0 0.6197916666666666 0.4722222222222222 0.015625 0.027777777777777776
0 0.465625 0.49074074074074076 0.015625 0.027777777777777776
0 0.5729166666666666 0.4962962962962963 0.015625 0.027777777777777776
0 0.88125 0.7092592592592593 0.04479166666666667 0.08148148148148149
0 0.975 0.34074074074074073 0.010416666666666666 0.020370370370370372
0 0.453125 0.5259259259259259 0.021875 0.037037037037037035
0 0.234375 0.6574074074074074 0.04479166666666667 0.08148148148148149
0 0.9270833333333334 0.5518518518518518 0.021875 0.037037037037037035
0 0.640625 0.4759259259259259 0.015625 0.027777777777777776
0 0.13229166666666667 0.4666666666666667 0.015625 0.027777777777777776
0 0.3729166666666667 0.5148148148148148 0.021875 0.037037037037037035
0 0.7510416666666667 0.55 0.021875 0.037037037037037035
0 0.2375 0.5796296296296296 0.026041666666666668 0.04814814814814815
0 0.8708333333333333 0.48518518518518516 0.015625 0.027777777777777776
0 0.7552083333333334 0.5 0.015625 0.027777777777777776
0 0.8208333333333333 0.5537037037037037 0.021875 0.037037037037037035
0 0.3229166666666667 0.6925925925925925 0.04479166666666667 0.08148148148148149
0 0.009375 0.49444444444444446 0.015625 0.027777777777777776
0 0.06770833333333333 0.5074074074074074 0.021875 0.037037037037037035
0 0.6760416666666667 0.4962962962962963 0.015625 0.027777777777777776
0 0.165625 0.5259259259259259 0.021875 0.037037037037037035
0 0.007291666666666667 0.5703703703703704 0.026041666666666668 0.04814814814814815
0 0.7697916666666667 0.49444444444444446 0.015625 0.027777777777777776
0 0.828125 0.49074074074074076 0.015625 0.027777777777777776
0 0.021875 0.5074074074074074 0.021875 0.037037037037037035
0 0.853125 0.6611111111111111 0.04479166666666667 0.08148148148148149
0 0.746875 0.48518518518518516 0.015625 0.027777777777777776
0 0.4875 0.6092592592592593 0.026041666666666668 0.04814814814814815
0 0.28020833333333334 0.5092592592592593 0.021875 0.037037037037037035
0 0.6166666666666667 0.6240740740740741 0.026041666666666668 0.04814814814814815
0 0.29375 0.4462962962962963 0.007291666666666667 0.014814814814814815
0 0.196875 0.45555555555555555 0.007291666666666667 0.014814814814814815
0 0.040625 0.5666666666666667 0.026041666666666668 0.04814814814814815
0 0.309375 0.5148148148148148 0.021875 0.037037037037037035
0 0.7666666666666667 0.5555555555555556 0.021875 0.037037037037037035
0 0.83125 0.524074074074074 0.021875 0.037037037037037035
0 0.7 0.6 0.026041666666666668 0.04814814814814815
0 0.16354166666666667 0.5703703703703704 0.026041666666666668 0.04814814814814815
0 0.036458333333333336 0.3388888888888889 0.010416666666666666 0.020370370370370372
0 0.13645833333333332 0.5092592592592593 0.021875 0.037037037037037035
0 0.23333333333333334 0.49444444444444446 0.015625 0.027777777777777776
0 0.6739583333333333 0.5277777777777778 0.021875 0.037037037037037035
0 0.18541666666666667 0.5351851851851852 0.021875 0.037037037037037035
0 0.4354166666666667 0.5777777777777777 0.026041666666666668 0.04814814814814815
0 0.6083333333333333 0.5907407407407408 0.026041666666666668 0.04814814814814815
0 0.9572916666666667 0.512962962962963 0.021875 0.037037037037037035
0 0.253125 0.3537037037037037 0.010416666666666666 0.020370370370370372
0 0.909375 0.4888888888888889 0.015625 0.027777777777777776
0 0.5385416666666667 0.5074074074074074 0.021875 0.037037037037037035
0 0.9197916666666667 0.5055555555555555 0.015625 0.027777777777777776
0 0.00625 0.7351851851851852 0.030208333333333334 0.05555555555555555
0 0.45 0.587037037037037 0.026041666666666668 0.04814814814814815
0 0.39791666666666664 0.5259259259259259 0.021875 0.037037037037037035
0 0.209375 0.5388888888888889 0.021875 0.037037037037037035
0 0.05416666666666667 0.5148148148148148 0.021875 0.037037037037037035
0 0.8447916666666667 0.524074074074074 0.021875 0.037037037037037035
0 0.9614583333333333 0.6314814814814815 0.026041666666666668 0.04814814814814815
0 0.8854166666666666 0.5203703703703704 0.021875 0.037037037037037035
0 0.3375 0.5814814814814815 0.026041666666666668 0.04814814814814815
0 0.26875 0.5796296296296296 0.026041666666666668 0.04814814814814815
0 0.7072916666666667 0.5018518518518519 0.015625 0.027777777777777776
0 0.3104166666666667 0.4981481481481482 0.015625 0.027777777777777776
0 0.8677083333333333 0.5111111111111111 0.021875 0.037037037037037035
0 0.21875 0.6351851851851852 0.026041666666666668 0.04814814814814815
0 0.33541666666666664 0.5314814814814814 0.021875 0.037037037037037035
0 0.10833333333333334 0.6 0.026041666666666668 0.04814814814814815
0 0.15416666666666667 0.49444444444444446 0.015625 0.027777777777777776
0 0.8489583333333334 0.5740740740740741 0.026041666666666668 0.04814814814814815
0 0.4947916666666667 0.5351851851851852 0.021875 0.037037037037037035
0 0.38958333333333334 0.5462962962962963 0.021875 0.037037037037037035
0 0.7979166666666667 0.5222222222222223 0.021875 0.037037037037037035
0 0.475 0.4685185185185185 0.015625 0.027777777777777776
0 0.004166666666666667 0.47962962962962963 0.016666666666666666 0.02962962962962963
0 0.3697916666666667 0.5388888888888889 0.021875 0.037037037037037035
0 0.4354166666666667 0.6722222222222223 0.04479166666666667 0.08148148148148149
0 0.9875 0.4685185185185185 0.015625 0.027777777777777776
0 0.5291666666666667 0.48333333333333334 0.015625 0.027777777777777776
0 0.134375 0.674074074074074 0.04479166666666667 0.08148148148148149
0 0.1875 0.5055555555555555 0.015625 0.027777777777777776
0 0.23229166666666667 0.5518518518518518 0.021875 0.037037037037037035
0 0.6927083333333334 0.55 0.021875 0.037037037037037035
0 0.55 0.49074074074074076 0.015625 0.027777777777777776
0 0.8604166666666667 0.4740740740740741 0.015625 0.027777777777777776
0 0.125 0.45925925925925926 0.007291666666666667 0.014814814814814815
0 0.6135416666666667 0.5574074074074075 0.026041666666666668 0.04814814814814815
0 0.8572916666666667 0.5351851851851852 0.021875 0.037037037037037035
0 0.2989583333333333 0.5425925925925926 0.021875 0.037037037037037035
0 0.8875 0.4462962962962963 0.007291666666666667 0.014814814814814815
0 0.7729166666666667 0.6037037037037037 0.026041666666666668 0.04814814814814815
0 0.39479166666666665 0.49074074074074076 0.015625 0.027777777777777776
0 0.9979166666666667 0.5481481481481482 0.01875 0.03148148148148148
0 0.5645833333333333 0.9185185185185185 0.04479166666666667 0.08148148148148149
0 0.68125 0.6462962962962963 0.026041666666666668 0.04814814814814815
0 0.48333333333333334 0.7148148148148148 0.04479166666666667 0.08148148148148149
0 0.15416666666666667 0.5203703703703704 0.021875 0.037037037037037035
0 0.9125 0.3388888888888889 0.010416666666666666 0.020370370370370372
0 0.46770833333333334 0.512962962962963 0.021875 0.037037037037037035
0 0.8447916666666667 0.5444444444444444 0.021875 0.037037037037037035
0 0.12291666666666666 0.5703703703703704 0.026041666666666668 0.04814814814814815
0 0.3802083333333333 0.5277777777777778 0.021875 0.037037037037037035
0 0.8947916666666667 0.5981481481481481 0.026041666666666668 0.04814814814814815
0 0.10833333333333334 0.48148148148148145 0.015625 0.027777777777777776
0 0.16770833333333332 0.5092592592592593 0.021875 0.037037037037037035
0 0.18854166666666666 0.55 0.021875 0.037037037037037035
0 0.809375 0.45185185185185184 0.007291666666666667 0.014814814814814815
0 0.25 0.5555555555555556 0.021875 0.037037037037037035
0 0.7270833333333333 0.5074074074074074 0.021875 0.037037037037037035
0 0.32395833333333335 0.524074074074074 0.021875 0.037037037037037035
0 0.9270833333333334 0.47962962962962963 0.015625 0.027777777777777776
0 0.5322916666666667 0.6129629629629629 0.026041666666666668 0.04814814814814815
0 0.9125 0.8777777777777778 0.04479166666666667 0.08148148148148149
0 0.209375 0.5944444444444444 0.026041666666666668 0.04814814814814815
0 0.8989583333333333 0.48703703703703705 0.015625 0.027777777777777776
0 0.7270833333333333 0.48333333333333334 0.015625 0.027777777777777776
0 0.16979166666666667 0.9407407407407408 0.04479166666666667 0.08148148148148149
0 0.30625 0.5259259259259259 0.021875 0.037037037037037035
0 0.278125 0.937037037037037 0.04479166666666667 0.08148148148148149
0 0.8145833333333333 0.6518518518518519 0.04479166666666667 0.08148148148148149
0 0.5885416666666666 0.5148148148148148 0.021875 0.037037037037037035
0 0.035416666666666666 0.7407407407407407 0.04479166666666667 0.08148148148148149
0 0.409375 0.5777777777777777 0.026041666666666668 0.04814814814814815
0 0.6322916666666667 0.49074074074074076 0.015625 0.027777777777777776
0 0.29270833333333335 0.512962962962963 0.021875 0.037037037037037035
0 0.39791666666666664 0.47962962962962963 0.015625 0.027777777777777776
0 0.3572916666666667 0.562962962962963 0.026041666666666668 0.04814814814814815
0 0.81875 0.6018518518518519 0.026041666666666668 0.04814814814814815
0 0.2875 0.5592592592592592 0.026041666666666668 0.04814814814814815
0 0.25 0.5314814814814814 0.021875 0.037037037037037035
0 0.7197916666666667 0.5388888888888889 0.021875 0.037037037037037035
0 0.7177083333333333 0.6203703703703703 0.026041666666666668 0.04814814814814815
0 0.26979166666666665 0.5185185185185185 0.021875 0.037037037037037035
0 0.11145833333333334 0.5333333333333333 0.021875 0.037037037037037035
0 0.853125 0.95 0.04479166666666667 0.08148148148148149
0 0.25729166666666664 0.5111111111111111 0.021875 0.037037037037037035
0 0.07708333333333334 0.5166666666666667 0.021875 0.037037037037037035
0 0.5625 0.5 0.015625 0.027777777777777776
0 0.5989583333333334 0.48703703703703705 0.015625 0.027777777777777776
0 0.8166666666666667 0.5222222222222223 0.021875 0.037037037037037035
0 0.215625 0.4425925925925926 0.007291666666666667 0.014814814814814815
0 0.01875 0.34074074074074073 0.010416666666666666 0.020370370370370372
0 0.4270833333333333 0.48518518518518516 0.015625 0.027777777777777776
0 0.7916666666666666 0.4740740740740741 0.015625 0.027777777777777776
0 0.9791666666666666 0.5777777777777777 0.026041666666666668 0.04814814814814815
0 0.296875 0.4962962962962963 0.015625 0.027777777777777776
0 0.796875 0.4888888888888889 0.015625 0.027777777777777776
0 0.18541666666666667 0.6148148148148148 0.026041666666666668 0.04814814814814815
0 0.99375 0.36666666666666664 0.010416666666666666 0.020370370370370372
0 0.38333333333333336 0.5055555555555555 0.015625 0.027777777777777776
0 0.896875 0.5185185185185185 0.021875 0.037037037037037035
0 0.3145833333333333 0.5444444444444444 0.021875 0.037037037037037035
0 0.3572916666666667 0.4962962962962963 0.015625 0.027777777777777776
0 0.7364583333333333 0.5462962962962963 0.021875 0.037037037037037035
0 0.409375 0.5092592592592593 0.021875 0.037037037037037035
0 0.8854166666666666 0.47962962962962963 0.015625 0.027777777777777776
0 0.04791666666666667 0.6314814814814815 0.026041666666666668 0.04814814814814815
0 0.5010416666666667 0.575925925925926 0.026041666666666668 0.04814814814814815
0 0.20208333333333334 0.5203703703703704 0.021875 0.037037037037037035
0 0.08854166666666667 0.5333333333333333 0.021875 0.037037037037037035
0 0.228125 0.3425925925925926 0.010416666666666666 0.020370370370370372
0 0.6354166666666666 0.5648148148148148 0.026041666666666668 0.04814814814814815
0 0.6760416666666667 0.5648148148148148 0.026041666666666668 0.04814814814814815
0 0.88125 0.5833333333333334 0.026041666666666668 0.04814814814814815
0 0.48020833333333335 0.5814814814814815 0.026041666666666668 0.04814814814814815
0 0.11041666666666666 0.512962962962963 0.021875 0.037037037037037035
0 0.584375 0.65 0.04479166666666667 0.08148148148148149
0 0.41458333333333336 0.6092592592592593 0.026041666666666668 0.04814814814814815
0 0.5677083333333334 0.5370370370370371 0.021875 0.037037037037037035
0 0.934375 0.44074074074074077 0.007291666666666667 0.014814814814814815
0 0.59375 0.6092592592592593 0.026041666666666668 0.04814814814814815
0 0.6447916666666667 0.5148148148148148 0.021875 0.037037037037037035
0 0.7072916666666667 0.5166666666666667 0.021875 0.037037037037037035
0 0.7364583333333333 0.5 0.015625 0.027777777777777776
0 0.20520833333333333 0.4962962962962963 0.015625 0.027777777777777776
0 0.659375 0.5814814814814815 0.026041666666666668 0.04814814814814815
0 0.825 0.7314814814814815 0.04479166666666667 0.08148148148148149
0 0.69375 0.6925925925925925 0.04479166666666667 0.08148148148148149
0 0.9020833333333333 0.5370370370370371 0.021875 0.037037037037037035
0 0.06354166666666666 0.4925925925925926 0.015625 0.027777777777777776
0 0.27395833333333336 0.5518518518518518 0.021875 0.037037037037037035
0 0.6104166666666667 0.4888888888888889 0.015625 0.027777777777777776
0 0.22083333333333333 0.5203703703703704 0.021875 0.037037037037037035
0 0.6552083333333333 0.4740740740740741 0.015625 0.027777777777777776
0 0.665625 0.4962962962962963 0.015625 0.027777777777777776
0 0.39791666666666664 0.5092592592592593 0.021875 0.037037037037037035
0 0.7864583333333334 0.5 0.015625 0.027777777777777776
0 0.6520833333333333 0.48703703703703705 0.015625 0.027777777777777776
0 0.6145833333333334 0.7592592592592593 0.04479166666666667 0.08148148148148149
0 0.8260416666666667 0.5018518518518519 0.015625 0.027777777777777776
0 0.6864583333333333 0.5185185185185185 0.021875 0.037037037037037035
0 0.7229166666666667 0.6537037037037037 0.04479166666666667 0.08148148148148149
0 0.28854166666666664 0.4925925925925926 0.015625 0.027777777777777776
0 0.9291666666666667 0.5277777777777778 0.021875 0.037037037037037035
0 0.721875 0.5740740740740741 0.026041666666666668 0.04814814814814815
0 0.615625 0.5166666666666667 0.021875 0.037037037037037035
0 0.8354166666666667 0.48148148148148145 0.015625 0.027777777777777776
0 0.415625 0.48703703703703705 0.015625 0.027777777777777776
0 0.31979166666666664 0.5 0.015625 0.027777777777777776
0 0.8552083333333333 0.6166666666666667 0.026041666666666668 0.04814814814814815
0 0.35208333333333336 0.5333333333333333 0.021875 0.037037037037037035
0 0.503125 0.5166666666666667 0.021875 0.037037037037037035
0 0.8895833333333333 0.5 0.015625 0.027777777777777776
0 0.9541666666666667 0.6851851851851852 0.04479166666666667 0.08148148148148149
0 0.5989583333333334 0.55 0.021875 0.037037037037037035
0 0.010416666666666666 0.5018518518518519 0.015625 0.027777777777777776
0 0.125 0.49444444444444446 0.015625 0.027777777777777776
0 0.04583333333333333 0.7129629629629629 0.04479166666666667 0.08148148148148149
0 0.990625 0.9777777777777777 0.04479166666666667 0.08148148148148149
0 0.5375 0.5648148148148148 0.026041666666666668 0.04814814814814815
0 0.5229166666666667 0.562962962962963 0.026041666666666668 0.04814814814814815
0 0.6197916666666666 0.6814814814814815 0.04479166666666667 0.08148148148148149
0 0.98125 0.48518518518518516 0.015625 0.027777777777777776
0 0.6583333333333333 0.5481481481481482 0.021875 0.037037037037037035
0 0.3645833333333333 0.5740740740740741 0.026041666666666668 0.04814814814814815
0 0.06041666666666667 0.4722222222222222 0.015625 0.027777777777777776
0 0.9270833333333334 0.35555555555555557 0.010416666666666666 0.020370370370370372
0 0.3729166666666667 0.49444444444444446 0.015625 0.027777777777777776
0 0.23541666666666666 0.6018518518518519 0.026041666666666668 0.04814814814814815
0 0.946875 0.5833333333333334 0.026041666666666668 0.04814814814814815
0 0.378125 0.6481481481481481 0.026041666666666668 0.04814814814814815
0 0.46041666666666664 0.6722222222222223 0.04479166666666667 0.08148148148148149
0 0.03333333333333333 0.48148148148148145 0.015625 0.027777777777777776
0 0.7145833333333333 0.5 0.015625 0.027777777777777776
0 0.25625 0.6185185185185185 0.026041666666666668 0.04814814814814815
0 0.428125 0.9537037037037037 0.04479166666666667 0.08148148148148149
0 0.9708333333333333 0.5 0.015625 0.027777777777777776
0 0.775 0.524074074074074 0.021875 0.037037037037037035
0 0.796875 0.5407407407407407 0.021875 0.037037037037037035
0 0.3489583333333333 0.5055555555555555 0.015625 0.027777777777777776
0 0.7645833333333333 0.65 0.04479166666666667 0.08148148148148149
0 0.42083333333333334 0.7277777777777777 0.04479166666666667 0.08148148148148149
0 0.46770833333333334 0.5462962962962963 0.021875 0.037037037037037035
0 0.15416666666666667 0.6166666666666667 0.026041666666666668 0.04814814814814815
