0 0.7136842105263158 0.38782608695652177 0.026842105263157896 0.08347826086956522
0 0.27421052631578946 0.21217391304347827 0.015789473684210527 0.06260869565217392
0 0.5168421052631579 0.19826086956521738 0.012105263157894737 0.04521739130434783
0 0.4142105263157895 0.35130434782608694 0.028421052631578948 0.08521739130434783
0 0.8994736842105263 0.34782608695652173 0.026842105263157896 0.08347826086956522
0 0.9247368421052632 0.9391304347826087 0.045789473684210526 0.21043478260869566
0 0.11421052631578947 0.4782608695652174 0.06947368421052631 0.23304347826086957
0 0.3447368421052632 0.1826086956521739 0.015789473684210527 0.06260869565217392
0 0.028421052631578948 0.21217391304347827 0.018947368421052633 0.06782608695652174
0 0.5352631578947369 0.35304347826086957 0.024736842105263158 0.08521739130434783
0 0.23578947368421052 0.16695652173913045 0.015789473684210527 0.06260869565217392
0 0.6763157894736842 0.2591304347826087 0.026842105263157896 0.08347826086956522
0 0.8226315789473684 0.34608695652173915 0.026842105263157896 0.08347826086956522
0 0.04473684210526316 0.34608695652173915 0.028421052631578948 0.08521739130434783
0 0.38894736842105265 0.24695652173913044 0.028421052631578948 0.08521739130434783
0 0.3368421052631579 0.3373913043478261 0.028421052631578948 0.08521739130434783
0 0.14 0.1617391304347826 0.015789473684210527 0.06260869565217392
0 0.12842105263157894 0.20173913043478262 0.015789473684210527 0.06260869565217392
0 0.4357894736842105 0.20869565217391303 0.015789473684210527 0.06260869565217392
0 0.056842105263157895 0.24695652173913044 0.028421052631578948 0.08521739130434783
0 0.8336842105263158 0.5965217391304348 0.045789473684210526 0.21043478260869566
0 0.2505263157894737 0.43826086956521737 0.06947368421052631 0.23304347826086957
0 0.5831578947368421 0.07304347826086957 0.012105263157894737 0.03826086956521739
0 0.588421052631579 0.7773913043478261 0.045789473684210526 0.14608695652173914
0 0.2563157894736842 0.20173913043478262 0.015789473684210527 0.06260869565217392
0 0.49 0.1617391304347826 0.012105263157894737 0.04521739130434783
0 0.4047368421052632 0.19826086956521738 0.015789473684210527 0.06260869565217392
0 0.24736842105263157 0.17043478260869566 0.015789473684210527 0.06260869565217392
0 0.45631578947368423 0.26260869565217393 0.024736842105263158 0.08521739130434783
0 0.6952631578947368 0.49391304347826087 0.045789473684210526 0.21043478260869566
0 0.40157894736842104 0.6173913043478261 0.045789473684210526 0.14608695652173914
0 0.37 0.16 0.015789473684210527 0.06260869565217392
0 0.5473684210526316 0.2608695652173913 0.024736842105263158 0.08521739130434783
0 0.7278947368421053 0.2643478260869565 0.026842105263157896 0.08347826086956522
0 0.28157894736842104 0.1808695652173913 0.015789473684210527 0.06260869565217392
0 0.6431578947368422 0.31478260869565217 0.026842105263157896 0.08347826086956522
0 0.10105263157894737 0.1808695652173913 0.015789473684210527 0.06260869565217392
0 0.1773684210526316 0.8295652173913044 0.06947368421052631 0.23304347826086957
0 0.08578947368421053 0.17565217391304347 0.015789473684210527 0.06260869565217392
0 0.4047368421052632 0.1617391304347826 0.015789473684210527 0.06260869565217392
0 0.9242105263157895 0.4678260869565217 0.045789473684210526 0.21043478260869566
0 0.8036842105263158 0.44 0.045789473684210526 0.21043478260869566
0 0.011052631578947368 0.41739130434782606 0.032105263157894734 0.10956521739130434
0 0.17421052631578948 0.20521739130434782 0.015789473684210527 0.06260869565217392
0 0.5589473684210526 0.2417391304347826 0.024736842105263158 0.08521739130434783
0 0.32894736842105265 0.18956521739130436 0.015789473684210527 0.06260869565217392
0 0.3294736842105263 0.15130434782608695 0.015789473684210527 0.06260869565217392
