0 0.88 0.315035799522673 0.07333333333333333 0.13365155131264916
0 0.7333333333333333 0.3126491646778043 0.07333333333333333 0.13365155131264916
0 0.47733333333333333 0.3794749403341289 0.04533333333333334 0.10978520286396182
0 0.128 0.9498806682577565 0.16666666666666666 0.18377088305489261
0 0.5973333333333334 0.38663484486873506 0.12 0.2243436754176611
0 0.7066666666666667 0.48687350835322196 0.12 0.2243436754176611
0 0.896 0.20286396181384247 0.07333333333333333 0.13365155131264916
0 0.804 0.28878281622911695 0.07333333333333333 0.13365155131264916
0 0.76 0.2171837708830549 0.07333333333333333 0.13365155131264916
0 0.3453333333333333 0.4009546539379475 0.056 0.11933174224343675
0 0.8306666666666667 0.5441527446300716 0.12 0.2243436754176611
0 0.396 0.26252983293556087 0.056 0.11933174224343675
0 0.9813333333333333 0.2315035799522673 0.07333333333333333 0.13365155131264916
0 0.5306666666666666 0.30787589498806683 0.05466666666666667 0.10739856801909307
0 0.11866666666666667 0.3221957040572792 0.056 0.11933174224343675
0 0.39466666666666667 0.3937947494033413 0.056 0.11933174224343675
0 0.548 0.4439140811455847 0.12 0.2243436754176611
0 0.29333333333333333 0.34844868735083534 0.056 0.11933174224343675
0 0.6386666666666667 0.21957040572792363 0.05466666666666667 0.10739856801909307
0 0.212 0.37708830548926014 0.056 0.11933174224343675
0 0.9826666666666667 0.7326968973747017 0.15333333333333332 0.315035799522673
