0 0.7563636363636363 0.773224043715847 0.023636363636363636 0.04371584699453552
0 0.5363636363636364 0.1885245901639344 0.023636363636363636 0.04371584699453552
0 0.82 0.18032786885245902 0.023636363636363636 0.04371584699453552
0 0.6636363636363637 0.2786885245901639 0.023636363636363636 0.04371584699453552
0 0.14727272727272728 0.7158469945355191 0.023636363636363636 0.04371584699453552
0 0.9163636363636364 0.6092896174863388 0.023636363636363636 0.04371584699453552
0 0.2690909090909091 0.39617486338797814 0.023636363636363636 0.04371584699453552
0 0.7363636363636363 0.25956284153005466 0.023636363636363636 0.04371584699453552
0 0.3472727272727273 0.7896174863387978 0.023636363636363636 0.04371584699453552
0 0.6127272727272727 0.5983606557377049 0.023636363636363636 0.04371584699453552
0 0.7436363636363637 0.860655737704918 0.023636363636363636 0.04371584699453552
0 0.8327272727272728 0.505464480874317 0.023636363636363636 0.04371584699453552
0 0.4309090909090909 0.773224043715847 0.023636363636363636 0.04371584699453552
0 0.7363636363636363 0.10655737704918032 0.023636363636363636 0.04371584699453552
0 0.7927272727272727 0.3333333333333333 0.023636363636363636 0.04371584699453552
0 0.3327272727272727 0.13387978142076504 0.023636363636363636 0.04371584699453552
0 0.5818181818181818 0.7377049180327869 0.023636363636363636 0.04371584699453552
0 0.44363636363636366 0.6284153005464481 0.023636363636363636 0.04371584699453552
0 0.4309090909090909 0.5628415300546448 0.023636363636363636 0.04371584699453552
0 0.9090909090909091 0.32786885245901637 0.023636363636363636 0.04371584699453552
0 0.88 0.5546448087431693 0.023636363636363636 0.04371584699453552
0 0.4581818181818182 0.1912568306010929 0.023636363636363636 0.04371584699453552
0 0.7927272727272727 0.26229508196721313 0.023636363636363636 0.04371584699453552
0 0.5781818181818181 0.42896174863387976 0.023636363636363636 0.04371584699453552
0 0.9709090909090909 0.7103825136612022 0.023636363636363636 0.04371584699453552
0 0.28909090909090907 0.09289617486338798 0.023636363636363636 0.04371584699453552
0 0.7472727272727273 0.4426229508196721 0.023636363636363636 0.04371584699453552
0 0.5309090909090909 0.7349726775956285 0.023636363636363636 0.04371584699453552
0 0.10545454545454545 0.6420765027322405 0.023636363636363636 0.04371584699453552
0 0.9818181818181818 0.773224043715847 0.023636363636363636 0.04371584699453552
0 0.22181818181818183 0.7896174863387978 0.023636363636363636 0.04371584699453552
0 0.4163636363636364 0.07650273224043716 0.023636363636363636 0.04371584699453552
0 0.09818181818181818 0.726775956284153 0.023636363636363636 0.04371584699453552
0 0.7018181818181818 0.4726775956284153 0.023636363636363636 0.04371584699453552
0 0.34 0.3224043715846995 0.023636363636363636 0.04371584699453552
0 0.2909090909090909 0.16666666666666666 0.023636363636363636 0.04371584699453552
0 0.6272727272727273 0.8278688524590164 0.023636363636363636 0.04371584699453552
0 0.6454545454545455 0.7650273224043715 0.023636363636363636 0.04371584699453552
0 0.9036363636363637 0.23770491803278687 0.023636363636363636 0.04371584699453552
0 0.48545454545454547 0.5792349726775956 0.023636363636363636 0.04371584699453552
0 0.4036363636363636 0.8743169398907104 0.023636363636363636 0.04371584699453552
0 0.27636363636363637 0.2786885245901639 0.023636363636363636 0.04371584699453552
0 0.7745454545454545 0.4644808743169399 0.023636363636363636 0.04371584699453552
0 0.2672727272727273 0.505464480874317 0.023636363636363636 0.04371584699453552
0 0.5927272727272728 0.819672131147541 0.023636363636363636 0.04371584699453552
0 0.04181818181818182 0.5655737704918032 0.023636363636363636 0.04371584699453552
0 0.06727272727272728 0.644808743169399 0.023636363636363636 0.04371584699453552
0 0.49454545454545457 0.2459016393442623 0.023636363636363636 0.04371584699453552
0 0.8290909090909091 0.4644808743169399 0.023636363636363636 0.04371584699453552
0 0.20909090909090908 0.34153005464480873 0.023636363636363636 0.04371584699453552
0 0.9236363636363636 0.6994535519125683 0.023636363636363636 0.04371584699453552
0 0.7127272727272728 0.19398907103825136 0.023636363636363636 0.04371584699453552
0 0.7218181818181818 0.5163934426229508 0.023636363636363636 0.04371584699453552
0 0.39454545454545453 0.319672131147541 0.023636363636363636 0.04371584699453552
0 0.769090909090909 0.18032786885245902 0.023636363636363636 0.04371584699453552
0 0.8472727272727273 0.24316939890710382 0.023636363636363636 0.04371584699453552
0 0.023636363636363636 0.6639344262295082 0.023636363636363636 0.04371584699453552
0 0.21636363636363637 0.20218579234972678 0.023636363636363636 0.04371584699453552
0 0.8090909090909091 0.8825136612021858 0.023636363636363636 0.04371584699453552
0 0.038181818181818185 0.24316939890710382 0.023636363636363636 0.04371584699453552
0 0.9781818181818182 0.5846994535519126 0.023636363636363636 0.04371584699453552
0 0.3236363636363636 0.040983606557377046 0.023636363636363636 0.04371584699453552
0 0.6654545454545454 0.07923497267759563 0.023636363636363636 0.04371584699453552
0 0.1290909090909091 0.5983606557377049 0.023636363636363636 0.04371584699453552
0 0.96 0.42349726775956287 0.023636363636363636 0.04371584699453552
0 0.4381818181818182 0.33879781420765026 0.023636363636363636 0.04371584699453552
0 0.32181818181818184 0.42896174863387976 0.023636363636363636 0.04371584699453552
0 0.02727272727272727 0.12295081967213115 0.023636363636363636 0.04371584699453552
0 0.6854545454545454 0.819672131147541 0.023636363636363636 0.04371584699453552
0 0.46 0.7431693989071039 0.023636363636363636 0.04371584699453552
0 0.05272727272727273 0.40710382513661203 0.023636363636363636 0.04371584699453552
0 0.37272727272727274 0.4726775956284153 0.023636363636363636 0.04371584699453552
0 0.3509090909090909 0.4781420765027322 0.023636363636363636 0.04371584699453552
0 0.1781818181818182 0.3333333333333333 0.023636363636363636 0.04371584699453552
0 0.04727272727272727 0.8797814207650273 0.023636363636363636 0.04371584699453552
0 0.15454545454545454 0.18579234972677597 0.023636363636363636 0.04371584699453552
0 0.649090909090909 0.17486338797814208 0.023636363636363636 0.04371584699453552
0 0.15454545454545454 0.46994535519125685 0.023636363636363636 0.04371584699453552
0 0.8109090909090909 0.5655737704918032 0.023636363636363636 0.04371584699453552
0 0.5381818181818182 0.3224043715846995 0.023636363636363636 0.04371584699453552
0 0.6327272727272727 0.6502732240437158 0.023636363636363636 0.04371584699453552
0 0.5672727272727273 0.6775956284153005 0.023636363636363636 0.04371584699453552
0 0.46545454545454545 0.11475409836065574 0.023636363636363636 0.04371584699453552
0 0.33636363636363636 0.6010928961748634 0.023636363636363636 0.04371584699453552
0 0.9472727272727273 0.2568306010928962 0.023636363636363636 0.04371584699453552
0 0.6909090909090909 0.32786885245901637 0.023636363636363636 0.04371584699453552
0 0.24909090909090909 0.8879781420765027 0.023636363636363636 0.04371584699453552
0 0.6763636363636364 0.5245901639344263 0.023636363636363636 0.04371584699453552
0 0.5909090909090909 0.43169398907103823 0.023636363636363636 0.04371584699453552
0 0.6509090909090909 0.6038251366120219 0.023636363636363636 0.04371584699453552
0 0.43636363636363634 0.5382513661202186 0.023636363636363636 0.04371584699453552
0 0.8109090909090909 0.3087431693989071 0.023636363636363636 0.04371584699453552
0 0.6218181818181818 0.5081967213114754 0.023636363636363636 0.04371584699453552
0 0.8745454545454545 0.8032786885245902 0.023636363636363636 0.04371584699453552
0 0.7872727272727272 0.7759562841530054 0.023636363636363636 0.04371584699453552
0 0.26545454545454544 0.35792349726775957 0.023636363636363636 0.04371584699453552
0 0.9454545454545454 0.29508196721311475 0.023636363636363636 0.04371584699453552
0 0.42 0.639344262295082 0.023636363636363636 0.04371584699453552
0 0.9672727272727273 0.8907103825136612 0.023636363636363636 0.04371584699453552
0 0.14727272727272728 0.5 0.023636363636363636 0.04371584699453552
0 0.4163636363636364 0.4890710382513661 0.023636363636363636 0.04371584699453552
0 0.21818181818181817 0.226775956284153 0.023636363636363636 0.04371584699453552
0 0.5581818181818182 0.5409836065573771 0.023636363636363636 0.04371584699453552
0 0.7436363636363637 0.34153005464480873 0.023636363636363636 0.04371584699453552
0 0.49272727272727274 0.30327868852459017 0.023636363636363636 0.04371584699453552
0 0.6872727272727273 0.22404371584699453 0.023636363636363636 0.04371584699453552
0 0.3890909090909091 0.5792349726775956 0.023636363636363636 0.04371584699453552
0 0.19636363636363635 0.6994535519125683 0.023636363636363636 0.04371584699453552
0 0.6509090909090909 0.42349726775956287 0.023636363636363636 0.04371584699453552
0 0.3054545454545455 0.4808743169398907 0.023636363636363636 0.04371584699453552
0 0.3290909090909091 0.7814207650273224 0.023636363636363636 0.04371584699453552
0 0.6909090909090909 0.6639344262295082 0.023636363636363636 0.04371584699453552
0 0.02727272727272727 0.8415300546448088 0.023636363636363636 0.04371584699453552
0 0.5418181818181819 0.7704918032786885 0.023636363636363636 0.04371584699453552
0 0.32181818181818184 0.7185792349726776 0.023636363636363636 0.04371584699453552
0 0.23272727272727273 0.8961748633879781 0.023636363636363636 0.04371584699453552
0 0.4072727272727273 0.7704918032786885 0.023636363636363636 0.04371584699453552
0 0.21454545454545454 0.3770491803278688 0.023636363636363636 0.04371584699453552
0 0.6781818181818182 0.5710382513661202 0.023636363636363636 0.04371584699453552
0 0.41454545454545455 0.3633879781420765 0.023636363636363636 0.04371584699453552
0 0.6054545454545455 0.20491803278688525 0.023636363636363636 0.04371584699453552
0 0.09636363636363636 0.1994535519125683 0.023636363636363636 0.04371584699453552
0 0.45454545454545453 0.2923497267759563 0.023636363636363636 0.04371584699453552
0 0.8109090909090909 0.06557377049180328 0.023636363636363636 0.04371584699453552
0 0.3236363636363636 0.3879781420765027 0.023636363636363636 0.04371584699453552
0 0.62 0.26229508196721313 0.023636363636363636 0.04371584699453552
0 0.1 0.8032786885245902 0.023636363636363636 0.04371584699453552
0 0.7090909090909091 0.7896174863387978 0.023636363636363636 0.04371584699453552
0 0.5872727272727273 0.4918032786885246 0.023636363636363636 0.04371584699453552
0 0.4527272727272727 0.43989071038251365 0.023636363636363636 0.04371584699453552
0 0.37636363636363634 0.6502732240437158 0.023636363636363636 0.04371584699453552
0 0.07818181818181819 0.5628415300546448 0.023636363636363636 0.04371584699453552
0 0.26181818181818184 0.7076502732240437 0.023636363636363636 0.04371584699453552
0 0.4072727272727273 0.22950819672131148 0.023636363636363636 0.04371584699453552
0 0.52 0.07650273224043716 0.023636363636363636 0.04371584699453552
0 0.5109090909090909 0.587431693989071 0.023636363636363636 0.04371584699453552
0 0.39454545454545453 0.15846994535519127 0.023636363636363636 0.04371584699453552
0 0.8981818181818182 0.15027322404371585 0.023636363636363636 0.04371584699453552
0 0.5127272727272727 0.4344262295081967 0.023636363636363636 0.04371584699453552
0 0.20727272727272728 0.040983606557377046 0.023636363636363636 0.04371584699453552
0 0.0890909090909091 0.060109289617486336 0.023636363636363636 0.04371584699453552
0 0.850909090909091 0.3442622950819672 0.023636363636363636 0.04371584699453552
0 0.11636363636363636 0.3442622950819672 0.023636363636363636 0.04371584699453552
0 0.7727272727272727 0.2786885245901639 0.023636363636363636 0.04371584699453552
0 0.1781818181818182 0.366120218579235 0.023636363636363636 0.04371584699453552
0 0.88 0.4207650273224044 0.023636363636363636 0.04371584699453552
