0 0.8677248677248677 0.48518518518518516 0.013227513227513227 0.02962962962962963
0 0.23148148148148148 0.6814814814814815 0.018518518518518517 0.03518518518518519
0 0.3253968253968254 0.29814814814814816 0.009259259259259259 0.020370370370370372
0 0.8809523809523809 0.8592592592592593 0.03042328042328042 0.05740740740740741
0 0.5634920634920635 0.5851851851851851 0.013227513227513227 0.02962962962962963
0 0.6164021164021164 0.7944444444444444 0.03042328042328042 0.05740740740740741
0 0.9497354497354498 0.48148148148148145 0.013227513227513227 0.02962962962962963
0 0.7248677248677249 0.6074074074074074 0.026455026455026454 0.044444444444444446
0 0.8888888888888888 0.5666666666666667 0.013227513227513227 0.02962962962962963
0 0.7526455026455027 0.9814814814814815 0.03042328042328042 0.05740740740740741
0 0.8267195767195767 0.4351851851851852 0.013227513227513227 0.02962962962962963
0 0.28703703703703703 0.30185185185185187 0.009259259259259259 0.020370370370370372
0 0.36904761904761907 0.45 0.01984126984126984 0.03518518518518519
0 0.19576719576719576 0.48703703703703705 0.01984126984126984 0.03518518518518519
0 0.4126984126984127 0.6648148148148149 0.018518518518518517 0.03333333333333333
0 0.9087301587301587 0.7296296296296296 0.026455026455026454 0.044444444444444446
0 0.6084656084656085 0.48703703703703705 0.013227513227513227 0.02962962962962963
0 0.5595238095238095 0.5333333333333333 0.018518518518518517 0.03333333333333333
0 0.4444444444444444 0.8444444444444444 0.021164021164021163 0.044444444444444446
0 0.7103174603174603 0.524074074074074 0.013227513227513227 0.02962962962962963
0 0.7671957671957672 0.6981481481481482 0.026455026455026454 0.044444444444444446
0 0.3955026455026455 0.5944444444444444 0.018518518518518517 0.03333333333333333
0 0.91005291005291 0.6555555555555556 0.026455026455026454 0.044444444444444446
0 0.4695767195767196 0.6 0.018518518518518517 0.03333333333333333
0 0.07407407407407407 0.9333333333333333 0.01984126984126984 0.03333333333333333
0 0.005291005291005291 0.5611111111111111 0.01984126984126984 0.03333333333333333
0 0.9682539682539683 0.7388888888888889 0.027777777777777776 0.05
0 0.18915343915343916 0.6407407407407407 0.018518518518518517 0.03333333333333333
0 0.04365079365079365 0.24074074074074073 0.009259259259259259 0.020370370370370372
0 0.2208994708994709 0.8833333333333333 0.021164021164021163 0.044444444444444446
0 0.6917989417989417 0.5648148148148148 0.013227513227513227 0.02962962962962963
0 0.031746031746031744 0.2574074074074074 0.009259259259259259 0.020370370370370372
0 0.5714285714285714 0.9185185185185185 0.03042328042328042 0.05740740740740741
0 0.8611111111111112 0.45185185185185184 0.013227513227513227 0.02962962962962963
0 0.03439153439153439 0.5796296296296296 0.022486772486772486 0.03518518518518519
0 0.8095238095238095 0.48148148148148145 0.013227513227513227 0.02962962962962963
0 0.43253968253968256 0.6296296296296297 0.018518518518518517 0.03333333333333333
0 0.08068783068783068 0.2388888888888889 0.009259259259259259 0.020370370370370372
0 0.06746031746031746 0.28703703703703703 0.009259259259259259 0.020370370370370372
0 0.9828042328042328 0.8203703703703704 0.03042328042328042 0.05740740740740741
0 0.6005291005291006 0.6537037037037037 0.026455026455026454 0.044444444444444446
0 0.6481481481481481 0.8055555555555556 0.03042328042328042 0.05740740740740741
0 0.3002645502645503 0.7703703703703704 0.021164021164021163 0.044444444444444446
0 0.7817460317460317 0.5648148148148148 0.013227513227513227 0.02962962962962963
0 0.09391534391534391 0.6018518518518519 0.022486772486772486 0.03518518518518519
0 0.15608465608465608 0.6296296296296297 0.018518518518518517 0.03333333333333333
0 0.9285714285714286 0.40185185185185185 0.013227513227513227 0.02962962962962963
0 0.5912698412698413 0.7166666666666667 0.026455026455026454 0.044444444444444446
0 0.5476190476190477 0.5944444444444444 0.026455026455026454 0.044444444444444446
0 0.291005291005291 0.6037037037037037 0.018518518518518517 0.03333333333333333
0 0.2328042328042328 0.5796296296296296 0.018518518518518517 0.03333333333333333
0 0.2976190476190476 0.6888888888888889 0.018518518518518517 0.03333333333333333
0 0.2777777777777778 0.3592592592592593 0.01984126984126984 0.03518518518518519
0 0.25925925925925924 0.6981481481481482 0.018518518518518517 0.03333333333333333
0 0.5 0.6277777777777778 0.018518518518518517 0.03333333333333333
0 0.05555555555555555 0.6185185185185185 0.022486772486772486 0.03518518518518519
0 0.9748677248677249 0.7777777777777778 0.03042328042328042 0.05740740740740741
0 0.8346560846560847 0.7074074074074074 0.026455026455026454 0.044444444444444446
0 0.4246031746031746 0.7055555555555556 0.018518518518518517 0.03333333333333333
0 0.701058201058201 0.4666666666666667 0.013227513227513227 0.02962962962962963
0 0.9920634920634921 0.6129629629629629 0.01984126984126984 0.03888888888888889
0 0.4880952380952381 0.3648148148148148 0.01984126984126984 0.03518518518518519
0 0.9523809523809523 0.9555555555555556 0.03042328042328042 0.05740740740740741
0 0.15079365079365079 0.412962962962963 0.01984126984126984 0.03518518518518519
0 0.4603174603174603 0.4444444444444444 0.01984126984126984 0.03518518518518519
0 0.626984126984127 0.7296296296296296 0.026455026455026454 0.044444444444444446
0 0.48677248677248675 0.562962962962963 0.018518518518518517 0.03333333333333333
0 0.36507936507936506 0.47962962962962963 0.01984126984126984 0.03518518518518519
0 0.8425925925925926 0.8018518518518518 0.03042328042328042 0.05740740740740741
0 0.17063492063492064 0.44074074074074077 0.01984126984126984 0.03518518518518519
0 0.7288359788359788 0.8796296296296297 0.03042328042328042 0.05740740740740741
0 0.4775132275132275 0.9185185185185185 0.021164021164021163 0.044444444444444446
0 0.701058201058201 0.7018518518518518 0.026455026455026454 0.044444444444444446
0 0.9801587301587301 0.4166666666666667 0.013227513227513227 0.02962962962962963
0 0.48677248677248675 0.49074074074074076 0.01984126984126984 0.03518518518518519
0 0.5912698412698413 0.4462962962962963 0.013227513227513227 0.02962962962962963
0 0.3716931216931217 0.5333333333333333 0.018518518518518517 0.03333333333333333
0 0.9947089947089947 0.95 0.0291005291005291 0.053703703703703705
0 0.5105820105820106 0.6925925925925925 0.022486772486772486 0.03888888888888889
0 0.7619047619047619 0.8444444444444444 0.03042328042328042 0.05740740740740741
