0 0.8333333333333334 0.47314814814814815 0.013020833333333334 0.03425925925925926
0 0.8671875 0.44907407407407407 0.009375 0.020370370370370372
0 0.215625 0.6787037037037037 0.0734375 0.19166666666666668
0 0.8723958333333334 0.46111111111111114 0.009375 0.020370370370370372
0 0.6291666666666667 0.4935185185185185 0.026041666666666668 0.06759259259259259
0 0.5630208333333333 0.4675925925925926 0.026041666666666668 0.053703703703703705
0 0.7088541666666667 0.9287037037037037 0.10729166666666666 0.15185185185185185
0 0.44947916666666665 0.5462962962962963 0.03802083333333333 0.075
0 0.7494791666666667 0.45925925925925926 0.0125 0.022222222222222223
0 0.6869791666666667 0.44074074074074077 0.018229166666666668 0.021296296296296296
0 0.859375 0.45740740740740743 0.013020833333333334 0.03425925925925926
0 0.8494791666666667 0.4666666666666667 0.013020833333333334 0.03425925925925926
0 0.4010416666666667 0.5314814814814814 0.03697916666666667 0.08611111111111111
0 0.5255208333333333 0.5583333333333333 0.036458333333333336 0.07407407407407407
0 0.6645833333333333 0.45 0.0328125 0.04259259259259259
0 0.6640625 0.4666666666666667 0.018229166666666668 0.021296296296296296
0 0.571875 0.4537037037037037 0.021354166666666667 0.06481481481481481
0 0.7140625 0.4537037037037037 0.0125 0.022222222222222223
0 0.3609375 0.5824074074074074 0.05364583333333333 0.12777777777777777
0 0.73125 0.42592592592592593 0.011458333333333333 0.012962962962962963
0 0.5375 0.49166666666666664 0.026041666666666668 0.053703703703703705
0 0.6520833333333333 0.5277777777777778 0.036458333333333336 0.07407407407407407
0 0.7760416666666666 0.4185185185185185 0.008333333333333333 0.014814814814814815
0 0.9760416666666667 0.4101851851851852 0.015625 0.03796296296296296
0 0.6885416666666667 0.3972222222222222 0.0125 0.022222222222222223
0 0.8229166666666666 0.39351851851851855 0.0046875 0.007407407407407408
