0 0.9102328431372549 0.41122004357298475 0.006433823529411764 0.01252723311546841
0 0.1332720588235294 0.37745098039215685 0.003982843137254902 0.010348583877995643
0 0.38204656862745096 0.3954248366013072 0.005208333333333333 0.013071895424836602
0 0.06433823529411764 0.3671023965141612 0.003982843137254902 0.010348583877995643
0 0.9641544117647058 0.4035947712418301 0.0006127450980392157 0.0027233115468409588
0 0.2493872549019608 0.37962962962962965 0.0027573529411764708 0.002178649237472767
0 0.14522058823529413 0.3758169934640523 0.003982843137254902 0.010348583877995643
0 0.6537990196078431 0.39433551198257083 0.003982843137254902 0.00980392156862745
0 0.29074754901960786 0.39161220043572986 0.005208333333333333 0.013071895424836602
0 0.8734681372549019 0.40522875816993464 0.006433823529411764 0.01252723311546841
0 0.16513480392156862 0.3818082788671024 0.003982843137254902 0.010348583877995643
0 0.9365808823529411 0.4079520697167756 0.006433823529411764 0.01252723311546841
0 0.9613970588235294 0.4025054466230937 0.0006127450980392157 0.0027233115468409588
0 0.1210171568627451 0.3741830065359477 0.003982843137254902 0.010348583877995643
0 0.0701593137254902 0.3698257080610022 0.003982843137254902 0.010348583877995643
0 0.2806372549019608 0.39161220043572986 0.005208333333333333 0.013071895424836602
0 0.15502450980392157 0.37636165577342046 0.003982843137254902 0.010348583877995643
0 0.6011029411764706 0.3927015250544662 0.003982843137254902 0.00980392156862745
0 0.9825367647058824 0.409041394335512 0.0006127450980392157 0.0027233115468409588
