0 0.193 0.020989505247376312 0.03 0.06596701649175413
0 0.869 0.4332833583208396 0.048 0.10794602698650675
0 0.836 0.05697151424287856 0.024 0.05547226386806597
0 0.497 0.6176911544227887 0.059 0.13343328335832083
0 0.091 0.035982008995502246 0.03 0.06596701649175413
0 0.495 0.06446776611694154 0.029 0.05997001499250375
0 0.572 0.30884557721139433 0.064 0.1184407796101949
0 0.663 0.095952023988006 0.024 0.05547226386806597
0 0.358 0.41529235382308843 0.059 0.13343328335832083
0 0.574 0.11544227886056972 0.029 0.05997001499250375
0 0.73 0.4032983508245877 0.048 0.10794602698650675
0 0.171 0.20089955022488756 0.033 0.07646176911544228
0 0.347 0.06596701649175413 0.03 0.06596701649175413
0 0.72 0.095952023988006 0.024 0.05547226386806597
0 0.077 0.4587706146926537 0.07 0.15292353823088456
0 0.619 0.272863568215892 0.045 0.07646176911544228
0 0.196 0.3313343328335832 0.064 0.1184407796101949
0 0.153 0.008995502248875561 0.03 0.06596701649175413
0 0.745 0.10044977511244378 0.024 0.05547226386806597
0 0.565 0.4827586206896552 0.059 0.13343328335832083
0 0.506 0.22338830584707647 0.025 0.043478260869565216
0 0.373 0.4497751124437781 0.059 0.13343328335832083
0 0.511 0.09745127436281859 0.029 0.05997001499250375
0 0.585 0.05247376311844078 0.029 0.05997001499250375
0 0.621 0.20539730134932535 0.025 0.043478260869565216
0 0.283 0.24887556221889057 0.028 0.05997001499250375
0 0.934 0.2128935532233883 0.022 0.05247376311844078
0 0.296 0.3523238380809595 0.064 0.1184407796101949
0 0.413 0.3073463268365817 0.064 0.1184407796101949
0 0.057 0.21889055472263869 0.033 0.07646176911544228
0 0.98 0.07496251874062969 0.024 0.05547226386806597
0 0.451 0.30434782608695654 0.064 0.1184407796101949
0 0.473 0.2983508245877061 0.064 0.1184407796101949
0 0.709 0.4947526236881559 0.048 0.10794602698650675
0 0.911 0.5337331334332833 0.048 0.10794602698650675
0 0.99 0.5667166416791605 0.048 0.10794602698650675
0 0.687 0.22038980509745126 0.041 0.09895052473763119
0 0.698 0.07796101949025487 0.024 0.05547226386806597
0 0.801 0.5397301349325337 0.048 0.10794602698650675
0 0.432 0.3613193403298351 0.064 0.1184407796101949
0 0.42 0.022488755622188907 0.029 0.05997001499250375
0 0.764 0.3493253373313343 0.035 0.07946026986506746
0 0.757 0.2143928035982009 0.027 0.05847076461769116
0 0.49 0.32533733133433285 0.064 0.1184407796101949
0 0.512 0.37181409295352325 0.059 0.13343328335832083
0 0.956 0.08245877061469266 0.024 0.05547226386806597
0 0.423 0.4482758620689655 0.059 0.13343328335832083
0 0.086 0.28785607196401797 0.076 0.13043478260869565
0 0.114 0.1619190404797601 0.033 0.07646176911544228
0 0.317 0.03298350824587706 0.03 0.06596701649175413
0 0.989 0.32083958020989506 0.035 0.07946026986506746
0 0.836 0.30134932533733133 0.035 0.07946026986506746
0 0.952 0.32983508245877063 0.035 0.07946026986506746
0 0.963 0.4512743628185907 0.048 0.10794602698650675
0 0.011 0.12893553223388307 0.033 0.07646176911544228
0 0.54 0.09895052473763119 0.029 0.05997001499250375
0 1.001 0.3778110944527736 0.035 0.07946026986506746
0 0.216 0.25037481259370314 0.028 0.05997001499250375
0 0.687 0.37181409295352325 0.059 0.13343328335832083
0 0.463 0.034482758620689655 0.029 0.05997001499250375
0 0.758 0.17541229385307347 0.027 0.05847076461769116
0 0.624 0.3448275862068966 0.038 0.06896551724137931
0 0.866 0.08395802098950525 0.024 0.05547226386806597
0 1.015 0.2908545727136432 0.035 0.07946026986506746
0 0.588 0.23388305847076463 0.025 0.043478260869565216
0 0.301 0.2908545727136432 0.064 0.1184407796101949
0 0.093 0.3733133433283358 0.067 0.13493253373313344
0 0.913 0.335832083958021 0.035 0.07946026986506746
0 0.789 0.12743628185907047 0.024 0.05547226386806597
0 0.253 0.7016491754122939 0.07 0.15292353823088456
0 0.226 0.06896551724137931 0.03 0.06596701649175413
0 0.338 0.22788605697151423 0.028 0.05997001499250375
0 0.788 0.31784107946026985 0.035 0.07946026986506746
0 0.237 0.1664167916041979 0.033 0.07646176911544228
0 0.358 0.1934032983508246 0.028 0.05997001499250375
0 0.894 0.280359820089955 0.022 0.05247376311844078
0 0.938 0.4257871064467766 0.048 0.10794602698650675
0 0.274 0.10494752623688156 0.03 0.06596701649175413
0 0.647 0.4707646176911544 0.059 0.13343328335832083
