0 0.19733333333333333 0.608 0.010666666666666666 0.026
0 0.7373333333333333 0.332 0.016 0.024
0 0.20933333333333334 0.564 0.010666666666666666 0.026
0 0.936 0.614 0.02666666666666667 0.046
0 0.33066666666666666 0.468 0.016 0.024
0 0.6533333333333333 0.59 0.017333333333333333 0.032
0 0.3453333333333333 0.614 0.006666666666666667 0.002
0 0.672 0.614 0.017333333333333333 0.032
0 0.6053333333333333 0.628 0.016 0.028
0 0.037333333333333336 0.606 0.010666666666666666 0.026
0 0.9613333333333334 0.566 0.016 0.02
0 0.4866666666666667 0.574 0.010666666666666666 0.02
0 0.9133333333333333 0.358 0.016 0.024
0 0.436 0.528 0.010666666666666666 0.02
0 0.5013333333333333 0.56 0.010666666666666666 0.02
0 0.5693333333333334 0.588 0.010666666666666666 0.02
0 0.4226666666666667 0.592 0.010666666666666666 0.02
0 0.35733333333333334 0.55 0.009333333333333334 0.01
0 0.7773333333333333 0.39 0.016 0.024
0 0.25866666666666666 0.64 0.034666666666666665 0.054
0 0.19866666666666666 0.586 0.010666666666666666 0.026
0 0.9026666666666666 0.598 0.02666666666666667 0.046
0 0.3546666666666667 0.636 0.006666666666666667 0.002
0 0.5733333333333334 0.558 0.010666666666666666 0.02
0 0.792 0.388 0.016 0.024
0 0.6226666666666667 0.594 0.010666666666666666 0.02
0 0.08133333333333333 0.554 0.010666666666666666 0.026
0 0.24533333333333332 0.594 0.010666666666666666 0.026
0 0.7733333333333333 0.696 0.02666666666666667 0.046
0 0.2853333333333333 0.656 0.009333333333333334 0.022
0 0.43733333333333335 0.55 0.010666666666666666 0.02
0 0.23733333333333334 0.616 0.014666666666666666 0.018
0 0.7426666666666667 0.78 0.05733333333333333 0.11
0 0.832 0.606 0.02666666666666667 0.046
0 0.112 0.534 0.010666666666666666 0.026
0 0.596 0.558 0.010666666666666666 0.02
0 0.9306666666666666 0.646 0.02666666666666667 0.046
0 0.6173333333333333 0.578 0.010666666666666666 0.02
0 0.124 0.454 0.016 0.024
0 0.184 0.546 0.010666666666666666 0.026
0 0.16533333333333333 0.42 0.016 0.024
0 0.2826666666666667 0.83 0.034666666666666665 0.054
0 0.12666666666666668 0.614 0.014666666666666666 0.028
0 0.54 0.64 0.016 0.028
0 0.548 0.47 0.016 0.024
0 0.12 0.564 0.010666666666666666 0.026
0 0.8253333333333334 0.652 0.02666666666666667 0.046
0 0.4013333333333333 0.65 0.034666666666666665 0.054
0 0.6266666666666667 0.356 0.016 0.024
0 0.6893333333333334 0.704 0.05733333333333333 0.11
0 0.8173333333333334 0.596 0.02666666666666667 0.046
0 0.06533333333333333 0.54 0.010666666666666666 0.026
0 0.8653333333333333 0.636 0.02666666666666667 0.046
0 0.21066666666666667 0.59 0.010666666666666666 0.026
0 0.5173333333333333 0.62 0.016 0.028
0 0.30666666666666664 0.63 0.008 0.012
0 0.35333333333333333 0.518 0.0026666666666666666 0.004
0 0.44 0.614 0.017333333333333333 0.028
0 0.488 0.596 0.010666666666666666 0.02
0 0.068 0.524 0.010666666666666666 0.026
0 0.7853333333333333 0.606 0.02666666666666667 0.046
0 0.10533333333333333 0.582 0.010666666666666666 0.026
0 0.5426666666666666 0.676 0.048 0.092
0 0.8866666666666667 0.68 0.02666666666666667 0.046
0 0.756 0.388 0.016 0.024
0 0.588 0.41 0.016 0.024
0 0.018666666666666668 0.556 0.009333333333333334 0.01
0 0.20533333333333334 0.528 0.010666666666666666 0.026
0 0.8573333333333333 0.674 0.02666666666666667 0.046
0 0.96 0.692 0.02666666666666667 0.046
0 0.6706666666666666 0.464 0.016 0.024
0 0.8626666666666667 0.714 0.02666666666666667 0.046
0 0.496 0.638 0.016 0.028
0 0.288 0.574 0.010666666666666666 0.026
0 0.832 0.37 0.016 0.024
0 0.8893333333333333 0.352 0.016 0.024
0 0.7973333333333333 0.356 0.016 0.024
0 0.2693333333333333 0.576 0.010666666666666666 0.026
0 0.25866666666666666 0.44 0.016 0.024
0 0.43733333333333335 0.43 0.016 0.024
0 0.556 0.626 0.016 0.028
0 0.584 0.61 0.016 0.028
0 0.8826666666666667 0.41 0.016 0.024
0 0.5253333333333333 0.576 0.010666666666666666 0.02
0 0.096 0.546 0.010666666666666666 0.026
0 0.54 0.592 0.010666666666666666 0.02
0 0.9533333333333334 0.674 0.02666666666666667 0.046
0 0.524 0.538 0.010666666666666666 0.02
0 0.8493333333333334 0.622 0.02666666666666667 0.046
0 0.3626666666666667 0.652 0.034666666666666665 0.054
0 0.8053333333333333 0.384 0.016 0.024
0 0.6106666666666667 0.31 0.016 0.024
0 0.852 0.582 0.02666666666666667 0.046
0 0.25066666666666665 0.582 0.010666666666666666 0.026
0 0.176 0.652 0.034666666666666665 0.054
0 0.22 0.538 0.010666666666666666 0.026
0 0.712 0.36 0.016 0.024
0 0.8693333333333333 0.594 0.02666666666666667 0.046
0 0.5693333333333334 0.64 0.016 0.028
0 0.4746666666666667 0.488 0.016 0.024
0 0.512 0.474 0.016 0.024
0 0.6306666666666667 0.624 0.016 0.028
0 0.24533333333333332 0.702 0.034666666666666665 0.054
0 0.232 0.546 0.010666666666666666 0.026
0 0.5986666666666667 0.6 0.010666666666666666 0.02
0 0.20133333333333334 0.624 0.034666666666666665 0.054
0 0.21466666666666667 0.718 0.034666666666666665 0.054
0 0.6506666666666666 0.624 0.016 0.028
0 0.556 0.554 0.010666666666666666 0.02
0 0.4866666666666667 0.622 0.016 0.028
0 0.08133333333333333 0.598 0.010666666666666666 0.026
0 0.224 0.594 0.010666666666666666 0.026
0 0.9666666666666667 0.618 0.02666666666666667 0.046
0 0.864 0.42 0.016 0.024
0 0.6586666666666666 0.662 0.016 0.028
0 0.31466666666666665 0.672 0.034666666666666665 0.054
0 0.688 0.636 0.017333333333333333 0.032
0 0.45066666666666666 0.524 0.010666666666666666 0.02
0 0.16533333333333333 0.582 0.010666666666666666 0.026
0 0.5173333333333333 0.684 0.010666666666666666 0.024
0 0.7426666666666667 0.376 0.016 0.024
0 0.444 0.638 0.017333333333333333 0.028
0 0.15066666666666667 0.918 0.18666666666666668 0.188
0 0.13733333333333334 0.568 0.010666666666666666 0.026
0 0.524 0.638 0.016 0.028
0 0.2613333333333333 0.556 0.010666666666666666 0.026
0 0.005333333333333333 0.542 0.009333333333333334 0.01
0 0.42 0.634 0.010666666666666666 0.024
0 0.7933333333333333 0.686 0.02666666666666667 0.046
0 0.7693333333333333 0.59 0.02666666666666667 0.046
0 0.6226666666666667 0.75 0.013333333333333334 0.028
0 0.6093333333333333 0.556 0.010666666666666666 0.02
0 0.10266666666666667 0.462 0.016 0.024
0 0.288 0.606 0.010666666666666666 0.026
0 0.94 0.808 0.06133333333333333 0.114
0 0.032 0.536 0.010666666666666666 0.026
0 0.058666666666666666 0.554 0.010666666666666666 0.026
0 0.2653333333333333 0.484 0.016 0.024
0 0.5613333333333334 0.596 0.010666666666666666 0.02
0 0.4693333333333333 0.54 0.010666666666666666 0.02
0 0.144 0.524 0.010666666666666666 0.026
0 0.468 0.566 0.010666666666666666 0.02
0 0.44 0.576 0.010666666666666666 0.02
0 0.684 0.36 0.016 0.024
