0 0.28125 0.16666666666666666 0.0484375 0.07981220657276995
0 0.609375 0.5868544600938967 0.084375 0.19248826291079812
0 0.2671875 0.08215962441314555 0.01875 0.03990610328638498
0 0.5328125 0.15258215962441316 0.0359375 0.07511737089201878
0 0.4625 0.24882629107981222 0.0828125 0.14084507042253522
0 0.66875 0.6784037558685446 0.084375 0.19248826291079812
0 0.8421875 0.23943661971830985 0.0484375 0.07981220657276995
0 0.3640625 0.014084507042253521 0.028125 0.051643192488262914
0 0.4578125 0.11267605633802817 0.0359375 0.07511737089201878
0 0.328125 0.03286384976525822 0.01875 0.03990610328638498
0 0.015625 0.1784037558685446 0.03125 0.051643192488262914
0 0.1828125 0.051643192488262914 0.01875 0.03990610328638498
0 0.66875 0.2652582159624413 0.0828125 0.14084507042253522
0 0.3046875 0.11737089201877934 0.01875 0.03990610328638498
0 0.5828125 0.025821596244131457 0.0359375 0.07511737089201878
0 0.334375 0.1784037558685446 0.0484375 0.07981220657276995
0 0.171875 0.7535211267605634 0.0828125 0.14084507042253522
0 0.2671875 0.02112676056338028 0.01875 0.03990610328638498
0 0.2828125 0.5305164319248826 0.0828125 0.14084507042253522
0 0.9 0.5 0.0828125 0.14084507042253522
0 0.15 0.09389671361502347 0.01875 0.03990610328638498
0 0.0421875 0.3145539906103286 0.0828125 0.14084507042253522
0 0.0578125 0.1596244131455399 0.03125 0.051643192488262914
0 0.365625 0.06103286384976526 0.01875 0.03990610328638498
0 0.15 0.051643192488262914 0.01875 0.03990610328638498
0 0.2515625 0.18309859154929578 0.0484375 0.07981220657276995
0 0.3109375 0.2863849765258216 0.0828125 0.14084507042253522
0 0.134375 0.3427230046948357 0.0828125 0.14084507042253522
0 0.9328125 0.31220657276995306 0.0828125 0.14084507042253522
0 0.478125 0.4014084507042254 0.0828125 0.14084507042253522
0 0.98125 0.03755868544600939 0.0375 0.06807511737089202
0 0.4734375 0.18779342723004694 0.0484375 0.07981220657276995
0 0.85625 0.10328638497652583 0.04375 0.09859154929577464
0 0.2890625 0.023474178403755867 0.01875 0.03990610328638498
0 0.04375 0.12206572769953052 0.01875 0.03990610328638498
0 0.021875 0.5023474178403756 0.0828125 0.14084507042253522
0 0.25 0.3028169014084507 0.0828125 0.14084507042253522
0 0.575 0.107981220657277 0.0359375 0.07511737089201878
0 0.10625 0.046948356807511735 0.01875 0.03990610328638498
0 0.8078125 0.07511737089201878 0.04375 0.09859154929577464
0 0.059375 0.07276995305164319 0.01875 0.03990610328638498
0 0.7015625 0.07746478873239436 0.04375 0.09859154929577464
0 0.6953125 0.03286384976525822 0.04375 0.09859154929577464
0 0.534375 0.07276995305164319 0.0359375 0.07511737089201878
0 0.315625 0.05868544600938967 0.01875 0.03990610328638498
0 0.7046875 0.18779342723004694 0.0484375 0.07981220657276995
0 0.25 0.0539906103286385 0.01875 0.03990610328638498
