0 0.5366666666666666 0.905 0.021666666666666667 0.045
0 0.43166666666666664 0.1575 0.01 0.02
0 0.49 0.1275 0.013333333333333334 0.0275
0 0.23666666666666666 0.9475 0.021666666666666667 0.045
0 0.03666666666666667 0.1125 0.01 0.02
0 0.4483333333333333 0.7375 0.021666666666666667 0.045
0 0.49833333333333335 0.2225 0.015 0.03
0 0.23166666666666666 0.43 0.015 0.03
0 0.5066666666666667 0.3 0.015 0.03
0 0.043333333333333335 0.22 0.01 0.02
0 0.12 0.0975 0.01 0.02
0 0.48333333333333334 0.8775 0.021666666666666667 0.045
0 0.445 0.5 0.015 0.03
0 0.35 0.6 0.02 0.0325
0 0.07333333333333333 0.2 0.01 0.02
0 0.48333333333333334 0.6825 0.02 0.0325
0 0.15666666666666668 0.02 0.01 0.02
0 0.4483333333333333 0.1075 0.011666666666666667 0.025
0 0.53 0.7075 0.02 0.0325
0 0.49333333333333335 0.455 0.015 0.03
0 0.20666666666666667 0.67 0.02 0.0325
0 0.14166666666666666 0.7475 0.021666666666666667 0.045
0 0.5083333333333333 0.5375 0.02 0.0325
0 0.38 0.9575 0.021666666666666667 0.045
0 0.08666666666666667 0.0975 0.01 0.02
0 0.13333333333333333 0.965 0.021666666666666667 0.045
0 0.30666666666666664 0.5425 0.015 0.03
0 0.16333333333333333 0.9675 0.021666666666666667 0.045
0 0.5133333333333333 0.785 0.021666666666666667 0.045
0 0.07166666666666667 0.965 0.021666666666666667 0.045
0 0.30833333333333335 0.09 0.01 0.02
0 0.23 0.0875 0.01 0.02
0 0.455 0.3175 0.015 0.03
0 0.4 0.49 0.015 0.03
0 0.4816666666666667 0.8375 0.021666666666666667 0.045
0 0.42 0.89 0.021666666666666667 0.045
0 0.29 0.5575 0.015 0.03
0 0.26166666666666666 0.19 0.01 0.02
0 0.36 0.6775 0.02 0.0325
0 0.3616666666666667 0.29 0.015 0.03
0 0.25166666666666665 0.285 0.015 0.03
0 0.4866666666666667 0.3 0.015 0.03
0 0.43833333333333335 0.1 0.01 0.0225
0 0.4033333333333333 0.79 0.021666666666666667 0.045
0 0.11333333333333333 0.5125 0.015 0.03
0 0.365 0.5 0.015 0.03
0 0.8166666666666667 0.3325 0.023333333333333334 0.03
0 0.09833333333333333 0.71 0.02 0.0325
0 0.5083333333333333 0.695 0.02 0.0325
0 0.4583333333333333 0.2125 0.015 0.03
0 0.23333333333333334 0.73 0.021666666666666667 0.045
0 0.24333333333333335 0.78 0.021666666666666667 0.045
0 0.17166666666666666 0.3025 0.015 0.03
0 0.10666666666666667 0.205 0.01 0.02
0 0.5116666666666667 0.65 0.02 0.0325
0 0.31666666666666665 0.54 0.015 0.03
0 0.48333333333333334 0.62 0.02 0.0325
0 0.15666666666666668 0.1875 0.01 0.02
0 0.185 0.12 0.01 0.02
0 0.4166666666666667 0.55 0.02 0.0325
0 0.34833333333333333 0.145 0.01 0.02
0 0.37333333333333335 0.37 0.015 0.03
0 0.53 0.2375 0.015 0.03
0 0.3016666666666667 0.29 0.015 0.03
0 0.3 0.205 0.011666666666666667 0.025
0 0.18833333333333332 0.2775 0.015 0.03
0 0.44333333333333336 0.6375 0.02 0.0325
0 0.17666666666666667 0.0425 0.01 0.02
0 0.22666666666666666 0.28 0.015 0.03
0 0.22 0.635 0.02 0.0325
0 0.105 0.775 0.021666666666666667 0.045
0 0.4866666666666667 0.9525 0.021666666666666667 0.045
0 0.18833333333333332 0.0875 0.01 0.02
0 0.7216666666666667 0.325 0.023333333333333334 0.03
0 0.37 0.935 0.021666666666666667 0.045
0 0.315 0.155 0.01 0.0225
0 0.2833333333333333 0.08 0.01 0.02
0 0.48333333333333334 0.1925 0.01 0.02
0 0.125 0.075 0.01 0.02
0 0.435 0.295 0.015 0.03
0 0.13166666666666665 0.17 0.01 0.02
0 0.12666666666666668 0.125 0.01 0.02
0 0.18666666666666668 0.17 0.01 0.02
0 0.29333333333333333 0.7625 0.021666666666666667 0.045
0 0.17166666666666666 0.6975 0.02 0.0325
0 0.23333333333333334 0.5025 0.015 0.03
0 0.5066666666666667 0.365 0.015 0.03
0 0.43166666666666664 0.8225 0.021666666666666667 0.045
0 0.39166666666666666 0.945 0.021666666666666667 0.045
0 0.19833333333333333 0.76 0.021666666666666667 0.045
0 0.3616666666666667 0.16 0.01 0.02
0 0.37333333333333335 0.29 0.015 0.03
