0 0.6692667706708268 0.668 0.0483619344773791 0.050666666666666665
0 0.5553822152886115 0.18533333333333332 0.0530421216848674 0.050666666666666665
0 0.22464898595943839 0.6933333333333334 0.0514820592823713 0.048
0 0.12324492979719189 0.27466666666666667 0.0452418096723869 0.05333333333333334
0 0.17160686427457097 0.9293333333333333 0.0514820592823713 0.048
0 0.6224648985959438 0.07066666666666667 0.0530421216848674 0.050666666666666665
0 0.358814352574103 0.5373333333333333 0.0483619344773791 0.050666666666666665
0 0.7238689547581904 0.8213333333333334 0.0514820592823713 0.048
0 0.8829953198127926 0.704 0.0514820592823713 0.048
0 0.9563182527301092 0.052 0.0530421216848674 0.050666666666666665
0 0.1934477379095164 0.5426666666666666 0.0483619344773791 0.050666666666666665
0 0.35101404056162244 0.8133333333333334 0.0514820592823713 0.048
0 0.748829953198128 0.46 0.0483619344773791 0.050666666666666665
0 0.08580343213728549 0.28933333333333333 0.0452418096723869 0.05333333333333334
0 0.9204368174726989 0.284 0.0452418096723869 0.05333333333333334
0 0.31513260530421217 0.9533333333333334 0.0514820592823713 0.048
0 0.7925117004680188 0.9426666666666667 0.0514820592823713 0.048
0 0.057722308892355696 0.5333333333333333 0.0483619344773791 0.050666666666666665
0 0.6645865834633385 0.5626666666666666 0.0483619344773791 0.050666666666666665
0 0.8783151326053042 0.8186666666666667 0.0514820592823713 0.048
0 0.9890795631825273 0.8186666666666667 0.0514820592823713 0.048
0 0.09204368174726989 0.168 0.046801872074883 0.052
0 0.057722308892355696 0.8173333333333334 0.0499219968798752 0.048
0 0.358814352574103 0.10266666666666667 0.0530421216848674 0.050666666666666665
0 0.22620904836193448 0.2733333333333333 0.0452418096723869 0.05333333333333334
0 0.3073322932917317 0.28 0.0452418096723869 0.05333333333333334
0 0.9937597503900156 0.58 0.0483619344773791 0.050666666666666665
0 0.48829953198127923 0.7826666666666666 0.0514820592823713 0.048
0 0.5210608424336973 0.632 0.0483619344773791 0.050666666666666665
0 0.8330733229329174 0.5946666666666667 0.0483619344773791 0.050666666666666665
0 0.7301092043681747 0.5613333333333334 0.0483619344773791 0.050666666666666665
0 0.0078003120124804995 0.16266666666666665 0.046801872074883 0.052
0 0.5897035881435257 0.5533333333333333 0.0483619344773791 0.050666666666666665
0 0.34477379095163807 0.6666666666666666 0.0483619344773791 0.050666666666666665
0 0.2574102964118565 0.15733333333333333 0.0530421216848674 0.050666666666666665
0 0.4243369734789392 0.25466666666666665 0.0452418096723869 0.05333333333333334
0 0.8034321372854915 0.08 0.0530421216848674 0.050666666666666665
0 0.48985959438377535 0.54 0.0483619344773791 0.050666666666666665
0 0.9079563182527302 0.5293333333333333 0.0483619344773791 0.050666666666666665
0 0.6443057722308893 0.30666666666666664 0.0452418096723869 0.05333333333333334
