0 0.7043478260869566 0.4624277456647399 0.017391304347826087 0.031791907514450865
0 0.4782608695652174 0.08959537572254335 0.010869565217391304 0.023121387283236993
0 0.7782608695652173 0.2745664739884393 0.010869565217391304 0.023121387283236993
0 0.1 0.5867052023121387 0.015217391304347827 0.03468208092485549
0 0.28695652173913044 0.6734104046242775 0.015217391304347827 0.03468208092485549
0 0.3652173913043478 0.15895953757225434 0.010869565217391304 0.023121387283236993
0 0.5978260869565217 0.29190751445086704 0.010869565217391304 0.023121387283236993
0 0.7456521739130435 0.3468208092485549 0.010869565217391304 0.023121387283236993
0 0.30217391304347824 0.3265895953757225 0.010869565217391304 0.023121387283236993
0 0.4543478260869565 0.2398843930635838 0.010869565217391304 0.023121387283236993
0 0.4217391304347826 0.15606936416184972 0.010869565217391304 0.023121387283236993
0 0.6086956521739131 0.4653179190751445 0.017391304347826087 0.031791907514450865
0 0.691304347826087 0.2976878612716763 0.010869565217391304 0.023121387283236993
0 0.20652173913043478 0.6213872832369942 0.015217391304347827 0.03468208092485549
0 0.11304347826086956 0.6589595375722543 0.015217391304347827 0.03468208092485549
0 0.8195652173913044 0.4653179190751445 0.017391304347826087 0.031791907514450865
0 0.4326086956521739 0.16473988439306358 0.010869565217391304 0.023121387283236993
0 0.8717391304347826 0.4508670520231214 0.017391304347826087 0.031791907514450865
0 0.782608695652174 0.3468208092485549 0.010869565217391304 0.023121387283236993
0 0.7934782608695652 0.3092485549132948 0.010869565217391304 0.023121387283236993
0 0.24565217391304348 0.2023121387283237 0.010869565217391304 0.023121387283236993
0 0.7521739130434782 0.37283236994219654 0.010869565217391304 0.023121387283236993
0 0.2543478260869565 0.10115606936416185 0.010869565217391304 0.023121387283236993
0 0.4608695652173913 0.9132947976878613 0.015217391304347827 0.03468208092485549
0 0.1282608695652174 0.18497109826589594 0.010869565217391304 0.023121387283236993
0 0.7086956521739131 0.7052023121387283 0.015217391304347827 0.03468208092485549
0 0.7695652173913043 0.4508670520231214 0.017391304347826087 0.031791907514450865
0 0.24782608695652175 0.2630057803468208 0.010869565217391304 0.023121387283236993
0 0.17391304347826086 0.3236994219653179 0.010869565217391304 0.023121387283236993
0 0.7152173913043478 0.3439306358381503 0.010869565217391304 0.023121387283236993
0 0.782608695652174 0.3988439306358382 0.010869565217391304 0.023121387283236993
0 0.2 0.7716763005780347 0.015217391304347827 0.03468208092485549
0 0.4673913043478261 0.523121387283237 0.015217391304347827 0.03468208092485549
0 0.7 0.7745664739884393 0.015217391304347827 0.03468208092485549
0 0.21521739130434783 0.1994219653179191 0.010869565217391304 0.023121387283236993
0 0.17608695652173914 0.1907514450867052 0.010869565217391304 0.023121387283236993
0 0.8782608695652174 0.35260115606936415 0.010869565217391304 0.023121387283236993
0 0.4934782608695652 0.09248554913294797 0.010869565217391304 0.023121387283236993
0 0.07608695652173914 0.5115606936416185 0.015217391304347827 0.03468208092485549
0 0.8195652173913044 0.34971098265895956 0.010869565217391304 0.023121387283236993
0 0.5065217391304347 0.5491329479768786 0.015217391304347827 0.03468208092485549
0 0.2891304347826087 0.5751445086705202 0.015217391304347827 0.03468208092485549
0 0.7869565217391304 0.33236994219653176 0.010869565217391304 0.023121387283236993
0 0.8195652173913044 0.4479768786127168 0.010869565217391304 0.023121387283236993
0 0.41956521739130437 0.12716763005780346 0.010869565217391304 0.023121387283236993
0 0.5717391304347826 0.21965317919075145 0.010869565217391304 0.023121387283236993
0 0.8543478260869565 0.3670520231213873 0.010869565217391304 0.023121387283236993
0 0.33260869565217394 0.33236994219653176 0.010869565217391304 0.023121387283236993
0 0.6347826086956522 0.24566473988439305 0.010869565217391304 0.023121387283236993
0 0.5043478260869565 0.06647398843930635 0.010869565217391304 0.023121387283236993
0 0.591304347826087 0.7167630057803468 0.015217391304347827 0.03468208092485549
0 0.4 0.29190751445086704 0.010869565217391304 0.023121387283236993
0 0.6695652173913044 0.20809248554913296 0.010869565217391304 0.023121387283236993
0 0.3173913043478261 0.26011560693641617 0.010869565217391304 0.023121387283236993
0 0.09130434782608696 0.5317919075144508 0.015217391304347827 0.03468208092485549
0 0.27391304347826084 0.25722543352601157 0.010869565217391304 0.023121387283236993
0 0.95 0.8959537572254336 0.015217391304347827 0.03468208092485549
0 0.18043478260869567 0.18208092485549132 0.010869565217391304 0.023121387283236993
0 0.6347826086956522 0.5057803468208093 0.017391304347826087 0.031791907514450865
0 0.24782608695652175 0.33236994219653176 0.010869565217391304 0.023121387283236993
0 0.3673913043478261 0.25722543352601157 0.010869565217391304 0.023121387283236993
0 0.6239130434782608 0.5202312138728323 0.015217391304347827 0.03468208092485549
0 0.47391304347826085 0.30057803468208094 0.010869565217391304 0.023121387283236993
0 0.39565217391304347 0.3959537572254335 0.010869565217391304 0.023121387283236993
0 0.33260869565217394 0.6445086705202312 0.015217391304347827 0.03468208092485549
0 0.6695652173913044 0.23699421965317918 0.010869565217391304 0.023121387283236993
0 0.3695652173913043 0.18208092485549132 0.010869565217391304 0.023121387283236993
0 0.27608695652173915 0.7774566473988439 0.015217391304347827 0.03468208092485549
0 0.18478260869565216 0.1907514450867052 0.010869565217391304 0.023121387283236993
0 0.5456521739130434 0.15028901734104047 0.010869565217391304 0.023121387283236993
0 0.4673913043478261 0.8526011560693642 0.015217391304347827 0.03468208092485549
0 0.6347826086956522 0.2254335260115607 0.010869565217391304 0.023121387283236993
0 0.5434782608695652 0.22254335260115607 0.010869565217391304 0.023121387283236993
0 0.7695652173913043 0.6098265895953757 0.015217391304347827 0.03468208092485549
0 0.22826086956521738 0.23121387283236994 0.010869565217391304 0.023121387283236993
0 0.1782608695652174 0.42485549132947975 0.010869565217391304 0.023121387283236993
0 0.5282608695652173 0.1791907514450867 0.010869565217391304 0.023121387283236993
0 0.27391304347826084 0.18497109826589594 0.010869565217391304 0.023121387283236993
0 0.06956521739130435 0.661849710982659 0.015217391304347827 0.03468208092485549
0 0.5434782608695652 0.19653179190751446 0.010869565217391304 0.023121387283236993
0 0.5978260869565217 0.1907514450867052 0.010869565217391304 0.023121387283236993
0 0.15434782608695652 0.653179190751445 0.015217391304347827 0.03468208092485549
0 0.2543478260869565 0.2832369942196532 0.010869565217391304 0.023121387283236993
0 0.13043478260869565 0.014450867052023121 0.002173913043478261 0.0
0 0.34347826086956523 0.37572254335260113 0.010869565217391304 0.023121387283236993
0 0.6630434782608695 0.49421965317919075 0.017391304347826087 0.031791907514450865
0 0.7195652173913043 0.23121387283236994 0.010869565217391304 0.023121387283236993
0 0.6195652173913043 0.22254335260115607 0.010869565217391304 0.023121387283236993
0 0.20652173913043478 0.22832369942196531 0.010869565217391304 0.023121387283236993
0 0.5130434782608696 0.09248554913294797 0.010869565217391304 0.023121387283236993
0 0.47608695652173916 0.476878612716763 0.017391304347826087 0.031791907514450865
0 0.14347826086956522 0.5664739884393064 0.015217391304347827 0.03468208092485549
0 0.7956521739130434 0.3265895953757225 0.010869565217391304 0.023121387283236993
0 0.9152173913043479 0.36416184971098264 0.008695652173913044 0.014450867052023121
0 0.2956521739130435 0.3786127167630058 0.010869565217391304 0.023121387283236993
0 0.7043478260869566 0.315028901734104 0.010869565217391304 0.023121387283236993
0 0.4673913043478261 0.11849710982658959 0.010869565217391304 0.023121387283236993
0 0.5434782608695652 0.45664739884393063 0.017391304347826087 0.031791907514450865
