0 0.43715143715143717 0.4297872340425532 0.02059202059202059 0.03971631205673759
0 0.975975975975976 0.20141843971631207 0.024882024882024883 0.04609929078014184
0 0.586014586014586 0.43333333333333335 0.021879021879021878 0.04113475177304964
0 0.8296868296868297 0.28581560283687946 0.024882024882024883 0.04609929078014184
0 0.35993135993135994 0.4808510638297872 0.02059202059202059 0.03971631205673759
0 0.4195624195624196 0.3425531914893617 0.019305019305019305 0.04113475177304964
0 0.782925782925783 0.8092198581560284 0.027885027885027884 0.05035460992907802
0 0.7546117546117546 0.3680851063829787 0.021879021879021878 0.04113475177304964
0 0.6503646503646504 0.3347517730496454 0.021879021879021878 0.04113475177304964
0 0.43843843843843844 0.6702127659574468 0.027885027885027884 0.0475177304964539
0 0.7893607893607893 0.2645390070921986 0.021879021879021878 0.04113475177304964
0 0.9832689832689833 0.46595744680851064 0.023595023595023596 0.04964539007092199
0 0.9802659802659802 0.2801418439716312 0.024882024882024883 0.04609929078014184
0 0.9347919347919348 0.4907801418439716 0.023595023595023596 0.04964539007092199
0 0.26426426426426425 0.5042553191489362 0.021021021021021023 0.04822695035460993
0 0.17503217503217502 0.350354609929078 0.019305019305019305 0.03546099290780142
0 0.5594165594165594 0.24468085106382978 0.019305019305019305 0.04113475177304964
0 0.2908622908622909 0.26170212765957446 0.01758901758901759 0.03404255319148936
0 0.20377520377520378 0.5141843971631206 0.021021021021021023 0.04822695035460993
0 0.09438009438009438 0.33900709219858155 0.019305019305019305 0.03546099290780142
0 0.32732732732732733 0.6226950354609929 0.027885027885027884 0.0475177304964539
0 0.49120549120549123 0.4375886524822695 0.019305019305019305 0.04113475177304964
0 0.7314457314457314 0.21914893617021278 0.019734019734019732 0.04042553191489362
0 0.978978978978979 0.16170212765957448 0.021021021021021023 0.0375886524822695
0 0.6786786786786787 0.31063829787234043 0.021879021879021878 0.04113475177304964
0 0.042042042042042045 0.27092198581560284 0.01758901758901759 0.03404255319148936
0 0.9133419133419134 0.44042553191489364 0.024024024024024024 0.04893617021276596
0 0.6924066924066924 0.4397163120567376 0.021879021879021878 0.04113475177304964
0 0.6833976833976834 0.7964539007092198 0.027885027885027884 0.05035460992907802
0 0.5229515229515229 0.15602836879432624 0.01673101673101673 0.032624113475177303
0 0.35478335478335477 0.34113475177304964 0.019305019305019305 0.04113475177304964
0 0.9163449163449163 0.7879432624113475 0.027885027885027884 0.05035460992907802
0 0.277992277992278 0.4829787234042553 0.021021021021021023 0.04822695035460993
0 0.2072072072072072 0.17801418439716313 0.01758901758901759 0.03404255319148936
0 0.31746031746031744 0.49929078014184397 0.02059202059202059 0.03971631205673759
0 0.7756327756327757 0.5397163120567375 0.023595023595023596 0.04964539007092199
0 0.3655083655083655 0.8971631205673759 0.02059202059202059 0.04822695035460993
0 0.5598455598455598 0.46808510638297873 0.02445302445302445 0.0524822695035461
0 0.2488202488202488 0.17163120567375886 0.01758901758901759 0.03404255319148936
0 0.40583440583440583 0.1950354609929078 0.01673101673101673 0.032624113475177303
0 0.7353067353067353 0.3964539007092199 0.021879021879021878 0.04113475177304964
0 0.4375804375804376 0.17304964539007092 0.01673101673101673 0.032624113475177303
0 0.8412698412698413 0.18439716312056736 0.024882024882024883 0.04609929078014184
0 0.6658086658086658 0.12836879432624113 0.019734019734019732 0.04042553191489362
0 0.15615615615615616 0.5333333333333333 0.021021021021021023 0.04822695035460993
0 0.28356928356928357 0.5134751773049645 0.021021021021021023 0.04822695035460993
0 0.31917631917631917 0.33900709219858155 0.01758901758901759 0.03404255319148936
0 0.12355212355212356 0.36524822695035464 0.019305019305019305 0.03546099290780142
0 0.20334620334620335 0.34893617021276596 0.019305019305019305 0.03546099290780142
0 0.37966537966537967 0.6652482269503546 0.027885027885027884 0.0475177304964539
0 0.6031746031746031 0.17092198581560283 0.019734019734019732 0.04042553191489362
0 0.46117546117546115 0.5347517730496454 0.02059202059202059 0.03971631205673759
0 0.28314028314028317 0.873758865248227 0.02059202059202059 0.04822695035460993
0 0.8198198198198198 0.5950354609929078 0.023595023595023596 0.04964539007092199
0 0.5885885885885885 0.38085106382978723 0.021879021879021878 0.04113475177304964
0 0.1364221364221364 0.48865248226950353 0.021021021021021023 0.04822695035460993
0 0.4839124839124839 0.17446808510638298 0.01673101673101673 0.032624113475177303
0 0.746031746031746 0.42836879432624114 0.021879021879021878 0.04113475177304964
0 0.9558129558129558 0.6865248226950355 0.027885027885027884 0.05035460992907802
0 0.21964821964821965 0.524113475177305 0.021021021021021023 0.04822695035460993
0 0.8644358644358644 0.4524822695035461 0.024024024024024024 0.04893617021276596
0 0.09395109395109395 0.5375886524822695 0.021021021021021023 0.04822695035460993
0 0.7142857142857143 0.3425531914893617 0.021879021879021878 0.04113475177304964
0 0.5242385242385242 0.2524822695035461 0.019305019305019305 0.04113475177304964
0 0.2947232947232947 0.1524822695035461 0.01758901758901759 0.03404255319148936
0 0.752895752895753 0.5375886524822695 0.023595023595023596 0.04964539007092199
0 0.2247962247962248 0.3170212765957447 0.019305019305019305 0.03546099290780142
0 0.9253539253539254 0.1198581560283688 0.021021021021021023 0.0375886524822695
0 0.7117117117117117 0.26099290780141843 0.021879021879021878 0.04113475177304964
0 0.6327756327756328 0.3397163120567376 0.021879021879021878 0.04113475177304964
0 0.9343629343629344 0.9453900709219858 0.027456027456027456 0.06312056737588652
0 0.49592449592449594 0.5638297872340425 0.027885027885027884 0.0475177304964539
0 0.06778206778206779 0.3375886524822695 0.019305019305019305 0.03546099290780142
0 0.05448305448305448 0.5531914893617021 0.021021021021021023 0.04822695035460993
0 0.616044616044616 0.1347517730496454 0.019734019734019732 0.04042553191489362
0 0.6126126126126126 0.3283687943262411 0.021879021879021878 0.04113475177304964
0 0.685971685971686 0.04609929078014184 0.019734019734019732 0.04042553191489362
0 0.3063063063063063 0.21347517730496454 0.01758901758901759 0.03404255319148936
0 0.6031746031746031 0.5368794326241135 0.02445302445302445 0.0524822695035461
0 0.03432003432003432 0.4021276595744681 0.019305019305019305 0.03546099290780142
0 0.16645216645216646 0.3595744680851064 0.019305019305019305 0.03546099290780142
0 0.6147576147576148 0.48439716312056735 0.02445302445302445 0.0524822695035461
0 0.7726297726297726 0.300709219858156 0.021879021879021878 0.04113475177304964
0 0.15015015015015015 0.20567375886524822 0.01758901758901759 0.03404255319148936
0 0.09352209352209352 0.3872340425531915 0.019305019305019305 0.03546099290780142
0 0.4946374946374946 0.3780141843971631 0.019305019305019305 0.04113475177304964
0 0.7456027456027456 0.7957446808510639 0.027885027885027884 0.05035460992907802
0 0.006006006006006006 0.5822695035460993 0.023166023166023165 0.04326241134751773
0 0.7533247533247533 0.036170212765957444 0.019734019734019732 0.04042553191489362
0 0.39982839982839985 0.30851063829787234 0.019305019305019305 0.04113475177304964
0 0.42814242814242814 0.9212765957446809 0.02059202059202059 0.04822695035460993
0 0.5165165165165165 0.6127659574468085 0.027885027885027884 0.0475177304964539
0 0.287001287001287 0.40921985815602835 0.02059202059202059 0.03971631205673759
0 0.8344058344058344 0.32978723404255317 0.024882024882024883 0.04609929078014184
0 0.33633633633633636 0.8907801418439716 0.02059202059202059 0.04822695035460993
0 0.03088803088803089 0.5723404255319149 0.021021021021021023 0.04822695035460993
0 0.07636207636207636 0.5397163120567375 0.021021021021021023 0.04822695035460993
0 0.25096525096525096 0.6127659574468085 0.027885027885027884 0.0475177304964539
0 0.8494208494208494 0.9404255319148936 0.027456027456027456 0.06312056737588652
0 0.32003432003432003 0.39858156028368796 0.019305019305019305 0.04113475177304964
0 0.4272844272844273 0.40070921985815605 0.019305019305019305 0.04113475177304964
0 0.6422136422136422 0.40070921985815605 0.021879021879021878 0.04113475177304964
0 0.6700986700986701 0.47801418439716314 0.02445302445302445 0.0524822695035461
0 0.8863148863148863 0.21773049645390072 0.024882024882024883 0.04609929078014184
0 0.5448305448305448 0.5460992907801419 0.027885027885027884 0.0475177304964539
0 0.8245388245388245 0.25177304964539005 0.024882024882024883 0.04609929078014184
0 0.5452595452595452 0.41205673758865247 0.019305019305019305 0.04113475177304964
0 0.429000429000429 0.5780141843971631 0.027885027885027884 0.0475177304964539
0 0.6795366795366795 0.26170212765957446 0.021879021879021878 0.04113475177304964
0 0.9137709137709138 0.19574468085106383 0.024882024882024883 0.04609929078014184
0 0.3354783354783355 0.5560283687943263 0.027885027885027884 0.0475177304964539
0 0.5435435435435435 0.15390070921985816 0.01673101673101673 0.032624113475177303
0 0.25225225225225223 0.4836879432624113 0.021021021021021023 0.04822695035460993
0 0.7996567996567997 0.20638297872340425 0.019734019734019732 0.04042553191489362
0 0.13384813384813385 0.46170212765957447 0.02059202059202059 0.03971631205673759
0 0.8172458172458172 0.3276595744680851 0.021879021879021878 0.04113475177304964
0 0.14242814242814242 0.5191489361702127 0.021021021021021023 0.04822695035460993
0 0.35135135135135137 0.4021276595744681 0.019305019305019305 0.04113475177304964
0 0.6379236379236379 0.7567375886524823 0.027885027885027884 0.05035460992907802
0 0.19433719433719435 0.524113475177305 0.021021021021021023 0.04822695035460993
0 0.972972972972973 0.11205673758865248 0.021021021021021023 0.0375886524822695
0 0.3762333762333762 0.5652482269503546 0.027885027885027884 0.0475177304964539
0 0.21407121407121407 0.4673758865248227 0.02059202059202059 0.03971631205673759
0 0.8309738309738309 0.8212765957446808 0.027885027885027884 0.05035460992907802
0 0.6640926640926641 0.4425531914893617 0.021879021879021878 0.04113475177304964
0 0.5195195195195195 0.3843971631205674 0.019305019305019305 0.04113475177304964
0 0.8193908193908194 0.36099290780141846 0.021879021879021878 0.04113475177304964
0 0.410982410982411 0.4631205673758865 0.02059202059202059 0.03971631205673759
0 0.5027885027885027 0.5219858156028369 0.02445302445302445 0.0524822695035461
0 0.45645645645645644 0.36028368794326243 0.019305019305019305 0.04113475177304964
0 0.858000858000858 0.06808510638297872 0.021021021021021023 0.0375886524822695
0 0.9021879021879022 0.28085106382978725 0.024882024882024883 0.04609929078014184
0 0.824967824967825 0.524822695035461 0.023595023595023596 0.04964539007092199
0 0.19047619047619047 0.4581560283687943 0.02059202059202059 0.03971631205673759
0 0.14543114543114544 0.3446808510638298 0.019305019305019305 0.03546099290780142
0 0.782067782067782 0.24680851063829787 0.024882024882024883 0.04609929078014184
0 0.6739596739596739 0.2127659574468085 0.019734019734019732 0.04042553191489362
0 0.11883311883311884 0.5531914893617021 0.021021021021021023 0.04822695035460993
0 0.2526812526812527 0.4340425531914894 0.02059202059202059 0.03971631205673759
0 0.7091377091377091 0.13900709219858157 0.019734019734019732 0.04042553191489362
0 0.2827112827112827 0.35390070921985817 0.019305019305019305 0.03546099290780142
0 0.2706992706992707 0.6475177304964539 0.027885027885027884 0.0475177304964539
