0 0.7711111111111111 0.6106719367588933 0.01 0.015810276679841896
0 0.4811111111111111 0.5573122529644269 0.01 0.015810276679841896
0 0.9233333333333333 0.7984189723320159 0.023333333333333334 0.039525691699604744
0 0.1688888888888889 0.6146245059288538 0.01 0.015810276679841896
0 0.9155555555555556 0.6798418972332015 0.014444444444444444 0.025691699604743084
0 0.46 0.49209486166007904 0.006666666666666667 0.007905138339920948
0 0.4666666666666667 0.7055335968379447 0.014444444444444444 0.025691699604743084
0 0.11666666666666667 0.4782608695652174 0.008888888888888889 0.01383399209486166
0 0.73 0.6462450592885376 0.014444444444444444 0.025691699604743084
0 0.006666666666666667 0.6956521739130435 0.014444444444444444 0.025691699604743084
0 0.4666666666666667 0.5079051383399209 0.01 0.015810276679841896
0 0.47444444444444445 0.6185770750988142 0.014444444444444444 0.025691699604743084
0 0.9544444444444444 0.7075098814229249 0.014444444444444444 0.025691699604743084
0 0.19 0.7114624505928854 0.014444444444444444 0.025691699604743084
0 0.5111111111111111 0.66600790513834 0.014444444444444444 0.025691699604743084
0 0.3388888888888889 0.5770750988142292 0.01 0.015810276679841896
0 0.8866666666666667 0.5869565217391305 0.01 0.015810276679841896
0 0.7322222222222222 0.5296442687747036 0.01 0.015810276679841896
0 0.34444444444444444 0.5375494071146245 0.01 0.015810276679841896
0 0.6444444444444445 0.5434782608695652 0.01 0.015810276679841896
0 0.35888888888888887 0.4881422924901186 0.006666666666666667 0.007905138339920948
0 0.8555555555555555 0.6442687747035574 0.014444444444444444 0.025691699604743084
0 0.31333333333333335 0.7154150197628458 0.014444444444444444 0.025691699604743084
0 0.96 0.5612648221343873 0.01 0.015810276679841896
0 0.8677777777777778 0.6956521739130435 0.014444444444444444 0.025691699604743084
0 0.9855555555555555 0.541501976284585 0.01 0.015810276679841896
0 0.6288888888888889 0.7055335968379447 0.014444444444444444 0.025691699604743084
0 0.45111111111111113 0.6284584980237155 0.014444444444444444 0.025691699604743084
0 0.5533333333333333 0.7865612648221344 0.023333333333333334 0.039525691699604744
0 0.6544444444444445 0.48023715415019763 0.006666666666666667 0.007905138339920948
0 0.06555555555555556 0.5118577075098815 0.01 0.015810276679841896
0 0.027777777777777776 0.7747035573122529 0.014444444444444444 0.025691699604743084
0 0.1 0.5118577075098815 0.01 0.015810276679841896
0 0.33666666666666667 0.5098814229249012 0.01 0.015810276679841896
0 0.56 0.5177865612648221 0.01 0.015810276679841896
0 0.4066666666666667 0.5079051383399209 0.01 0.015810276679841896
0 0.9533333333333334 0.5770750988142292 0.01 0.015810276679841896
0 0.6411111111111111 0.49209486166007904 0.006666666666666667 0.007905138339920948
0 0.5688888888888889 0.9545454545454546 0.023333333333333334 0.039525691699604744
0 0.17777777777777778 0.5098814229249012 0.01 0.015810276679841896
0 0.9033333333333333 0.7529644268774703 0.014444444444444444 0.025691699604743084
0 0.5944444444444444 0.49407114624505927 0.01 0.015810276679841896
0 0.23222222222222222 0.5335968379446641 0.01 0.015810276679841896
0 0.9666666666666667 0.6679841897233202 0.014444444444444444 0.025691699604743084
0 0.16555555555555557 0.6758893280632411 0.014444444444444444 0.025691699604743084
0 0.5733333333333334 0.5849802371541502 0.01 0.015810276679841896
0 0.2411111111111111 0.6936758893280632 0.014444444444444444 0.025691699604743084
0 0.22666666666666666 0.758893280632411 0.014444444444444444 0.025691699604743084
0 0.8411111111111111 0.49209486166007904 0.006666666666666667 0.007905138339920948
0 0.8366666666666667 0.6324110671936759 0.014444444444444444 0.025691699604743084
0 0.9444444444444444 0.5652173913043478 0.01 0.015810276679841896
0 0.46 0.7608695652173914 0.014444444444444444 0.025691699604743084
0 0.8066666666666666 0.8359683794466403 0.023333333333333334 0.039525691699604744
0 0.022222222222222223 0.5177865612648221 0.01 0.015810276679841896
0 0.9366666666666666 0.7766798418972332 0.014444444444444444 0.025691699604743084
0 0.7966666666666666 0.5948616600790514 0.01 0.015810276679841896
0 0.02 0.9288537549407114 0.023333333333333334 0.039525691699604744
0 0.30333333333333334 0.642292490118577 0.014444444444444444 0.025691699604743084
0 0.28 0.7747035573122529 0.014444444444444444 0.025691699604743084
0 0.26555555555555554 0.48616600790513836 0.006666666666666667 0.007905138339920948
0 0.5155555555555555 0.6956521739130435 0.014444444444444444 0.025691699604743084
0 0.8966666666666666 0.5316205533596838 0.01 0.015810276679841896
0 0.6244444444444445 0.48023715415019763 0.006666666666666667 0.007905138339920948
0 0.9033333333333333 0.9110671936758893 0.023333333333333334 0.039525691699604744
0 0.40444444444444444 0.7549407114624506 0.014444444444444444 0.025691699604743084
0 0.31333333333333335 0.4782608695652174 0.006666666666666667 0.007905138339920948
0 0.11333333333333333 0.7292490118577075 0.014444444444444444 0.025691699604743084
0 0.33444444444444443 0.6126482213438735 0.01 0.015810276679841896
0 0.6355555555555555 0.6640316205533597 0.014444444444444444 0.025691699604743084
0 0.4811111111111111 0.7806324110671937 0.014444444444444444 0.025691699604743084
0 0.33666666666666667 0.8913043478260869 0.023333333333333334 0.039525691699604744
0 0.8622222222222222 0.733201581027668 0.014444444444444444 0.025691699604743084
0 0.7644444444444445 0.4841897233201581 0.006666666666666667 0.007905138339920948
0 0.37555555555555553 0.4683794466403162 0.006666666666666667 0.007905138339920948
0 0.5311111111111111 0.6245059288537549 0.014444444444444444 0.025691699604743084
0 0.9533333333333334 0.6561264822134387 0.014444444444444444 0.025691699604743084
0 0.3877777777777778 0.6521739130434783 0.014444444444444444 0.025691699604743084
0 0.37777777777777777 0.8695652173913043 0.023333333333333334 0.039525691699604744
0 0.7655555555555555 0.758893280632411 0.014444444444444444 0.025691699604743084
0 0.3988888888888889 0.6758893280632411 0.014444444444444444 0.025691699604743084
0 0.2922222222222222 0.549407114624506 0.01 0.015810276679841896
0 0.08777777777777777 0.9861660079051383 0.023333333333333334 0.039525691699604744
0 0.7588888888888888 0.7509881422924901 0.014444444444444444 0.025691699604743084
0 0.5255555555555556 0.549407114624506 0.01 0.015810276679841896
0 0.7311111111111112 0.4762845849802372 0.006666666666666667 0.007905138339920948
0 0.024444444444444446 0.6106719367588933 0.013333333333333334 0.021739130434782608
0 0.6633333333333333 0.6027667984189723 0.01 0.015810276679841896
0 0.08888888888888889 0.4723320158102767 0.01 0.015810276679841896
0 0.33111111111111113 0.8162055335968379 0.023333333333333334 0.039525691699604744
0 0.7177777777777777 0.6837944664031621 0.014444444444444444 0.025691699604743084
0 0.7366666666666667 0.6719367588932806 0.014444444444444444 0.025691699604743084
0 0.24444444444444444 0.5177865612648221 0.01 0.015810276679841896
0 0.17888888888888888 0.5592885375494071 0.01 0.015810276679841896
0 0.19777777777777777 0.575098814229249 0.01 0.015810276679841896
0 0.74 0.7035573122529645 0.014444444444444444 0.025691699604743084
0 0.33111111111111113 0.48023715415019763 0.006666666666666667 0.007905138339920948
0 0.95 0.8992094861660079 0.023333333333333334 0.039525691699604744
0 0.5088888888888888 0.4980237154150198 0.01 0.015810276679841896
0 0.5177777777777778 0.7806324110671937 0.014444444444444444 0.025691699604743084
0 0.3244444444444444 0.5533596837944664 0.01 0.015810276679841896
0 0.19444444444444445 0.6758893280632411 0.014444444444444444 0.025691699604743084
0 0.4444444444444444 0.4980237154150198 0.01 0.015810276679841896
0 0.42333333333333334 0.4782608695652174 0.006666666666666667 0.007905138339920948
0 0.44 0.6027667984189723 0.01 0.015810276679841896
0 0.8444444444444444 0.5790513833992095 0.01 0.015810276679841896
0 0.11 0.5513833992094862 0.01 0.015810276679841896
0 0.4211111111111111 0.7035573122529645 0.014444444444444444 0.025691699604743084
0 0.38 0.8280632411067194 0.023333333333333334 0.039525691699604744
0 0.01 0.549407114624506 0.011111111111111112 0.017786561264822136
0 0.6688888888888889 0.5731225296442688 0.01 0.015810276679841896
0 0.4777777777777778 0.45849802371541504 0.006666666666666667 0.007905138339920948
0 0.2877777777777778 0.6758893280632411 0.014444444444444444 0.025691699604743084
0 0.8077777777777778 0.48616600790513836 0.006666666666666667 0.007905138339920948
0 0.29888888888888887 0.7944664031620553 0.023333333333333334 0.039525691699604744
0 0.9633333333333334 0.7984189723320159 0.023333333333333334 0.039525691699604744
0 0.8511111111111112 0.4762845849802372 0.006666666666666667 0.007905138339920948
0 0.22 0.4782608695652174 0.006666666666666667 0.007905138339920948
0 0.7588888888888888 0.5533596837944664 0.01 0.015810276679841896
0 0.2633333333333333 0.7035573122529645 0.014444444444444444 0.025691699604743084
0 0.5633333333333334 0.733201581027668 0.014444444444444444 0.025691699604743084
0 0.9044444444444445 0.575098814229249 0.01 0.015810276679841896
0 0.13444444444444445 0.5454545454545454 0.01 0.015810276679841896
0 0.6188888888888889 0.8300395256916996 0.023333333333333334 0.039525691699604744
0 0.8066666666666666 0.6007905138339921 0.01 0.015810276679841896
0 0.38666666666666666 0.5632411067193676 0.01 0.015810276679841896
0 0.67 0.6225296442687747 0.014444444444444444 0.025691699604743084
0 0.9488888888888889 0.7292490118577075 0.014444444444444444 0.025691699604743084
0 0.07111111111111111 0.6304347826086957 0.014444444444444444 0.025691699604743084
0 0.13777777777777778 0.5098814229249012 0.01 0.015810276679841896
0 0.5255555555555556 0.4762845849802372 0.006666666666666667 0.007905138339920948
0 0.8011111111111111 0.6837944664031621 0.014444444444444444 0.025691699604743084
0 0.7044444444444444 0.9150197628458498 0.023333333333333334 0.039525691699604744
0 0.6944444444444444 0.49604743083003955 0.01 0.015810276679841896
0 0.49777777777777776 0.5454545454545454 0.01 0.015810276679841896
0 0.5733333333333334 0.7747035573122529 0.014444444444444444 0.025691699604743084
0 0.7133333333333334 0.4762845849802372 0.006666666666666667 0.007905138339920948
0 0.5166666666666667 0.7964426877470355 0.023333333333333334 0.039525691699604744
0 0.03222222222222222 0.8557312252964426 0.023333333333333334 0.039525691699604744
0 0.5222222222222223 0.9051383399209486 0.023333333333333334 0.039525691699604744
0 0.4866666666666667 0.8023715415019763 0.023333333333333334 0.039525691699604744
0 0.7044444444444444 0.8023715415019763 0.023333333333333334 0.039525691699604744
0 0.6022222222222222 0.5770750988142292 0.01 0.015810276679841896
0 0.06888888888888889 0.8260869565217391 0.023333333333333334 0.039525691699604744
0 0.51 0.6067193675889329 0.01 0.015810276679841896
0 0.5777777777777777 0.6264822134387352 0.014444444444444444 0.025691699604743084
0 0.6211111111111111 0.7292490118577075 0.014444444444444444 0.025691699604743084
0 0.1511111111111111 0.9565217391304348 0.023333333333333334 0.039525691699604744
0 0.31222222222222223 0.9347826086956522 0.023333333333333334 0.039525691699604744
0 0.15333333333333332 0.6620553359683794 0.014444444444444444 0.025691699604743084
0 0.7144444444444444 0.7430830039525692 0.014444444444444444 0.025691699604743084
0 0.7177777777777777 0.8023715415019763 0.023333333333333334 0.039525691699604744
0 0.23222222222222222 0.575098814229249 0.01 0.015810276679841896
0 0.3477777777777778 0.958498023715415 0.023333333333333334 0.039525691699604744
0 0.5011111111111111 0.4901185770750988 0.006666666666666667 0.007905138339920948
0 0.64 0.5197628458498024 0.01 0.015810276679841896
0 0.38666666666666666 0.9782608695652174 0.023333333333333334 0.039525691699604744
0 0.5544444444444444 0.8003952569169961 0.023333333333333334 0.039525691699604744
0 0.7022222222222222 0.5355731225296443 0.01 0.015810276679841896
0 0.8322222222222222 0.658102766798419 0.014444444444444444 0.025691699604743084
0 0.10222222222222223 0.6047430830039525 0.01 0.015810276679841896
0 0.7044444444444444 0.8596837944664032 0.023333333333333334 0.039525691699604744
0 0.3188888888888889 0.5098814229249012 0.01 0.015810276679841896
0 0.6622222222222223 0.49604743083003955 0.01 0.015810276679841896
0 0.7966666666666666 0.5355731225296443 0.01 0.015810276679841896
0 0.43 0.5770750988142292 0.01 0.015810276679841896
0 0.6266666666666667 0.6956521739130435 0.014444444444444444 0.025691699604743084
0 0.016666666666666666 0.541501976284585 0.011111111111111112 0.017786561264822136
0 0.2588888888888889 0.47035573122529645 0.006666666666666667 0.007905138339920948
0 0.16666666666666666 0.7490118577075099 0.014444444444444444 0.025691699604743084
0 0.48 0.4762845849802372 0.006666666666666667 0.007905138339920948
0 0.7055555555555556 0.6126482213438735 0.01 0.015810276679841896
0 0.9922222222222222 0.6798418972332015 0.014444444444444444 0.025691699604743084
0 0.3888888888888889 0.6047430830039525 0.01 0.015810276679841896
0 0.1922222222222222 0.7490118577075099 0.014444444444444444 0.025691699604743084
0 0.35555555555555557 0.6798418972332015 0.014444444444444444 0.025691699604743084
0 0.9544444444444444 0.8260869565217391 0.023333333333333334 0.039525691699604744
0 0.29 0.6086956521739131 0.01 0.015810276679841896
0 0.7822222222222223 0.7964426877470355 0.023333333333333334 0.039525691699604744
0 0.9344444444444444 0.6798418972332015 0.014444444444444444 0.025691699604743084
0 0.9088888888888889 0.5177865612648221 0.01 0.015810276679841896
0 0.44666666666666666 0.5830039525691699 0.01 0.015810276679841896
0 0.19666666666666666 0.8715415019762845 0.023333333333333334 0.039525691699604744
0 0.5811111111111111 0.5237154150197628 0.01 0.015810276679841896
0 0.7 0.6442687747035574 0.014444444444444444 0.025691699604743084
0 0.5011111111111111 0.466403162055336 0.006666666666666667 0.007905138339920948
0 0.8688888888888889 0.5889328063241107 0.01 0.015810276679841896
0 0.9322222222222222 0.6383399209486166 0.014444444444444444 0.025691699604743084
0 0.9244444444444444 0.6541501976284585 0.014444444444444444 0.025691699604743084
0 0.016666666666666666 0.6185770750988142 0.014444444444444444 0.025691699604743084
0 0.45111111111111113 0.6561264822134387 0.014444444444444444 0.025691699604743084
0 0.8333333333333334 0.7114624505928854 0.014444444444444444 0.025691699604743084
0 0.6422222222222222 0.48023715415019763 0.006666666666666667 0.007905138339920948
0 0.2644444444444444 0.6521739130434783 0.014444444444444444 0.025691699604743084
0 0.5966666666666667 0.5632411067193676 0.01 0.015810276679841896
0 0.03111111111111111 0.5434782608695652 0.011111111111111112 0.017786561264822136
0 0.6422222222222222 0.932806324110672 0.023333333333333334 0.039525691699604744
0 0.10444444444444445 0.6600790513833992 0.014444444444444444 0.025691699604743084
0 0.45666666666666667 0.8142292490118577 0.023333333333333334 0.039525691699604744
0 0.4533333333333333 0.49209486166007904 0.006666666666666667 0.007905138339920948
0 0.3688888888888889 0.8932806324110671 0.023333333333333334 0.039525691699604744
0 0.9444444444444444 0.8557312252964426 0.023333333333333334 0.039525691699604744
0 0.45666666666666667 0.7885375494071146 0.023333333333333334 0.039525691699604744
0 0.39444444444444443 0.5118577075098815 0.01 0.015810276679841896
0 0.042222222222222223 0.575098814229249 0.011111111111111112 0.017786561264822136
0 0.49333333333333335 0.5711462450592886 0.01 0.015810276679841896
0 0.5422222222222223 0.7134387351778656 0.014444444444444444 0.025691699604743084
0 0.5744444444444444 0.6126482213438735 0.01 0.015810276679841896
0 0.48 0.575098814229249 0.01 0.015810276679841896
0 0.6177777777777778 0.6442687747035574 0.014444444444444444 0.025691699604743084
0 0.8455555555555555 0.48023715415019763 0.006666666666666667 0.007905138339920948
0 0.4677777777777778 0.549407114624506 0.01 0.015810276679841896
0 0.19666666666666666 0.5474308300395256 0.01 0.015810276679841896
0 0.7511111111111111 0.49209486166007904 0.006666666666666667 0.007905138339920948
0 0.9688888888888889 0.5454545454545454 0.01 0.015810276679841896
0 0.6311111111111111 0.48023715415019763 0.006666666666666667 0.007905138339920948
0 0.4711111111111111 0.6739130434782609 0.014444444444444444 0.025691699604743084
0 0.24888888888888888 0.4762845849802372 0.006666666666666667 0.007905138339920948
0 0.7777777777777778 0.6956521739130435 0.014444444444444444 0.025691699604743084
0 0.8433333333333334 0.8537549407114624 0.023333333333333334 0.039525691699604744
0 0.11 0.48221343873517786 0.01 0.015810276679841896
0 0.7488888888888889 0.7252964426877471 0.014444444444444444 0.025691699604743084
0 0.5822222222222222 0.6936758893280632 0.014444444444444444 0.025691699604743084
0 0.5388888888888889 0.6837944664031621 0.014444444444444444 0.025691699604743084
0 0.7366666666666667 0.6304347826086957 0.014444444444444444 0.025691699604743084
0 0.4766666666666667 0.5079051383399209 0.01 0.015810276679841896
0 0.5922222222222222 0.741106719367589 0.014444444444444444 0.025691699604743084
0 0.6388888888888888 0.6185770750988142 0.014444444444444444 0.025691699604743084
0 0.8588888888888889 0.4881422924901186 0.006666666666666667 0.007905138339920948
0 0.26666666666666666 0.5454545454545454 0.01 0.015810276679841896
0 0.13111111111111112 0.8675889328063241 0.023333333333333334 0.039525691699604744
0 0.46111111111111114 0.6126482213438735 0.01 0.015810276679841896
0 0.03333333333333333 0.5177865612648221 0.01 0.015810276679841896
0 0.23444444444444446 0.741106719367589 0.014444444444444444 0.025691699604743084
0 0.8111111111111111 0.5296442687747036 0.01 0.015810276679841896
0 0.6633333333333333 0.7094861660079052 0.014444444444444444 0.025691699604743084
0 0.31555555555555553 0.6304347826086957 0.014444444444444444 0.025691699604743084
0 0.09 0.5770750988142292 0.01 0.015810276679841896
0 0.5188888888888888 0.49604743083003955 0.01 0.015810276679841896
0 0.4222222222222222 0.6778656126482213 0.014444444444444444 0.025691699604743084
0 0.08555555555555555 0.6956521739130435 0.014444444444444444 0.025691699604743084
0 0.7622222222222222 0.8636363636363636 0.023333333333333334 0.039525691699604744
0 0.24444444444444444 0.48221343873517786 0.006666666666666667 0.007905138339920948
0 0.1388888888888889 0.4743083003952569 0.01 0.015810276679841896
0 0.56 0.9169960474308301 0.023333333333333334 0.039525691699604744
0 0.40444444444444444 0.4782608695652174 0.006666666666666667 0.007905138339920948
0 0.54 0.7035573122529645 0.014444444444444444 0.025691699604743084
0 0.44222222222222224 0.8399209486166008 0.023333333333333334 0.039525691699604744
0 0.3322222222222222 0.4723320158102767 0.006666666666666667 0.007905138339920948
0 0.06111111111111111 0.5553359683794467 0.01 0.015810276679841896
0 0.011111111111111112 0.7450592885375494 0.016666666666666666 0.02766798418972332
0 0.5688888888888889 0.7490118577075099 0.014444444444444444 0.025691699604743084
0 0.6877777777777778 0.8478260869565217 0.023333333333333334 0.039525691699604744
0 0.6133333333333333 0.5632411067193676 0.01 0.015810276679841896
0 0.31444444444444447 0.8438735177865613 0.023333333333333334 0.039525691699604744
0 0.7033333333333334 0.6719367588932806 0.014444444444444444 0.025691699604743084
0 0.88 0.5474308300395256 0.01 0.015810276679841896
0 0.07111111111111111 0.7015810276679841 0.014444444444444444 0.025691699604743084
0 0.3977777777777778 0.932806324110672 0.023333333333333334 0.039525691699604744
0 0.21 0.5533596837944664 0.01 0.015810276679841896
0 0.63 0.758893280632411 0.014444444444444444 0.025691699604743084
0 0.6511111111111111 0.8221343873517787 0.023333333333333334 0.039525691699604744
0 0.9366666666666666 0.8142292490118577 0.023333333333333334 0.039525691699604744
0 0.8166666666666667 0.7470355731225297 0.014444444444444444 0.025691699604743084
0 0.7333333333333333 0.733201581027668 0.014444444444444444 0.025691699604743084
0 0.8966666666666666 0.6739130434782609 0.014444444444444444 0.025691699604743084
0 0.88 0.6047430830039525 0.01 0.015810276679841896
0 0.9044444444444445 0.5474308300395256 0.01 0.015810276679841896
0 0.35 0.5138339920948617 0.01 0.015810276679841896
0 0.29333333333333333 0.7015810276679841 0.014444444444444444 0.025691699604743084
0 0.9444444444444444 0.4901185770750988 0.01 0.015810276679841896
0 0.3211111111111111 0.4782608695652174 0.006666666666666667 0.007905138339920948
0 0.12777777777777777 0.5968379446640316 0.01 0.015810276679841896
0 0.9211111111111111 0.549407114624506 0.01 0.015810276679841896
0 0.7477777777777778 0.5434782608695652 0.01 0.015810276679841896
0 0.4411111111111111 0.5237154150197628 0.01 0.015810276679841896
0 0.8955555555555555 0.6146245059288538 0.01 0.015810276679841896
0 0.79 0.6442687747035574 0.014444444444444444 0.025691699604743084
0 0.22555555555555556 0.8122529644268774 0.023333333333333334 0.039525691699604744
0 0.51 0.6304347826086957 0.014444444444444444 0.025691699604743084
0 0.7122222222222222 0.7193675889328063 0.014444444444444444 0.025691699604743084
0 0.4855555555555556 0.857707509881423 0.023333333333333334 0.039525691699604744
0 0.7022222222222222 0.5948616600790514 0.01 0.015810276679841896
0 0.38666666666666666 0.4723320158102767 0.006666666666666667 0.007905138339920948
0 0.9066666666666666 0.49209486166007904 0.01 0.015810276679841896
0 0.68 0.5869565217391305 0.01 0.015810276679841896
0 0.7766666666666666 0.49209486166007904 0.006666666666666667 0.007905138339920948
0 0.7577777777777778 0.6146245059288538 0.01 0.015810276679841896
0 0.8022222222222222 0.49604743083003955 0.01 0.015810276679841896
0 0.09333333333333334 0.7154150197628458 0.014444444444444444 0.025691699604743084
0 0.11555555555555555 0.6264822134387352 0.014444444444444444 0.025691699604743084
0 0.1688888888888889 0.7114624505928854 0.014444444444444444 0.025691699604743084
0 0.8133333333333334 0.6956521739130435 0.014444444444444444 0.025691699604743084
0 0.5766666666666667 0.48616600790513836 0.006666666666666667 0.007905138339920948
0 0.9644444444444444 0.5830039525691699 0.01 0.015810276679841896
0 0.5033333333333333 0.5652173913043478 0.01 0.015810276679841896
0 0.9244444444444444 0.5296442687747036 0.01 0.015810276679841896
0 0.5144444444444445 0.758893280632411 0.014444444444444444 0.025691699604743084
0 0.4677777777777778 0.4782608695652174 0.006666666666666667 0.007905138339920948
0 0.8022222222222222 0.7747035573122529 0.014444444444444444 0.025691699604743084
0 0.6844444444444444 0.7687747035573123 0.014444444444444444 0.025691699604743084
0 0.8933333333333333 0.5612648221343873 0.01 0.015810276679841896
0 0.75 0.8300395256916996 0.023333333333333334 0.039525691699604744
0 0.9666666666666667 0.6185770750988142 0.014444444444444444 0.025691699604743084
0 0.6577777777777778 0.658102766798419 0.014444444444444444 0.025691699604743084
0 0.37777777777777777 0.4782608695652174 0.006666666666666667 0.007905138339920948
0 0.92 0.5652173913043478 0.01 0.015810276679841896
0 0.4577777777777778 0.6245059288537549 0.014444444444444444 0.025691699604743084
0 0.32666666666666666 0.48221343873517786 0.006666666666666667 0.007905138339920948
0 0.5377777777777778 0.5335968379446641 0.01 0.015810276679841896
0 0.9477777777777778 0.9703557312252964 0.023333333333333334 0.039525691699604744
0 0.7344444444444445 0.7608695652173914 0.014444444444444444 0.025691699604743084
0 0.9333333333333333 0.5158102766798419 0.01 0.015810276679841896
0 0.7388888888888889 0.6067193675889329 0.01 0.015810276679841896
0 0.33111111111111113 0.6620553359683794 0.014444444444444444 0.025691699604743084
0 0.7688888888888888 0.5691699604743083 0.01 0.015810276679841896
0 0.8811111111111111 0.6719367588932806 0.014444444444444444 0.025691699604743084
0 0.14222222222222222 0.45454545454545453 0.01 0.015810276679841896
0 0.006666666666666667 0.5830039525691699 0.012222222222222223 0.019762845849802372
0 0.8911111111111111 0.6403162055335968 0.014444444444444444 0.025691699604743084
0 0.24666666666666667 0.9011857707509882 0.023333333333333334 0.039525691699604744
0 0.43666666666666665 0.9189723320158103 0.023333333333333334 0.039525691699604744
0 0.7911111111111111 0.49209486166007904 0.006666666666666667 0.007905138339920948
0 0.48777777777777775 0.5059288537549407 0.01 0.015810276679841896
0 0.6877777777777778 0.525691699604743 0.01 0.015810276679841896
0 0.8144444444444444 0.5632411067193676 0.01 0.015810276679841896
0 0.9655555555555555 0.6956521739130435 0.014444444444444444 0.025691699604743084
0 0.23777777777777778 0.4644268774703557 0.006666666666666667 0.007905138339920948
0 0.8677777777777778 0.4841897233201581 0.006666666666666667 0.009881422924901186
0 0.7733333333333333 0.6383399209486166 0.014444444444444444 0.025691699604743084
0 0.8566666666666667 0.4743083003952569 0.006666666666666667 0.007905138339920948
0 0.36444444444444446 0.6324110671936759 0.014444444444444444 0.025691699604743084
0 0.8633333333333333 0.66600790513834 0.014444444444444444 0.025691699604743084
0 0.6077777777777778 0.6284584980237155 0.014444444444444444 0.025691699604743084
0 0.8266666666666667 0.4762845849802372 0.006666666666666667 0.007905138339920948
0 0.7388888888888889 0.575098814229249 0.01 0.015810276679841896
0 0.49777777777777776 0.5079051383399209 0.01 0.015810276679841896
0 0.4911111111111111 0.6541501976284585 0.014444444444444444 0.025691699604743084
0 0.14333333333333334 0.9920948616600791 0.023333333333333334 0.039525691699604744
0 0.7777777777777778 0.5335968379446641 0.01 0.015810276679841896
0 0.4411111111111111 0.6857707509881423 0.014444444444444444 0.025691699604743084
0 0.14666666666666667 0.7371541501976284 0.014444444444444444 0.025691699604743084
0 0.008888888888888889 0.8873517786561265 0.021111111111111112 0.03557312252964427
0 0.6722222222222223 0.48023715415019763 0.006666666666666667 0.007905138339920948
0 0.19 0.8260869565217391 0.023333333333333334 0.039525691699604744
0 0.5944444444444444 0.5296442687747036 0.01 0.015810276679841896
0 0.62 0.6126482213438735 0.01 0.015810276679841896
0 0.8433333333333334 0.7490118577075099 0.014444444444444444 0.025691699604743084
0 0.7811111111111111 0.717391304347826 0.014444444444444444 0.025691699604743084
0 0.2677777777777778 0.8735177865612648 0.023333333333333334 0.039525691699604744
0 0.5533333333333333 0.6264822134387352 0.014444444444444444 0.025691699604743084
0 0.9455555555555556 0.6185770750988142 0.014444444444444444 0.025691699604743084
0 0.8188888888888889 0.9723320158102767 0.023333333333333334 0.039525691699604744
0 0.38 0.5079051383399209 0.01 0.015810276679841896
0 0.2966666666666667 0.9130434782608695 0.023333333333333334 0.039525691699604744
0 0.23222222222222222 0.4841897233201581 0.006666666666666667 0.007905138339920948
0 0.011111111111111112 0.6561264822134387 0.014444444444444444 0.025691699604743084
0 0.2822222222222222 0.650197628458498 0.014444444444444444 0.025691699604743084
0 0.6 0.4980237154150198 0.01 0.015810276679841896
0 0.16666666666666666 0.8122529644268774 0.023333333333333334 0.039525691699604744
0 0.8266666666666667 0.5513833992094862 0.01 0.015810276679841896
0 0.6911111111111111 0.5513833992094862 0.01 0.015810276679841896
0 0.43666666666666665 0.5434782608695652 0.01 0.015810276679841896
0 0.8122222222222222 0.49209486166007904 0.006666666666666667 0.007905138339920948
0 0.23333333333333334 0.7193675889328063 0.014444444444444444 0.025691699604743084
0 0.58 0.6620553359683794 0.014444444444444444 0.025691699604743084
0 0.3933333333333333 0.6976284584980237 0.014444444444444444 0.025691699604743084
0 0.07666666666666666 0.5770750988142292 0.01 0.015810276679841896
0 0.10666666666666667 0.5770750988142292 0.01 0.015810276679841896
0 0.3611111111111111 0.4723320158102767 0.006666666666666667 0.007905138339920948
0 0.19777777777777777 0.7727272727272727 0.014444444444444444 0.025691699604743084
0 0.37444444444444447 0.691699604743083 0.014444444444444444 0.025691699604743084
0 0.9455555555555556 0.5355731225296443 0.01 0.015810276679841896
0 0.4688888888888889 0.6363636363636364 0.014444444444444444 0.025691699604743084
0 0.6577777777777778 0.6818181818181818 0.014444444444444444 0.025691699604743084
0 0.6144444444444445 0.5830039525691699 0.01 0.015810276679841896
0 0.5911111111111111 0.4901185770750988 0.006666666666666667 0.007905138339920948
0 0.15222222222222223 0.5691699604743083 0.01 0.015810276679841896
0 0.47888888888888886 0.9604743083003953 0.023333333333333334 0.039525691699604744
0 0.56 0.4980237154150198 0.01 0.015810276679841896
0 0.6066666666666667 0.8023715415019763 0.023333333333333334 0.039525691699604744
0 0.33666666666666667 0.9150197628458498 0.023333333333333334 0.039525691699604744
0 0.29333333333333333 0.5138339920948617 0.01 0.015810276679841896
0 0.2588888888888889 0.7114624505928854 0.014444444444444444 0.025691699604743084
0 0.8811111111111111 0.7549407114624506 0.014444444444444444 0.025691699604743084
0 0.1388888888888889 0.616600790513834 0.01 0.015810276679841896
0 0.8544444444444445 0.6126482213438735 0.01 0.015810276679841896
0 0.7022222222222222 0.5573122529644269 0.01 0.015810276679841896
0 0.25666666666666665 0.5079051383399209 0.01 0.015810276679841896
0 0.22 0.4683794466403162 0.006666666666666667 0.007905138339920948
0 0.6688888888888889 0.7865612648221344 0.023333333333333334 0.039525691699604744
0 0.4866666666666667 0.5237154150197628 0.01 0.015810276679841896
0 0.3844444444444444 0.7233201581027668 0.014444444444444444 0.025691699604743084
0 0.4 0.7865612648221344 0.023333333333333334 0.039525691699604744
0 0.5433333333333333 0.5711462450592886 0.01 0.015810276679841896
0 0.5888888888888889 0.5909090909090909 0.01 0.015810276679841896
0 0.8966666666666666 0.4881422924901186 0.01 0.015810276679841896
0 0.3388888888888889 0.7035573122529645 0.014444444444444444 0.025691699604743084
0 0.24222222222222223 0.4723320158102767 0.006666666666666667 0.007905138339920948
0 0.3877777777777778 0.5375494071146245 0.01 0.015810276679841896
0 0.5111111111111111 0.549407114624506 0.01 0.015810276679841896
0 0.5111111111111111 0.6482213438735178 0.014444444444444444 0.025691699604743084
0 0.31666666666666665 0.4841897233201581 0.006666666666666667 0.007905138339920948
0 0.5644444444444444 0.9031620553359684 0.023333333333333334 0.039525691699604744
0 0.6255555555555555 0.49604743083003955 0.01 0.015810276679841896
0 0.4911111111111111 0.9881422924901185 0.023333333333333334 0.039525691699604744
0 0.5244444444444445 0.5217391304347826 0.01 0.015810276679841896
0 0.83 0.47035573122529645 0.006666666666666667 0.007905138339920948
0 0.5166666666666667 0.5691699604743083 0.01 0.015810276679841896
0 0.6333333333333333 0.49407114624505927 0.01 0.015810276679841896
0 0.03 0.5849802371541502 0.012222222222222223 0.019762845849802372
0 0.20666666666666667 0.9011857707509882 0.023333333333333334 0.039525691699604744
0 0.7155555555555555 0.49604743083003955 0.01 0.015810276679841896
0 0.12111111111111111 0.5592885375494071 0.01 0.015810276679841896
0 0.21444444444444444 0.7509881422924901 0.014444444444444444 0.025691699604743084
0 0.29777777777777775 0.4841897233201581 0.006666666666666667 0.007905138339920948
0 0.7033333333333334 0.8913043478260869 0.023333333333333334 0.039525691699604744
0 0.6488888888888888 0.7529644268774703 0.014444444444444444 0.025691699604743084
0 0.8444444444444444 0.47035573122529645 0.006666666666666667 0.007905138339920948
0 0.5588888888888889 0.8873517786561265 0.023333333333333334 0.039525691699604744
0 0.38555555555555554 0.5770750988142292 0.01 0.015810276679841896
0 0.61 0.7154150197628458 0.014444444444444444 0.025691699604743084
0 0.6533333333333333 0.758893280632411 0.014444444444444444 0.025691699604743084
0 0.3566666666666667 0.7233201581027668 0.014444444444444444 0.025691699604743084
0 0.7733333333333333 0.7766798418972332 0.014444444444444444 0.025691699604743084
0 0.6488888888888888 0.717391304347826 0.014444444444444444 0.025691699604743084
0 0.4444444444444444 0.5454545454545454 0.01 0.015810276679841896
0 0.6711111111111111 0.5276679841897233 0.01 0.015810276679841896
0 0.10444444444444445 0.9426877470355731 0.023333333333333334 0.039525691699604744
0 0.6444444444444445 0.6936758893280632 0.014444444444444444 0.025691699604743084
0 0.9566666666666667 0.6067193675889329 0.01 0.015810276679841896
0 0.4077777777777778 0.5375494071146245 0.01 0.015810276679841896
0 0.4822222222222222 0.4901185770750988 0.006666666666666667 0.007905138339920948
0 0.12666666666666668 0.4782608695652174 0.008888888888888889 0.01383399209486166
0 0.21555555555555556 0.5434782608695652 0.01 0.015810276679841896
0 0.43777777777777777 0.7015810276679841 0.014444444444444444 0.025691699604743084
0 0.7733333333333333 0.8260869565217391 0.023333333333333334 0.039525691699604744
0 0.43666666666666665 0.9960474308300395 0.023333333333333334 0.039525691699604744
0 0.2822222222222222 0.5118577075098815 0.01 0.015810276679841896
0 0.7366666666666667 0.8142292490118577 0.023333333333333334 0.039525691699604744
0 0.7988888888888889 0.49407114624505927 0.01 0.015810276679841896
0 0.7144444444444444 0.6482213438735178 0.014444444444444444 0.025691699604743084
0 0.9133333333333333 0.6106719367588933 0.01 0.015810276679841896
0 0.57 0.5592885375494071 0.01 0.015810276679841896
0 0.7133333333333334 0.6304347826086957 0.014444444444444444 0.025691699604743084
0 0.2588888888888889 0.8102766798418972 0.023333333333333334 0.039525691699604744
0 0.27666666666666667 0.8438735177865613 0.023333333333333334 0.039525691699604744
0 0.75 0.5830039525691699 0.01 0.015810276679841896
0 0.8433333333333334 0.7766798418972332 0.014444444444444444 0.025691699604743084
0 0.68 0.48023715415019763 0.006666666666666667 0.007905138339920948
0 0.17777777777777778 0.6679841897233202 0.014444444444444444 0.025691699604743084
0 0.31222222222222223 0.6857707509881423 0.014444444444444444 0.025691699604743084
0 0.4033333333333333 0.6086956521739131 0.01 0.015810276679841896
0 0.5822222222222222 0.5395256916996047 0.01 0.015810276679841896
0 0.4111111111111111 0.5889328063241107 0.01 0.015810276679841896
0 0.97 0.9110671936758893 0.023333333333333334 0.039525691699604744
0 0.8244444444444444 0.8478260869565217 0.023333333333333334 0.039525691699604744
0 0.41 0.5652173913043478 0.01 0.015810276679841896
0 0.7344444444444445 0.849802371541502 0.023333333333333334 0.039525691699604744
0 0.5288888888888889 0.4762845849802372 0.006666666666666667 0.007905138339920948
0 0.4777777777777778 0.9071146245059288 0.023333333333333334 0.039525691699604744
0 0.33444444444444443 0.7213438735177866 0.014444444444444444 0.025691699604743084
0 0.9033333333333333 0.5948616600790514 0.01 0.015810276679841896
0 0.5677777777777778 0.6264822134387352 0.014444444444444444 0.025691699604743084
0 0.4 0.5731225296442688 0.01 0.015810276679841896
0 0.006666666666666667 0.5652173913043478 0.012222222222222223 0.019762845849802372
0 0.6066666666666667 0.9446640316205533 0.023333333333333334 0.039525691699604744
0 0.5466666666666666 0.6067193675889329 0.01 0.015810276679841896
0 0.06555555555555556 0.9545454545454546 0.023333333333333334 0.039525691699604744
0 0.48333333333333334 0.5454545454545454 0.01 0.015810276679841896
0 0.3488888888888889 0.8063241106719368 0.023333333333333334 0.039525691699604744
0 0.6 0.5928853754940712 0.01 0.015810276679841896
0 0.46 0.6403162055335968 0.014444444444444444 0.025691699604743084
0 0.06666666666666667 0.66600790513834 0.014444444444444444 0.025691699604743084
0 0.7822222222222223 0.567193675889328 0.01 0.015810276679841896
0 0.27444444444444444 0.48616600790513836 0.006666666666666667 0.007905138339920948
0 0.7988888888888889 0.9545454545454546 0.023333333333333334 0.039525691699604744
0 0.26666666666666666 0.5731225296442688 0.01 0.015810276679841896
0 0.4822222222222222 0.4841897233201581 0.006666666666666667 0.007905138339920948
0 0.4111111111111111 0.4841897233201581 0.006666666666666667 0.007905138339920948
0 0.8355555555555556 0.6086956521739131 0.01 0.015810276679841896
0 0.06111111111111111 0.5830039525691699 0.01 0.015810276679841896
0 0.12777777777777777 0.6106719367588933 0.01 0.015810276679841896
0 0.6722222222222223 0.6719367588932806 0.014444444444444444 0.025691699604743084
0 0.6166666666666667 0.8478260869565217 0.023333333333333334 0.039525691699604744
0 0.6011111111111112 0.6640316205533597 0.014444444444444444 0.025691699604743084
0 0.4922222222222222 0.5988142292490118 0.01 0.015810276679841896
0 0.6488888888888888 0.8023715415019763 0.023333333333333334 0.039525691699604744
0 0.7 0.7490118577075099 0.014444444444444444 0.025691699604743084
0 0.7244444444444444 0.5830039525691699 0.01 0.015810276679841896
0 0.16777777777777778 0.5770750988142292 0.01 0.015810276679841896
0 0.5122222222222222 0.7233201581027668 0.014444444444444444 0.025691699604743084
0 0.5244444444444445 0.5909090909090909 0.01 0.015810276679841896
0 0.4722222222222222 0.5375494071146245 0.01 0.015810276679841896
0 0.9144444444444444 0.8379446640316206 0.023333333333333334 0.039525691699604744
0 0.4622222222222222 0.5968379446640316 0.01 0.015810276679841896
0 0.6877777777777778 0.6798418972332015 0.014444444444444444 0.025691699604743084
0 0.8755555555555555 0.567193675889328 0.01 0.015810276679841896
0 0.7255555555555555 0.9466403162055336 0.023333333333333334 0.039525691699604744
0 0.07555555555555556 0.5355731225296443 0.01 0.015810276679841896
0 0.43555555555555553 0.5612648221343873 0.01 0.015810276679841896
0 0.9288888888888889 0.7055335968379447 0.014444444444444444 0.025691699604743084
0 0.37666666666666665 0.567193675889328 0.01 0.015810276679841896
0 0.7444444444444445 0.6541501976284585 0.014444444444444444 0.025691699604743084
0 0.9044444444444445 0.9387351778656127 0.023333333333333334 0.039525691699604744
0 0.9677777777777777 0.733201581027668 0.014444444444444444 0.025691699604743084
0 0.6877777777777778 0.6383399209486166 0.014444444444444444 0.025691699604743084
0 0.9888888888888889 0.7015810276679841 0.014444444444444444 0.025691699604743084
0 0.6111111111111112 0.5316205533596838 0.01 0.015810276679841896
0 0.5377777777777778 0.5158102766798419 0.01 0.015810276679841896
0 0.7422222222222222 0.9683794466403162 0.023333333333333334 0.039525691699604744
0 0.19333333333333333 0.5138339920948617 0.01 0.015810276679841896
0 0.5577777777777778 0.5533596837944664 0.01 0.015810276679841896
0 0.8911111111111111 0.4881422924901186 0.01 0.015810276679841896
0 0.97 0.8458498023715415 0.023333333333333334 0.039525691699604744
0 0.6566666666666666 0.5790513833992095 0.01 0.015810276679841896
0 0.034444444444444444 0.6521739130434783 0.014444444444444444 0.025691699604743084
0 0.9822222222222222 0.616600790513834 0.012222222222222223 0.019762845849802372
0 0.18 0.48221343873517786 0.006666666666666667 0.007905138339920948
0 0.35 0.4782608695652174 0.006666666666666667 0.007905138339920948
0 0.8144444444444444 0.6679841897233202 0.014444444444444444 0.025691699604743084
0 0.011111111111111112 0.6837944664031621 0.014444444444444444 0.025691699604743084
0 0.06666666666666667 0.7628458498023716 0.014444444444444444 0.025691699604743084
0 0.1511111111111111 0.5335968379446641 0.01 0.015810276679841896
0 0.12444444444444444 0.7687747035573123 0.014444444444444444 0.025691699604743084
0 0.12111111111111111 0.6482213438735178 0.014444444444444444 0.025691699604743084
0 0.19777777777777777 0.9604743083003953 0.023333333333333334 0.039525691699604744
0 0.22555555555555556 0.5988142292490118 0.01 0.015810276679841896
0 0.9 0.9802371541501976 0.023333333333333334 0.039525691699604744
0 0.8466666666666667 0.5237154150197628 0.01 0.015810276679841896
0 0.3811111111111111 0.6067193675889329 0.01 0.015810276679841896
0 0.8655555555555555 0.8043478260869565 0.023333333333333334 0.039525691699604744
0 0.4666666666666667 0.5612648221343873 0.01 0.015810276679841896
0 0.04666666666666667 0.5909090909090909 0.011111111111111112 0.017786561264822136
0 0.5811111111111111 0.49604743083003955 0.01 0.015810276679841896
0 0.6166666666666667 0.6778656126482213 0.014444444444444444 0.025691699604743084
0 0.44666666666666666 0.4782608695652174 0.006666666666666667 0.007905138339920948
0 0.5122222222222222 0.7114624505928854 0.014444444444444444 0.025691699604743084
0 0.42 0.48221343873517786 0.006666666666666667 0.007905138339920948
0 0.5388888888888889 0.5533596837944664 0.01 0.015810276679841896
0 0.011111111111111112 0.5316205533596838 0.011111111111111112 0.017786561264822136
0 0.20444444444444446 0.7845849802371542 0.023333333333333334 0.039525691699604744
0 0.45666666666666667 0.5375494071146245 0.01 0.015810276679841896
0 0.16 0.5434782608695652 0.01 0.015810276679841896
0 0.15 0.5079051383399209 0.01 0.015810276679841896
0 0.2833333333333333 0.9426877470355731 0.023333333333333334 0.039525691699604744
0 0.15222222222222223 0.8893280632411067 0.023333333333333334 0.039525691699604744
0 0.59 0.8379446640316206 0.023333333333333334 0.039525691699604744
0 0.9166666666666666 0.8853754940711462 0.023333333333333334 0.039525691699604744
0 0.9688888888888889 0.6403162055335968 0.014444444444444444 0.025691699604743084
0 0.3422222222222222 0.4762845849802372 0.006666666666666667 0.007905138339920948
0 0.3111111111111111 0.6620553359683794 0.014444444444444444 0.025691699604743084
0 0.7977777777777778 0.6739130434782609 0.014444444444444444 0.025691699604743084
0 0.6266666666666667 0.8853754940711462 0.023333333333333334 0.039525691699604744
0 0.35555555555555557 0.5592885375494071 0.01 0.015810276679841896
0 0.4033333333333333 0.8893280632411067 0.023333333333333334 0.039525691699604744
0 0.75 0.7727272727272727 0.014444444444444444 0.025691699604743084
0 0.6377777777777778 0.6462450592885376 0.014444444444444444 0.025691699604743084
0 0.3022222222222222 0.6936758893280632 0.014444444444444444 0.025691699604743084
0 0.08444444444444445 0.6561264822134387 0.014444444444444444 0.025691699604743084
0 0.6888888888888889 0.6996047430830039 0.014444444444444444 0.025691699604743084
0 0.5644444444444444 0.7193675889328063 0.014444444444444444 0.025691699604743084
0 0.5888888888888889 0.48023715415019763 0.006666666666666667 0.007905138339920948
0 0.8266666666666667 0.5296442687747036 0.01 0.015810276679841896
0 0.2411111111111111 0.6007905138339921 0.01 0.015810276679841896
0 0.8966666666666666 0.49209486166007904 0.01 0.015810276679841896
0 0.9777777777777777 0.7154150197628458 0.014444444444444444 0.025691699604743084
0 0.6811111111111111 0.7371541501976284 0.014444444444444444 0.025691699604743084
0 0.42444444444444446 0.5098814229249012 0.01 0.015810276679841896
0 0.8466666666666667 0.541501976284585 0.01 0.015810276679841896
0 0.6511111111111111 0.49604743083003955 0.01 0.015810276679841896
0 0.8211111111111111 0.7035573122529645 0.014444444444444444 0.025691699604743084
0 0.30777777777777776 0.8794466403162056 0.023333333333333334 0.039525691699604744
0 0.1622222222222222 0.5 0.01 0.015810276679841896
0 0.9066666666666666 0.7707509881422925 0.014444444444444444 0.025691699604743084
0 0.49444444444444446 0.5217391304347826 0.01 0.015810276679841896
0 0.52 0.8221343873517787 0.023333333333333334 0.039525691699604744
0 0.2311111111111111 0.4782608695652174 0.006666666666666667 0.007905138339920948
0 0.2722222222222222 0.5968379446640316 0.01 0.015810276679841896
0 0.005555555555555556 0.6324110671936759 0.014444444444444444 0.025691699604743084
0 0.3 0.48023715415019763 0.006666666666666667 0.007905138339920948
0 0.5122222222222222 0.5197628458498024 0.01 0.015810276679841896
0 0.04888888888888889 0.5237154150197628 0.01 0.015810276679841896
0 0.61 0.6976284584980237 0.014444444444444444 0.025691699604743084
0 0.7488888888888889 0.7944664031620553 0.023333333333333334 0.039525691699604744
0 0.7288888888888889 0.616600790513834 0.01 0.015810276679841896
0 0.24333333333333335 0.932806324110672 0.023333333333333334 0.039525691699604744
0 0.48 0.8853754940711462 0.023333333333333334 0.039525691699604744
0 0.5622222222222222 0.6976284584980237 0.014444444444444444 0.025691699604743084
0 0.08 0.5138339920948617 0.01 0.015810276679841896
0 0.5044444444444445 0.466403162055336 0.006666666666666667 0.007905138339920948
0 0.1111111111111111 0.5177865612648221 0.01 0.015810276679841896
0 0.3566666666666667 0.7549407114624506 0.014444444444444444 0.025691699604743084
0 0.9744444444444444 0.7687747035573123 0.016666666666666666 0.02766798418972332
0 0.82 0.4881422924901186 0.006666666666666667 0.007905138339920948
0 0.5777777777777777 0.4762845849802372 0.006666666666666667 0.007905138339920948
0 0.03666666666666667 0.6956521739130435 0.014444444444444444 0.025691699604743084
0 0.20666666666666667 0.616600790513834 0.01 0.015810276679841896
0 0.8611111111111112 0.541501976284585 0.01 0.015810276679841896
0 0.12555555555555556 0.6996047430830039 0.014444444444444444 0.025691699604743084
0 0.5388888888888889 0.7766798418972332 0.014444444444444444 0.025691699604743084
0 0.32666666666666666 0.4683794466403162 0.006666666666666667 0.007905138339920948
0 0.76 0.66600790513834 0.014444444444444444 0.025691699604743084
0 0.43444444444444447 0.8656126482213439 0.023333333333333334 0.039525691699604744
0 0.2111111111111111 0.4901185770750988 0.006666666666666667 0.007905138339920948
0 0.011111111111111112 0.7648221343873518 0.01888888888888889 0.03162055335968379
0 0.6366666666666667 0.7114624505928854 0.014444444444444444 0.025691699604743084
0 0.6611111111111111 0.48221343873517786 0.006666666666666667 0.007905138339920948
0 0.5122222222222222 0.7430830039525692 0.014444444444444444 0.025691699604743084
0 0.5266666666666666 0.9407114624505929 0.023333333333333334 0.039525691699604744
0 0.87 0.7430830039525692 0.014444444444444444 0.025691699604743084
0 0.012222222222222223 0.7134387351778656 0.014444444444444444 0.025691699604743084
0 0.69 0.7944664031620553 0.023333333333333334 0.039525691699604744
0 0.6811111111111111 0.5434782608695652 0.01 0.015810276679841896
0 0.7366666666666667 0.8932806324110671 0.023333333333333334 0.039525691699604744
0 0.8911111111111111 0.8102766798418972 0.023333333333333334 0.039525691699604744
0 0.5422222222222223 0.5889328063241107 0.01 0.015810276679841896
0 0.51 0.5395256916996047 0.01 0.015810276679841896
0 0.5277777777777778 0.567193675889328 0.01 0.015810276679841896
0 0.91 0.8596837944664032 0.023333333333333334 0.039525691699604744
0 0.5633333333333334 0.6877470355731226 0.014444444444444444 0.025691699604743084
0 0.9255555555555556 0.7707509881422925 0.014444444444444444 0.025691699604743084
0 0.45 0.9407114624505929 0.023333333333333334 0.039525691699604744
0 0.24666666666666667 0.5592885375494071 0.01 0.015810276679841896
0 0.08444444444444445 0.616600790513834 0.01 0.015810276679841896
0 0.7322222222222222 0.49209486166007904 0.006666666666666667 0.007905138339920948
0 0.23555555555555555 0.974308300395257 0.023333333333333334 0.039525691699604744
0 0.4955555555555556 0.5375494071146245 0.01 0.015810276679841896
0 0.10333333333333333 0.9209486166007905 0.023333333333333334 0.039525691699604744
0 0.22666666666666666 0.5098814229249012 0.01 0.015810276679841896
0 0.8766666666666667 0.6521739130434783 0.014444444444444444 0.025691699604743084
0 0.5688888888888889 0.4743083003952569 0.006666666666666667 0.007905138339920948
0 0.34 0.48221343873517786 0.006666666666666667 0.007905138339920948
0 0.7244444444444444 0.7055335968379447 0.014444444444444444 0.025691699604743084
0 0.11 0.7806324110671937 0.014444444444444444 0.025691699604743084
0 0.8055555555555556 0.8063241106719368 0.023333333333333334 0.039525691699604744
0 0.47555555555555556 0.5928853754940712 0.01 0.015810276679841896
0 0.39666666666666667 0.5869565217391305 0.01 0.015810276679841896
0 0.9422222222222222 0.5968379446640316 0.01 0.015810276679841896
0 0.6522222222222223 0.9169960474308301 0.023333333333333334 0.039525691699604744
0 0.5344444444444445 0.49604743083003955 0.01 0.015810276679841896
0 0.8822222222222222 0.6877470355731226 0.014444444444444444 0.025691699604743084
0 0.4633333333333333 0.741106719367589 0.014444444444444444 0.025691699604743084
0 0.20777777777777778 0.4743083003952569 0.006666666666666667 0.007905138339920948
0 0.9733333333333334 0.6699604743083004 0.014444444444444444 0.025691699604743084
0 0.7633333333333333 0.8063241106719368 0.023333333333333334 0.039525691699604744
0 0.8455555555555555 0.8893280632411067 0.023333333333333334 0.039525691699604744
0 0.36 0.6027667984189723 0.01 0.015810276679841896
0 0.54 0.7450592885375494 0.014444444444444444 0.025691699604743084
0 0.7966666666666666 0.5711462450592886 0.01 0.015810276679841896
0 0.6888888888888889 0.7213438735177866 0.014444444444444444 0.025691699604743084
0 0.6844444444444444 0.6205533596837944 0.014444444444444444 0.025691699604743084
0 0.9066666666666666 0.6600790513833992 0.014444444444444444 0.025691699604743084
0 0.05555555555555555 0.7529644268774703 0.014444444444444444 0.025691699604743084
0 0.23444444444444446 0.8735177865612648 0.023333333333333334 0.039525691699604744
0 0.26 0.5869565217391305 0.01 0.015810276679841896
0 0.7777777777777778 0.5849802371541502 0.01 0.015810276679841896
0 0.8588888888888889 0.5652173913043478 0.01 0.015810276679841896
0 0.8722222222222222 0.7154150197628458 0.014444444444444444 0.025691699604743084
0 0.3933333333333333 0.6324110671936759 0.014444444444444444 0.025691699604743084
0 0.6911111111111111 0.4762845849802372 0.006666666666666667 0.007905138339920948
0 0.63 0.5434782608695652 0.01 0.015810276679841896
0 0.6744444444444444 0.9407114624505929 0.023333333333333334 0.039525691699604744
0 0.5866666666666667 0.808300395256917 0.023333333333333334 0.039525691699604744
0 0.5855555555555556 0.5652173913043478 0.01 0.015810276679841896
0 0.46 0.5790513833992095 0.01 0.015810276679841896
0 0.74 0.4782608695652174 0.006666666666666667 0.007905138339920948
0 0.43777777777777777 0.5019762845849802 0.01 0.015810276679841896
0 0.40444444444444444 0.6541501976284585 0.014444444444444444 0.025691699604743084
0 0.7277777777777777 0.4762845849802372 0.006666666666666667 0.007905138339920948
0 0.8155555555555556 0.7786561264822134 0.014444444444444444 0.025691699604743084
0 0.20222222222222222 0.924901185770751 0.023333333333333334 0.039525691699604744
0 0.8744444444444445 0.6245059288537549 0.014444444444444444 0.025691699604743084
0 0.015555555555555555 0.7371541501976284 0.014444444444444444 0.025691699604743084
0 0.9266666666666666 0.5849802371541502 0.01 0.015810276679841896
0 0.8466666666666667 0.6600790513833992 0.014444444444444444 0.025691699604743084
0 0.41444444444444445 0.7727272727272727 0.014444444444444444 0.025691699604743084
0 0.09444444444444444 0.8260869565217391 0.023333333333333334 0.039525691699604744
0 0.5455555555555556 0.48023715415019763 0.006666666666666667 0.007905138339920948
0 0.8688888888888889 0.6798418972332015 0.014444444444444444 0.025691699604743084
0 0.27111111111111114 0.5158102766798419 0.01 0.015810276679841896
0 0.5588888888888889 0.5889328063241107 0.01 0.015810276679841896
0 0.49 0.4683794466403162 0.006666666666666667 0.007905138339920948
0 0.6244444444444445 0.5217391304347826 0.01 0.015810276679841896
0 0.41333333333333333 0.466403162055336 0.006666666666666667 0.007905138339920948
0 0.18777777777777777 0.4723320158102767 0.006666666666666667 0.007905138339920948
0 0.9433333333333334 0.7450592885375494 0.014444444444444444 0.025691699604743084
0 0.4911111111111111 0.66600790513834 0.014444444444444444 0.025691699604743084
0 0.8488888888888889 0.9703557312252964 0.023333333333333334 0.039525691699604744
0 0.8211111111111111 0.8893280632411067 0.023333333333333334 0.039525691699604744
0 0.3655555555555556 0.5079051383399209 0.01 0.015810276679841896
0 0.6411111111111111 0.7371541501976284 0.014444444444444444 0.025691699604743084
0 0.9911111111111112 0.8359683794466403 0.023333333333333334 0.039525691699604744
0 0.12555555555555556 0.5118577075098815 0.01 0.015810276679841896
0 0.55 0.8300395256916996 0.023333333333333334 0.039525691699604744
0 0.21888888888888888 0.6541501976284585 0.014444444444444444 0.025691699604743084
0 0.9811111111111112 0.5928853754940712 0.011111111111111112 0.017786561264822136
0 0.26666666666666666 0.9940711462450593 0.023333333333333334 0.039525691699604744
0 0.08 0.4723320158102767 0.01 0.015810276679841896
0 0.4211111111111111 0.7233201581027668 0.014444444444444444 0.025691699604743084
0 0.4577777777777778 0.48023715415019763 0.006666666666666667 0.007905138339920948
0 0.39555555555555555 0.4841897233201581 0.006666666666666667 0.007905138339920948
0 0.6388888888888888 0.7806324110671937 0.014444444444444444 0.025691699604743084
0 0.59 0.6185770750988142 0.014444444444444444 0.025691699604743084
0 0.6155555555555555 0.4782608695652174 0.006666666666666667 0.007905138339920948
0 0.9822222222222222 0.5573122529644269 0.01 0.015810276679841896
0 0.4533333333333333 0.8675889328063241 0.023333333333333334 0.039525691699604744
0 0.8077777777777778 0.5810276679841897 0.01 0.015810276679841896
0 0.9166666666666666 0.4841897233201581 0.01 0.015810276679841896
0 0.5922222222222222 0.6304347826086957 0.014444444444444444 0.025691699604743084
0 0.8344444444444444 0.48221343873517786 0.006666666666666667 0.007905138339920948
0 0.3111111111111111 0.5770750988142292 0.01 0.015810276679841896
0 0.4444444444444444 0.66600790513834 0.014444444444444444 0.025691699604743084
0 0.2222222222222222 0.6739130434782609 0.014444444444444444 0.025691699604743084
0 0.5755555555555556 0.6442687747035574 0.014444444444444444 0.025691699604743084
0 0.7477777777777778 0.5217391304347826 0.01 0.015810276679841896
0 0.6422222222222222 0.8932806324110671 0.023333333333333334 0.039525691699604744
0 0.5166666666666667 0.6837944664031621 0.014444444444444444 0.025691699604743084
0 0.4677777777777778 0.6897233201581028 0.014444444444444444 0.025691699604743084
0 0.09111111111111111 0.7984189723320159 0.023333333333333334 0.039525691699604744
0 0.1711111111111111 0.8596837944664032 0.023333333333333334 0.039525691699604744
0 0.2544444444444444 0.7490118577075099 0.014444444444444444 0.025691699604743084
0 0.9766666666666667 0.8023715415019763 0.01888888888888889 0.03162055335968379
0 0.24666666666666667 0.6482213438735178 0.014444444444444444 0.025691699604743084
0 0.5588888888888889 0.5335968379446641 0.01 0.015810276679841896
0 0.5355555555555556 0.66600790513834 0.014444444444444444 0.025691699604743084
0 0.7066666666666667 0.4762845849802372 0.006666666666666667 0.007905138339920948
0 0.7155555555555555 0.83399209486166 0.023333333333333334 0.039525691699604744
0 0.017777777777777778 0.8043478260869565 0.023333333333333334 0.039525691699604744
0 0.3477777777777778 0.8675889328063241 0.023333333333333334 0.039525691699604744
0 0.5577777777777778 0.6719367588932806 0.014444444444444444 0.025691699604743084
0 0.15333333333333332 0.6482213438735178 0.014444444444444444 0.025691699604743084
0 0.20444444444444446 0.7213438735177866 0.014444444444444444 0.025691699604743084
0 0.19777777777777777 0.4881422924901186 0.006666666666666667 0.007905138339920948
0 0.6 0.9011857707509882 0.023333333333333334 0.039525691699604744
0 0.6833333333333333 0.49407114624505927 0.01 0.015810276679841896
0 0.6866666666666666 0.5988142292490118 0.01 0.015810276679841896
0 0.32666666666666666 0.6442687747035574 0.014444444444444444 0.025691699604743084
0 0.18222222222222223 0.5375494071146245 0.01 0.015810276679841896
0 0.7977777777777778 0.5533596837944664 0.01 0.015810276679841896
0 0.46444444444444444 0.5237154150197628 0.01 0.015810276679841896
0 0.13333333333333333 0.6561264822134387 0.014444444444444444 0.025691699604743084
0 0.3622222222222222 0.5375494071146245 0.01 0.015810276679841896
0 0.41555555555555557 0.6324110671936759 0.014444444444444444 0.025691699604743084
0 0.2966666666666667 0.7450592885375494 0.014444444444444444 0.025691699604743084
0 0.8422222222222222 0.5573122529644269 0.01 0.015810276679841896
0 0.9766666666666667 0.7470355731225297 0.016666666666666666 0.02766798418972332
0 0.7866666666666666 0.7529644268774703 0.014444444444444444 0.025691699604743084
0 0.3711111111111111 0.4841897233201581 0.006666666666666667 0.007905138339920948
0 0.8044444444444444 0.9189723320158103 0.023333333333333334 0.039525691699604744
0 0.07111111111111111 0.5632411067193676 0.01 0.015810276679841896
0 0.13777777777777778 0.5830039525691699 0.01 0.015810276679841896
0 0.7166666666666667 0.6067193675889329 0.01 0.015810276679841896
0 0.15 0.45454545454545453 0.006666666666666667 0.007905138339920948
0 0.9422222222222222 0.6363636363636364 0.014444444444444444 0.025691699604743084
0 0.9266666666666666 0.616600790513834 0.01 0.015810276679841896
0 0.8833333333333333 0.8241106719367589 0.023333333333333334 0.039525691699604744
0 0.6577777777777778 0.5513833992094862 0.01 0.015810276679841896
0 0.5422222222222223 0.7272727272727273 0.014444444444444444 0.025691699604743084
0 0.7177777777777777 0.5276679841897233 0.01 0.015810276679841896
0 0.5611111111111111 0.4782608695652174 0.006666666666666667 0.007905138339920948
0 0.48777777777777775 0.7193675889328063 0.014444444444444444 0.025691699604743084
0 0.5566666666666666 0.4881422924901186 0.006666666666666667 0.007905138339920948
0 0.2677777777777778 0.4743083003952569 0.006666666666666667 0.007905138339920948
0 0.9288888888888889 0.4881422924901186 0.01 0.015810276679841896
0 0.92 0.49407114624505927 0.01 0.015810276679841896
0 0.7922222222222223 0.9071146245059288 0.023333333333333334 0.039525691699604744
0 0.8066666666666666 0.6403162055335968 0.014444444444444444 0.025691699604743084
0 0.5844444444444444 0.7154150197628458 0.014444444444444444 0.025691699604743084
0 0.2966666666666667 0.5869565217391305 0.01 0.015810276679841896
0 0.42777777777777776 0.49604743083003955 0.01 0.015810276679841896
0 0.7655555555555555 0.5928853754940712 0.01 0.015810276679841896
0 0.5355555555555556 0.6482213438735178 0.014444444444444444 0.025691699604743084
0 0.9111111111111111 0.717391304347826 0.014444444444444444 0.025691699604743084
0 0.37222222222222223 0.7766798418972332 0.014444444444444444 0.025691699604743084
0 0.058888888888888886 0.6758893280632411 0.014444444444444444 0.025691699604743084
0 0.8733333333333333 0.7786561264822134 0.014444444444444444 0.025691699604743084
0 0.7788888888888889 0.5513833992094862 0.01 0.015810276679841896
0 0.7144444444444444 0.7786561264822134 0.014444444444444444 0.025691699604743084
0 0.14 0.5632411067193676 0.01 0.015810276679841896
0 0.8488888888888889 0.8280632411067194 0.023333333333333334 0.039525691699604744
0 0.6444444444444445 0.5770750988142292 0.01 0.015810276679841896
0 0.4311111111111111 0.4743083003952569 0.006666666666666667 0.007905138339920948
0 0.03888888888888889 0.7450592885375494 0.014444444444444444 0.025691699604743084
0 0.47333333333333333 0.650197628458498 0.014444444444444444 0.025691699604743084
0 0.4177777777777778 0.8162055335968379 0.023333333333333334 0.039525691699604744
0 0.9122222222222223 0.6324110671936759 0.014444444444444444 0.025691699604743084
0 0.82 0.5988142292490118 0.01 0.015810276679841896
0 0.5344444444444445 0.4762845849802372 0.006666666666666667 0.007905138339920948
0 0.8466666666666667 0.6798418972332015 0.014444444444444444 0.025691699604743084
0 0.09888888888888889 0.8853754940711462 0.023333333333333334 0.039525691699604744
0 0.1511111111111111 0.8241106719367589 0.023333333333333334 0.039525691699604744
0 0.4766666666666667 0.5237154150197628 0.01 0.015810276679841896
0 0.6366666666666667 0.5612648221343873 0.01 0.015810276679841896
0 0.05 0.6185770750988142 0.014444444444444444 0.025691699604743084
0 0.7566666666666667 0.48023715415019763 0.006666666666666667 0.007905138339920948
0 0.7855555555555556 0.6225296442687747 0.014444444444444444 0.025691699604743084
0 0.59 0.6699604743083004 0.014444444444444444 0.025691699604743084
0 0.4711111111111111 0.4841897233201581 0.006666666666666667 0.007905138339920948
0 0.8055555555555556 0.4762845849802372 0.006666666666666667 0.007905138339920948
0 0.8311111111111111 0.9150197628458498 0.023333333333333334 0.039525691699604744
0 0.43222222222222223 0.6442687747035574 0.014444444444444444 0.025691699604743084
0 0.07 0.8478260869565217 0.023333333333333334 0.039525691699604744
0 0.6722222222222223 0.49604743083003955 0.01 0.015810276679841896
0 0.5255555555555556 0.5355731225296443 0.01 0.015810276679841896
0 0.052222222222222225 0.7075098814229249 0.014444444444444444 0.025691699604743084
0 0.5422222222222223 0.48221343873517786 0.006666666666666667 0.007905138339920948
0 0.5255555555555556 0.49604743083003955 0.01 0.015810276679841896
0 0.5922222222222222 0.6442687747035574 0.014444444444444444 0.025691699604743084
0 0.4911111111111111 0.6264822134387352 0.014444444444444444 0.025691699604743084
0 0.08222222222222222 0.7450592885375494 0.014444444444444444 0.025691699604743084
0 0.10444444444444445 0.6857707509881423 0.014444444444444444 0.025691699604743084
0 0.8866666666666667 0.733201581027668 0.014444444444444444 0.025691699604743084
0 0.2111111111111111 0.5138339920948617 0.01 0.015810276679841896
0 0.3022222222222222 0.4841897233201581 0.006666666666666667 0.007905138339920948
0 0.9744444444444444 0.5770750988142292 0.01 0.015810276679841896
0 0.3377777777777778 0.7747035573122529 0.014444444444444444 0.025691699604743084
0 0.008888888888888889 0.6047430830039525 0.013333333333333334 0.021739130434782608
0 0.6322222222222222 0.8537549407114624 0.023333333333333334 0.039525691699604744
0 0.6755555555555556 0.6482213438735178 0.014444444444444444 0.025691699604743084
0 0.8255555555555556 0.5830039525691699 0.01 0.015810276679841896
0 0.45 0.5138339920948617 0.01 0.015810276679841896
0 0.6033333333333334 0.7707509881422925 0.014444444444444444 0.025691699604743084
0 0.2788888888888889 0.6936758893280632 0.014444444444444444 0.025691699604743084
0 0.052222222222222225 0.7924901185770751 0.023333333333333334 0.039525691699604744
0 0.44 0.4723320158102767 0.006666666666666667 0.007905138339920948
0 0.8255555555555556 0.7707509881422925 0.014444444444444444 0.025691699604743084
0 0.7611111111111111 0.5316205533596838 0.01 0.015810276679841896
0 0.1411111111111111 0.8517786561264822 0.023333333333333334 0.039525691699604744
0 0.5244444444444445 0.841897233201581 0.023333333333333334 0.039525691699604744
0 0.30333333333333334 0.5158102766798419 0.01 0.015810276679841896
0 0.16555555555555557 0.9407114624505929 0.023333333333333334 0.039525691699604744
0 0.5166666666666667 0.4841897233201581 0.006666666666666667 0.007905138339920948
0 0.36444444444444446 0.5731225296442688 0.01 0.015810276679841896
0 0.87 0.5237154150197628 0.01 0.015810276679841896
0 0.6577777777777778 0.8438735177865613 0.023333333333333334 0.039525691699604744
0 0.8855555555555555 0.5316205533596838 0.01 0.015810276679841896
0 0.5444444444444444 0.48221343873517786 0.006666666666666667 0.007905138339920948
0 0.48333333333333334 0.9347826086956522 0.023333333333333334 0.039525691699604744
0 0.19555555555555557 0.4683794466403162 0.006666666666666667 0.007905138339920948
0 0.3977777777777778 0.4644268774703557 0.006666666666666667 0.007905138339920948
0 0.9377777777777778 0.8774703557312253 0.023333333333333334 0.039525691699604744
0 0.2011111111111111 0.808300395256917 0.023333333333333334 0.039525691699604744
0 0.9511111111111111 0.6739130434782609 0.014444444444444444 0.025691699604743084
0 0.72 0.5533596837944664 0.01 0.015810276679841896
