0 0.82 0.9160419790104948 0.016 0.0239880059970015
0 0.738 0.9370314842578711 0.017 0.02848575712143928
0 0.685 0.974512743628186 0.017 0.02848575712143928
0 0.72 0.9415292353823088 0.017 0.02848575712143928
0 0.411 0.9250374812593704 0.017 0.02848575712143928
0 0.684 0.9295352323838081 0.017 0.02848575712143928
0 0.762 0.9280359820089955 0.017 0.02848575712143928
0 0.906 0.896551724137931 0.016 0.0239880059970015
0 0.611 0.9400299850074962 0.017 0.02848575712143928
0 0.409 0.9835082458770614 0.017 0.02848575712143928
0 0.379 0.9265367316341829 0.017 0.02848575712143928
0 0.572 0.8920539730134932 0.016 0.0239880059970015
0 0.704 0.9295352323838081 0.017 0.02848575712143928
0 0.566 0.9505247376311844 0.017 0.02848575712143928
0 0.855 0.9115442278860569 0.016 0.0239880059970015
0 0.784 0.95952023988006 0.017 0.02848575712143928
0 0.484 0.967016491754123 0.017 0.02848575712143928
0 0.693 0.9280359820089955 0.017 0.02848575712143928
0 0.53 0.904047976011994 0.016 0.0239880059970015
0 0.733 0.9505247376311844 0.017 0.02848575712143928
0 0.594 0.9445277361319341 0.017 0.02848575712143928
0 0.617 0.9325337331334332 0.017 0.02848575712143928
0 0.882 0.9790104947526237 0.017 0.02848575712143928
0 0.875 0.9295352323838081 0.017 0.02848575712143928
0 0.753 0.952023988005997 0.017 0.02848575712143928
0 0.338 0.9535232383808095 0.017 0.02848575712143928
0 0.794 0.9265367316341829 0.017 0.02848575712143928
0 0.649 0.9730134932533733 0.017 0.02848575712143928
0 0.936 0.8935532233883059 0.016 0.0239880059970015
0 0.699 0.9445277361319341 0.017 0.02848575712143928
0 0.532 0.9310344827586207 0.017 0.02848575712143928
0 0.051 0.952023988005997 0.032 0.047976011994003
