0 0.2775607638888889 0.5223765432098766 0.021484375 0.036265432098765434
0 0.07486979166666667 0.6770833333333334 0.014539930555555556 0.03356481481481482
0 0.2916666666666667 0.9564043209876543 0.014539930555555556 0.03356481481481482
0 0.12999131944444445 0.6824845679012346 0.014539930555555556 0.03356481481481482
0 0.9296875 0.2959104938271605 0.016927083333333332 0.040123456790123455
0 0.59765625 0.314429012345679 0.013237847222222222 0.027777777777777776
0 0.2573784722222222 0.6304012345679012 0.014539930555555556 0.03356481481481482
0 0.3322482638888889 0.9575617283950617 0.014539930555555556 0.03356481481481482
0 0.4880642361111111 0.4710648148148148 0.021484375 0.036265432098765434
0 0.11480034722222222 0.251929012345679 0.016927083333333332 0.030864197530864196
0 0.4036458333333333 0.32098765432098764 0.014756944444444444 0.033179012345679014
0 0.2300347222222222 0.2604166666666667 0.016927083333333332 0.030864197530864196
0 0.5247395833333334 0.27276234567901236 0.013237847222222222 0.027777777777777776
0 0.6430121527777778 0.27237654320987653 0.013237847222222222 0.027777777777777776
0 0.031684027777777776 0.6801697530864198 0.014539930555555556 0.03356481481481482
0 0.5909288194444444 0.7847222222222222 0.014539930555555556 0.03356481481481482
0 0.7081163194444444 0.49151234567901236 0.021484375 0.036265432098765434
0 0.1579861111111111 0.6064814814814815 0.014539930555555556 0.03356481481481482
0 0.5362413194444444 0.3414351851851852 0.014756944444444444 0.033179012345679014
0 0.3129340277777778 0.6242283950617284 0.014539930555555556 0.03356481481481482
0 0.3452690972222222 0.5636574074074074 0.014539930555555556 0.03356481481481482
0 0.0837673611111111 0.9953703703703703 0.019965277777777776 0.02854938271604938
0 0.4459635416666667 0.5096450617283951 0.021484375 0.036265432098765434
0 0.19661458333333334 0.6635802469135802 0.014539930555555556 0.03356481481481482
0 0.3943142361111111 0.7376543209876543 0.014539930555555556 0.03356481481481482
0 0.4733072916666667 0.7264660493827161 0.014539930555555556 0.03356481481481482
0 0.6221788194444444 0.6107253086419753 0.014539930555555556 0.03356481481481482
0 0.0818142361111111 0.24691358024691357 0.016927083333333332 0.030864197530864196
0 0.7124565972222222 0.2924382716049383 0.013237847222222222 0.027777777777777776
0 0.4683159722222222 0.33564814814814814 0.014756944444444444 0.033179012345679014
0 0.359375 0.44135802469135804 0.014756944444444444 0.033179012345679014
0 0.6484375 0.5895061728395061 0.014539930555555556 0.03356481481481482
0 0.6963975694444444 0.2619598765432099 0.013237847222222222 0.027777777777777776
0 0.3088107638888889 0.4575617283950617 0.021484375 0.036265432098765434
0 0.1664496527777778 0.5281635802469136 0.021484375 0.036265432098765434
0 0.5444878472222222 0.6604938271604939 0.014539930555555556 0.03356481481481482
0 0.73828125 0.3167438271604938 0.013237847222222222 0.027777777777777776
0 0.22916666666666666 0.5007716049382716 0.021484375 0.036265432098765434
0 0.7931857638888888 0.3013117283950617 0.013237847222222222 0.027777777777777776
0 0.3563368055555556 0.6091820987654321 0.014539930555555556 0.03356481481481482
0 0.2521701388888889 0.25655864197530864 0.016927083333333332 0.030864197530864196
0 0.3185763888888889 0.31905864197530864 0.014756944444444444 0.033179012345679014
0 0.5985243055555556 0.7183641975308642 0.014539930555555556 0.03356481481481482
0 0.248046875 0.9672067901234568 0.014539930555555556 0.03356481481481482
0 0.17881944444444445 0.23881172839506173 0.016927083333333332 0.030864197530864196
0 0.3967013888888889 0.4729938271604938 0.021484375 0.036265432098765434
0 0.2009548611111111 0.6072530864197531 0.014539930555555556 0.03356481481481482
0 0.3648003472222222 0.9544753086419753 0.014539930555555556 0.03356481481481482
0 0.5271267361111112 0.46257716049382713 0.021484375 0.036265432098765434
0 0.564453125 0.7472993827160493 0.014539930555555556 0.03356481481481482
0 0.4782986111111111 0.6435185185185185 0.014539930555555556 0.03356481481481482
