0 0.3001841620626151 0.1919889502762431 0.03314917127071823 0.05110497237569061
0 0.7311233885819521 0.7265193370165746 0.0718232044198895 0.15193370165745856
0 0.20810313075506445 0.24171270718232044 0.020257826887661142 0.03314917127071823
0 0.30386740331491713 0.23204419889502761 0.03314917127071823 0.05110497237569061
0 0.010128913443830571 0.13950276243093923 0.019337016574585635 0.04005524861878453
0 0.2440147329650092 0.7790055248618785 0.03591160220994475 0.08977900552486189
0 0.9438305709023941 0.2223756906077348 0.03314917127071823 0.08149171270718232
0 0.572744014732965 0.4088397790055249 0.034990791896869246 0.06767955801104972
0 0.09944751381215469 0.06906077348066299 0.019337016574585635 0.04005524861878453
0 0.7697974217311234 0.2430939226519337 0.03867403314917127 0.07734806629834254
0 0.6353591160220995 0.18646408839779005 0.02302025782688766 0.055248618784530384
0 0.9530386740331491 0.6215469613259669 0.0718232044198895 0.15193370165745856
0 0.4852670349907919 0.09944751381215469 0.026703499079189688 0.05110497237569061
0 0.6758747697974218 0.19889502762430938 0.02302025782688766 0.055248618784530384
0 0.6777163904235728 0.29972375690607733 0.034990791896869246 0.06767955801104972
0 0.6721915285451197 0.42955801104972374 0.034990791896869246 0.06767955801104972
0 0.19429097605893186 0.9571823204419889 0.06906077348066299 0.0925414364640884
0 0.8167587476979742 0.0649171270718232 0.03406998158379374 0.07320441988950276
0 0.49171270718232046 0.15883977900552487 0.0285451197053407 0.05939226519337017
0 0.5699815837937385 0.30662983425414364 0.034990791896869246 0.06767955801104972
0 0.30939226519337015 0.3356353591160221 0.03130755064456722 0.04696132596685083
0 0.7771639042357275 0.016574585635359115 0.026703499079189688 0.055248618784530384
0 0.641804788213628 0.2541436464088398 0.02302025782688766 0.055248618784530384
0 0.0865561694290976 0.9668508287292817 0.04880294659300184 0.08701657458563536
0 0.056169429097605895 0.7417127071823204 0.04419889502762431 0.0787292817679558
0 0.23756906077348067 0.5359116022099447 0.034990791896869246 0.09116022099447514
0 0.6583793738489871 0.1671270718232044 0.02302025782688766 0.055248618784530384
0 0.20810313075506445 0.7182320441988951 0.05156537753222836 0.11464088397790055
0 0.06077348066298342 0.08839779005524862 0.019337016574585635 0.04005524861878453
0 0.9880294659300184 0.5925414364640884 0.0718232044198895 0.15193370165745856
0 0.5948434622467772 0.2085635359116022 0.02302025782688766 0.055248618784530384
0 0.04788213627992634 0.27486187845303867 0.02117863720073665 0.04005524861878453
0 0.32136279926335176 0.4696132596685083 0.034990791896869246 0.09116022099447514
0 0.6500920810313076 0.3729281767955801 0.034990791896869246 0.06767955801104972
0 0.06629834254143646 0.9433701657458563 0.04419889502762431 0.0787292817679558
0 0.9769797421731123 0.32320441988950277 0.03314917127071823 0.08149171270718232
0 0.2302025782688766 0.26657458563535913 0.027624309392265192 0.052486187845303865
0 0.017495395948434623 0.36187845303867405 0.02117863720073665 0.04005524861878453
0 0.011970534069981584 0.8093922651933702 0.04419889502762431 0.0787292817679558
0 0.6132596685082873 0.7458563535911602 0.0718232044198895 0.15193370165745856
0 0.11878453038674033 0.09944751381215469 0.019337016574585635 0.04005524861878453
0 0.5497237569060773 0.19889502762430938 0.02302025782688766 0.055248618784530384
0 0.44659300184162065 0.0718232044198895 0.02394106813996317 0.049723756906077346
0 0.7090239410681399 0.03591160220994475 0.026703499079189688 0.055248618784530384
0 0.5930018416206262 0.15331491712707182 0.02302025782688766 0.055248618784530384
0 0.6804788213627992 0.09944751381215469 0.026703499079189688 0.055248618784530384
0 0.292817679558011 0.281767955801105 0.03130755064456722 0.04696132596685083
0 0.35267034990791896 0.8218232044198895 0.037753222836095765 0.11049723756906077
0 0.3821362799263352 0.6795580110497238 0.03591160220994475 0.08977900552486189
0 0.06261510128913444 0.669889502762431 0.03591160220994475 0.07458563535911603
0 0.06998158379373849 0.15193370165745856 0.019337016574585635 0.04005524861878453
0 0.3443830570902394 0.08287292817679558 0.02394106813996317 0.049723756906077346
0 0.8425414364640884 0.25 0.03867403314917127 0.07734806629834254
0 0.8195211786372008 0.2513812154696133 0.03867403314917127 0.07734806629834254
0 0.049723756906077346 0.5511049723756906 0.03591160220994475 0.07458563535911603
0 0.3674033149171271 0.6933701657458563 0.03591160220994475 0.08977900552486189
0 0.4732965009208103 0.034530386740331494 0.026703499079189688 0.05110497237569061
0 0.15101289134438306 0.5718232044198895 0.03591160220994475 0.07458563535911603
0 0.5985267034990792 0.09530386740331492 0.019337016574585635 0.04558011049723757
0 0.034990791896869246 0.12154696132596685 0.019337016574585635 0.04005524861878453
0 0.5681399631675875 0.07596685082872928 0.019337016574585635 0.04558011049723757
0 0.9825046040515654 0.5455801104972375 0.04696132596685083 0.09530386740331492
0 0.7753222836095764 0.2803867403314917 0.03867403314917127 0.07734806629834254
0 0.017495395948434623 0.4005524861878453 0.02117863720073665 0.04005524861878453
0 0.7808471454880295 0.7859116022099447 0.0718232044198895 0.15193370165745856
0 0.0285451197053407 0.6422651933701657 0.03591160220994475 0.07458563535911603
0 0.9972375690607734 0.24171270718232044 0.03314917127071823 0.08149171270718232
0 0.861878453038674 0.6091160220994475 0.0718232044198895 0.15193370165745856
0 0.5009208103130756 0.919889502762431 0.037753222836095765 0.11049723756906077
0 0.35451197053406996 0.47651933701657456 0.034990791896869246 0.09116022099447514
0 0.3324125230202578 0.21408839779005526 0.03314917127071823 0.05110497237569061
0 0.3029465930018416 0.5994475138121547 0.03591160220994475 0.07458563535911603
0 0.3370165745856354 0.6229281767955801 0.034990791896869246 0.09116022099447514
0 0.7090239410681399 0.4102209944751381 0.034990791896869246 0.06767955801104972
0 0.2440147329650092 0.4143646408839779 0.037753222836095765 0.062154696132596686
0 0.9723756906077348 0.7651933701657458 0.0718232044198895 0.15193370165745856
0 0.7642725598526704 0.3149171270718232 0.03867403314917127 0.07734806629834254
0 0.09116022099447514 0.13535911602209943 0.019337016574585635 0.04005524861878453
0 0.5966850828729282 0.45027624309392267 0.05985267034990792 0.11878453038674033
0 0.3867403314917127 0.1464088397790055 0.03314917127071823 0.05110497237569061
0 0.9898710865561694 0.09116022099447514 0.022099447513812154 0.04834254143646409
0 0.4143646408839779 0.17541436464088397 0.0432780847145488 0.07734806629834254
0 0.26979742173112337 0.5469613259668509 0.03591160220994475 0.07458563535911603
0 0.08195211786372007 0.8453038674033149 0.04880294659300184 0.08701657458563536
0 0.022099447513812154 0.7596685082872928 0.04419889502762431 0.0787292817679558
0 0.44014732965009207 0.9046961325966851 0.037753222836095765 0.11049723756906077
0 0.10865561694290976 0.3356353591160221 0.03406998158379374 0.058011049723756904
0 0.8379373848987108 0.3425414364640884 0.04880294659300184 0.10911602209944751
0 0.5985267034990792 0.05110497237569061 0.019337016574585635 0.04558011049723757
0 0.11233885819521179 0.7900552486187845 0.04880294659300184 0.08701657458563536
0 0.01565377532228361 0.6546961325966851 0.03591160220994475 0.07458563535911603
0 0.8158379373848987 0.2596685082872928 0.03867403314917127 0.07734806629834254
0 0.861878453038674 0.7168508287292817 0.0718232044198895 0.15193370165745856
0 0.2136279926335175 0.511049723756906 0.034990791896869246 0.09116022099447514
0 0.011049723756906077 0.8577348066298343 0.04419889502762431 0.0787292817679558
0 0.511049723756906 0.35497237569060774 0.04143646408839779 0.10082872928176796
0 0.289134438305709 0.6574585635359116 0.03591160220994475 0.08977900552486189
0 0.2532228360957643 0.23480662983425415 0.020257826887661142 0.03314917127071823
0 0.3453038674033149 0.019337016574585635 0.02394106813996317 0.049723756906077346
0 0.26519337016574585 0.17403314917127072 0.03314917127071823 0.05110497237569061
0 0.651012891344383 0.03591160220994475 0.019337016574585635 0.04558011049723757
0 0.643646408839779 0.7748618784530387 0.0718232044198895 0.15193370165745856
0 0.5101289134438306 0.08977900552486189 0.026703499079189688 0.05110497237569061
0 0.11786372007366483 0.9116022099447514 0.04880294659300184 0.08701657458563536
0 0.4116022099447514 0.47375690607734805 0.034990791896869246 0.09116022099447514
0 0.8011049723756906 0.31767955801104975 0.03867403314917127 0.07734806629834254
0 0.496316758747698 0.008287292817679558 0.026703499079189688 0.05110497237569061
0 0.15377532228360957 0.23756906077348067 0.020257826887661142 0.03314917127071823
0 0.427255985267035 0.4046961325966851 0.03222836095764273 0.058011049723756904
0 0.2918968692449355 0.6947513812154696 0.03591160220994475 0.08977900552486189
0 0.0718232044198895 0.3411602209944751 0.03406998158379374 0.058011049723756904
0 0.9696132596685083 0.2527624309392265 0.03314917127071823 0.08149171270718232
0 0.08839779005524862 0.3674033149171271 0.03406998158379374 0.058011049723756904
0 0.5939226519337016 0.3729281767955801 0.034990791896869246 0.06767955801104972
0 0.8425414364640884 0.835635359116022 0.0718232044198895 0.15193370165745856
0 0.02578268876611418 0.4281767955801105 0.02117863720073665 0.04005524861878453
0 0.06261510128913444 0.4005524861878453 0.03406998158379374 0.058011049723756904
0 0.2430939226519337 0.6146408839779005 0.03591160220994475 0.07458563535911603
0 0.11141804788213629 0.600828729281768 0.03591160220994475 0.07458563535911603
0 0.7136279926335175 0.6367403314917127 0.0718232044198895 0.15193370165745856
0 0.716390423572744 0.7624309392265194 0.0718232044198895 0.15193370165745856
0 0.5469613259668509 0.06353591160220995 0.019337016574585635 0.04558011049723757
0 0.283609576427256 0.06629834254143646 0.02117863720073665 0.04143646408839779
0 0.7228360957642725 0.3453038674033149 0.034990791896869246 0.06767955801104972
0 0.1685082872928177 0.031767955801104975 0.02117863720073665 0.04143646408839779
0 0.24493554327808473 0.6685082872928176 0.03591160220994475 0.08977900552486189
0 0.16298342541436464 0.7458563535911602 0.04880294659300184 0.08701657458563536
0 0.8968692449355433 0.22375690607734808 0.03314917127071823 0.08149171270718232
0 0.7274401473296501 0.2886740331491713 0.03867403314917127 0.07734806629834254
0 0.4585635359116022 0.11878453038674033 0.0285451197053407 0.05939226519337017
0 0.7467771639042358 0.029005524861878452 0.026703499079189688 0.055248618784530384
0 0.20626151012891344 0.5649171270718232 0.03591160220994475 0.07458563535911603
0 0.6813996316758748 0.023480662983425413 0.026703499079189688 0.055248618784530384
0 0.8121546961325967 0.6574585635359116 0.0718232044198895 0.15193370165745856
0 0.40423572744014735 0.5469613259668509 0.034990791896869246 0.09116022099447514
0 0.6970534069981584 0.48480662983425415 0.034990791896869246 0.06767955801104972
0 0.15377532228360957 0.6961325966850829 0.03591160220994475 0.07458563535911603
0 0.6353591160220995 0.3328729281767956 0.034990791896869246 0.06767955801104972
0 0.7495395948434622 0.3770718232044199 0.04880294659300184 0.10911602209944751
0 0.4852670349907919 0.8093922651933702 0.037753222836095765 0.11049723756906077
0 0.19244935543278086 0.28314917127071826 0.020257826887661142 0.03314917127071823
0 0.009208103130755065 0.7030386740331491 0.03591160220994475 0.07458563535911603
0 0.2863720073664825 0.022099447513812154 0.02117863720073665 0.04143646408839779
0 0.23848987108655617 0.07596685082872928 0.02117863720073665 0.04143646408839779
0 0.7108655616942909 0.11049723756906077 0.026703499079189688 0.055248618784530384
0 0.19152854511970535 0.009668508287292817 0.02117863720073665 0.04143646408839779
0 0.016574585635359115 0.9447513812154696 0.04419889502762431 0.0787292817679558
0 0.3775322283609576 0.9129834254143646 0.037753222836095765 0.11049723756906077
0 0.27532228360957645 0.38812154696132595 0.037753222836095765 0.062154696132596686
0 0.6740331491712708 0.5151933701657458 0.034990791896869246 0.06767955801104972
0 0.3241252302025783 0.2955801104972376 0.03130755064456722 0.04696132596685083
0 0.7559852670349908 0.09392265193370165 0.03406998158379374 0.07320441988950276
0 0.17863720073664824 0.6450276243093923 0.03591160220994475 0.07458563535911603
0 0.5736648250460405 0.8176795580110497 0.0718232044198895 0.15193370165745856
0 0.5662983425414365 0.4696132596685083 0.034990791896869246 0.06767955801104972
0 0.4143646408839779 0.011049723756906077 0.02394106813996317 0.049723756906077346
0 0.6335174953959485 0.023480662983425413 0.019337016574585635 0.04558011049723757
0 0.9097605893186004 0.6243093922651933 0.0718232044198895 0.15193370165745856
0 0.787292817679558 0.4129834254143646 0.04880294659300184 0.10911602209944751
0 0.6325966850828729 0.22099447513812154 0.02302025782688766 0.055248618784530384
0 0.3259668508287293 0.5814917127071824 0.034990791896869246 0.09116022099447514
0 0.21178637200736647 0.06077348066298342 0.02117863720073665 0.04143646408839779
0 0.1408839779005525 0.6505524861878453 0.03591160220994475 0.07458563535911603
0 0.19337016574585636 0.09116022099447514 0.02117863720073665 0.04143646408839779
0 0.3858195211786372 0.1298342541436464 0.0285451197053407 0.05939226519337017
0 0.40423572744014735 0.8895027624309392 0.037753222836095765 0.11049723756906077
0 0.9373848987108656 0.35497237569060774 0.03314917127071823 0.08149171270718232
0 0.9815837937384899 0.19751381215469613 0.03314917127071823 0.08149171270718232
0 0.1427255985267035 0.31215469613259667 0.020257826887661142 0.03314917127071823
0 0.11233885819521179 0.6878453038674033 0.03591160220994475 0.07458563535911603
