0 0.07561728395061729 0.5801504629629629 0.06732253086419752 0.16001157407407407
0 0.6628086419753086 0.5292245370370371 0.02797067901234568 0.07118055555555555
0 0.7154706790123457 0.47800925925925924 0.02334104938271605 0.021122685185185185
0 0.007137345679012345 0.47366898148148145 0.017361111111111112 0.051215277777777776
0 0.03993055555555555 0.4710648148148148 0.017361111111111112 0.051215277777777776
0 0.5875771604938271 0.47193287037037035 0.02199074074074074 0.03356481481481482
0 0.2021604938271605 0.5066550925925926 0.042631172839506175 0.03993055555555555
0 0.9664351851851852 0.6059027777777778 0.05401234567901234 0.125
0 0.24266975308641975 0.5324074074074074 0.03202160493827161 0.03877314814814815
0 0.17978395061728394 0.49189814814814814 0.042631172839506175 0.03993055555555555
0 0.0798611111111111 0.4777199074074074 0.042631172839506175 0.03993055555555555
0 0.2708333333333333 0.4644097222222222 0.03202160493827161 0.03877314814814815
0 0.6057098765432098 0.5402199074074074 0.02797067901234568 0.04369212962962963
0 0.5601851851851852 0.4771412037037037 0.01253858024691358 0.022569444444444444
0 0.3427854938271605 0.5243055555555556 0.042631172839506175 0.09490740740740741
0 0.701195987654321 0.7505787037037037 0.09471450617283951 0.2025462962962963
0 0.9673996913580247 0.5509259259259259 0.025848765432098766 0.06105324074074074
0 0.7590663580246914 0.4777199074074074 0.02334104938271605 0.021122685185185185
0 0.2193287037037037 0.4852430555555556 0.03202160493827161 0.03877314814814815
0 0.3819444444444444 0.47366898148148145 0.026041666666666668 0.05873842592592592
0 0.7096836419753086 0.5405092592592593 0.02797067901234568 0.07118055555555555
0 0.5320216049382716 0.4774305555555556 0.018518518518518517 0.02980324074074074
0 0.9895833333333334 0.5405092592592593 0.025848765432098766 0.06105324074074074
0 0.8389274691358025 0.5494791666666666 0.026041666666666668 0.0787037037037037
0 0.4184027777777778 0.5005787037037037 0.026041666666666668 0.05873842592592592
0 0.17727623456790123 0.6030092592592593 0.06732253086419752 0.16001157407407407
0 0.8207947530864198 0.6724537037037037 0.08738425925925926 0.1762152777777778
0 0.7912808641975309 0.5711805555555556 0.034722222222222224 0.09635416666666667
0 0.43962191358024694 0.6290509259259259 0.06018518518518518 0.2013888888888889
0 0.002700617283950617 0.5135995370370371 0.017361111111111112 0.051215277777777776
0 0.3211805555555556 0.6611689814814815 0.06732253086419752 0.16001157407407407
0 0.6410108024691358 0.578125 0.034722222222222224 0.061342592592592594
0 0.13387345679012347 0.4930555555555556 0.042631172839506175 0.03993055555555555
0 0.11265432098765432 0.4615162037037037 0.00945216049382716 0.019965277777777776
0 0.041859567901234566 0.5202546296296297 0.017361111111111112 0.051215277777777776
0 0.44463734567901236 0.4713541666666667 0.021219135802469136 0.042534722222222224
0 0.6886574074074074 0.4597800925925926 0.02334104938271605 0.021122685185185185
0 0.6224922839506173 0.4930555555555556 0.02854938271604938 0.044849537037037035
0 0.9984567901234568 0.37528935185185186 0.0007716049382716049 0.03501157407407408
0 0.7650462962962963 0.4866898148148148 0.02334104938271605 0.021122685185185185
0 0.9679783950617284 0.4939236111111111 0.019483024691358024 0.03356481481481482
0 0.5084876543209876 0.6027199074074074 0.09471450617283951 0.2025462962962963
0 0.8101851851851852 0.5101273148148148 0.024112654320987654 0.032407407407407406
0 0.9060570987654321 0.5697337962962963 0.05401234567901234 0.125
0 0.4255401234567901 0.47337962962962965 0.021219135802469136 0.042534722222222224
0 0.7488425925925926 0.5208333333333334 0.02797067901234568 0.07118055555555555
0 0.8744212962962963 0.38917824074074076 0.031635802469135804 0.06336805555555555
0 0.7555941358024691 0.5830439814814815 0.025848765432098766 0.08998842592592593
0 0.4234182098765432 0.4632523148148148 0.021219135802469136 0.042534722222222224
0 0.283179012345679 0.5810185185185185 0.04128086419753087 0.09375
0 0.9004629629629629 0.7277199074074074 0.08738425925925926 0.1762152777777778
0 0.3028549382716049 0.4693287037037037 0.03202160493827161 0.03877314814814815
0 0.3020833333333333 0.4982638888888889 0.03202160493827161 0.03877314814814815
0 0.9438657407407407 0.49247685185185186 0.019483024691358024 0.03356481481481482
0 0.5756172839506173 0.7401620370370371 0.09471450617283951 0.2025462962962963
0 0.6705246913580247 0.47337962962962965 0.02334104938271605 0.021122685185185185
0 0.25733024691358025 0.4930555555555556 0.03202160493827161 0.03877314814814815
0 0.7118055555555556 0.4861111111111111 0.02334104938271605 0.021122685185185185
0 0.0038580246913580245 0.6047453703703703 0.017361111111111112 0.051215277777777776
