0 0.977 0.5742128935532234 0.069 0.11544227886056972
0 0.877 0.5247376311844077 0.069 0.11544227886056972
0 0.211 0.664167916041979 0.094 0.16941529235382308
0 0.767 0.6011994002998501 0.017 0.031484257871064465
0 0.521 0.3403298350824588 0.019 0.03298350824587706
0 0.562 0.5937031484257871 0.03 0.05847076461769116
0 0.33 0.5487256371814093 0.038 0.07196401799100449
0 0.673 0.7091454272863568 0.131 0.21739130434782608
0 0.318 0.5967016491754122 0.038 0.07196401799100449
0 0.866 0.5562218890554723 0.057 0.08395802098950525
0 0.438 0.616191904047976 0.038 0.07196401799100449
0 0.816 0.5997001499250375 0.057 0.08395802098950525
0 0.638 0.5577211394302849 0.075 0.12893553223388307
0 0.586 0.5772113943028486 0.03 0.05847076461769116
0 0.114 0.5787106446776612 0.073 0.14992503748125938
0 0.371 0.5862068965517241 0.038 0.07196401799100449
0 0.229 0.5247376311844077 0.049 0.09745127436281859
0 0.944 0.5427286356821589 0.069 0.11544227886056972
0 0.295 0.3403298350824588 0.019 0.03298350824587706
0 0.508 0.5517241379310345 0.038 0.07196401799100449
0 0.421 0.5562218890554723 0.038 0.07196401799100449
0 0.044 0.5022488755622189 0.073 0.14992503748125938
