0 0.5461538461538461 0.06432748538011696 0.01868131868131868 0.03216374269005848
0 0.7626373626373626 0.027777777777777776 0.02197802197802198 0.039473684210526314
0 0.8274725274725274 0.15058479532163743 0.027472527472527472 0.049707602339181284
0 0.42747252747252745 0.08771929824561403 0.01868131868131868 0.03216374269005848
0 0.13956043956043956 0.09210526315789473 0.01868131868131868 0.03216374269005848
0 0.3824175824175824 0.024853801169590642 0.01868131868131868 0.03216374269005848
0 0.9857142857142858 0.5570175438596491 0.07032967032967033 0.11403508771929824
0 0.8263736263736263 0.22514619883040934 0.016483516483516484 0.03508771929824561
0 0.6824175824175824 0.023391812865497075 0.02197802197802198 0.039473684210526314
0 0.26153846153846155 0.03654970760233918 0.01868131868131868 0.03216374269005848
0 0.4461538461538462 0.023391812865497075 0.01868131868131868 0.03216374269005848
0 0.3373626373626374 0.013157894736842105 0.01868131868131868 0.03216374269005848
0 0.9659340659340659 0.2777777777777778 0.03076923076923077 0.05555555555555555
0 0.15494505494505495 0.01023391812865497 0.01868131868131868 0.03216374269005848
0 0.8934065934065935 0.9210526315789473 0.08131868131868132 0.14327485380116958
0 0.8351648351648352 0.09941520467836257 0.02197802197802198 0.039473684210526314
0 0.01098901098901099 0.027777777777777776 0.01868131868131868 0.03216374269005848
0 0.25054945054945055 0.13304093567251463 0.023076923076923078 0.04093567251461988
0 0.1087912087912088 0.29678362573099415 0.03076923076923077 0.05555555555555555
0 0.3879120879120879 0.24561403508771928 0.03076923076923077 0.05555555555555555
0 0.7549450549450549 0.21198830409356725 0.016483516483516484 0.03508771929824561
0 0.16043956043956045 0.1871345029239766 0.01978021978021978 0.03508771929824561
0 0.21208791208791208 0.03508771929824561 0.01868131868131868 0.03216374269005848
0 0.16483516483516483 0.8216374269005848 0.05054945054945055 0.08333333333333333
0 0.4582417582417582 0.049707602339181284 0.01868131868131868 0.03216374269005848
0 0.2098901098901099 0.007309941520467836 0.015384615384615385 0.03216374269005848
0 0.8428571428571429 0.05555555555555555 0.02197802197802198 0.039473684210526314
0 0.5769230769230769 0.017543859649122806 0.01868131868131868 0.03216374269005848
0 0.36153846153846153 0.3230994152046784 0.03076923076923077 0.05555555555555555
0 0.002197802197802198 0.12426900584795321 0.016483516483516484 0.03508771929824561
0 0.7846153846153846 0.4473684210526316 0.04835164835164835 0.0804093567251462
0 0.7736263736263737 0.36988304093567254 0.03076923076923077 0.05555555555555555
0 0.6758241758241759 0.3157894736842105 0.03076923076923077 0.05555555555555555
0 0.6 0.4108187134502924 0.03076923076923077 0.05555555555555555
0 0.7824175824175824 0.13596491228070176 0.027472527472527472 0.049707602339181284
0 0.9934065934065934 0.06432748538011696 0.015384615384615385 0.03216374269005848
0 0.7505494505494505 0.17251461988304093 0.023076923076923078 0.04093567251461988
0 0.8692307692307693 0.0847953216374269 0.02197802197802198 0.039473684210526314
0 0.00989010989010989 0.06578947368421052 0.015384615384615385 0.027777777777777776
0 0.987912087912088 0.7675438596491229 0.06483516483516484 0.1067251461988304
0 0.6274725274725275 0.5409356725146199 0.05934065934065934 0.097953216374269
0 0.4912087912087912 0.06286549707602339 0.01868131868131868 0.03216374269005848
0 0.9241758241758242 0.07456140350877193 0.02197802197802198 0.039473684210526314
0 0.5527472527472528 0.37280701754385964 0.03076923076923077 0.05555555555555555
0 0.42747252747252745 0.24853801169590642 0.03076923076923077 0.05555555555555555
0 0.3395604395604396 0.06286549707602339 0.01868131868131868 0.03216374269005848
0 0.832967032967033 0.6754385964912281 0.06593406593406594 0.11988304093567251
0 0.6714285714285714 0.3932748538011696 0.03076923076923077 0.05555555555555555
0 0.8054945054945055 0.049707602339181284 0.02197802197802198 0.039473684210526314
0 0.22197802197802197 0.2777777777777778 0.03076923076923077 0.05555555555555555
0 0.3065934065934066 0.25292397660818716 0.03076923076923077 0.05555555555555555
0 0.13186813186813187 0.023391812865497075 0.01868131868131868 0.03216374269005848
0 0.17032967032967034 0.3742690058479532 0.03076923076923077 0.05555555555555555
0 0.36813186813186816 0.06432748538011696 0.01868131868131868 0.03216374269005848
0 0.8967032967032967 0.21929824561403508 0.016483516483516484 0.03508771929824561
0 0.38461538461538464 0.05263157894736842 0.01868131868131868 0.03216374269005848
0 0.6450549450549451 0.019005847953216373 0.02197802197802198 0.039473684210526314
0 0.07802197802197802 0.011695906432748537 0.01868131868131868 0.03216374269005848
0 0.7769230769230769 0.007309941520467836 0.01868131868131868 0.039473684210526314
0 0.2571428571428571 0.1067251461988304 0.023076923076923078 0.04093567251461988
0 0.6043956043956044 0.8888888888888888 0.08131868131868132 0.14327485380116958
0 0.13736263736263737 0.1301169590643275 0.023076923076923078 0.04093567251461988
0 0.9296703296703297 0.029239766081871343 0.02197802197802198 0.039473684210526314
0 0.6912087912087912 0.008771929824561403 0.01868131868131868 0.039473684210526314
0 0.6450549450549451 0.22660818713450293 0.016483516483516484 0.03508771929824561
0 0.4175824175824176 0.30994152046783624 0.03076923076923077 0.05555555555555555
0 0.045054945054945054 0.14181286549707603 0.023076923076923078 0.04093567251461988
0 0.3087912087912088 0.07602339181286549 0.01868131868131868 0.03216374269005848
0 0.9560439560439561 0.22807017543859648 0.016483516483516484 0.03508771929824561
0 0.7747252747252747 0.04532163742690058 0.02197802197802198 0.039473684210526314
0 0.8670329670329671 0.7982456140350878 0.08021978021978023 0.13450292397660818
0 0.06703296703296703 0.07748538011695906 0.01868131868131868 0.03216374269005848
0 0.3131868131868132 0.027777777777777776 0.01868131868131868 0.03216374269005848
0 0.43846153846153846 0.4473684210526316 0.03076923076923077 0.05555555555555555
0 0.7186813186813187 0.2134502923976608 0.016483516483516484 0.03508771929824561
0 0.5692307692307692 0.06725146198830409 0.01868131868131868 0.03216374269005848
0 0.0978021978021978 0.0935672514619883 0.01868131868131868 0.03216374269005848
0 0.4879120879120879 0.3362573099415205 0.03076923076923077 0.05555555555555555
0 0.41208791208791207 0.06578947368421052 0.01868131868131868 0.03216374269005848
0 0.5505494505494506 0.013157894736842105 0.01868131868131868 0.03216374269005848
0 0.8857142857142857 0.09649122807017543 0.02197802197802198 0.039473684210526314
0 0.2868131868131868 0.5029239766081871 0.03956043956043956 0.0804093567251462
0 0.8945054945054945 0.029239766081871343 0.02197802197802198 0.039473684210526314
0 0.5197802197802198 0.29385964912280704 0.03076923076923077 0.05555555555555555
0 0.6252747252747253 0.34210526315789475 0.03076923076923077 0.05555555555555555
0 0.9208791208791208 0.45321637426900585 0.03076923076923077 0.05555555555555555
0 0.8021978021978022 0.024853801169590642 0.02197802197802198 0.039473684210526314
0 0.03956043956043956 0.5 0.03956043956043956 0.0804093567251462
0 0.13186813186813187 0.3538011695906433 0.03076923076923077 0.05555555555555555
0 0.8879120879120879 0.43859649122807015 0.04725274725274725 0.07602339181286549
0 0.2087912087912088 0.5453216374269005 0.03956043956043956 0.0804093567251462
0 0.12857142857142856 0.5497076023391813 0.03956043956043956 0.0804093567251462
0 0.18461538461538463 0.029239766081871343 0.01868131868131868 0.03216374269005848
0 0.015384615384615385 0.19298245614035087 0.01978021978021978 0.03508771929824561
0 0.23846153846153847 0.07456140350877193 0.01868131868131868 0.03216374269005848
0 0.7824175824175824 0.17690058479532164 0.01978021978021978 0.03508771929824561
0 0.08901098901098901 0.4517543859649123 0.03076923076923077 0.05555555555555555
0 0.289010989010989 0.34649122807017546 0.03076923076923077 0.05555555555555555
0 0.4153846153846154 0.5467836257309941 0.03956043956043956 0.0804093567251462
0 0.07912087912087912 0.3055555555555556 0.03076923076923077 0.05555555555555555
0 0.4175824175824176 0.01608187134502924 0.01868131868131868 0.03216374269005848
0 0.3 0.0891812865497076 0.01868131868131868 0.03216374269005848
0 0.36813186813186816 0.008771929824561403 0.015384615384615385 0.03216374269005848
0 0.06373626373626373 0.043859649122807015 0.01868131868131868 0.03216374269005848
0 0.2934065934065934 0.1739766081871345 0.01978021978021978 0.03508771929824561
0 0.03626373626373627 0.27485380116959063 0.03076923076923077 0.05555555555555555
0 0.03076923076923077 0.16374269005847952 0.023076923076923078 0.04093567251461988
0 0.26483516483516484 0.2807017543859649 0.03076923076923077 0.05555555555555555
0 0.08351648351648351 0.04093567251461988 0.01868131868131868 0.03216374269005848
0 0.002197802197802198 0.29678362573099415 0.03076923076923077 0.05555555555555555
0 0.9065934065934066 0.2880116959064328 0.03076923076923077 0.05555555555555555
0 0.689010989010989 0.27631578947368424 0.03076923076923077 0.05555555555555555
0 0.8131868131868132 0.005847953216374269 0.01868131868131868 0.039473684210526314
0 0.37252747252747254 0.4108187134502924 0.03076923076923077 0.05555555555555555
0 0.2879120879120879 0.039473684210526314 0.01868131868131868 0.03216374269005848
0 0.3879120879120879 0.21929824561403508 0.016483516483516484 0.03508771929824561
0 0.4758241758241758 0.013157894736842105 0.01868131868131868 0.03216374269005848
0 0.7461538461538462 0.47953216374269003 0.04835164835164835 0.0804093567251462
0 0.1945054945054945 0.97953216374269 0.08131868131868132 0.14327485380116958
0 0.17032967032967034 0.008771929824561403 0.015384615384615385 0.03216374269005848
0 0.865934065934066 0.3815789473684211 0.03076923076923077 0.05555555555555555
0 0.18461538461538463 0.09064327485380116 0.01868131868131868 0.03216374269005848
0 0.27582417582417584 0.01608187134502924 0.01868131868131868 0.03216374269005848
0 0.6835164835164835 0.44005847953216376 0.03076923076923077 0.05555555555555555
0 0.5538461538461539 0.23538011695906433 0.02857142857142857 0.04824561403508772
0 0.1989010989010989 0.1739766081871345 0.01978021978021978 0.03508771929824561
0 0.46373626373626375 0.03508771929824561 0.01868131868131868 0.03216374269005848
0 0.7923076923076923 0.25292397660818716 0.03076923076923077 0.05555555555555555
0 0.33296703296703295 0.4152046783625731 0.03076923076923077 0.05555555555555555
0 0.12857142857142856 0.2997076023391813 0.03076923076923077 0.05555555555555555
0 0.8406593406593407 0.02046783625730994 0.02197802197802198 0.039473684210526314
0 0.4593406593406593 0.27485380116959063 0.03076923076923077 0.05555555555555555
0 0.0912087912087912 0.20321637426900585 0.01978021978021978 0.03508771929824561
0 0.8714285714285714 0.21198830409356725 0.016483516483516484 0.03508771929824561
0 0.7142857142857143 0.18128654970760233 0.01978021978021978 0.03508771929824561
0 0.5824175824175825 0.05847953216374269 0.01868131868131868 0.03216374269005848
0 0.9846153846153847 0.35526315789473684 0.03076923076923077 0.05555555555555555
0 0.16263736263736264 0.25584795321637427 0.03076923076923077 0.05555555555555555
0 0.7626373626373626 0.08625730994152046 0.02197802197802198 0.039473684210526314
0 0.5494505494505495 0.1739766081871345 0.01978021978021978 0.03508771929824561
0 0.7527472527472527 0.12573099415204678 0.027472527472527472 0.049707602339181284
0 0.5428571428571428 0.7309941520467836 0.03956043956043956 0.0804093567251462
0 0.9516483516483516 0.04093567251461988 0.02197802197802198 0.039473684210526314
0 0.5065934065934066 0.20760233918128654 0.016483516483516484 0.03508771929824561
0 0.5912087912087912 0.4444444444444444 0.03076923076923077 0.05555555555555555
0 0.9703296703296703 0.6301169590643275 0.07032967032967033 0.11403508771929824
0 0.8736263736263736 0.01608187134502924 0.02197802197802198 0.039473684210526314
0 0.020879120879120878 0.0847953216374269 0.01868131868131868 0.03216374269005848
0 0.5736263736263736 0.49122807017543857 0.03956043956043956 0.0804093567251462
0 0.10659340659340659 0.7543859649122807 0.05054945054945055 0.08333333333333333
0 0.06373626373626373 0.2412280701754386 0.03076923076923077 0.05555555555555555
0 0.4736263736263736 0.5321637426900585 0.03956043956043956 0.0804093567251462
0 0.6582417582417582 0.6271929824561403 0.06263736263736264 0.08771929824561403
0 0.45494505494505494 0.0804093567251462 0.01868131868131868 0.03216374269005848
0 0.23186813186813188 0.054093567251461985 0.01868131868131868 0.03216374269005848
0 0.24835164835164836 0.005847953216374269 0.015384615384615385 0.03216374269005848
0 0.04395604395604396 0.008771929824561403 0.015384615384615385 0.03216374269005848
0 0.1835164835164835 0.5906432748538012 0.03956043956043956 0.0804093567251462
