0 0.13125 0.6790352504638218 0.003125 0.00927643784786642
0 0.21666666666666667 0.6716141001855288 0.003125 0.00927643784786642
0 0.259375 0.6753246753246753 0.003125 0.00927643784786642
0 0.6010416666666667 0.7346938775510204 0.014583333333333334 0.022263450834879406
0 0.771875 0.75139146567718 0.014583333333333334 0.022263450834879406
0 0.8885416666666667 0.6975881261595547 0.011458333333333333 0.01855287569573284
0 0.8677083333333333 0.7365491651205937 0.014583333333333334 0.022263450834879406
0 0.7322916666666667 0.7606679035250464 0.014583333333333334 0.022263450834879406
0 0.3177083333333333 0.6641929499072357 0.003125 0.00927643784786642
0 0.005208333333333333 0.6827458256029685 0.011458333333333333 0.01855287569573284
0 0.46770833333333334 0.7012987012987013 0.014583333333333334 0.022263450834879406
0 0.7322916666666667 0.9499072356215214 0.022916666666666665 0.05009276437847866
0 0.07604166666666666 0.6790352504638218 0.003125 0.00927643784786642
0 0.13229166666666667 0.7031539888682746 0.014583333333333334 0.022263450834879406
0 0.16145833333333334 0.6901669758812616 0.003125 0.00927643784786642
0 0.23958333333333334 0.699443413729128 0.014583333333333334 0.022263450834879406
0 0.22395833333333334 0.6660482374768089 0.003125 0.00927643784786642
0 0.0125 0.6827458256029685 0.011458333333333333 0.01855287569573284
0 0.33125 0.6938775510204082 0.005208333333333333 0.011131725417439703
0 0.7260416666666667 0.6679035250463822 0.003125 0.00927643784786642
0 0.17291666666666666 0.6586270871985158 0.003125 0.00927643784786642
0 0.978125 0.7328385899814471 0.014583333333333334 0.022263450834879406
0 0.5416666666666666 0.8181818181818182 0.022916666666666665 0.05009276437847866
0 0.8875 0.7346938775510204 0.014583333333333334 0.022263450834879406
0 0.503125 0.7755102040816326 0.014583333333333334 0.022263450834879406
0 0.19375 0.6660482374768089 0.003125 0.00927643784786642
0 0.11666666666666667 0.673469387755102 0.003125 0.00927643784786642
0 0.7052083333333333 0.6716141001855288 0.003125 0.00927643784786642
0 0.10729166666666666 0.6790352504638218 0.003125 0.00927643784786642
0 0.021875 0.7476808905380334 0.014583333333333334 0.022263450834879406
0 0.328125 0.686456400742115 0.003125 0.00927643784786642
0 0.38229166666666664 0.712430426716141 0.014583333333333334 0.022263450834879406
0 0.7447916666666666 0.6790352504638218 0.003125 0.00927643784786642
0 0.9322916666666666 0.7179962894248608 0.014583333333333334 0.022263450834879406
0 0.840625 0.7773654916512059 0.014583333333333334 0.022263450834879406
0 0.30833333333333335 0.7217068645640075 0.014583333333333334 0.022263450834879406
0 0.16145833333333334 0.7031539888682746 0.014583333333333334 0.022263450834879406
0 0.5520833333333334 0.7050092764378478 0.014583333333333334 0.022263450834879406
0 0.12083333333333333 0.6957328385899815 0.008333333333333333 0.014842300556586271
0 0.3958333333333333 0.7012987012987013 0.014583333333333334 0.022263450834879406
0 0.23541666666666666 0.673469387755102 0.003125 0.00927643784786642
0 0.11458333333333333 0.7161410018552876 0.014583333333333334 0.022263450834879406
0 0.8125 0.712430426716141 0.014583333333333334 0.022263450834879406
0 0.7552083333333334 0.6660482374768089 0.003125 0.00927643784786642
0 0.5520833333333334 0.6753246753246753 0.003125 0.00927643784786642
0 0.6770833333333334 0.6957328385899815 0.003125 0.00927643784786642
0 0.5052083333333334 0.738404452690167 0.014583333333333334 0.022263450834879406
0 0.45416666666666666 0.6827458256029685 0.003125 0.00927643784786642
0 0.01875 0.6716141001855288 0.011458333333333333 0.01855287569573284
0 0.7385416666666667 0.7068645640074211 0.014583333333333334 0.022263450834879406
0 0.984375 0.7606679035250464 0.014583333333333334 0.022263450834879406
0 0.05625 0.6975881261595547 0.008333333333333333 0.014842300556586271
0 0.35208333333333336 0.673469387755102 0.003125 0.00927643784786642
0 0.6645833333333333 0.8107606679035251 0.022916666666666665 0.05009276437847866
0 0.828125 0.8033395176252319 0.022916666666666665 0.05009276437847866
0 0.7114583333333333 0.7012987012987013 0.014583333333333334 0.022263450834879406
0 0.7833333333333333 0.6679035250463822 0.003125 0.00927643784786642
0 0.9322916666666666 0.75139146567718 0.014583333333333334 0.022263450834879406
0 0.40729166666666666 0.6679035250463822 0.003125 0.00927643784786642
0 0.446875 0.7068645640074211 0.014583333333333334 0.022263450834879406
0 0.06770833333333333 0.7142857142857143 0.014583333333333334 0.022263450834879406
0 0.9770833333333333 0.7068645640074211 0.014583333333333334 0.022263450834879406
0 0.3885416666666667 0.7012987012987013 0.014583333333333334 0.022263450834879406
0 0.6947916666666667 0.6790352504638218 0.003125 0.00927643784786642
0 0.24270833333333333 0.673469387755102 0.003125 0.00927643784786642
0 0.33229166666666665 0.862708719851577 0.022916666666666665 0.05009276437847866
0 0.40625 0.7365491651205937 0.014583333333333334 0.022263450834879406
0 0.484375 0.6679035250463822 0.003125 0.00927643784786642
0 0.4375 0.7105751391465677 0.014583333333333334 0.022263450834879406
0 0.259375 0.8738404452690167 0.022916666666666665 0.05009276437847866
0 0.48854166666666665 0.9146567717996289 0.022916666666666665 0.05009276437847866
0 0.09895833333333333 0.6846011131725418 0.003125 0.00927643784786642
0 0.21041666666666667 0.6679035250463822 0.003125 0.00927643784786642
0 0.7197916666666667 0.6920222634508348 0.003125 0.00927643784786642
0 0.2677083333333333 0.7142857142857143 0.014583333333333334 0.022263450834879406
0 0.29583333333333334 0.6808905380333952 0.003125 0.00927643784786642
0 0.9083333333333333 0.7217068645640075 0.014583333333333334 0.022263450834879406
0 0.12708333333333333 0.6679035250463822 0.003125 0.00927643784786642
0 0.83125 0.7309833024118738 0.014583333333333334 0.022263450834879406
0 0.6177083333333333 0.6716141001855288 0.003125 0.00927643784786642
0 0.10520833333333333 0.699443413729128 0.014583333333333334 0.022263450834879406
0 0.215625 0.7105751391465677 0.014583333333333334 0.022263450834879406
0 0.16979166666666667 0.6771799628942486 0.003125 0.00927643784786642
0 0.3958333333333333 0.6827458256029685 0.003125 0.00927643784786642
0 0.6791666666666667 0.7588126159554731 0.014583333333333334 0.022263450834879406
0 0.08229166666666667 0.673469387755102 0.003125 0.00927643784786642
0 0.06666666666666667 0.6790352504638218 0.003125 0.00927643784786642
0 0.196875 0.6641929499072357 0.003125 0.00927643784786642
0 0.9958333333333333 0.8515769944341373 0.022916666666666665 0.05009276437847866
0 0.628125 0.8051948051948052 0.022916666666666665 0.05009276437847866
0 0.6229166666666667 0.7179962894248608 0.014583333333333334 0.022263450834879406
0 0.4635416666666667 0.6641929499072357 0.003125 0.00927643784786642
0 0.55 0.7272727272727273 0.014583333333333334 0.022263450834879406
0 0.45208333333333334 0.6975881261595547 0.008333333333333333 0.014842300556586271
0 0.025 0.673469387755102 0.011458333333333333 0.01855287569573284
0 0.19479166666666667 0.673469387755102 0.003125 0.00927643784786642
0 0.17708333333333334 0.6623376623376623 0.003125 0.00927643784786642
0 0.940625 0.7050092764378478 0.014583333333333334 0.022263450834879406
0 0.74375 0.6938775510204082 0.011458333333333333 0.01855287569573284
0 0.678125 0.6641929499072357 0.003125 0.00927643784786642
0 0.384375 0.6697588126159555 0.003125 0.00927643784786642
0 0.221875 0.7031539888682746 0.014583333333333334 0.022263450834879406
0 0.315625 0.7179962894248608 0.014583333333333334 0.022263450834879406
0 0.8552083333333333 0.7087198515769945 0.014583333333333334 0.022263450834879406
0 0.11041666666666666 0.6938775510204082 0.003125 0.00927643784786642
0 0.6166666666666667 0.738404452690167 0.014583333333333334 0.022263450834879406
0 0.028125 0.5027829313543599 0.003125 0.00927643784786642
0 0.04895833333333333 0.7087198515769945 0.014583333333333334 0.022263450834879406
0 0.8604166666666667 0.7087198515769945 0.014583333333333334 0.022263450834879406
0 0.42916666666666664 0.7031539888682746 0.014583333333333334 0.022263450834879406
0 0.20416666666666666 0.6771799628942486 0.003125 0.00927643784786642
0 0.11145833333333334 0.6641929499072357 0.003125 0.00927643784786642
0 0.8479166666666667 0.725417439703154 0.014583333333333334 0.022263450834879406
0 0.8447916666666667 0.9072356215213359 0.022916666666666665 0.05009276437847866
0 0.925 0.7087198515769945 0.014583333333333334 0.022263450834879406
0 0.609375 0.6771799628942486 0.003125 0.00927643784786642
0 0.128125 0.6883116883116883 0.003125 0.00927643784786642
0 0.4791666666666667 0.6808905380333952 0.003125 0.00927643784786642
0 0.2604166666666667 0.6975881261595547 0.008333333333333333 0.014842300556586271
0 0.18333333333333332 0.6753246753246753 0.003125 0.00927643784786642
0 0.5895833333333333 0.6827458256029685 0.003125 0.00927643784786642
0 0.6677083333333333 0.6808905380333952 0.003125 0.00927643784786642
0 0.022916666666666665 0.6901669758812616 0.011458333333333333 0.01855287569573284
0 0.17916666666666667 0.6586270871985158 0.003125 0.00927643784786642
0 0.029166666666666667 0.7142857142857143 0.014583333333333334 0.022263450834879406
0 0.36770833333333336 0.7012987012987013 0.014583333333333334 0.022263450834879406
0 0.5854166666666667 0.9072356215213359 0.022916666666666665 0.05009276437847866
0 0.24583333333333332 0.6679035250463822 0.003125 0.00927643784786642
0 0.3697916666666667 0.7142857142857143 0.014583333333333334 0.022263450834879406
0 0.22916666666666666 0.6549165120593692 0.003125 0.00927643784786642
0 0.5322916666666667 0.7161410018552876 0.014583333333333334 0.022263450834879406
0 0.31666666666666665 0.6975881261595547 0.008333333333333333 0.014842300556586271
0 0.3458333333333333 0.6901669758812616 0.003125 0.00927643784786642
0 0.06145833333333333 0.6716141001855288 0.003125 0.00927643784786642
0 0.7833333333333333 0.7031539888682746 0.014583333333333334 0.022263450834879406
0 0.26666666666666666 0.699443413729128 0.014583333333333334 0.022263450834879406
0 0.5625 0.712430426716141 0.014583333333333334 0.022263450834879406
0 0.22604166666666667 0.6846011131725418 0.003125 0.00927643784786642
0 0.12291666666666666 0.6808905380333952 0.003125 0.00927643784786642
0 0.5177083333333333 0.6753246753246753 0.003125 0.00927643784786642
0 0.5729166666666666 0.6920222634508348 0.003125 0.00927643784786642
0 0.290625 0.7050092764378478 0.014583333333333334 0.022263450834879406
0 0.578125 0.7235621521335807 0.014583333333333334 0.022263450834879406
0 0.09375 0.7031539888682746 0.014583333333333334 0.022263450834879406
0 0.42604166666666665 0.7291280148423006 0.014583333333333334 0.022263450834879406
0 0.39166666666666666 0.7866419294990723 0.022916666666666665 0.05009276437847866
0 0.09895833333333333 0.6660482374768089 0.003125 0.00927643784786642
0 0.35520833333333335 0.7625231910946196 0.014583333333333334 0.022263450834879406
0 0.153125 0.6790352504638218 0.003125 0.00927643784786642
0 0.19270833333333334 0.6901669758812616 0.003125 0.00927643784786642
0 0.190625 0.699443413729128 0.014583333333333334 0.022263450834879406
0 0.59375 0.7291280148423006 0.014583333333333334 0.022263450834879406
0 0.8114583333333333 0.7551020408163265 0.014583333333333334 0.022263450834879406
0 0.26145833333333335 0.686456400742115 0.003125 0.00927643784786642
0 0.365625 0.6753246753246753 0.003125 0.00927643784786642
0 0.8677083333333333 0.6901669758812616 0.003125 0.00927643784786642
0 0.30104166666666665 0.7012987012987013 0.014583333333333334 0.022263450834879406
0 0.14791666666666667 0.7142857142857143 0.014583333333333334 0.022263450834879406
0 0.46458333333333335 0.9406307977736549 0.022916666666666665 0.05009276437847866
0 0.32916666666666666 0.6697588126159555 0.003125 0.00927643784786642
0 0.44166666666666665 0.7272727272727273 0.014583333333333334 0.022263450834879406
0 0.3072916666666667 0.6883116883116883 0.003125 0.00927643784786642
0 0.26145833333333335 0.6549165120593692 0.003125 0.00927643784786642
0 0.11875 0.6623376623376623 0.003125 0.00927643784786642
0 0.40520833333333334 0.8849721706864564 0.022916666666666665 0.05009276437847866
0 0.6552083333333333 0.7717996289424861 0.014583333333333334 0.022263450834879406
0 0.559375 0.6901669758812616 0.003125 0.00927643784786642
0 0.171875 0.6883116883116883 0.003125 0.00927643784786642
0 0.234375 0.6938775510204082 0.005208333333333333 0.011131725417439703
0 0.853125 0.7736549165120594 0.014583333333333334 0.022263450834879406
0 0.007291666666666667 0.6697588126159555 0.011458333333333333 0.01855287569573284
0 0.590625 0.8385899814471243 0.022916666666666665 0.05009276437847866
0 0.503125 0.686456400742115 0.003125 0.00927643784786642
0 0.19791666666666666 0.6808905380333952 0.003125 0.00927643784786642
0 0.6854166666666667 0.6975881261595547 0.008333333333333333 0.014842300556586271
0 0.75625 0.7050092764378478 0.014583333333333334 0.022263450834879406
0 0.4114583333333333 0.6957328385899815 0.005208333333333333 0.011131725417439703
0 0.9979166666666667 0.7588126159554731 0.016666666666666666 0.027829313543599257
0 0.43854166666666666 0.660482374768089 0.003125 0.00927643784786642
0 0.7197916666666667 0.7050092764378478 0.014583333333333334 0.022263450834879406
0 0.246875 0.686456400742115 0.003125 0.00927643784786642
0 0.41770833333333335 0.6697588126159555 0.003125 0.00927643784786642
0 0.08229166666666667 0.7217068645640075 0.014583333333333334 0.022263450834879406
0 0.8572916666666667 0.7495361781076066 0.014583333333333334 0.022263450834879406
0 0.8947916666666667 0.7087198515769945 0.014583333333333334 0.022263450834879406
0 0.478125 0.7847866419294991 0.022916666666666665 0.05009276437847866
0 0.13958333333333334 0.7476808905380334 0.014583333333333334 0.022263450834879406
0 0.22083333333333333 0.6827458256029685 0.003125 0.00927643784786642
0 0.7052083333333333 0.699443413729128 0.014583333333333334 0.022263450834879406
0 0.040625 0.6660482374768089 0.008333333333333333 0.014842300556586271
0 0.73125 0.6957328385899815 0.005208333333333333 0.011131725417439703
0 0.20520833333333333 0.7068645640074211 0.014583333333333334 0.022263450834879406
0 0.7916666666666666 0.8163265306122449 0.022916666666666665 0.05009276437847866
0 0.9229166666666667 0.738404452690167 0.014583333333333334 0.022263450834879406
0 0.06354166666666666 0.7050092764378478 0.014583333333333334 0.022263450834879406
0 0.471875 0.6920222634508348 0.003125 0.00927643784786642
0 0.434375 0.738404452690167 0.014583333333333334 0.022263450834879406
0 0.42604166666666665 0.6716141001855288 0.003125 0.00927643784786642
0 0.6677083333333333 0.7105751391465677 0.014583333333333334 0.022263450834879406
0 0.14375 0.6641929499072357 0.003125 0.00927643784786642
0 0.3416666666666667 0.6846011131725418 0.003125 0.00927643784786642
0 0.40208333333333335 0.6938775510204082 0.005208333333333333 0.011131725417439703
0 0.20833333333333334 0.6975881261595547 0.008333333333333333 0.014842300556586271
0 0.8020833333333334 0.7198515769944341 0.014583333333333334 0.022263450834879406
0 0.8197916666666667 0.699443413729128 0.014583333333333334 0.022263450834879406
0 0.38229166666666664 0.8163265306122449 0.022916666666666665 0.05009276437847866
0 0.021875 0.699443413729128 0.014583333333333334 0.022263450834879406
0 0.1875 0.686456400742115 0.003125 0.00927643784786642
0 0.628125 0.764378478664193 0.014583333333333334 0.022263450834879406
0 0.7947916666666667 0.6679035250463822 0.003125 0.00927643784786642
0 0.7802083333333333 0.7309833024118738 0.014583333333333334 0.022263450834879406
0 0.009375 0.7810760667903525 0.016666666666666666 0.027829313543599257
0 0.7916666666666666 0.7179962894248608 0.014583333333333334 0.022263450834879406
0 0.83125 0.7087198515769945 0.014583333333333334 0.022263450834879406
0 0.9645833333333333 0.7272727272727273 0.014583333333333334 0.022263450834879406
0 0.29791666666666666 0.6697588126159555 0.003125 0.00927643784786642
0 0.8739583333333333 0.7662337662337663 0.014583333333333334 0.022263450834879406
0 0.36875 0.686456400742115 0.003125 0.00927643784786642
0 0.31666666666666665 0.6827458256029685 0.003125 0.00927643784786642
0 0.375 0.673469387755102 0.003125 0.00927643784786642
0 0.440625 0.8163265306122449 0.022916666666666665 0.05009276437847866
0 0.5958333333333333 0.6957328385899815 0.011458333333333333 0.01855287569573284
0 0.2 0.7922077922077922 0.022916666666666665 0.05009276437847866
0 0.6458333333333334 0.7050092764378478 0.014583333333333334 0.022263450834879406
0 0.3958333333333333 0.6697588126159555 0.003125 0.00927643784786642
0 0.15 0.6586270871985158 0.003125 0.00927643784786642
0 0.3958333333333333 0.7198515769944341 0.014583333333333334 0.022263450834879406
0 0.6302083333333334 0.673469387755102 0.003125 0.00927643784786642
0 0.0375 0.6975881261595547 0.011458333333333333 0.01855287569573284
0 0.42291666666666666 0.6846011131725418 0.003125 0.00927643784786642
0 0.07083333333333333 0.6901669758812616 0.003125 0.00927643784786642
0 0.05 0.6920222634508348 0.003125 0.00927643784786642
0 0.16666666666666666 0.6586270871985158 0.003125 0.00927643784786642
0 0.9489583333333333 0.7105751391465677 0.014583333333333334 0.022263450834879406
0 0.058333333333333334 0.8293135435992579 0.022916666666666665 0.05009276437847866
0 0.022916666666666665 0.7142857142857143 0.014583333333333334 0.022263450834879406
0 0.153125 0.6975881261595547 0.005208333333333333 0.011131725417439703
0 0.38333333333333336 0.6938775510204082 0.011458333333333333 0.01855287569573284
0 0.23645833333333333 0.6641929499072357 0.003125 0.00927643784786642
0 0.53125 0.6957328385899815 0.008333333333333333 0.014842300556586271
0 0.8322916666666667 0.9833024118738405 0.022916666666666665 0.05009276437847866
0 0.08645833333333333 0.6771799628942486 0.003125 0.00927643784786642
0 0.390625 0.673469387755102 0.003125 0.00927643784786642
0 0.35 0.7179962894248608 0.014583333333333334 0.022263450834879406
0 0.765625 0.7087198515769945 0.014583333333333334 0.022263450834879406
0 0.578125 0.7105751391465677 0.014583333333333334 0.022263450834879406
0 0.003125 0.6957328385899815 0.014583333333333334 0.022263450834879406
0 0.6270833333333333 0.738404452690167 0.014583333333333334 0.022263450834879406
0 0.628125 0.7105751391465677 0.014583333333333334 0.022263450834879406
0 0.46458333333333335 0.673469387755102 0.003125 0.00927643784786642
0 0.3885416666666667 0.6883116883116883 0.003125 0.00927643784786642
0 0.48333333333333334 0.738404452690167 0.014583333333333334 0.022263450834879406
0 0.25416666666666665 0.7087198515769945 0.014583333333333334 0.022263450834879406
0 0.4635416666666667 0.7532467532467533 0.014583333333333334 0.022263450834879406
0 0.775 0.699443413729128 0.014583333333333334 0.022263450834879406
0 0.721875 0.6808905380333952 0.003125 0.00927643784786642
0 0.011458333333333333 0.699443413729128 0.014583333333333334 0.022263450834879406
0 0.25104166666666666 0.6938775510204082 0.011458333333333333 0.01855287569573284
0 0.178125 0.7012987012987013 0.014583333333333334 0.022263450834879406
0 0.25104166666666666 0.6697588126159555 0.003125 0.00927643784786642
0 0.45208333333333334 0.7365491651205937 0.014583333333333334 0.022263450834879406
0 0.4875 0.699443413729128 0.014583333333333334 0.022263450834879406
0 0.059375 0.6846011131725418 0.003125 0.00927643784786642
0 0.7041666666666667 0.7402597402597403 0.014583333333333334 0.022263450834879406
0 0.24791666666666667 0.7142857142857143 0.014583333333333334 0.022263450834879406
0 0.5322916666666667 0.6808905380333952 0.003125 0.00927643784786642
0 0.6875 0.6716141001855288 0.003125 0.00927643784786642
0 0.5864583333333333 0.7105751391465677 0.014583333333333334 0.022263450834879406
0 0.11979166666666667 0.6883116883116883 0.003125 0.00927643784786642
0 0.7489583333333333 0.7179962894248608 0.014583333333333334 0.022263450834879406
0 0.5260416666666666 0.6753246753246753 0.003125 0.00927643784786642
0 0.08125 0.6883116883116883 0.003125 0.00927643784786642
0 0.390625 0.7198515769944341 0.014583333333333334 0.022263450834879406
0 0.14375 0.6920222634508348 0.003125 0.00927643784786642
0 0.38125 0.7346938775510204 0.014583333333333334 0.022263450834879406
0 0.3375 0.7031539888682746 0.014583333333333334 0.022263450834879406
