0 0.32894736842105265 0.260752688172043 0.02017543859649123 0.036290322580645164
0 0.6157894736842106 0.385752688172043 0.02894736842105263 0.04704301075268817
0 0.010526315789473684 0.3467741935483871 0.021929824561403508 0.041666666666666664
0 0.08070175438596491 0.3185483870967742 0.021929824561403508 0.04032258064516129
0 0.7412280701754386 0.1814516129032258 0.007894736842105263 0.021505376344086023
0 0.24298245614035088 0.3077956989247312 0.021929824561403508 0.04032258064516129
0 0.537719298245614 0.29301075268817206 0.02017543859649123 0.036290322580645164
0 0.7517543859649123 0.2768817204301075 0.02017543859649123 0.036290322580645164
0 0.7412280701754386 0.22311827956989247 0.011403508771929825 0.020161290322580645
0 0.9447368421052632 0.1814516129032258 0.007894736842105263 0.021505376344086023
0 0.8157894736842105 0.21370967741935484 0.011403508771929825 0.020161290322580645
0 0.4692982456140351 0.4771505376344086 0.03684210526315789 0.06048387096774194
0 0.45789473684210524 0.14919354838709678 0.012280701754385965 0.024193548387096774
0 0.38596491228070173 0.15456989247311828 0.012280701754385965 0.024193548387096774
0 0.7517543859649123 0.364247311827957 0.021929824561403508 0.041666666666666664
0 0.3219298245614035 0.23521505376344087 0.014912280701754385 0.030913978494623656
0 0.33771929824561403 0.17204301075268819 0.007894736842105263 0.021505376344086023
0 0.9149122807017543 0.3790322580645161 0.021929824561403508 0.041666666666666664
0 0.5245614035087719 0.20833333333333334 0.011403508771929825 0.020161290322580645
0 0.27280701754385966 0.17473118279569894 0.007894736842105263 0.021505376344086023
0 0.8210526315789474 0.25268817204301075 0.014912280701754385 0.030913978494623656
0 0.30526315789473685 0.5026881720430108 0.037719298245614034 0.06451612903225806
0 0.35175438596491226 0.375 0.021929824561403508 0.041666666666666664
0 0.5219298245614035 0.7741935483870968 0.08421052631578947 0.13844086021505375
0 0.4412280701754386 0.34543010752688175 0.021929824561403508 0.041666666666666664
0 0.9605263157894737 0.2903225806451613 0.02017543859649123 0.036290322580645164
0 0.22543859649122808 0.2862903225806452 0.02017543859649123 0.036290322580645164
0 0.8017543859649123 0.5376344086021505 0.05701754385964912 0.09811827956989247
0 0.1280701754385965 0.36155913978494625 0.021929824561403508 0.041666666666666664
0 0.537719298245614 0.15053763440860216 0.012280701754385965 0.024193548387096774
0 0.16403508771929826 0.31586021505376344 0.021929824561403508 0.04032258064516129
0 0.40350877192982454 0.571236559139785 0.05701754385964912 0.09811827956989247
0 0.7991228070175439 0.37231182795698925 0.021929824561403508 0.041666666666666664
0 0.7096491228070175 0.7889784946236559 0.08421052631578947 0.13844086021505375
0 0.6271929824561403 0.18010752688172044 0.007894736842105263 0.021505376344086023
0 0.38421052631578945 0.1975806451612903 0.011403508771929825 0.020161290322580645
0 0.8666666666666667 0.3185483870967742 0.021929824561403508 0.04032258064516129
0 0.6166666666666667 0.4731182795698925 0.03684210526315789 0.06048387096774194
0 0.5473684210526316 0.22849462365591397 0.014912280701754385 0.030913978494623656
0 0.3824561403508772 0.34274193548387094 0.021929824561403508 0.041666666666666664
0 0.1956140350877193 0.35080645161290325 0.021929824561403508 0.041666666666666664
0 0.11052631578947368 0.3024193548387097 0.021929824561403508 0.04032258064516129
0 0.6491228070175439 0.375 0.021929824561403508 0.041666666666666664
0 0.08508771929824561 0.40053763440860213 0.02894736842105263 0.04704301075268817
0 0.8245614035087719 0.364247311827957 0.021929824561403508 0.041666666666666664
0 0.9184210526315789 0.5618279569892473 0.05701754385964912 0.09811827956989247
0 0.4587719298245614 0.3951612903225806 0.02894736842105263 0.04704301075268817
0 0.30526315789473685 0.20967741935483872 0.011403508771929825 0.020161290322580645
0 0.5394736842105263 0.38844086021505375 0.02894736842105263 0.04704301075268817
0 0.3815789473684211 0.2849462365591398 0.02017543859649123 0.036290322580645164
0 0.8140350877192982 0.1814516129032258 0.007894736842105263 0.021505376344086023
0 0.30526315789473685 0.32123655913978494 0.021929824561403508 0.04032258064516129
0 0.6456140350877193 0.16129032258064516 0.012280701754385965 0.024193548387096774
0 0.058771929824561406 0.3467741935483871 0.021929824561403508 0.041666666666666664
0 0.5947368421052631 0.15053763440860216 0.012280701754385965 0.024193548387096774
0 0.2649122807017544 0.3239247311827957 0.021929824561403508 0.04032258064516129
0 0.19649122807017544 0.3024193548387097 0.021929824561403508 0.04032258064516129
0 0.32105263157894737 0.17473118279569894 0.007894736842105263 0.021505376344086023
0 0.443859649122807 0.4731182795698925 0.03684210526315789 0.06048387096774194
0 0.6157894736842106 0.5913978494623656 0.05701754385964912 0.09811827956989247
0 0.4903508771929825 0.3346774193548387 0.021929824561403508 0.041666666666666664
0 0.8 0.2553763440860215 0.014912280701754385 0.030913978494623656
0 0.5447368421052632 0.3467741935483871 0.021929824561403508 0.041666666666666664
0 0.5043859649122807 0.2970430107526882 0.02017543859649123 0.036290322580645164
0 0.46578947368421053 0.271505376344086 0.02017543859649123 0.036290322580645164
0 0.20964912280701756 0.1881720430107527 0.007894736842105263 0.021505376344086023
0 0.24912280701754386 0.1478494623655914 0.012280701754385965 0.024193548387096774
0 0.8605263157894737 0.15591397849462366 0.012280701754385965 0.024193548387096774
0 0.8368421052631579 0.19489247311827956 0.011403508771929825 0.020161290322580645
0 0.625438596491228 0.2567204301075269 0.014912280701754385 0.030913978494623656
0 0.7798245614035088 0.18548387096774194 0.007894736842105263 0.021505376344086023
0 0.625438596491228 0.32526881720430106 0.021929824561403508 0.04032258064516129
0 0.4631578947368421 0.25 0.014912280701754385 0.030913978494623656
0 0.393859649122807 0.21774193548387097 0.011403508771929825 0.020161290322580645
0 0.7605263157894737 0.24596774193548387 0.014912280701754385 0.030913978494623656
0 0.4131578947368421 0.34408602150537637 0.021929824561403508 0.041666666666666664
0 0.5745614035087719 0.3548387096774194 0.021929824561403508 0.041666666666666664
0 0.5342105263157895 0.2513440860215054 0.014912280701754385 0.030913978494623656
0 0.6956140350877194 0.24193548387096775 0.014912280701754385 0.030913978494623656
0 0.9798245614035088 0.1814516129032258 0.007894736842105263 0.021505376344086023
0 0.5894736842105263 0.24865591397849462 0.014912280701754385 0.030913978494623656
0 0.2219298245614035 0.2567204301075269 0.014912280701754385 0.030913978494623656
0 0.4692982456140351 0.3400537634408602 0.021929824561403508 0.041666666666666664
0 0.0412280701754386 0.7056451612903226 0.08421052631578947 0.13844086021505375
0 0.9543859649122807 0.11155913978494623 0.012280701754385965 0.024193548387096774
0 0.9850877192982456 0.28897849462365593 0.02017543859649123 0.036290322580645164
0 0.9201754385964912 0.13306451612903225 0.012280701754385965 0.024193548387096774
0 0.5780701754385965 0.614247311827957 0.05701754385964912 0.09811827956989247
0 0.16140350877192983 0.4717741935483871 0.03684210526315789 0.06048387096774194
0 0.42543859649122806 0.18413978494623656 0.007894736842105263 0.021505376344086023
0 0.35350877192982455 0.3239247311827957 0.021929824561403508 0.04032258064516129
0 0.5894736842105263 0.3239247311827957 0.021929824561403508 0.04032258064516129
0 0.1307017543859649 0.2728494623655914 0.02017543859649123 0.036290322580645164
0 0.6947368421052632 0.2768817204301075 0.02017543859649123 0.036290322580645164
0 0.2043859649122807 0.3870967741935484 0.02894736842105263 0.04704301075268817
0 0.42719298245614035 0.30510752688172044 0.021929824561403508 0.04032258064516129
0 0.2885964912280702 0.16666666666666666 0.007894736842105263 0.021505376344086023
0 0.7359649122807017 0.3709677419354839 0.021929824561403508 0.041666666666666664
0 0.04298245614035088 0.3118279569892473 0.021929824561403508 0.04032258064516129
0 0.3087719298245614 0.2620967741935484 0.02017543859649123 0.036290322580645164
0 0.32280701754385965 0.353494623655914 0.021929824561403508 0.041666666666666664
0 0.5692982456140351 0.44623655913978494 0.03684210526315789 0.06048387096774194
0 0.7859649122807018 0.33064516129032256 0.021929824561403508 0.04032258064516129
0 0.9403508771929825 0.2768817204301075 0.02017543859649123 0.036290322580645164
0 0.4298245614035088 0.8293010752688172 0.08421052631578947 0.13844086021505375
0 0.042105263157894736 0.396505376344086 0.02894736842105263 0.04704301075268817
0 0.6622807017543859 0.23655913978494625 0.014912280701754385 0.030913978494623656
0 0.29385964912280704 0.3682795698924731 0.021929824561403508 0.041666666666666664
0 0.7947368421052632 0.18951612903225806 0.007894736842105263 0.021505376344086023
0 0.8429824561403508 0.38306451612903225 0.02894736842105263 0.04704301075268817
0 0.4201754385964912 0.26344086021505375 0.02017543859649123 0.036290322580645164
0 0.893859649122807 0.31451612903225806 0.021929824561403508 0.04032258064516129
0 0.35526315789473684 0.27553763440860213 0.02017543859649123 0.036290322580645164
0 0.45526315789473687 0.18548387096774194 0.007894736842105263 0.021505376344086023
0 0.8964912280701754 0.15725806451612903 0.012280701754385965 0.024193548387096774
0 0.5587719298245614 0.40053763440860213 0.02894736842105263 0.04704301075268817
0 0.48771929824561405 0.1774193548387097 0.007894736842105263 0.021505376344086023
0 0.5175438596491229 0.28225806451612906 0.02017543859649123 0.036290322580645164
0 0.47982456140350876 0.22446236559139784 0.011403508771929825 0.020161290322580645
0 0.6017543859649123 0.28360215053763443 0.02017543859649123 0.036290322580645164
0 0.4166666666666667 0.18548387096774194 0.007894736842105263 0.021505376344086023
0 0.07105263157894737 0.5483870967741935 0.05701754385964912 0.09811827956989247
0 0.5675438596491228 0.20833333333333334 0.011403508771929825 0.020161290322580645
0 0.625438596491228 0.21236559139784947 0.011403508771929825 0.020161290322580645
0 0.6421052631578947 0.23790322580645162 0.014912280701754385 0.030913978494623656
0 0.24473684210526317 0.2661290322580645 0.02017543859649123 0.036290322580645164
0 0.10438596491228071 0.5013440860215054 0.037719298245614034 0.06451612903225806
0 0.7763157894736842 0.28091397849462363 0.02017543859649123 0.036290322580645164
0 0.1912280701754386 0.26344086021505375 0.02017543859649123 0.036290322580645164
0 0.6684210526315789 0.28763440860215056 0.02017543859649123 0.036290322580645164
0 0.6754385964912281 0.3709677419354839 0.021929824561403508 0.041666666666666664
