0 0.8444444444444444 0.37282229965156793 0.01888888888888889 0.03484320557491289
0 0.48444444444444446 0.259581881533101 0.011111111111111112 0.01916376306620209
0 0.09333333333333334 0.15156794425087108 0.005555555555555556 0.012195121951219513
0 0.25666666666666665 0.2508710801393728 0.011111111111111112 0.01916376306620209
0 0.15 0.27526132404181186 0.011111111111111112 0.01916376306620209
0 0.19444444444444445 0.1445993031358885 0.005555555555555556 0.012195121951219513
0 0.22555555555555556 0.2421602787456446 0.011111111111111112 0.01916376306620209
0 0.5311111111111111 0.289198606271777 0.011111111111111112 0.01916376306620209
0 0.4311111111111111 0.2735191637630662 0.011111111111111112 0.01916376306620209
0 0.7777777777777778 0.26306620209059234 0.011111111111111112 0.01916376306620209
0 0.7744444444444445 0.23344947735191637 0.011111111111111112 0.01916376306620209
0 0.03777777777777778 0.34494773519163763 0.02 0.0313588850174216
0 0.7655555555555555 0.34668989547038326 0.01888888888888889 0.03484320557491289
0 0.3522222222222222 0.22473867595818817 0.011111111111111112 0.01916376306620209
0 0.11888888888888889 0.2926829268292683 0.011111111111111112 0.01916376306620209
0 0.5366666666666666 0.26306620209059234 0.011111111111111112 0.01916376306620209
0 0.3288888888888889 0.16376306620209058 0.005555555555555556 0.012195121951219513
0 0.7166666666666667 0.4564459930313589 0.03222222222222222 0.05574912891986063
0 0.33555555555555555 0.24738675958188153 0.011111111111111112 0.01916376306620209
0 0.4166666666666667 0.4425087108013937 0.027777777777777776 0.04355400696864112
0 0.24666666666666667 0.2613240418118467 0.011111111111111112 0.01916376306620209
0 0.7133333333333334 0.23693379790940766 0.011111111111111112 0.01916376306620209
0 0.9933333333333333 0.4878048780487805 0.027777777777777776 0.04529616724738676
0 0.38666666666666666 0.3693379790940767 0.01888888888888889 0.03484320557491289
0 0.45666666666666667 0.21254355400696864 0.005555555555555556 0.012195121951219513
0 0.37777777777777777 0.32752613240418116 0.01888888888888889 0.03484320557491289
0 0.6144444444444445 0.2735191637630662 0.011111111111111112 0.01916376306620209
0 0.6811111111111111 0.25609756097560976 0.011111111111111112 0.01916376306620209
0 0.12444444444444444 0.36585365853658536 0.01888888888888889 0.03484320557491289
0 0.30444444444444446 0.24041811846689895 0.011111111111111112 0.01916376306620209
0 0.9533333333333334 0.2787456445993031 0.011111111111111112 0.01916376306620209
0 0.36 0.25435540069686413 0.011111111111111112 0.01916376306620209
0 0.44222222222222224 0.1794425087108014 0.005555555555555556 0.012195121951219513
0 0.7977777777777778 0.49477351916376305 0.03222222222222222 0.05574912891986063
0 0.35888888888888887 0.15331010452961671 0.005555555555555556 0.012195121951219513
0 0.43333333333333335 0.1480836236933798 0.005555555555555556 0.012195121951219513
0 0.08888888888888889 0.2926829268292683 0.011111111111111112 0.01916376306620209
0 0.9533333333333334 0.37630662020905925 0.01888888888888889 0.03484320557491289
0 0.67 0.23170731707317074 0.011111111111111112 0.01916376306620209
0 0.7666666666666667 0.3048780487804878 0.011111111111111112 0.01916376306620209
0 0.2688888888888889 0.16376306620209058 0.005555555555555556 0.012195121951219513
0 0.6277777777777778 0.6724738675958188 0.04111111111111111 0.09059233449477352
0 0.23222222222222222 0.26480836236933797 0.011111111111111112 0.01916376306620209
0 0.6744444444444444 0.29442508710801396 0.011111111111111112 0.01916376306620209
0 0.4811111111111111 0.34146341463414637 0.01888888888888889 0.03484320557491289
0 0.3788888888888889 0.2456445993031359 0.011111111111111112 0.01916376306620209
0 0.9877777777777778 0.5435540069686411 0.027777777777777776 0.04529616724738676
0 0.3422222222222222 0.15853658536585366 0.005555555555555556 0.012195121951219513
0 0.76 0.5156794425087108 0.03222222222222222 0.05574912891986063
0 0.5688888888888889 0.3867595818815331 0.027777777777777776 0.04355400696864112
0 0.25333333333333335 0.5383275261324042 0.03333333333333333 0.05400696864111498
0 0.08222222222222222 0.5365853658536586 0.03333333333333333 0.05400696864111498
0 0.6088888888888889 0.5174216027874564 0.03222222222222222 0.05574912891986063
0 0.18888888888888888 0.632404181184669 0.03333333333333333 0.05400696864111498
0 0.3411111111111111 0.3153310104529617 0.01888888888888889 0.03484320557491289
0 0.5155555555555555 0.3519163763066202 0.01888888888888889 0.03484320557491289
0 0.051111111111111114 0.29965156794425085 0.011111111111111112 0.01916376306620209
0 0.48333333333333334 0.7526132404181185 0.07777777777777778 0.13414634146341464
0 0.7122222222222222 0.28397212543554007 0.011111111111111112 0.01916376306620209
0 0.42 0.14634146341463414 0.005555555555555556 0.012195121951219513
0 0.6244444444444445 0.2665505226480836 0.011111111111111112 0.01916376306620209
0 0.12333333333333334 0.4547038327526132 0.027777777777777776 0.04355400696864112
0 0.45666666666666667 0.42334494773519166 0.027777777777777776 0.04355400696864112
0 0.07777777777777778 0.2857142857142857 0.011111111111111112 0.01916376306620209
0 0.45222222222222225 0.24390243902439024 0.011111111111111112 0.01916376306620209
0 0.26666666666666666 0.30313588850174217 0.011111111111111112 0.01916376306620209
0 0.2822222222222222 0.15331010452961671 0.005555555555555556 0.012195121951219513
0 0.18 0.14634146341463414 0.005555555555555556 0.012195121951219513
0 0.1288888888888889 0.47560975609756095 0.027777777777777776 0.04355400696864112
0 0.7888888888888889 0.32229965156794427 0.01888888888888889 0.03484320557491289
0 0.9322222222222222 0.7073170731707317 0.04111111111111111 0.09059233449477352
0 0.6122222222222222 0.39372822299651566 0.027777777777777776 0.04355400696864112
0 0.5177777777777778 0.15505226480836237 0.005555555555555556 0.012195121951219513
0 0.7422222222222222 0.5714285714285714 0.04111111111111111 0.09059233449477352
0 0.08444444444444445 0.156794425087108 0.005555555555555556 0.012195121951219513
0 0.9077777777777778 0.34843205574912894 0.01888888888888889 0.03484320557491289
0 0.45222222222222225 0.2857142857142857 0.011111111111111112 0.01916376306620209
0 0.8311111111111111 0.2700348432055749 0.011111111111111112 0.01916376306620209
0 0.6488888888888888 0.30313588850174217 0.011111111111111112 0.01916376306620209
0 0.6211111111111111 0.23693379790940766 0.011111111111111112 0.01916376306620209
0 0.8733333333333333 0.2874564459930314 0.011111111111111112 0.01916376306620209
0 0.4255555555555556 0.24912891986062718 0.011111111111111112 0.01916376306620209
0 0.2822222222222222 0.24912891986062718 0.011111111111111112 0.01916376306620209
0 0.45666666666666667 0.15331010452961671 0.005555555555555556 0.012195121951219513
0 0.5733333333333334 0.26306620209059234 0.011111111111111112 0.01916376306620209
0 0.3611111111111111 0.36585365853658536 0.01888888888888889 0.03484320557491289
0 0.016666666666666666 0.6132404181184669 0.03333333333333333 0.05400696864111498
0 0.6577777777777778 0.24912891986062718 0.011111111111111112 0.01916376306620209
0 0.5066666666666667 0.4547038327526132 0.03222222222222222 0.05574912891986063
0 0.4711111111111111 0.2979094076655052 0.011111111111111112 0.01916376306620209
0 0.17888888888888888 0.5296167247386759 0.03333333333333333 0.05400696864111498
0 0.5811111111111111 0.24738675958188153 0.011111111111111112 0.01916376306620209
0 0.5466666666666666 0.259581881533101 0.011111111111111112 0.01916376306620209
0 0.5711111111111111 0.20209059233449478 0.0077777777777777776 0.017421602787456445
0 0.4811111111111111 0.6236933797909407 0.04111111111111111 0.09059233449477352
0 0.5322222222222223 0.4181184668989547 0.027777777777777776 0.04355400696864112
0 0.4 0.28222996515679444 0.011111111111111112 0.01916376306620209
0 0.7455555555555555 0.25435540069686413 0.011111111111111112 0.01916376306620209
0 0.4766666666666667 0.2073170731707317 0.005555555555555556 0.012195121951219513
0 0.24444444444444444 0.13763066202090593 0.005555555555555556 0.012195121951219513
0 0.75 0.4268292682926829 0.027777777777777776 0.04355400696864112
0 0.6666666666666666 0.25435540069686413 0.011111111111111112 0.01916376306620209
0 0.025555555555555557 0.29442508710801396 0.0077777777777777776 0.01916376306620209
0 0.07333333333333333 0.3344947735191638 0.01888888888888889 0.03484320557491289
0 0.6144444444444445 0.29965156794425085 0.011111111111111112 0.01916376306620209
0 0.5311111111111111 0.20905923344947736 0.005555555555555556 0.012195121951219513
0 0.2922222222222222 0.313588850174216 0.01888888888888889 0.03484320557491289
0 0.55 0.3083623693379791 0.011111111111111112 0.01916376306620209
0 0.39222222222222225 0.24041811846689895 0.011111111111111112 0.01916376306620209
0 0.69 0.23867595818815332 0.011111111111111112 0.01916376306620209
0 0.8822222222222222 0.2578397212543554 0.011111111111111112 0.01916376306620209
0 0.5888888888888889 0.20905923344947736 0.0077777777777777776 0.017421602787456445
0 0.8722222222222222 0.3362369337979094 0.01888888888888889 0.03484320557491289
0 0.22333333333333333 0.3641114982578397 0.01888888888888889 0.03484320557491289
0 0.3188888888888889 0.3606271777003484 0.01888888888888889 0.03484320557491289
0 0.5633333333333334 0.21602787456445993 0.005555555555555556 0.012195121951219513
0 0.056666666666666664 0.4686411149825784 0.027777777777777776 0.04355400696864112
0 0.7333333333333333 0.23519163763066203 0.011111111111111112 0.01916376306620209
0 0.19555555555555557 0.41114982578397213 0.027777777777777776 0.04355400696864112
0 0.9611111111111111 0.34668989547038326 0.01888888888888889 0.03484320557491289
0 0.3 0.15853658536585366 0.005555555555555556 0.012195121951219513
0 0.6277777777777778 0.22822299651567945 0.011111111111111112 0.01916376306620209
0 0.6 0.23693379790940766 0.011111111111111112 0.01916376306620209
0 0.08666666666666667 0.34146341463414637 0.01888888888888889 0.03484320557491289
0 0.5933333333333334 0.37630662020905925 0.01888888888888889 0.03484320557491289
0 0.46555555555555556 0.1480836236933798 0.005555555555555556 0.012195121951219513
0 0.5855555555555556 0.2857142857142857 0.011111111111111112 0.01916376306620209
0 0.034444444444444444 0.156794425087108 0.0077777777777777776 0.013937282229965157
0 0.8877777777777778 0.2770034843205575 0.011111111111111112 0.01916376306620209
0 0.7577777777777778 0.24041811846689895 0.011111111111111112 0.01916376306620209
0 0.7388888888888889 0.26480836236933797 0.011111111111111112 0.01916376306620209
0 0.5233333333333333 0.5313588850174216 0.03222222222222222 0.05574912891986063
0 0.6588888888888889 0.23519163763066203 0.011111111111111112 0.01916376306620209
0 0.20555555555555555 0.25609756097560976 0.011111111111111112 0.01916376306620209
0 0.19777777777777777 0.43902439024390244 0.027777777777777776 0.04355400696864112
0 0.6855555555555556 0.44947735191637633 0.027777777777777776 0.04355400696864112
0 0.9022222222222223 0.27526132404181186 0.011111111111111112 0.01916376306620209
0 0.12111111111111111 0.156794425087108 0.005555555555555556 0.012195121951219513
0 0.8444444444444444 0.26306620209059234 0.011111111111111112 0.01916376306620209
0 0.6277777777777778 0.3153310104529617 0.01888888888888889 0.03484320557491289
0 0.32222222222222224 0.30139372822299654 0.011111111111111112 0.01916376306620209
0 0.31666666666666665 0.23693379790940766 0.011111111111111112 0.01916376306620209
0 0.9188888888888889 0.2613240418118467 0.011111111111111112 0.01916376306620209
0 0.2477777777777778 0.397212543554007 0.027777777777777776 0.04355400696864112
0 0.5988888888888889 0.3170731707317073 0.01888888888888889 0.03484320557491289
0 0.6044444444444445 0.2770034843205575 0.011111111111111112 0.01916376306620209
0 0.9288888888888889 0.3989547038327526 0.027777777777777776 0.04355400696864112
0 0.40555555555555556 0.24041811846689895 0.011111111111111112 0.01916376306620209
0 0.8166666666666667 0.3153310104529617 0.01888888888888889 0.03484320557491289
0 0.11333333333333333 0.25609756097560976 0.011111111111111112 0.01916376306620209
0 0.5733333333333334 0.31010452961672474 0.011111111111111112 0.01916376306620209
0 0.20555555555555555 0.3501742160278746 0.01888888888888889 0.03484320557491289
0 0.2722222222222222 0.35714285714285715 0.01888888888888889 0.03484320557491289
0 0.5055555555555555 0.26480836236933797 0.011111111111111112 0.01916376306620209
0 0.52 0.2700348432055749 0.011111111111111112 0.01916376306620209
0 0.3488888888888889 0.24738675958188153 0.011111111111111112 0.01916376306620209
0 0.99 0.5993031358885017 0.04111111111111111 0.09059233449477352
0 0.41555555555555557 0.34843205574912894 0.01888888888888889 0.03484320557491289
0 0.24333333333333335 0.313588850174216 0.01888888888888889 0.03484320557491289
0 0.34444444444444444 0.8850174216027874 0.07777777777777778 0.13414634146341464
0 0.16333333333333333 0.13937282229965156 0.005555555555555556 0.012195121951219513
0 0.2688888888888889 0.4181184668989547 0.027777777777777776 0.04355400696864112
0 0.1711111111111111 0.4059233449477352 0.027777777777777776 0.04355400696864112
0 0.27555555555555555 0.2665505226480836 0.011111111111111112 0.01916376306620209
0 0.04111111111111111 0.4268292682926829 0.027777777777777776 0.04355400696864112
0 0.7244444444444444 0.3344947735191638 0.01888888888888889 0.03484320557491289
0 0.44 0.28397212543554007 0.011111111111111112 0.01916376306620209
0 0.5011111111111111 0.3885017421602787 0.027777777777777776 0.04355400696864112
0 0.19333333333333333 0.31881533101045295 0.01888888888888889 0.03484320557491289
0 0.04666666666666667 0.662020905923345 0.03333333333333333 0.05400696864111498
0 0.9566666666666667 0.32752613240418116 0.01888888888888889 0.03484320557491289
0 0.06222222222222222 0.2857142857142857 0.011111111111111112 0.01916376306620209
0 0.7055555555555556 0.3327526132404181 0.01888888888888889 0.03484320557491289
0 0.21 0.7665505226480837 0.07777777777777778 0.13414634146341464
0 0.7866666666666666 0.29094076655052264 0.011111111111111112 0.01916376306620209
0 0.4011111111111111 0.313588850174216 0.01888888888888889 0.03484320557491289
0 0.8322222222222222 0.3344947735191638 0.01888888888888889 0.03484320557491289
0 0.4311111111111111 0.3623693379790941 0.01888888888888889 0.03484320557491289
0 0.30666666666666664 0.2613240418118467 0.011111111111111112 0.01916376306620209
0 0.6477777777777778 0.25609756097560976 0.011111111111111112 0.01916376306620209
