0 0.1935 0.3948535936113576 0.0 0.0
0 0.193 0.5696539485359361 0.005 0.008873114463176575
0 0.616 0.5403726708074534 0.0 0.0
0 0.6615 0.5288376220053239 0.0 0.0
0 0.163 0.4392191659272405 0.0 0.0
0 0.28 0.43478260869565216 0.0 0.0
0 0.1935 0.518189884649512 0.004 0.008873114463176575
0 0.031 0.74622892635315 0.0065 0.01064773735581189
0 0.1545 0.4551907719609583 0.0 0.0
0 0.5985 0.5794143744454303 0.005 0.008873114463176575
0 0.6835 0.4862466725820763 0.0 0.0
0 0.087 0.6876663708961845 0.004 0.006211180124223602
0 0.197 0.8065661047027507 0.0065 0.01064773735581189
0 0.194 0.4179236912156167 0.0 0.0
0 0.2145 0.42324755989352264 0.0 0.0
0 0.8945 0.6060337178349601 0.005 0.008873114463176575
0 0.476 0.4676131322094055 0.004 0.008873114463176575
0 0.601 0.5554569653948536 0.005 0.008873114463176575
0 0.233 0.3930789707187223 0.0 0.0
0 0.4595 0.5634427684117125 0.005 0.008873114463176575
0 0.0785 0.4614019520851819 0.004 0.008873114463176575
0 0.942 0.5936113575865128 0.005 0.008873114463176575
0 0.0845 0.5882874889086069 0.005 0.008873114463176575
0 0.438 0.5022182786157942 0.004 0.008873114463176575
0 0.901 0.5980479148181012 0.005 0.008873114463176575
0 0.1725 0.5510204081632653 0.004 0.00709849157054126
0 0.1795 0.5510204081632653 0.004 0.00709849157054126
0 0.6065 0.5714285714285714 0.005 0.008873114463176575
0 0.2615 0.4409937888198758 0.0 0.0
0 0.45 0.5590062111801242 0.005 0.008873114463176575
0 0.052 0.5288376220053239 0.004 0.008873114463176575
0 0.5195 0.5456965394853593 0.004 0.00709849157054126
0 0.7305 0.49245785270629994 0.0 0.0
0 0.1515 0.4143744454303461 0.0 0.0
0 0.084 0.4427684117125111 0.0 0.0
0 0.4645 0.5004436557231589 0.004 0.008873114463176575
0 0.0495 0.5456965394853593 0.004 0.00709849157054126
0 0.122 0.4108251996450754 0.0 0.0
0 0.553 0.5430346051464063 0.0 0.0
0 0.5545 0.5811889973380656 0.005 0.008873114463176575
0 0.705 0.5953859804791481 0.005 0.008873114463176575
0 0.1245 0.4622892635314996 0.004 0.008873114463176575
0 0.5545 0.4897959183673469 0.004 0.008873114463176575
0 0.043 0.5758651286601597 0.005 0.008873114463176575
0 0.8315 0.6521739130434783 0.005 0.008873114463176575
0 0.193 0.44365572315882873 0.0 0.0
0 0.1735 0.4738243123336291 0.004 0.008873114463176575
0 0.367 0.5385980479148181 0.0 0.0
0 0.778 0.8970718722271517 0.0095 0.01774622892635315
0 0.1445 0.4649511978704525 0.004 0.008873114463176575
0 0.433 0.6211180124223602 0.005 0.008873114463176575
0 0.0325 0.963620230700976 0.0095 0.01774622892635315
0 0.185 0.44809228039041704 0.0 0.0
0 0.0415 0.46850044365572313 0.004 0.008873114463176575
0 0.2035 0.4276841171251109 0.0 0.0
0 0.1315 0.4755989352262644 0.004 0.008873114463176575
0 0.844 0.5146406388642414 0.0 0.0
0 0.423 0.5758651286601597 0.005 0.008873114463176575
0 0.488 0.5669920141969832 0.005 0.008873114463176575
0 0.8245 0.5927240461401952 0.006 0.01064773735581189
0 0.1455 0.4179236912156167 0.0 0.0
0 0.1345 0.4108251996450754 0.0 0.0
0 0.4125 0.6095829636202307 0.005 0.008873114463176575
0 0.5035 0.5261756876663709 0.004 0.008873114463176575
0 0.0725 0.5882874889086069 0.005 0.008873114463176575
0 0.526 0.48092280390417036 0.004 0.008873114463176575
0 0.117 0.4489795918367347 0.0 0.0
0 0.8745 0.6157941437444543 0.005 0.008873114463176575
0 0.491 0.5022182786157942 0.004 0.008873114463176575
0 0.694 0.8101153504880213 0.0065 0.01064773735581189
0 0.843 0.6539485359361136 0.005 0.008873114463176575
0 0.1255 0.4454303460514641 0.0 0.0
0 0.204 0.4143744454303461 0.0 0.0
0 0.119 0.4134871339840284 0.0 0.0
0 0.699 0.541259982253771 0.0 0.0
0 0.2255 0.391304347826087 0.0 0.0
0 0.223 0.3939662821650399 0.0 0.0
0 0.268 0.47293700088731144 0.004 0.008873114463176575
0 0.2165 0.4649511978704525 0.004 0.008873114463176575
0 0.1805 0.4161490683229814 0.0 0.0
0 0.2305 0.4631765749778172 0.004 0.008873114463176575
0 0.346 0.5527950310559007 0.004 0.00709849157054126
0 0.2745 0.43744454303460517 0.0 0.0
0 0.169 0.5270629991126885 0.004 0.008873114463176575
0 0.613 0.5652173913043478 0.005 0.008873114463176575
0 0.4125 0.5013309671694764 0.004 0.008873114463176575
0 0.334 0.541259982253771 0.0 0.0
0 0.627 0.9228039041703638 0.0095 0.01774622892635315
0 0.0065 0.5119787045252884 0.0 0.0
0 0.2395 0.5847382431233363 0.005 0.008873114463176575
0 0.311 0.5527950310559007 0.004 0.00709849157054126
0 0.021 0.6672582076308784 0.0035 0.005323868677905945
0 0.1675 0.47471162377994675 0.004 0.008873114463176575
0 0.0725 0.46672582076308783 0.004 0.008873114463176575
0 0.2115 0.4418811002661934 0.0 0.0
0 0.2665 0.43123336291038156 0.0 0.0
0 0.2285 0.417036379769299 0.0 0.0
0 0.403 0.6672582076308784 0.004 0.006211180124223602
0 0.672 0.481810115350488 0.0 0.0
0 0.114 0.5749778172138421 0.005 0.008873114463176575
0 0.441 0.5687666370896185 0.005 0.008873114463176575
0 0.23 0.49600709849157054 0.004 0.008873114463176575
0 0.1395 0.5918367346938775 0.005 0.008873114463176575
0 0.2715 0.4445430346051464 0.0 0.0
0 0.3565 0.47471162377994675 0.004 0.008873114463176575
0 0.4665 0.7710736468500443 0.0065 0.01064773735581189
0 0.1365 0.5244010647737356 0.004 0.008873114463176575
0 0.247 0.4472049689440994 0.0 0.0
0 0.546 0.5456965394853593 0.004 0.00709849157054126
0 0.174 0.639751552795031 0.004 0.006211180124223602
0 0.13 0.40550133096716945 0.0 0.0
0 0.2255 0.5483584738243124 0.004 0.00709849157054126
0 0.2485 0.4702750665483585 0.004 0.008873114463176575
0 0.187 0.7737355811889973 0.0065 0.01064773735581189
0 0.1735 0.39840283939662824 0.0 0.0
0 0.205 0.515527950310559 0.004 0.008873114463176575
0 0.0365 0.735581188997338 0.0065 0.01064773735581189
0 0.166 0.42147293700088734 0.0 0.0
0 0.3395 0.5075421472937001 0.004 0.008873114463176575
0 0.207 0.6264418811002662 0.005 0.008873114463176575
0 0.209 0.7551020408163265 0.0065 0.01064773735581189
0 0.5965 0.5235137533274179 0.004 0.008873114463176575
0 0.081 0.6095829636202307 0.005 0.008873114463176575
0 0.5385 0.4889086069210293 0.004 0.008873114463176575
0 0.138 0.4072759538598048 0.0 0.0
0 0.278 0.45962732919254656 0.0 0.0
0 0.049 0.4986690328305235 0.004 0.008873114463176575
0 0.2595 0.5306122448979592 0.0 0.0
0 0.177 0.40195208518189884 0.0 0.0
0 0.316 0.6663708961845608 0.004 0.006211180124223602
0 0.214 0.3939662821650399 0.0 0.0
0 0.7855 0.7231588287488908 0.0065 0.01064773735581189
0 0.5 0.5918367346938775 0.005 0.008873114463176575
0 0.174 0.42058562555456963 0.0 0.0
0 0.668 0.5430346051464063 0.0 0.0
0 0.1655 0.4303460514640639 0.0 0.0
0 0.209 0.5669920141969832 0.005 0.008873114463176575
0 0.5 0.541259982253771 0.0 0.0
0 0.091 0.44631765749778174 0.0 0.0
0 0.2305 0.7728482697426797 0.0065 0.01064773735581189
0 0.2275 0.3930789707187223 0.0 0.0
0 0.283 0.5598935226264419 0.005 0.008873114463176575
0 0.4695 0.5563442768411713 0.005 0.008873114463176575
0 0.4925 0.5421472937000887 0.0 0.0
0 0.31 0.6743566992014197 0.004 0.006211180124223602
0 0.1885 0.3966282165039929 0.0 0.0
0 0.2055 0.5989352262644189 0.005 0.008873114463176575
0 0.628 0.5510204081632653 0.004 0.00709849157054126
0 0.216 0.5732031943212067 0.005 0.008873114463176575
0 0.9235 0.5918367346938775 0.005 0.008873114463176575
0 0.156 0.5891748003549245 0.005 0.008873114463176575
0 0.283 0.4622892635314996 0.004 0.008873114463176575
0 0.3855 0.637089618456078 0.005 0.008873114463176575
0 0.094 0.5856255545696539 0.005 0.008873114463176575
0 0.2615 0.4755989352262644 0.004 0.008873114463176575
0 0.225 0.4755989352262644 0.004 0.008873114463176575
0 0.2155 0.515527950310559 0.004 0.008873114463176575
0 0.655 0.6335403726708074 0.005 0.008873114463176575
0 0.0195 0.7169476486246673 0.0055 0.008873114463176575
0 0.1415 0.4445430346051464 0.0 0.0
0 0.2145 0.40816326530612246 0.0 0.0
0 0.031 0.5031055900621118 0.004 0.008873114463176575
0 0.1705 0.4605146406388642 0.004 0.008873114463176575
0 0.2425 0.4409937888198758 0.0 0.0
0 0.4875 0.5306122448979592 0.0 0.0
0 0.442 0.5377107364685004 0.0 0.0
0 0.5315 0.4951197870452529 0.004 0.008873114463176575
0 0.019 0.7604259094942325 0.0055 0.008873114463176575
0 0.3635 0.6539485359361136 0.004 0.006211180124223602
0 0.156 0.5137533274179237 0.004 0.008873114463176575
0 0.1005 0.45785270629991126 0.0 0.0
0 0.5585 0.4906832298136646 0.004 0.008873114463176575
0 0.226 0.4418811002661934 0.0 0.0
0 0.3525 0.49423247559893524 0.004 0.008873114463176575
0 0.146 0.4072759538598048 0.0 0.0
0 0.139 0.419698314108252 0.0 0.0
0 0.0475 0.6060337178349601 0.005 0.008873114463176575
0 0.403 0.5865128660159716 0.005 0.008873114463176575
0 0.3195 0.5421472937000887 0.0 0.0
0 0.0355 0.5137533274179237 0.004 0.008873114463176575
0 0.9 0.6237799467613132 0.005 0.008873114463176575
0 0.238 0.5448092280390417 0.004 0.00709849157054126
0 0.4665 0.577639751552795 0.005 0.008873114463176575
0 0.02 0.515527950310559 0.004 0.008873114463176575
0 0.1 0.5669920141969832 0.005 0.008873114463176575
0 0.675 0.54924578527063 0.004 0.00709849157054126
0 0.1145 0.41881100266193433 0.0 0.0
0 0.7175 0.8269742679680568 0.0065 0.01064773735581189
0 0.2315 0.4028393966282165 0.0 0.0
0 0.366 0.5235137533274179 0.004 0.008873114463176575
0 0.403 0.5110913930789707 0.004 0.008873114463176575
0 0.432 0.5847382431233363 0.005 0.008873114463176575
0 0.5845 0.7249334516415262 0.0065 0.01064773735581189
0 0.3945 0.5057675244010648 0.004 0.008873114463176575
0 0.152 0.42945874001774625 0.0 0.0
0 0.058 0.7701863354037267 0.0065 0.01064773735581189
0 0.6235 0.5403726708074534 0.0 0.0
0 0.792 0.9059449866903283 0.0095 0.01774622892635315
0 0.1635 0.39751552795031053 0.0 0.0
0 0.1235 0.6237799467613132 0.005 0.008873114463176575
0 0.1735 0.5350488021295474 0.0 0.0
0 0.229 0.546583850931677 0.004 0.00709849157054126
0 0.5475 0.9263531499556344 0.0095 0.01774622892635315
0 0.2915 0.46938775510204084 0.004 0.008873114463176575
0 0.126 0.6415261756876663 0.004 0.006211180124223602
0 0.39 0.5874001774622892 0.005 0.008873114463176575
0 0.9335 0.5936113575865128 0.005 0.008873114463176575
0 0.111 0.4880212954747116 0.004 0.008873114463176575
0 0.3095 0.47914818101153506 0.004 0.008873114463176575
0 0.6695 0.5244010647737356 0.0 0.0
0 0.3755 0.5403726708074534 0.0 0.0
0 0.4435 0.6060337178349601 0.005 0.008873114463176575
0 0.147 0.7763975155279503 0.0065 0.01064773735581189
0 0.685 0.5847382431233363 0.005 0.008873114463176575
0 0.428 0.616681455190772 0.005 0.008873114463176575
0 0.0605 0.5093167701863354 0.004 0.008873114463176575
0 0.3865 0.5190771960958296 0.004 0.008873114463176575
0 0.0535 0.963620230700976 0.0095 0.01774622892635315
0 0.4795 0.7675244010647737 0.0065 0.01064773735581189
0 0.1855 0.42147293700088734 0.0 0.0
0 0.0655 0.45164152617568765 0.0 0.0
0 0.1765 0.40816326530612246 0.0 0.0
0 0.4535 0.7551020408163265 0.0065 0.01064773735581189
0 0.4955 0.4897959183673469 0.004 0.008873114463176575
0 0.1275 0.4152617568766637 0.0 0.0
0 0.3255 0.5084294587400178 0.004 0.008873114463176575
0 0.2005 0.3992901508429459 0.0 0.0
0 0.391 0.5075421472937001 0.004 0.008873114463176575
0 0.652 0.5474711623779946 0.004 0.00709849157054126
