0 0.13857677902621723 0.5491573033707865 0.013108614232209739 0.012640449438202247
0 0.2546816479400749 0.7528089887640449 0.028089887640449437 0.02949438202247191
0 0.6685393258426966 0.4705056179775281 0.013108614232209739 0.012640449438202247
0 0.5262172284644194 0.7092696629213483 0.020599250936329586 0.018258426966292134
0 0.951310861423221 0.5519662921348315 0.013108614232209739 0.012640449438202247
0 0.6086142322097379 0.7373595505617978 0.020599250936329586 0.018258426966292134
0 0.5730337078651685 0.8075842696629213 0.028089887640449437 0.02949438202247191
0 0.5131086142322098 0.7289325842696629 0.020599250936329586 0.018258426966292134
0 0.5955056179775281 0.577247191011236 0.011235955056179775 0.009831460674157303
0 0.6647940074906367 0.7485955056179775 0.020599250936329586 0.018258426966292134
0 0.6254681647940075 0.5421348314606742 0.013108614232209739 0.012640449438202247
0 0.2640449438202247 0.6558988764044944 0.018726591760299626 0.018258426966292134
0 0.6816479400749064 0.4705056179775281 0.013108614232209739 0.012640449438202247
0 0.4794007490636704 0.6952247191011236 0.020599250936329586 0.018258426966292134
0 0.7528089887640449 0.4648876404494382 0.013108614232209739 0.012640449438202247
0 0.21910112359550563 0.5365168539325843 0.013108614232209739 0.012640449438202247
0 0.9794007490636704 0.5969101123595506 0.013108614232209739 0.012640449438202247
0 0.9400749063670412 0.5308988764044944 0.013108614232209739 0.012640449438202247
0 0.846441947565543 0.5674157303370787 0.011235955056179775 0.009831460674157303
0 0.6966292134831461 0.4550561797752809 0.013108614232209739 0.012640449438202247
0 0.41385767790262173 0.5182584269662921 0.013108614232209739 0.012640449438202247
0 0.3052434456928839 0.5196629213483146 0.013108614232209739 0.012640449438202247
0 0.5580524344569289 0.7429775280898876 0.020599250936329586 0.018258426966292134
0 0.20786516853932585 0.5351123595505618 0.013108614232209739 0.012640449438202247
0 0.8707865168539326 0.5898876404494382 0.013108614232209739 0.012640449438202247
0 0.2902621722846442 0.4606741573033708 0.013108614232209739 0.012640449438202247
0 0.5149812734082397 0.5617977528089888 0.013108614232209739 0.012640449438202247
0 0.08614232209737828 0.5407303370786517 0.013108614232209739 0.012640449438202247
0 0.32397003745318353 0.476123595505618 0.013108614232209739 0.012640449438202247
0 0.8558052434456929 0.5098314606741573 0.013108614232209739 0.012640449438202247
0 0.8614232209737828 0.4508426966292135 0.013108614232209739 0.012640449438202247
0 0.11423220973782772 0.550561797752809 0.013108614232209739 0.012640449438202247
0 0.8333333333333334 0.5393258426966292 0.013108614232209739 0.012640449438202247
0 0.6910112359550562 0.5 0.013108614232209739 0.012640449438202247
0 0.028089887640449437 0.6797752808988764 0.020599250936329586 0.021067415730337078
0 0.5842696629213483 0.5182584269662921 0.013108614232209739 0.012640449438202247
0 0.7453183520599251 0.5112359550561798 0.013108614232209739 0.012640449438202247
0 0.599250936329588 0.4789325842696629 0.013108614232209739 0.012640449438202247
0 0.4288389513108614 0.7780898876404494 0.020599250936329586 0.018258426966292134
0 0.8632958801498127 0.5491573033707865 0.013108614232209739 0.012640449438202247
0 0.8426966292134831 0.5042134831460674 0.013108614232209739 0.012640449438202247
0 0.7584269662921348 0.49297752808988765 0.013108614232209739 0.012640449438202247
0 0.8295880149812734 0.4887640449438202 0.013108614232209739 0.012640449438202247
0 0.16292134831460675 0.5252808988764045 0.013108614232209739 0.012640449438202247
0 0.7116104868913857 0.45365168539325845 0.013108614232209739 0.012640449438202247
0 0.0018726591760299626 0.6193820224719101 0.018726591760299626 0.018258426966292134
0 0.38202247191011235 0.7865168539325843 0.028089887640449437 0.02949438202247191
0 0.13108614232209737 0.5421348314606742 0.013108614232209739 0.012640449438202247
0 0.5093632958801498 0.8033707865168539 0.028089887640449437 0.02949438202247191
0 0.7265917602996255 0.48735955056179775 0.013108614232209739 0.012640449438202247
0 0.3146067415730337 0.7176966292134831 0.028089887640449437 0.02949438202247191
0 0.2902621722846442 0.6671348314606742 0.018726591760299626 0.018258426966292134
0 0.0149812734082397 0.7134831460674157 0.02247191011235955 0.023876404494382022
0 0.46629213483146065 0.7120786516853933 0.020599250936329586 0.018258426966292134
0 0.3951310861423221 0.7654494382022472 0.020599250936329586 0.018258426966292134
0 0.28277153558052437 0.5154494382022472 0.013108614232209739 0.012640449438202247
0 0.5842696629213483 0.7176966292134831 0.020599250936329586 0.018258426966292134
0 0.5636704119850188 0.5196629213483146 0.013108614232209739 0.012640449438202247
0 0.7734082397003745 0.48735955056179775 0.013108614232209739 0.012640449438202247
0 0.7153558052434457 0.4859550561797753 0.013108614232209739 0.012640449438202247
0 0.04868913857677903 0.6839887640449438 0.018726591760299626 0.018258426966292134
0 0.9831460674157303 0.4859550561797753 0.013108614232209739 0.012640449438202247
0 0.8164794007490637 0.5884831460674157 0.011235955056179775 0.009831460674157303
0 0.24906367041198502 0.699438202247191 0.018726591760299626 0.018258426966292134
0 0.6217228464419475 0.7191011235955056 0.020599250936329586 0.018258426966292134
0 0.21722846441947566 0.5421348314606742 0.013108614232209739 0.012640449438202247
0 0.12359550561797752 0.6558988764044944 0.018726591760299626 0.018258426966292134
0 0.9419475655430711 0.42275280898876405 0.013108614232209739 0.012640449438202247
0 0.8089887640449438 0.4353932584269663 0.013108614232209739 0.012640449438202247
0 0.5786516853932584 0.8328651685393258 0.028089887640449437 0.02949438202247191
0 0.05056179775280899 0.6966292134831461 0.018726591760299626 0.018258426966292134
0 0.6666666666666666 0.7584269662921348 0.020599250936329586 0.018258426966292134
0 0.43258426966292135 0.7092696629213483 0.020599250936329586 0.018258426966292134
0 0.9250936329588015 0.5280898876404494 0.013108614232209739 0.012640449438202247
0 0.09737827715355805 0.5421348314606742 0.013108614232209739 0.012640449438202247
0 0.4419475655430712 0.800561797752809 0.028089887640449437 0.02949438202247191
0 0.18352059925093633 0.6432584269662921 0.018726591760299626 0.018258426966292134
0 0.50187265917603 0.5603932584269663 0.013108614232209739 0.012640449438202247
0 0.4887640449438202 0.5617977528089888 0.013108614232209739 0.012640449438202247
0 0.7846441947565543 0.48735955056179775 0.013108614232209739 0.012640449438202247
0 0.795880149812734 0.41151685393258425 0.013108614232209739 0.012640449438202247
0 0.3838951310861423 0.6404494382022472 0.0149812734082397 0.01544943820224719
0 0.6142322097378277 0.49719101123595505 0.013108614232209739 0.012640449438202247
0 0.5243445692883895 0.6067415730337079 0.011235955056179775 0.009831460674157303
0 0.8670411985018727 0.7780898876404494 0.07865168539325842 0.07865168539325842
0 0.22846441947565543 0.45786516853932585 0.013108614232209739 0.012640449438202247
0 0.8202247191011236 0.523876404494382 0.013108614232209739 0.012640449438202247
0 0.7940074906367042 0.7668539325842697 0.020599250936329586 0.018258426966292134
0 0.6666666666666666 0.44803370786516855 0.013108614232209739 0.012640449438202247
0 0.15168539325842698 0.5407303370786517 0.013108614232209739 0.012640449438202247
0 0.10486891385767791 0.5393258426966292 0.013108614232209739 0.012640449438202247
0 0.5374531835205992 0.5252808988764045 0.013108614232209739 0.012640449438202247
0 0.06367041198501873 0.6882022471910112 0.018726591760299626 0.018258426966292134
0 0.7172284644194756 0.5758426966292135 0.011235955056179775 0.009831460674157303
0 0.5449438202247191 0.5632022471910112 0.011235955056179775 0.009831460674157303
0 0.6816479400749064 0.8862359550561798 0.028089887640449437 0.02949438202247191
0 0.7490636704119851 0.776685393258427 0.020599250936329586 0.018258426966292134
0 0.8576779026217228 0.4887640449438202 0.013108614232209739 0.012640449438202247
0 0.1198501872659176 0.5435393258426966 0.013108614232209739 0.012640449438202247
0 0.46254681647940077 0.7893258426966292 0.020599250936329586 0.018258426966292134
0 0.6760299625468165 0.49157303370786515 0.013108614232209739 0.012640449438202247
0 0.9157303370786517 0.4901685393258427 0.013108614232209739 0.012640449438202247
0 0.20786516853932585 0.6811797752808989 0.018726591760299626 0.018258426966292134
0 0.4943820224719101 0.7275280898876404 0.020599250936329586 0.018258426966292134
0 0.028089887640449437 0.6292134831460674 0.018726591760299626 0.018258426966292134
0 0.3782771535580524 0.7528089887640449 0.028089887640449437 0.02949438202247191
0 0.2247191011235955 0.6839887640449438 0.018726591760299626 0.018258426966292134
0 0.651685393258427 0.5617977528089888 0.013108614232209739 0.012640449438202247
0 0.6310861423220974 0.5323033707865169 0.013108614232209739 0.012640449438202247
0 0.8295880149812734 0.4803370786516854 0.013108614232209739 0.012640449438202247
0 0.9588014981273408 0.5814606741573034 0.013108614232209739 0.012640449438202247
0 0.5224719101123596 0.5449438202247191 0.013108614232209739 0.012640449438202247
0 0.6722846441947565 0.5407303370786517 0.013108614232209739 0.012640449438202247
0 0.8951310861423221 0.5870786516853933 0.013108614232209739 0.012640449438202247
0 0.7303370786516854 0.5365168539325843 0.013108614232209739 0.012640449438202247
0 0.46629213483146065 0.5589887640449438 0.013108614232209739 0.012640449438202247
0 0.0149812734082397 0.6938202247191011 0.020599250936329586 0.021067415730337078
0 0.3352059925093633 0.6671348314606742 0.018726591760299626 0.018258426966292134
0 0.23220973782771537 0.6769662921348315 0.018726591760299626 0.018258426966292134
0 0.19662921348314608 0.675561797752809 0.018726591760299626 0.018258426966292134
0 0.06179775280898876 0.625 0.018726591760299626 0.018258426966292134
0 0.552434456928839 0.5098314606741573 0.013108614232209739 0.012640449438202247
0 0.45880149812734083 0.5294943820224719 0.013108614232209739 0.012640449438202247
0 0.16104868913857678 0.5856741573033708 0.011235955056179775 0.009831460674157303
0 0.14232209737827714 0.526685393258427 0.013108614232209739 0.012640449438202247
0 0.9662921348314607 0.48735955056179775 0.013108614232209739 0.012640449438202247
0 0.6741573033707865 0.5154494382022472 0.013108614232209739 0.012640449438202247
0 0.5636704119850188 0.5603932584269663 0.013108614232209739 0.012640449438202247
0 0.6423220973782772 0.8735955056179775 0.028089887640449437 0.02949438202247191
0 0.9681647940074907 0.5533707865168539 0.013108614232209739 0.012640449438202247
0 0.08801498127340825 0.6404494382022472 0.018726591760299626 0.018258426966292134
0 0.6816479400749064 0.44803370786516855 0.013108614232209739 0.012640449438202247
0 0.8745318352059925 0.5098314606741573 0.013108614232209739 0.012640449438202247
0 0.8108614232209738 0.4803370786516854 0.013108614232209739 0.012640449438202247
0 0.033707865168539325 0.5421348314606742 0.013108614232209739 0.012640449438202247
0 0.7865168539325843 0.43820224719101125 0.013108614232209739 0.012640449438202247
0 0.6404494382022472 0.5323033707865169 0.013108614232209739 0.012640449438202247
0 0.5730337078651685 0.5365168539325843 0.013108614232209739 0.012640449438202247
0 0.4681647940074906 0.47191011235955055 0.013108614232209739 0.012640449438202247
0 0.795880149812734 0.5547752808988764 0.013108614232209739 0.012640449438202247
0 0.8183520599250936 0.5337078651685393 0.013108614232209739 0.012640449438202247
0 0.9082397003745318 0.42134831460674155 0.013108614232209739 0.012640449438202247
0 0.14794007490636704 0.6741573033707865 0.018726591760299626 0.018258426966292134
0 0.7209737827715356 0.8412921348314607 0.028089887640449437 0.02949438202247191
0 0.4756554307116105 0.5056179775280899 0.013108614232209739 0.012640449438202247
0 0.7528089887640449 0.5800561797752809 0.011235955056179775 0.009831460674157303
0 0.7715355805243446 0.6320224719101124 0.011235955056179775 0.009831460674157303
0 0.035580524344569285 0.6221910112359551 0.018726591760299626 0.018258426966292134
0 0.9382022471910112 0.40870786516853935 0.013108614232209739 0.012640449438202247
0 0.8838951310861424 0.5379213483146067 0.013108614232209739 0.012640449438202247
0 0.2397003745318352 0.5421348314606742 0.013108614232209739 0.012640449438202247
0 0.7902621722846442 0.5814606741573034 0.011235955056179775 0.009831460674157303
0 0.6423220973782772 0.5224719101123596 0.013108614232209739 0.012640449438202247
0 0.11610486891385768 0.7528089887640449 0.028089887640449437 0.02949438202247191
0 0.9625468164794008 0.41292134831460675 0.013108614232209739 0.012640449438202247
0 0.700374531835206 0.8665730337078652 0.028089887640449437 0.02949438202247191
0 0.23782771535580524 0.5196629213483146 0.013108614232209739 0.012640449438202247
0 0.8445692883895131 0.449438202247191 0.013108614232209739 0.012640449438202247
0 0.3782771535580524 0.5323033707865169 0.013108614232209739 0.012640449438202247
0 0.5692883895131086 0.4396067415730337 0.013108614232209739 0.012640449438202247
0 0.7134831460674157 0.40730337078651685 0.013108614232209739 0.012640449438202247
0 0.3970037453183521 0.523876404494382 0.013108614232209739 0.012640449438202247
0 0.6310861423220974 0.8497191011235955 0.028089887640449437 0.02949438202247191
0 0.9157303370786517 0.5393258426966292 0.013108614232209739 0.012640449438202247
0 0.8539325842696629 0.5898876404494382 0.013108614232209739 0.012640449438202247
0 0.03932584269662921 0.7528089887640449 0.028089887640449437 0.02949438202247191
0 0.5842696629213483 0.5379213483146067 0.013108614232209739 0.012640449438202247
0 0.48314606741573035 0.4691011235955056 0.013108614232209739 0.012640449438202247
0 0.6086142322097379 0.5393258426966292 0.013108614232209739 0.012640449438202247
0 0.8089887640449438 0.5533707865168539 0.013108614232209739 0.012640449438202247
0 0.7059925093632958 0.5941011235955056 0.011235955056179775 0.009831460674157303
0 0.6385767790262172 0.8132022471910112 0.028089887640449437 0.02949438202247191
0 0.8071161048689138 0.7823033707865169 0.020599250936329586 0.018258426966292134
0 0.7078651685393258 0.7668539325842697 0.020599250936329586 0.018258426966292134
0 0.8258426966292135 0.5070224719101124 0.013108614232209739 0.012640449438202247
0 0.5468164794007491 0.5463483146067416 0.013108614232209739 0.012640449438202247
0 0.653558052434457 0.5 0.013108614232209739 0.012640449438202247
0 0.8895131086142322 0.5098314606741573 0.013108614232209739 0.012640449438202247
0 0.07303370786516854 0.476123595505618 0.013108614232209739 0.012640449438202247
0 0.09925093632958802 0.6278089887640449 0.018726591760299626 0.018258426966292134
0 0.4419475655430712 0.547752808988764 0.013108614232209739 0.012640449438202247
0 0.1254681647940075 0.5519662921348315 0.013108614232209739 0.012640449438202247
0 0.9794007490636704 0.4508426966292135 0.013108614232209739 0.012640449438202247
0 0.7378277153558053 0.46348314606741575 0.013108614232209739 0.012640449438202247
0 0.06179775280898876 0.7176966292134831 0.028089887640449437 0.02949438202247191
0 0.6985018726591761 0.48314606741573035 0.013108614232209739 0.012640449438202247
0 0.7734082397003745 0.5294943820224719 0.013108614232209739 0.012640449438202247
0 0.6235955056179775 0.5224719101123596 0.013108614232209739 0.012640449438202247
0 0.0898876404494382 0.6924157303370787 0.018726591760299626 0.018258426966292134
0 0.7340823970037453 0.7401685393258427 0.020599250936329586 0.018258426966292134
0 0.6161048689138576 0.5589887640449438 0.013108614232209739 0.012640449438202247
0 0.846441947565543 0.526685393258427 0.013108614232209739 0.012640449438202247
0 0.17790262172284643 0.6741573033707865 0.018726591760299626 0.018258426966292134
0 0.9850187265917603 0.5547752808988764 0.013108614232209739 0.012640449438202247
0 0.2565543071161049 0.5435393258426966 0.013108614232209739 0.012640449438202247
0 0.398876404494382 0.5941011235955056 0.011235955056179775 0.009831460674157303
0 0.9325842696629213 0.46629213483146065 0.013108614232209739 0.012640449438202247
0 0.26779026217228463 0.5421348314606742 0.013108614232209739 0.012640449438202247
0 0.9138576779026217 0.5084269662921348 0.013108614232209739 0.012640449438202247
0 0.6910112359550562 0.5379213483146067 0.013108614232209739 0.012640449438202247
0 0.13295880149812733 0.7205056179775281 0.028089887640449437 0.02949438202247191
