0 0.5106666666666667 0.7153333333333334 0.016666666666666666 0.018
0 0.5666666666666667 0.5946666666666667 0.016666666666666666 0.018
0 0.47933333333333333 0.14866666666666667 0.014 0.016666666666666666
0 0.4706666666666667 0.5586666666666666 0.016666666666666666 0.018
0 0.196 0.452 0.014 0.016666666666666666
0 0.5826666666666667 0.15133333333333332 0.014 0.016666666666666666
0 0.8393333333333334 0.3 0.014 0.016666666666666666
0 0.8646666666666667 0.027333333333333334 0.014 0.016666666666666666
0 0.10133333333333333 0.5493333333333333 0.016666666666666666 0.018
0 0.5086666666666667 0.5826666666666667 0.016666666666666666 0.018
0 0.15333333333333332 0.37533333333333335 0.014 0.016666666666666666
0 0.08933333333333333 0.8 0.016666666666666666 0.018
0 0.248 0.5826666666666667 0.016666666666666666 0.018
0 0.564 0.10533333333333333 0.014 0.016666666666666666
0 0.9826666666666667 0.10733333333333334 0.014 0.016666666666666666
0 0.19266666666666668 0.668 0.016666666666666666 0.018
0 0.9313333333333333 0.37466666666666665 0.014 0.016666666666666666
0 0.4493333333333333 0.678 0.016666666666666666 0.018
0 0.12066666666666667 0.14133333333333334 0.014 0.016666666666666666
0 0.2673333333333333 0.10866666666666666 0.014 0.016666666666666666
0 0.7893333333333333 0.302 0.014 0.016666666666666666
0 0.048 0.5346666666666666 0.016666666666666666 0.018
0 0.3546666666666667 0.6773333333333333 0.016666666666666666 0.018
0 0.228 0.14 0.014 0.016666666666666666
0 0.4206666666666667 0.266 0.014 0.016666666666666666
0 0.6206666666666667 0.8333333333333334 0.016666666666666666 0.018
0 0.7006666666666667 0.806 0.016666666666666666 0.018
0 0.6473333333333333 0.89 0.016666666666666666 0.018
0 0.418 0.072 0.014 0.016666666666666666
0 0.47 0.002 0.014 0.016666666666666666
0 0.8286666666666667 0.8733333333333333 0.016666666666666666 0.018
0 0.41 0.10333333333333333 0.014 0.016666666666666666
0 0.8873333333333333 0.3333333333333333 0.014 0.016666666666666666
0 0.8713333333333333 0.10733333333333334 0.014 0.016666666666666666
0 0.45 0.5046666666666667 0.016666666666666666 0.018
0 0.9406666666666667 0.8773333333333333 0.016666666666666666 0.018
0 0.714 0.37466666666666665 0.014 0.016666666666666666
0 0.17533333333333334 0.26266666666666666 0.014 0.016666666666666666
0 0.5733333333333334 0.18533333333333332 0.014 0.016666666666666666
0 0.584 0.424 0.014 0.016666666666666666
0 0.6226666666666667 0.7013333333333334 0.016666666666666666 0.018
0 0.94 0.068 0.014 0.016666666666666666
0 0.9566666666666667 0.5473333333333333 0.016666666666666666 0.018
0 0.8813333333333333 0.8793333333333333 0.016666666666666666 0.018
0 0.36533333333333334 0.3406666666666667 0.014 0.016666666666666666
0 0.154 0.432 0.014 0.016666666666666666
0 0.988 0.49266666666666664 0.015333333333333332 0.017333333333333333
0 0.832 0.4613333333333333 0.015333333333333332 0.017333333333333333
0 0.25933333333333336 0.5433333333333333 0.016666666666666666 0.018
0 0.32466666666666666 0.004 0.014 0.016666666666666666
0 0.5646666666666667 0.038 0.014 0.016666666666666666
0 0.4186666666666667 0.002 0.014 0.016666666666666666
0 0.14533333333333334 0.8013333333333333 0.016666666666666666 0.018
0 0.44866666666666666 0.49466666666666664 0.016666666666666666 0.018
0 0.994 0.5433333333333333 0.016 0.017333333333333333
0 0.6153333333333333 0.588 0.016666666666666666 0.018
0 0.18066666666666667 0.14666666666666667 0.014 0.016666666666666666
0 0.704 0.41133333333333333 0.014 0.016666666666666666
0 0.19866666666666666 0.636 0.016666666666666666 0.018
0 0.6626666666666666 0.49066666666666664 0.016666666666666666 0.018
0 0.31666666666666665 0.7953333333333333 0.016666666666666666 0.018
0 0.9506666666666667 0.8393333333333334 0.016666666666666666 0.018
0 0.24 0.494 0.016666666666666666 0.018
0 0.984 0.33866666666666667 0.014 0.016666666666666666
0 0.4533333333333333 0.4246666666666667 0.014 0.016666666666666666
0 0.06533333333333333 0.888 0.016666666666666666 0.018
0 0.41 0.6333333333333333 0.016666666666666666 0.018
0 0.08133333333333333 0.494 0.016666666666666666 0.018
0 0.14 0.49333333333333335 0.016666666666666666 0.018
0 0.72 0.22333333333333333 0.014 0.016666666666666666
0 0.566 0.7686666666666667 0.016666666666666666 0.018
0 0.13266666666666665 0.75 0.016666666666666666 0.018
0 0.7473333333333333 0.06933333333333333 0.014 0.016666666666666666
0 0.026 0.14 0.014 0.016666666666666666
0 0.3626666666666667 0.11066666666666666 0.014 0.016666666666666666
0 0.16533333333333333 0.2966666666666667 0.014 0.016666666666666666
0 0.598 0.226 0.014 0.016666666666666666
0 0.42533333333333334 0.18533333333333332 0.014 0.016666666666666666
0 0.25 0.6386666666666667 0.016666666666666666 0.018
0 0.5166666666666667 0.18933333333333333 0.014 0.016666666666666666
0 0.31933333333333336 0.03266666666666666 0.014 0.016666666666666666
0 0.6373333333333333 0.034666666666666665 0.014 0.016666666666666666
0 0.5633333333333334 0.3433333333333333 0.014 0.016666666666666666
0 0.0026666666666666666 0.4053333333333333 0.014 0.016666666666666666
0 0.818 0.374 0.014 0.016666666666666666
0 0.5306666666666666 0.6206666666666667 0.016666666666666666 0.018
0 0.516 0.304 0.014 0.016666666666666666
0 0.642 0.5593333333333333 0.016666666666666666 0.018
0 0.018 0.068 0.014 0.016666666666666666
0 0.73 0.19533333333333333 0.014 0.016666666666666666
0 0.12866666666666668 0.08066666666666666 0.014 0.016666666666666666
0 0.9673333333333334 0.26666666666666666 0.014 0.016666666666666666
0 0.6766666666666666 0.4726666666666667 0.016 0.017333333333333333
0 0.06133333333333333 0.3406666666666667 0.014 0.016666666666666666
0 0.9993333333333333 0.8313333333333334 0.016666666666666666 0.018
0 0.7613333333333333 0.8826666666666667 0.016666666666666666 0.018
0 0.9126666666666666 0.032 0.014 0.016666666666666666
0 0.7773333333333333 0.7533333333333333 0.016666666666666666 0.018
0 0.8893333333333333 0.17266666666666666 0.014 0.016666666666666666
0 0.964 0.38133333333333336 0.014 0.016666666666666666
0 0.03333333333333333 0.656 0.016666666666666666 0.018
0 0.208 0.33866666666666667 0.014 0.016666666666666666
0 0.938 0.14266666666666666 0.014 0.016666666666666666
0 0.764 0.6173333333333333 0.016666666666666666 0.018
0 0.4706666666666667 0.26866666666666666 0.014 0.016666666666666666
0 0.30666666666666664 0.4226666666666667 0.014 0.016666666666666666
0 0.812 0.032 0.014 0.016666666666666666
0 0.092 0.44866666666666666 0.014 0.016666666666666666
0 0.692 0.30866666666666664 0.014 0.016666666666666666
0 0.6826666666666666 0.18933333333333333 0.014 0.016666666666666666
0 0.308 0.3406666666666667 0.014 0.016666666666666666
0 0.416 0.7173333333333334 0.016666666666666666 0.018
0 0.42933333333333334 0.14933333333333335 0.014 0.016666666666666666
0 0.5293333333333333 0.13533333333333333 0.014 0.016666666666666666
0 0.692 0.072 0.014 0.016666666666666666
0 0.3566666666666667 0.63 0.016666666666666666 0.018
0 0.31933333333333336 0.18133333333333335 0.014 0.016666666666666666
0 0.9046666666666666 0.25866666666666666 0.014 0.016666666666666666
0 0.062 0.752 0.016666666666666666 0.018
0 0.302 0.6333333333333333 0.016666666666666666 0.018
0 0.952 0.4533333333333333 0.014 0.016666666666666666
0 0.7686666666666667 0.49466666666666664 0.016666666666666666 0.018
0 0.254 0.8326666666666667 0.016666666666666666 0.018
0 0.8466666666666667 0.7046666666666667 0.016666666666666666 0.018
0 0.208 0.3993333333333333 0.014 0.016666666666666666
0 0.017333333333333333 0.268 0.014 0.016666666666666666
0 0.142 0.6446666666666667 0.016666666666666666 0.018
0 0.6333333333333333 0.7866666666666666 0.016666666666666666 0.018
0 0.7433333333333333 0.7893333333333333 0.016666666666666666 0.018
0 0.846 0.834 0.016666666666666666 0.018
0 0.6173333333333333 0.034 0.014 0.016666666666666666
0 0.38 0.17933333333333334 0.014 0.016666666666666666
0 0.462 0.714 0.016666666666666666 0.018
0 0.05 0.37466666666666665 0.014 0.016666666666666666
0 0.9913333333333333 0.7026666666666667 0.016666666666666666 0.018
0 0.7566666666666667 0.26 0.014 0.016666666666666666
0 0.9973333333333333 0.064 0.014 0.016666666666666666
0 0.10466666666666667 0.3393333333333333 0.014 0.016666666666666666
0 0.964 0.7026666666666667 0.016666666666666666 0.018
0 0.9233333333333333 0.0 0.014 0.016666666666666666
0 0.7846666666666666 0.18133333333333335 0.014 0.016666666666666666
0 0.56 0.07733333333333334 0.014 0.016666666666666666
0 0.19 0.8513333333333334 0.016666666666666666 0.018
0 0.24666666666666667 0.76 0.016666666666666666 0.018
0 0.16533333333333333 0.108 0.014 0.016666666666666666
0 0.5386666666666666 0.516 0.016666666666666666 0.018
0 0.12 0.25333333333333335 0.014 0.016666666666666666
0 0.596 0.382 0.014 0.016666666666666666
0 0.506 0.542 0.016666666666666666 0.018
0 0.796 0.7886666666666666 0.016666666666666666 0.018
0 0.364 0.06866666666666667 0.014 0.016666666666666666
0 0.24533333333333332 0.6726666666666666 0.016666666666666666 0.018
0 0.858 0.148 0.014 0.016666666666666666
0 0.13133333333333333 0.0 0.014 0.016666666666666666
0 0.9133333333333333 0.6226666666666667 0.016666666666666666 0.018
0 0.564 0.8366666666666667 0.016666666666666666 0.018
0 0.2833333333333333 0.13733333333333334 0.014 0.016666666666666666
0 0.8406666666666667 0.12666666666666668 0.014 0.016666666666666666
0 0.158 0.3426666666666667 0.014 0.016666666666666666
0 0.8906666666666667 0.4673333333333333 0.015333333333333332 0.017333333333333333
0 0.36666666666666664 0.0026666666666666666 0.014 0.016666666666666666
0 0.6333333333333333 0.48933333333333334 0.016666666666666666 0.018
0 0.43133333333333335 0.22333333333333333 0.014 0.016666666666666666
0 0.192 0.494 0.016666666666666666 0.018
0 0.748 0.14533333333333334 0.014 0.016666666666666666
0 0.8146666666666667 0.22733333333333333 0.014 0.016666666666666666
0 0.5146666666666667 0.06733333333333333 0.014 0.016666666666666666
0 0.7913333333333333 0.07533333333333334 0.014 0.016666666666666666
0 0.27266666666666667 0.22533333333333333 0.014 0.016666666666666666
0 0.017333333333333333 0.11333333333333333 0.014 0.016666666666666666
0 0.9313333333333333 0.3453333333333333 0.014 0.016666666666666666
0 0.538 0.38266666666666665 0.014 0.016666666666666666
0 0.9313333333333333 0.7493333333333333 0.016666666666666666 0.018
0 0.33466666666666667 0.146 0.014 0.016666666666666666
0 0.3233333333333333 0.22 0.014 0.016666666666666666
0 0.7246666666666667 0.0006666666666666666 0.014 0.016666666666666666
0 0.9726666666666667 0.17666666666666667 0.014 0.016666666666666666
0 0.19 0.882 0.016666666666666666 0.018
0 0.8606666666666667 0.6573333333333333 0.016666666666666666 0.018
0 0.892 0.71 0.016666666666666666 0.018
0 0.092 0.6733333333333333 0.016666666666666666 0.018
0 0.446 0.034666666666666665 0.014 0.016666666666666666
0 0.9973333333333333 0.14066666666666666 0.014 0.016666666666666666
0 0.7626666666666667 0.5813333333333334 0.016666666666666666 0.018
0 0.29133333333333333 0.7226666666666667 0.016666666666666666 0.018
0 0.5793333333333334 0.7073333333333334 0.016666666666666666 0.018
0 0.4033333333333333 0.472 0.015333333333333332 0.017333333333333333
0 0.8293333333333334 0.49533333333333335 0.016666666666666666 0.018
0 0.3526666666666667 0.5073333333333333 0.016666666666666666 0.018
0 0.6206666666666667 0.0 0.014 0.016666666666666666
0 0.906 0.06733333333333333 0.014 0.016666666666666666
0 0.12333333333333334 0.22266666666666668 0.014 0.016666666666666666
0 0.03666666666666667 0.6186666666666667 0.016666666666666666 0.018
0 0.108 0.11 0.014 0.016666666666666666
0 0.8933333333333333 0.7533333333333333 0.016666666666666666 0.018
0 0.466 0.18666666666666668 0.014 0.016666666666666666
0 0.676 0.11266666666666666 0.014 0.016666666666666666
0 0.312 0.2926666666666667 0.014 0.016666666666666666
0 0.6446666666666667 0.26 0.014 0.016666666666666666
0 0.792 0.7073333333333334 0.016666666666666666 0.018
0 0.08533333333333333 0.8406666666666667 0.016666666666666666 0.018
0 0.992 0.8793333333333333 0.016666666666666666 0.018
0 0.9446666666666667 0.5773333333333334 0.016666666666666666 0.018
0 0.25266666666666665 0.46 0.015333333333333332 0.017333333333333333
0 0.09466666666666666 0.6273333333333333 0.016666666666666666 0.018
0 0.8586666666666667 0.43133333333333335 0.014 0.016666666666666666
0 0.7106666666666667 0.8826666666666667 0.016666666666666666 0.018
0 0.12666666666666668 0.87 0.016666666666666666 0.018
0 0.6206666666666667 0.10533333333333333 0.014 0.016666666666666666
0 0.10266666666666667 0.4246666666666667 0.014 0.016666666666666666
0 0.9346666666666666 0.6626666666666666 0.016666666666666666 0.018
0 0.46266666666666667 0.518 0.016666666666666666 0.018
0 0.6613333333333333 0.38333333333333336 0.014 0.016666666666666666
0 0.6213333333333333 0.06733333333333333 0.014 0.016666666666666666
0 0.5653333333333334 0.494 0.016666666666666666 0.018
0 0.2773333333333333 0.202 0.014 0.016666666666666666
0 0.6386666666666667 0.6606666666666666 0.016666666666666666 0.018
0 0.316 0.544 0.016666666666666666 0.018
0 0.7553333333333333 0.66 0.016666666666666666 0.018
0 0.6113333333333333 0.7453333333333333 0.016666666666666666 0.018
0 0.4613333333333333 0.108 0.014 0.016666666666666666
0 0.03 0.8013333333333333 0.016666666666666666 0.018
0 0.8886666666666667 0.8353333333333334 0.016666666666666666 0.018
0 0.042 0.5753333333333334 0.016666666666666666 0.018
0 0.8266666666666667 0.7526666666666667 0.016666666666666666 0.018
0 0.9866666666666667 0.582 0.016666666666666666 0.018
0 0.17666666666666667 0.01 0.014 0.016666666666666666
0 0.858 0.26066666666666666 0.014 0.016666666666666666
0 0.682 0.832 0.016666666666666666 0.018
0 0.30266666666666664 0.382 0.014 0.016666666666666666
0 0.31333333333333335 0.10866666666666666 0.014 0.016666666666666666
0 0.5246666666666666 0.7933333333333333 0.016666666666666666 0.018
0 0.07933333333333334 0.148 0.014 0.016666666666666666
0 0.21866666666666668 0.262 0.014 0.016666666666666666
0 0.454 0.4686666666666667 0.015333333333333332 0.017333333333333333
0 0.204 0.5826666666666667 0.016666666666666666 0.018
0 0.536 0.22866666666666666 0.014 0.016666666666666666
0 0.52 0.26266666666666666 0.014 0.016666666666666666
0 0.32133333333333336 0.26066666666666666 0.014 0.016666666666666666
0 0.6933333333333334 0.264 0.014 0.016666666666666666
0 0.598 0.6606666666666666 0.016666666666666666 0.018
0 0.7153333333333334 0.746 0.016666666666666666 0.018
0 0.776 0.23666666666666666 0.014 0.016666666666666666
0 0.9246666666666666 0.21266666666666667 0.014 0.016666666666666666
0 0.06333333333333334 0.26066666666666666 0.014 0.016666666666666666
0 0.009333333333333334 0.30133333333333334 0.014 0.016666666666666666
0 0.19133333333333333 0.5446666666666666 0.016666666666666666 0.018
0 0.132 0.6666666666666666 0.016666666666666666 0.018
0 0.8786666666666667 0.624 0.016666666666666666 0.018
0 0.002 0.37933333333333336 0.014 0.016666666666666666
0 0.914 0.314 0.014 0.016666666666666666
0 0.8086666666666666 0.276 0.014 0.016666666666666666
0 0.7993333333333333 0.414 0.014 0.016666666666666666
0 0.2853333333333333 0.036 0.014 0.016666666666666666
0 0.42866666666666664 0.8446666666666667 0.016666666666666666 0.018
0 0.666 0.7593333333333333 0.016666666666666666 0.018
0 0.612 0.8753333333333333 0.016666666666666666 0.018
0 0.3 0.4666666666666667 0.016666666666666666 0.018
0 0.206 0.10933333333333334 0.014 0.016666666666666666
0 0.26266666666666666 0.3413333333333333 0.014 0.016666666666666666
0 0.32266666666666666 0.068 0.014 0.016666666666666666
0 0.024666666666666667 0.18733333333333332 0.014 0.016666666666666666
0 0.4666666666666667 0.29933333333333334 0.014 0.016666666666666666
0 0.9 0.14133333333333334 0.014 0.016666666666666666
0 0.4186666666666667 0.8733333333333333 0.016666666666666666 0.018
0 0.768 0.374 0.014 0.016666666666666666
0 0.07533333333333334 0.06533333333333333 0.014 0.016666666666666666
0 0.30133333333333334 0.8873333333333333 0.016666666666666666 0.018
0 0.3546666666666667 0.416 0.014 0.016666666666666666
0 0.78 0.11133333333333334 0.014 0.016666666666666666
0 0.36933333333333335 0.7233333333333334 0.016666666666666666 0.018
0 0.18933333333333333 0.7466666666666667 0.016666666666666666 0.018
0 0.4186666666666667 0.30733333333333335 0.014 0.016666666666666666
0 0.046 0.41333333333333333 0.014 0.016666666666666666
0 0.8053333333333333 0.6606666666666666 0.016666666666666666 0.018
0 0.756 0.038 0.014 0.016666666666666666
0 0.19533333333333333 0.8033333333333333 0.016666666666666666 0.018
0 0.23933333333333334 0.8953333333333333 0.016666666666666666 0.018
0 0.1 0.376 0.014 0.016666666666666666
0 0.7606666666666667 0.41533333333333333 0.014 0.016666666666666666
0 0.508 0.03666666666666667 0.014 0.016666666666666666
0 0.558 0.30466666666666664 0.014 0.016666666666666666
0 0.37333333333333335 0.256 0.014 0.016666666666666666
0 0.9973333333333333 0.31333333333333335 0.014 0.016666666666666666
0 0.308 0.5886666666666667 0.016666666666666666 0.018
0 0.7293333333333333 0.834 0.016666666666666666 0.018
0 0.932 0.1 0.014 0.016666666666666666
0 0.016666666666666666 0.8766666666666667 0.016666666666666666 0.018
0 0.48333333333333334 0.8826666666666667 0.016666666666666666 0.018
0 0.382 0.156 0.014 0.016666666666666666
0 0.37466666666666665 0.224 0.014 0.016666666666666666
0 0.87 0.372 0.014 0.016666666666666666
0 0.6313333333333333 0.45866666666666667 0.014 0.016666666666666666
0 0.8746666666666667 0.218 0.014 0.016666666666666666
0 0.4653333333333333 0.07333333333333333 0.014 0.016666666666666666
0 0.11066666666666666 0.2946666666666667 0.014 0.016666666666666666
0 0.272 0.292 0.014 0.016666666666666666
0 0.8266666666666667 0.5833333333333334 0.016666666666666666 0.018
0 0.49 0.8426666666666667 0.016666666666666666 0.018
0 0.948 0.31 0.014 0.016666666666666666
0 0.3453333333333333 0.888 0.016666666666666666 0.018
0 0.7786666666666666 0.582 0.016666666666666666 0.018
0 0.2653333333333333 0.06333333333333334 0.014 0.016666666666666666
0 0.4713333333333333 0.7506666666666667 0.016666666666666666 0.018
0 0.29933333333333334 0.5213333333333333 0.016666666666666666 0.018
0 0.7733333333333333 0.8373333333333334 0.016666666666666666 0.018
0 0.9713333333333334 0.23066666666666666 0.014 0.016666666666666666
0 0.6573333333333333 0.22866666666666666 0.014 0.016666666666666666
0 0.4693333333333333 0.22266666666666668 0.014 0.016666666666666666
0 0.58 0.7973333333333333 0.016666666666666666 0.018
0 0.9913333333333333 0.45266666666666666 0.014666666666666666 0.016666666666666666
0 0.6706666666666666 0.0006666666666666666 0.014 0.016666666666666666
0 0.842 0.08 0.014 0.016666666666666666
0 0.31466666666666665 0.676 0.016666666666666666 0.018
0 0.2733333333333333 0.2633333333333333 0.014 0.016666666666666666
0 0.4866666666666667 0.6286666666666667 0.016666666666666666 0.018
0 0.9973333333333333 0.034 0.014 0.016666666666666666
0 0.5186666666666667 0.41333333333333333 0.014 0.016666666666666666
0 0.9846666666666667 0.624 0.016666666666666666 0.018
0 0.356 0.84 0.016666666666666666 0.018
0 0.24866666666666667 0.7173333333333334 0.016666666666666666 0.018
0 0.5886666666666667 0.5393333333333333 0.016666666666666666 0.018
0 0.9173333333333333 0.416 0.014 0.016666666666666666
0 0.7333333333333333 0.114 0.014 0.016666666666666666
0 0.25266666666666665 0.38066666666666665 0.014 0.016666666666666666
0 0.03933333333333333 0.4533333333333333 0.014 0.016666666666666666
0 0.41333333333333333 0.7593333333333333 0.016666666666666666 0.018
0 0.5453333333333333 0.88 0.016666666666666666 0.018
0 0.086 0.22 0.014 0.016666666666666666
