0 0.5140625 0.6154747948417351 0.07734375 0.15005861664712777
0 0.20703125 0.36107854630715125 0.00546875 0.009378663540445486
0 0.8328125 0.37397420867526376 0.0046875 0.007033997655334115
0 0.63671875 0.3563892145369285 0.0046875 0.007033997655334115
0 0.39609375 0.35873388042203985 0.00546875 0.009378663540445486
0 0.175 0.35873388042203985 0.00546875 0.009378663540445486
0 0.584375 0.37631887456037516 0.00859375 0.012895662368112544
0 0.45390625 0.365767878077374 0.0046875 0.007033997655334115
0 0.86640625 0.406799531066823 0.0046875 0.017584994138335287
0 0.90625 0.40328253223915594 0.0046875 0.007033997655334115
0 0.86875 0.6682297772567409 0.0359375 0.04220398593200469
0 0.64765625 0.5357561547479485 0.02578125 0.06916764361078546
0 0.91484375 0.39155920281359907 0.0046875 0.007033997655334115
0 0.67265625 0.40211019929660025 0.00703125 0.010550996483001172
0 0.5734375 0.4361078546307151 0.02109375 0.03634232121922626
0 0.4609375 0.3634232121922626 0.0046875 0.007033997655334115
0 0.31171875 0.4630715123094959 0.015625 0.03048065650644783
0 0.3703125 0.3716295427901524 0.00546875 0.009378663540445486
0 0.909375 0.3810082063305979 0.0046875 0.007033997655334115
0 0.0671875 0.35990621336459555 0.0078125 0.012895662368112544
0 0.35859375 0.3821805392731536 0.00546875 0.009378663540445486
0 0.34453125 0.388042203985932 0.00546875 0.009378663540445486
0 0.71015625 0.43376318874560377 0.0046875 0.007033997655334115
0 0.37421875 0.3516998827667057 0.00546875 0.009378663540445486
0 0.221875 0.3481828839390387 0.00546875 0.009378663540445486
0 0.6171875 0.35990621336459555 0.0046875 0.007033997655334115
0 0.540625 0.3528722157092614 0.0046875 0.007033997655334115
0 0.49921875 0.41617819460726846 0.00546875 0.009378663540445486
0 0.6140625 0.3798358733880422 0.0046875 0.007033997655334115
0 0.934375 0.39155920281359907 0.0046875 0.007033997655334115
0 0.9234375 0.46776084407971863 0.0296875 0.04806565064478312
0 0.4296875 0.3669402110199297 0.00703125 0.01406799531066823
0 0.9484375 0.44079718640093785 0.0046875 0.007033997655334115
0 0.721875 0.3669402110199297 0.0046875 0.007033997655334115
0 0.46484375 0.4091441969519343 0.0078125 0.010550996483001172
0 0.55546875 0.36107854630715125 0.00625 0.011723329425556858
0 0.4640625 0.943728018757327 0.0609375 0.10550996483001172
0 0.5015625 0.35873388042203985 0.0046875 0.007033997655334115
0 0.07265625 0.37749120750293086 0.00703125 0.012895662368112544
0 0.35859375 0.47479484173505276 0.015625 0.03048065650644783
0 0.73671875 0.8182883939038686 0.08125 0.13012895662368112
0 0.6453125 0.3950762016412661 0.009375 0.012895662368112544
0 0.93046875 0.42907385697538103 0.0046875 0.007033997655334115
0 0.54296875 0.35990621336459555 0.0046875 0.007033997655334115
0 0.82265625 0.608440797186401 0.034375 0.07737397420867527
0 0.66953125 0.3645955451348183 0.0046875 0.007033997655334115
0 0.90625 0.4501758499413834 0.0046875 0.007033997655334115
0 0.32265625 0.3563892145369285 0.00546875 0.009378663540445486
0 0.575 0.36811254396248533 0.0046875 0.007033997655334115
0 0.64921875 0.3645955451348183 0.0046875 0.007033997655334115
0 0.9921875 0.42672919109026963 0.00703125 0.016412661195779603
0 0.74609375 0.369284876905041 0.0046875 0.007033997655334115
0 0.35390625 0.3528722157092614 0.00546875 0.009378663540445486
0 0.50703125 0.3704572098475967 0.0046875 0.007033997655334115
0 0.03046875 0.36811254396248533 0.02109375 0.03048065650644783
0 0.315625 0.3481828839390387 0.009375 0.017584994138335287
0 0.39921875 0.3528722157092614 0.00546875 0.009378663540445486
0 0.2140625 0.5357561547479485 0.01640625 0.03048065650644783
0 0.09375 0.3821805392731536 0.00703125 0.009378663540445486
0 0.109375 0.3493552168815944 0.00703125 0.009378663540445486
0 0.859375 0.4548651817116061 0.02265625 0.03634232121922626
0 0.38203125 0.40211019929660025 0.00546875 0.009378663540445486
0 0.2921875 0.37514654161781946 0.00546875 0.009378663540445486
0 0.97890625 0.3704572098475967 0.0046875 0.007033997655334115
0 0.2546875 0.35756154747948415 0.00546875 0.009378663540445486
0 0.984375 0.3962485345838218 0.0046875 0.007033997655334115
0 0.38515625 0.35756154747948415 0.00546875 0.009378663540445486
0 0.775 0.5310668229777257 0.02265625 0.03634232121922626
0 0.84296875 0.3950762016412661 0.021875 0.04337631887456037
0 0.3796875 0.38569753810082064 0.00546875 0.009378663540445486
0 0.95859375 0.5873388042203986 0.0609375 0.11371629542790153
0 0.67578125 0.3669402110199297 0.0046875 0.007033997655334115
0 0.34296875 0.3552168815943728 0.00546875 0.009378663540445486
0 0.5328125 0.3528722157092614 0.00703125 0.009378663540445486
0 0.4203125 0.38452520515826494 0.0125 0.023446658851113716
0 0.17109375 0.4361078546307151 0.025 0.044548651817116064
0 0.51953125 0.4900351699882767 0.03046875 0.032825322391559206
0 0.5296875 0.3634232121922626 0.00703125 0.009378663540445486
0 0.484375 0.4208675263774912 0.0078125 0.010550996483001172
0 0.69375 0.39273153575615477 0.00390625 0.010550996483001172
0 0.62578125 0.3669402110199297 0.0046875 0.007033997655334115
0 0.4078125 0.3622508792497069 0.00546875 0.009378663540445486
0 0.14921875 0.40328253223915594 0.01953125 0.04220398593200469
0 0.68046875 0.37514654161781946 0.0046875 0.007033997655334115
0 0.4859375 0.37280187573270807 0.0046875 0.007033997655334115
0 0.3609375 0.3552168815943728 0.00546875 0.009378663540445486
0 0.62578125 0.35756154747948415 0.0046875 0.007033997655334115
0 0.25234375 0.39155920281359907 0.00546875 0.009378663540445486
0 0.20390625 0.3704572098475967 0.00546875 0.009378663540445486
0 0.859375 0.3821805392731536 0.0046875 0.007033997655334115
0 0.1875 0.35756154747948415 0.00546875 0.009378663540445486
0 0.74296875 0.47245017584994137 0.02265625 0.03634232121922626
0 0.5125 0.3634232121922626 0.0046875 0.007033997655334115
0 0.88125 0.44196951934349354 0.0046875 0.007033997655334115
0 0.60546875 0.365767878077374 0.0046875 0.007033997655334115
0 0.7265625 0.39976553341148885 0.0125 0.01992966002344666
0 0.653125 0.365767878077374 0.0046875 0.007033997655334115
0 0.86875 0.5287221570926143 0.04375 0.06916764361078546
0 0.2296875 0.39976553341148885 0.00546875 0.009378663540445486
0 0.2796875 0.48182883939038684 0.0078125 0.01406799531066823
0 0.04609375 0.3399765533411489 0.0078125 0.012895662368112544
0 0.28828125 0.39976553341148885 0.01640625 0.022274325908558032
0 0.825 0.37397420867526376 0.0046875 0.007033997655334115
0 0.5125 0.42907385697538103 0.00546875 0.009378663540445486
0 0.496875 0.3798358733880422 0.01171875 0.01875732708089097
0 0.54296875 0.3716295427901524 0.0046875 0.007033997655334115
0 0.05390625 0.3516998827667057 0.0078125 0.012895662368112544
0 0.7109375 0.388042203985932 0.00625 0.01406799531066823
0 0.96328125 0.3974208675263775 0.0125 0.023446658851113716
0 0.98515625 0.4138335287221571 0.009375 0.011723329425556858
0 0.92109375 0.40328253223915594 0.0046875 0.007033997655334115
