0 0.12959183673469388 0.9927404718693285 0.011224489795918367 0.025408348457350273
0 0.45510204081632655 0.7459165154264973 0.011224489795918367 0.025408348457350273
0 0.7183673469387755 0.705989110707804 0.011224489795918367 0.025408348457350273
0 0.19387755102040816 0.3720508166969147 0.003061224489795918 0.003629764065335753
0 0.5326530612244897 0.41560798548094374 0.003061224489795918 0.003629764065335753
0 0.40714285714285714 0.2867513611615245 0.0020408163265306124 0.0018148820326678765
0 0.6183673469387755 0.6333938294010889 0.00816326530612245 0.012704174228675136
0 0.5704081632653061 0.7096188747731398 0.011224489795918367 0.025408348457350273
0 0.09897959183673469 0.4337568058076225 0.003061224489795918 0.003629764065335753
0 0.5183673469387755 0.6442831215970962 0.00816326530612245 0.012704174228675136
0 0.44693877551020406 0.4319419237749546 0.003061224489795918 0.003629764065335753
0 0.42346938775510207 0.7586206896551724 0.011224489795918367 0.025408348457350273
0 0.1346938775510204 0.5226860254083484 0.00816326530612245 0.012704174228675136
0 0.025510204081632654 0.542649727767695 0.00816326530612245 0.012704174228675136
0 0.6683673469387755 0.5208711433756806 0.00816326530612245 0.012704174228675136
0 0.610204081632653 0.47549909255898365 0.003061224489795918 0.003629764065335753
0 0.35306122448979593 0.49183303085299457 0.00816326530612245 0.012704174228675136
0 0.3520408163265306 0.37568058076225047 0.003061224489795918 0.003629764065335753
0 0.5520408163265306 0.38294010889292196 0.003061224489795918 0.003629764065335753
0 0.35408163265306125 0.3738656987295826 0.003061224489795918 0.003629764065335753
0 0.5979591836734693 0.5716878402903811 0.00816326530612245 0.012704174228675136
0 0.20510204081632652 0.8584392014519057 0.011224489795918367 0.025408348457350273
0 0.4173469387755102 0.3176043557168784 0.003061224489795918 0.003629764065335753
0 0.539795918367347 0.08711433756805807 0.003061224489795918 0.009074410163339383
0 0.24081632653061225 0.4863883847549909 0.00816326530612245 0.012704174228675136
0 0.9377551020408164 0.705989110707804 0.011224489795918367 0.025408348457350273
0 0.46530612244897956 0.5553539019963702 0.00816326530612245 0.012704174228675136
0 0.03979591836734694 0.4192377495462795 0.003061224489795918 0.003629764065335753
0 0.3989795918367347 0.5535390199637024 0.00816326530612245 0.012704174228675136
0 0.04387755102040816 0.5807622504537205 0.00816326530612245 0.012704174228675136
0 0.04693877551020408 0.5045372050816697 0.00816326530612245 0.012704174228675136
0 0.4744897959183674 0.294010889292196 0.0020408163265306124 0.0018148820326678765
0 0.4193877551020408 0.5009074410163339 0.00816326530612245 0.012704174228675136
0 0.061224489795918366 0.9891107078039928 0.011224489795918367 0.025408348457350273
0 0.02959183673469388 0.6969147005444646 0.011224489795918367 0.025408348457350273
0 0.6010204081632653 0.37568058076225047 0.003061224489795918 0.003629764065335753
0 0.3489795918367347 0.8711433756805808 0.011224489795918367 0.025408348457350273
0 0.44693877551020406 0.515426497277677 0.00816326530612245 0.012704174228675136
0 0.5561224489795918 0.39201451905626133 0.003061224489795918 0.003629764065335753
0 0.4153061224489796 0.5245009074410163 0.00816326530612245 0.012704174228675136
0 0.3693877551020408 0.35934664246823955 0.003061224489795918 0.003629764065335753
0 0.5357142857142857 0.6660617059891107 0.00816326530612245 0.012704174228675136
0 0.4091836734693878 0.5045372050816697 0.00816326530612245 0.012704174228675136
0 0.4091836734693878 0.41379310344827586 0.003061224489795918 0.003629764065335753
0 0.6010204081632653 0.47186932849364793 0.003061224489795918 0.003629764065335753
0 0.17857142857142858 0.5989110707803993 0.00816326530612245 0.012704174228675136
0 0.45918367346938777 0.3448275862068966 0.003061224489795918 0.003629764065335753
0 0.7051020408163265 0.7005444646098004 0.011224489795918367 0.025408348457350273
0 0.6346938775510204 0.6116152450090744 0.00816326530612245 0.012704174228675136
0 0.3377551020408163 0.7404718693284936 0.011224489795918367 0.025408348457350273
0 0.04285714285714286 0.79491833030853 0.011224489795918367 0.025408348457350273
0 0.2785714285714286 0.5898366606170599 0.00816326530612245 0.012704174228675136
0 0.5142857142857142 0.39019963702359345 0.003061224489795918 0.003629764065335753
0 0.4887755102040816 0.32123411978221417 0.003061224489795918 0.003629764065335753
0 0.3479591836734694 0.6188747731397459 0.00816326530612245 0.012704174228675136
0 0.37551020408163266 0.5063520871143375 0.00816326530612245 0.012704174228675136
0 0.4122448979591837 0.6497277676950998 0.00816326530612245 0.012704174228675136
0 0.06938775510204082 0.7078039927404719 0.011224489795918367 0.025408348457350273
0 0.6306122448979592 0.588021778584392 0.00816326530612245 0.012704174228675136
0 0.5275510204081633 0.5862068965517241 0.00816326530612245 0.012704174228675136
0 0.6153061224489796 0.573502722323049 0.00816326530612245 0.012704174228675136
0 0.24183673469387756 0.3248638838475499 0.003061224489795918 0.003629764065335753
0 0.21224489795918366 0.7368421052631579 0.011224489795918367 0.025408348457350273
0 0.16020408163265307 0.7277676950998185 0.011224489795918367 0.025408348457350273
0 0.32346938775510203 0.3339382940108893 0.003061224489795918 0.003629764065335753
0 0.49081632653061225 0.6678765880217786 0.00816326530612245 0.012704174228675136
0 0.12551020408163266 0.42286751361161523 0.003061224489795918 0.003629764065335753
0 0.8071428571428572 0.6297640653357531 0.00816326530612245 0.012704174228675136
0 0.3479591836734694 0.26497277676951 0.0020408163265306124 0.0018148820326678765
0 0.37142857142857144 0.7259528130671506 0.011224489795918367 0.025408348457350273
0 0.18571428571428572 0.5353901996370236 0.00816326530612245 0.012704174228675136
0 0.3989795918367347 0.6460980036297641 0.00816326530612245 0.012704174228675136
0 0.2683673469387755 0.5045372050816697 0.00816326530612245 0.012704174228675136
0 0.3051020408163265 0.6279491833030852 0.00816326530612245 0.012704174228675136
0 0.35612244897959183 0.6261343012704175 0.00816326530612245 0.012704174228675136
0 0.5010204081632653 0.426497277676951 0.003061224489795918 0.003629764065335753
0 0.2571428571428571 0.3956442831215971 0.003061224489795918 0.003629764065335753
0 0.5530612244897959 0.6606170598911071 0.00816326530612245 0.012704174228675136
0 0.06326530612244897 0.06715063520871144 0.003061224489795918 0.009074410163339383
0 0.3877551020408163 0.7622504537205081 0.011224489795918367 0.025408348457350273
0 0.06326530612244897 0.5789473684210527 0.00816326530612245 0.012704174228675136
0 0.15 0.3030852994555354 0.003061224489795918 0.003629764065335753
0 0.5469387755102041 0.8747731397459165 0.011224489795918367 0.025408348457350273
0 0.6306122448979592 0.5317604355716878 0.00816326530612245 0.012704174228675136
0 0.413265306122449 0.2849364791288566 0.0020408163265306124 0.0018148820326678765
0 0.4663265306122449 0.5281306715063521 0.00816326530612245 0.012704174228675136
0 0.5357142857142857 0.49364791288566245 0.00816326530612245 0.012704174228675136
0 0.16428571428571428 0.4101633393829401 0.003061224489795918 0.003629764065335753
0 0.5704081632653061 0.6787658802177858 0.00816326530612245 0.012704174228675136
0 0.2714285714285714 0.44283121597096187 0.003061224489795918 0.003629764065335753
0 0.523469387755102 0.3793103448275862 0.003061224489795918 0.003629764065335753
0 0.46938775510204084 0.36116152450090744 0.003061224489795918 0.003629764065335753
0 0.6275510204081632 0.8275862068965517 0.011224489795918367 0.025408348457350273
0 0.6632653061224489 0.6025408348457351 0.00816326530612245 0.012704174228675136
0 0.6193877551020408 0.6642468239564429 0.00816326530612245 0.012704174228675136
0 0.14591836734693878 0.867513611615245 0.011224489795918367 0.025408348457350273
0 0.9387755102040817 0.8130671506352087 0.011224489795918367 0.025408348457350273
0 0.22142857142857142 0.4664246823956443 0.003061224489795918 0.003629764065335753
0 0.5693877551020409 0.6134301270417423 0.00816326530612245 0.012704174228675136
0 0.5479591836734694 0.4283121597096189 0.003061224489795918 0.003629764065335753
0 0.536734693877551 0.426497277676951 0.003061224489795918 0.003629764065335753
0 0.5887755102040816 0.7749546279491834 0.011224489795918367 0.025408348457350273
0 0.413265306122449 0.8348457350272233 0.011224489795918367 0.025408348457350273
0 0.5010204081632653 0.4500907441016334 0.003061224489795918 0.003629764065335753
0 0.37857142857142856 0.3738656987295826 0.003061224489795918 0.003629764065335753
0 0.32040816326530613 0.30490018148820325 0.0020408163265306124 0.0018148820326678765
0 0.5183673469387755 0.5571687840290381 0.00816326530612245 0.012704174228675136
0 0.48367346938775513 0.2958257713248639 0.0020408163265306124 0.0018148820326678765
0 0.01020408163265306 0.5698729582577132 0.00816326530612245 0.012704174228675136
0 0.4520408163265306 0.3030852994555354 0.0020408163265306124 0.0018148820326678765
0 0.37244897959183676 0.43738656987295826 0.003061224489795918 0.003629764065335753
0 0.9816326530612245 0.8947368421052632 0.011224489795918367 0.025408348457350273
0 0.7030612244897959 0.5353901996370236 0.00816326530612245 0.012704174228675136
0 0.2969387755102041 0.6007259528130672 0.00816326530612245 0.012704174228675136
0 0.2979591836734694 0.6823956442831216 0.00816326530612245 0.012704174228675136
0 0.5336734693877551 0.35390199637023595 0.003061224489795918 0.003629764065335753
0 0.5551020408163265 0.3702359346642468 0.003061224489795918 0.003629764065335753
0 0.5224489795918368 0.8257713248638838 0.011224489795918367 0.025408348457350273
0 0.6081632653061224 0.5535390199637024 0.00816326530612245 0.012704174228675136
0 0.5571428571428572 1.0 0.011224489795918367 0.025408348457350273
0 0.5969387755102041 0.4900181488203267 0.00816326530612245 0.012704174228675136
0 0.1510204081632653 0.35753176043557167 0.003061224489795918 0.003629764065335753
0 0.19489795918367347 0.4010889292196007 0.003061224489795918 0.003629764065335753
0 0.22551020408163266 0.35390199637023595 0.003061224489795918 0.003629764065335753
0 0.47244897959183674 0.44464609800362975 0.003061224489795918 0.003629764065335753
0 0.1663265306122449 0.6025408348457351 0.00816326530612245 0.012704174228675136
0 0.6061224489795919 0.5644283121597096 0.00816326530612245 0.012704174228675136
0 0.43979591836734694 0.08166969147005444 0.003061224489795918 0.009074410163339383
0 0.7561224489795918 0.7967332123411979 0.011224489795918367 0.025408348457350273
0 0.21428571428571427 0.9328493647912885 0.011224489795918367 0.025408348457350273
0 0.3193877551020408 0.6606170598911071 0.00816326530612245 0.012704174228675136
0 0.27448979591836736 0.8185117967332124 0.011224489795918367 0.025408348457350273
0 0.02142857142857143 0.8620689655172413 0.011224489795918367 0.025408348457350273
0 0.7520408163265306 0.5825771324863884 0.00816326530612245 0.012704174228675136
0 0.04693877551020408 0.5372050816696915 0.00816326530612245 0.012704174228675136
0 0.12857142857142856 0.07259528130671507 0.003061224489795918 0.009074410163339383
0 0.2510204081632653 0.3502722323049002 0.003061224489795918 0.003629764065335753
0 0.5040816326530613 0.7114337568058077 0.011224489795918367 0.025408348457350273
0 0.20612244897959184 0.4355716878402904 0.003061224489795918 0.003629764065335753
0 0.3622448979591837 0.35390199637023595 0.003061224489795918 0.003629764065335753
0 0.5316326530612245 0.3411978221415608 0.003061224489795918 0.003629764065335753
0 0.13673469387755102 0.676950998185118 0.00816326530612245 0.012704174228675136
0 0.02346938775510204 0.35390199637023595 0.003061224489795918 0.003629764065335753
0 0.5642857142857143 0.8130671506352087 0.011224489795918367 0.025408348457350273
0 0.4714285714285714 0.26860254083484575 0.0020408163265306124 0.0018148820326678765
0 0.3051020408163265 0.26678765880217786 0.0020408163265306124 0.0018148820326678765
0 0.27448979591836736 0.07078039927404718 0.003061224489795918 0.009074410163339383
0 0.4316326530612245 0.32667876588021777 0.003061224489795918 0.003629764065335753
0 0.053061224489795916 0.9165154264972777 0.011224489795918367 0.025408348457350273
0 0.6448979591836734 0.42286751361161523 0.003061224489795918 0.003629764065335753
0 0.21428571428571427 0.3411978221415608 0.003061224489795918 0.003629764065335753
0 0.5479591836734694 0.8185117967332124 0.011224489795918367 0.025408348457350273
0 0.4887755102040816 0.2831215970961887 0.0020408163265306124 0.0018148820326678765
0 0.14387755102040817 0.4246823956442831 0.003061224489795918 0.003629764065335753
0 0.25510204081632654 0.5771324863883848 0.00816326530612245 0.012704174228675136
0 0.5897959183673469 0.6551724137931034 0.00816326530612245 0.012704174228675136
0 0.5438775510204081 0.6188747731397459 0.00816326530612245 0.012704174228675136
0 0.710204081632653 0.5553539019963702 0.00816326530612245 0.012704174228675136
0 0.25612244897959185 0.8729582577132486 0.011224489795918367 0.025408348457350273
0 0.6265306122448979 0.47186932849364793 0.003061224489795918 0.003629764065335753
0 0.4010204081632653 0.5771324863883848 0.00816326530612245 0.012704174228675136
0 0.5530612244897959 0.33212341197822143 0.003061224489795918 0.003629764065335753
0 0.2755102040816326 0.4809437386569873 0.003061224489795918 0.003629764065335753
0 0.5785714285714286 0.35753176043557167 0.003061224489795918 0.003629764065335753
0 0.9 0.7840290381125227 0.011224489795918367 0.025408348457350273
0 0.11020408163265306 0.41379310344827586 0.003061224489795918 0.003629764065335753
0 0.5979591836734693 0.5027223230490018 0.00816326530612245 0.012704174228675136
0 0.376530612244898 0.5789473684210527 0.00816326530612245 0.012704174228675136
0 0.03979591836734694 0.515426497277677 0.00816326530612245 0.012704174228675136
0 0.15714285714285714 0.06352087114337568 0.003061224489795918 0.009074410163339383
0 0.2540816326530612 0.5372050816696915 0.00816326530612245 0.012704174228675136
0 0.4642857142857143 0.6533575317604355 0.00816326530612245 0.012704174228675136
0 0.55 0.5843920145190563 0.00816326530612245 0.012704174228675136
0 0.30306122448979594 0.47368421052631576 0.003061224489795918 0.003629764065335753
0 0.11122448979591837 0.44646098003629764 0.003061224489795918 0.003629764065335753
0 0.6071428571428571 0.3811252268602541 0.003061224489795918 0.003629764065335753
0 0.5469387755102041 0.4010889292196007 0.003061224489795918 0.003629764065335753
0 0.45918367346938777 0.4301270417422868 0.003061224489795918 0.003629764065335753
0 0.6204081632653061 0.08711433756805807 0.007142857142857143 0.012704174228675136
0 0.45102040816326533 0.3103448275862069 0.0020408163265306124 0.0018148820326678765
0 0.5693877551020409 0.5571687840290381 0.00816326530612245 0.012704174228675136
0 0.48775510204081635 0.7277676950998185 0.011224489795918367 0.025408348457350273
0 0.004081632653061225 0.676950998185118 0.01020408163265306 0.021778584392014518
0 0.3663265306122449 0.26860254083484575 0.0020408163265306124 0.0018148820326678765
0 0.1846938775510204 0.07441016333938294 0.003061224489795918 0.009074410163339383
0 0.20408163265306123 0.5172413793103449 0.00816326530612245 0.012704174228675136
0 0.3826530612244898 0.43920145190562615 0.003061224489795918 0.003629764065335753
0 0.2510204081632653 0.7658802177858439 0.011224489795918367 0.025408348457350273
0 0.1826530612244898 0.7168784029038112 0.011224489795918367 0.025408348457350273
0 0.40714285714285714 0.7241379310344828 0.011224489795918367 0.025408348457350273
0 0.3357142857142857 0.5698729582577132 0.00816326530612245 0.012704174228675136
0 0.2653061224489796 0.4047186932849365 0.003061224489795918 0.003629764065335753
0 0.27346938775510204 0.6370235934664247 0.00816326530612245 0.012704174228675136
0 0.11428571428571428 0.4809437386569873 0.003061224489795918 0.003629764065335753
0 0.8061224489795918 0.7822141560798548 0.011224489795918367 0.025408348457350273
0 0.22346938775510203 0.06533575317604355 0.003061224489795918 0.009074410163339383
0 0.463265306122449 0.27223230490018147 0.0020408163265306124 0.0018148820326678765
0 0.363265306122449 0.2577132486388385 0.0020408163265306124 0.0018148820326678765
0 0.3122448979591837 0.5281306715063521 0.00816326530612245 0.012704174228675136
0 0.18061224489795918 0.38656987295825773 0.003061224489795918 0.003629764065335753
0 0.16938775510204082 0.8602540834845736 0.011224489795918367 0.025408348457350273
0 0.3448979591836735 0.08892921960072596 0.003061224489795918 0.009074410163339383
0 0.3306122448979592 0.8493647912885662 0.011224489795918367 0.025408348457350273
0 0.7622448979591837 0.9310344827586207 0.011224489795918367 0.025408348457350273
0 0.1510204081632653 0.5263157894736842 0.00816326530612245 0.012704174228675136
0 0.7234693877551021 0.1088929219600726 0.007142857142857143 0.012704174228675136
0 0.08571428571428572 0.6823956442831216 0.00816326530612245 0.012704174228675136
0 0.22551020408163266 0.3248638838475499 0.003061224489795918 0.003629764065335753
0 0.3795918367346939 0.25045372050816694 0.0020408163265306124 0.0018148820326678765
0 0.6438775510204081 0.5644283121597096 0.00816326530612245 0.012704174228675136
0 0.2714285714285714 0.3448275862068966 0.003061224489795918 0.003629764065335753
0 0.4816326530612245 0.5952813067150635 0.00816326530612245 0.012704174228675136
0 0.2530612244897959 0.9455535390199638 0.011224489795918367 0.025408348457350273
0 0.5428571428571428 0.4863883847549909 0.00816326530612245 0.012704174228675136
0 0.6030612244897959 0.5099818511796733 0.00816326530612245 0.012704174228675136
0 0.4010204081632653 0.5081669691470054 0.00816326530612245 0.012704174228675136
0 0.5112244897959184 0.6152450090744102 0.00816326530612245 0.012704174228675136
0 0.3489795918367347 0.35571687840290384 0.003061224489795918 0.003629764065335753
0 0.34591836734693876 0.5480943738656987 0.00816326530612245 0.012704174228675136
0 0.11428571428571428 0.07441016333938294 0.003061224489795918 0.009074410163339383
0 0.1 0.8130671506352087 0.011224489795918367 0.025408348457350273
0 0.5153061224489796 0.5009074410163339 0.00816326530612245 0.012704174228675136
0 0.3663265306122449 0.8729582577132486 0.011224489795918367 0.025408348457350273
0 0.5326530612244897 0.4791288566243194 0.003061224489795918 0.003629764065335753
0 0.2 0.573502722323049 0.00816326530612245 0.012704174228675136
0 0.3 0.8711433756805808 0.011224489795918367 0.025408348457350273
0 0.3122448979591837 0.7876588021778584 0.011224489795918367 0.025408348457350273
0 0.686734693877551 0.6333938294010889 0.00816326530612245 0.012704174228675136
0 0.27346938775510204 0.9001814882032668 0.011224489795918367 0.025408348457350273
0 0.39693877551020407 0.43920145190562615 0.003061224489795918 0.003629764065335753
0 0.6081632653061224 0.09074410163339383 0.007142857142857143 0.012704174228675136
0 0.40816326530612246 0.4537205081669691 0.003061224489795918 0.003629764065335753
0 0.21224489795918366 0.4283121597096189 0.003061224489795918 0.003629764065335753
0 0.3051020408163265 0.4337568058076225 0.003061224489795918 0.003629764065335753
0 0.02857142857142857 0.6134301270417423 0.00816326530612245 0.012704174228675136
0 0.5887755102040816 0.6987295825771325 0.011224489795918367 0.025408348457350273
0 0.47244897959183674 0.35390199637023595 0.003061224489795918 0.003629764065335753
0 0.27448979591836736 0.3684210526315789 0.003061224489795918 0.003629764065335753
0 0.7591836734693878 0.043557168784029036 0.007142857142857143 0.012704174228675136
0 0.5010204081632653 0.7549909255898367 0.011224489795918367 0.025408348457350273
0 0.503061224489796 0.0780399274047187 0.003061224489795918 0.009074410163339383
0 0.47346938775510206 0.5480943738656987 0.00816326530612245 0.012704174228675136
0 0.47653061224489796 0.7368421052631579 0.011224489795918367 0.025408348457350273
0 0.33163265306122447 0.4573502722323049 0.003061224489795918 0.003629764065335753
0 0.1346938775510204 0.6134301270417423 0.00816326530612245 0.012704174228675136
0 0.5040816326530613 0.8312159709618875 0.011224489795918367 0.025408348457350273
0 0.42551020408163265 0.37568058076225047 0.003061224489795918 0.003629764065335753
0 0.44387755102040816 0.30127041742286753 0.0020408163265306124 0.0018148820326678765
0 0.5071428571428571 0.3793103448275862 0.003061224489795918 0.003629764065335753
0 0.6693877551020408 0.705989110707804 0.011224489795918367 0.025408348457350273
0 0.6663265306122449 0.5716878402903811 0.00816326530612245 0.012704174228675136
0 0.4173469387755102 0.39201451905626133 0.003061224489795918 0.003629764065335753
0 0.10612244897959183 0.647912885662432 0.00816326530612245 0.012704174228675136
0 0.2163265306122449 0.7658802177858439 0.011224489795918367 0.025408348457350273
0 0.2969387755102041 0.4029038112522686 0.003061224489795918 0.003629764065335753
0 0.38877551020408163 0.9274047186932849 0.011224489795918367 0.025408348457350273
0 0.4387755102040816 0.308529945553539 0.0020408163265306124 0.0018148820326678765
0 0.41836734693877553 0.3647912885662432 0.003061224489795918 0.003629764065335753
0 0.22551020408163266 0.5408348457350273 0.00816326530612245 0.012704174228675136
0 0.49183673469387756 0.6388384754990926 0.00816326530612245 0.012704174228675136
0 0.22653061224489796 0.6442831215970962 0.00816326530612245 0.012704174228675136
0 0.2969387755102041 0.2831215970961887 0.0020408163265306124 0.0018148820326678765
0 0.35408163265306125 0.705989110707804 0.011224489795918367 0.025408348457350273
0 0.5459183673469388 0.4482758620689655 0.003061224489795918 0.003629764065335753
0 0.513265306122449 0.5462794918330308 0.00816326530612245 0.012704174228675136
0 0.46122448979591835 0.3702359346642468 0.003061224489795918 0.003629764065335753
0 0.46530612244897956 0.5862068965517241 0.00816326530612245 0.012704174228675136
0 0.19285714285714287 0.7767695099818511 0.011224489795918367 0.025408348457350273
0 0.513265306122449 0.3702359346642468 0.003061224489795918 0.003629764065335753
0 0.8653061224489796 0.8929219600725953 0.011224489795918367 0.025408348457350273
0 0.7153061224489796 0.8185117967332124 0.011224489795918367 0.025408348457350273
0 0.4928571428571429 0.32849364791288566 0.003061224489795918 0.003629764065335753
0 0.560204081632653 0.32123411978221417 0.003061224489795918 0.003629764065335753
0 0.1306122448979592 0.41560798548094374 0.003061224489795918 0.003629764065335753
0 0.6530612244897959 0.08348457350272233 0.007142857142857143 0.012704174228675136
0 0.44285714285714284 0.38838475499092556 0.003061224489795918 0.003629764065335753
0 0.1989795918367347 0.6515426497277677 0.00816326530612245 0.012704174228675136
0 0.35816326530612247 0.5989110707803993 0.00816326530612245 0.012704174228675136
0 0.6295918367346939 0.5099818511796733 0.00816326530612245 0.012704174228675136
0 0.3683673469387755 0.4573502722323049 0.003061224489795918 0.003629764065335753
0 0.16938775510204082 0.37749546279491836 0.003061224489795918 0.003629764065335753
0 0.25918367346938775 0.3339382940108893 0.003061224489795918 0.003629764065335753
0 0.09591836734693877 0.7078039927404719 0.011224489795918367 0.025408348457350273
0 0.2153061224489796 0.6533575317604355 0.00816326530612245 0.012704174228675136
0 0.22040816326530613 0.8584392014519057 0.011224489795918367 0.025408348457350273
0 0.6 0.4301270417422868 0.003061224489795918 0.003629764065335753
0 0.5010204081632653 0.35934664246823955 0.003061224489795918 0.003629764065335753
0 0.4193877551020408 0.5626134301270418 0.00816326530612245 0.012704174228675136
0 0.46122448979591835 0.8166969147005445 0.011224489795918367 0.025408348457350273
0 0.5224489795918368 0.08711433756805807 0.003061224489795918 0.009074410163339383
0 0.14183673469387756 0.5807622504537205 0.00816326530612245 0.012704174228675136
0 0.32142857142857145 0.5916515426497277 0.00816326530612245 0.012704174228675136
0 0.24285714285714285 0.07441016333938294 0.003061224489795918 0.009074410163339383
0 0.6285714285714286 0.7041742286751361 0.011224489795918367 0.025408348457350273
0 0.3142857142857143 0.9509981851179673 0.011224489795918367 0.025408348457350273
0 0.33979591836734696 0.764065335753176 0.011224489795918367 0.025408348457350273
0 0.4887755102040816 0.44646098003629764 0.003061224489795918 0.003629764065335753
0 0.14285714285714285 0.9001814882032668 0.011224489795918367 0.025408348457350273
0 0.3520408163265306 0.4301270417422868 0.003061224489795918 0.003629764065335753
0 0.5173469387755102 0.5390199637023594 0.00816326530612245 0.012704174228675136
0 0.3551020408163265 0.7676950998185118 0.011224489795918367 0.025408348457350273
0 0.6010204081632653 0.3684210526315789 0.003061224489795918 0.003629764065335753
0 0.08571428571428572 0.5898366606170599 0.00816326530612245 0.012704174228675136
0 0.3653061224489796 0.9128856624319419 0.011224489795918367 0.025408348457350273
0 0.7775510204081633 0.07441016333938294 0.007142857142857143 0.012704174228675136
0 0.14285714285714285 0.30671506352087113 0.003061224489795918 0.003629764065335753
0 0.12244897959183673 0.43920145190562615 0.003061224489795918 0.003629764065335753
0 0.47244897959183674 0.4029038112522686 0.003061224489795918 0.003629764065335753
0 0.6091836734693877 0.4573502722323049 0.003061224489795918 0.003629764065335753
0 0.4683673469387755 0.08711433756805807 0.003061224489795918 0.009074410163339383
0 0.5448979591836735 0.426497277676951 0.003061224489795918 0.003629764065335753
0 0.2969387755102041 0.6370235934664247 0.00816326530612245 0.012704174228675136
0 0.32551020408163267 0.8003629764065335 0.011224489795918367 0.025408348457350273
0 0.5755102040816327 0.09074410163339383 0.003061224489795918 0.009074410163339383
0 0.3948979591836735 0.5535390199637024 0.00816326530612245 0.012704174228675136
0 0.6928571428571428 0.5989110707803993 0.00816326530612245 0.012704174228675136
0 0.3846938775510204 0.3793103448275862 0.003061224489795918 0.003629764065335753
0 0.5816326530612245 0.9872958257713249 0.011224489795918367 0.025408348457350273
0 0.35408163265306125 0.2867513611615245 0.0020408163265306124 0.0018148820326678765
0 0.4163265306122449 0.42286751361161523 0.003061224489795918 0.003629764065335753
0 0.5591836734693878 0.41197822141560797 0.003061224489795918 0.003629764065335753
0 0.13163265306122449 0.558983666061706 0.00816326530612245 0.012704174228675136
0 0.11428571428571428 0.5444646098003629 0.00816326530612245 0.012704174228675136
0 0.45918367346938777 0.0780399274047187 0.003061224489795918 0.009074410163339383
0 0.5255102040816326 0.49364791288566245 0.00816326530612245 0.012704174228675136
0 0.6989795918367347 0.558983666061706 0.00816326530612245 0.012704174228675136
0 0.5622448979591836 0.5099818511796733 0.00816326530612245 0.012704174228675136
0 0.6561224489795918 0.4664246823956443 0.003061224489795918 0.003629764065335753
0 0.4806122448979592 0.8892921960072595 0.011224489795918367 0.025408348457350273
0 0.12755102040816327 0.5480943738656987 0.00816326530612245 0.012704174228675136
0 0.5540816326530612 0.3248638838475499 0.003061224489795918 0.003629764065335753
0 0.5183673469387755 0.38294010889292196 0.003061224489795918 0.003629764065335753
0 0.503061224489796 0.3248638838475499 0.003061224489795918 0.003629764065335753
0 0.23775510204081632 0.46098003629764067 0.003061224489795918 0.003629764065335753
0 0.49081632653061225 0.26497277676951 0.0020408163265306124 0.0018148820326678765
0 0.32551020408163267 0.24863883847549909 0.0020408163265306124 0.0018148820326678765
0 0.6591836734693878 0.5372050816696915 0.00816326530612245 0.012704174228675136
0 0.1673469387755102 0.6551724137931034 0.00816326530612245 0.012704174228675136
0 0.4387755102040816 0.5462794918330308 0.00816326530612245 0.012704174228675136
0 0.31020408163265306 0.07985480943738657 0.003061224489795918 0.009074410163339383
0 0.1520408163265306 0.7513611615245009 0.011224489795918367 0.025408348457350273
0 0.8734693877551021 0.030852994555353903 0.00816326530612245 0.016333938294010888
0 0.6091836734693877 0.38656987295825773 0.003061224489795918 0.003629764065335753
0 0.7285714285714285 0.8493647912885662 0.011224489795918367 0.025408348457350273
0 0.09387755102040816 0.4482758620689655 0.003061224489795918 0.003629764065335753
0 0.5520408163265306 0.35390199637023595 0.003061224489795918 0.003629764065335753
0 0.5561224489795918 0.6424682395644283 0.00816326530612245 0.012704174228675136
0 0.42142857142857143 0.40834845735027225 0.003061224489795918 0.003629764065335753
0 0.4561224489795918 0.8729582577132486 0.011224489795918367 0.025408348457350273
0 0.47551020408163264 0.6896551724137931 0.011224489795918367 0.025408348457350273
0 0.3816326530612245 0.3139745916515426 0.0020408163265306124 0.0018148820326678765
0 0.3408163265306122 0.2540834845735027 0.0020408163265306124 0.0018148820326678765
0 0.5295918367346939 0.36116152450090744 0.003061224489795918 0.003629764065335753
0 0.11836734693877551 0.9437386569872959 0.011224489795918367 0.025408348457350273
0 0.1846938775510204 0.5190562613430127 0.00816326530612245 0.012704174228675136
0 0.6244897959183674 0.49364791288566245 0.00816326530612245 0.012704174228675136
0 0.39285714285714285 0.2849364791288566 0.0020408163265306124 0.0018148820326678765
0 0.41020408163265304 0.3157894736842105 0.003061224489795918 0.003629764065335753
0 0.21428571428571427 0.07259528130671507 0.003061224489795918 0.009074410163339383
0 0.6122448979591837 0.515426497277677 0.00816326530612245 0.012704174228675136
0 0.5785714285714286 0.6261343012704175 0.00816326530612245 0.012704174228675136
0 0.07448979591836735 0.06533575317604355 0.003061224489795918 0.009074410163339383
0 0.4 0.397459165154265 0.003061224489795918 0.003629764065335753
0 0.26326530612244897 0.6715063520871143 0.00816326530612245 0.012704174228675136
0 0.3846938775510204 0.2613430127041742 0.0020408163265306124 0.0018148820326678765
0 0.015306122448979591 0.778584392014519 0.011224489795918367 0.025408348457350273
0 0.5377551020408163 0.3411978221415608 0.003061224489795918 0.003629764065335753
0 0.4306122448979592 0.42286751361161523 0.003061224489795918 0.003629764065335753
0 0.23673469387755103 0.426497277676951 0.003061224489795918 0.003629764065335753
0 0.019387755102040816 0.573502722323049 0.00816326530612245 0.012704174228675136
0 0.5714285714285714 0.7658802177858439 0.011224489795918367 0.025408348457350273
0 0.27448979591836736 0.33212341197822143 0.003061224489795918 0.003629764065335753
0 0.5061224489795918 0.38838475499092556 0.003061224489795918 0.003629764065335753
0 0.40408163265306124 0.25226860254083483 0.0020408163265306124 0.0018148820326678765
0 0.7908163265306123 0.9618874773139746 0.011224489795918367 0.025408348457350273
0 0.5969387755102041 0.5499092558983666 0.00816326530612245 0.012704174228675136
0 0.5183673469387755 0.3411978221415608 0.003061224489795918 0.003629764065335753
0 0.29489795918367345 0.07622504537205081 0.003061224489795918 0.009074410163339383
0 0.6173469387755102 0.4482758620689655 0.003061224489795918 0.003629764065335753
0 0.4785714285714286 0.3248638838475499 0.003061224489795918 0.003629764065335753
0 0.5377551020408163 0.7078039927404719 0.011224489795918367 0.025408348457350273
0 0.4642857142857143 0.941923774954628 0.011224489795918367 0.025408348457350273
0 0.3163265306122449 0.4283121597096189 0.003061224489795918 0.003629764065335753
0 0.55 0.4537205081669691 0.003061224489795918 0.003629764065335753
0 0.23061224489795917 0.5281306715063521 0.00816326530612245 0.012704174228675136
0 0.25 0.5571687840290381 0.00816326530612245 0.012704174228675136
0 0.4193877551020408 0.279491833030853 0.0020408163265306124 0.0018148820326678765
0 0.45714285714285713 0.27586206896551724 0.0020408163265306124 0.0018148820326678765
0 0.6530612244897959 0.7568058076225045 0.011224489795918367 0.025408348457350273
0 0.37448979591836734 0.5281306715063521 0.00816326530612245 0.012704174228675136
0 0.28775510204081634 0.36116152450090744 0.003061224489795918 0.003629764065335753
0 0.42448979591836733 0.07622504537205081 0.003061224489795918 0.009074410163339383
0 0.7683673469387755 0.7658802177858439 0.011224489795918367 0.025408348457350273
0 0.5071428571428571 0.35753176043557167 0.003061224489795918 0.003629764065335753
0 0.09183673469387756 0.5408348457350273 0.00816326530612245 0.012704174228675136
0 0.2969387755102041 0.3103448275862069 0.0020408163265306124 0.0018148820326678765
0 0.13979591836734695 0.4646098003629764 0.003061224489795918 0.003629764065335753
0 0.6183673469387755 0.9147005444646098 0.011224489795918367 0.025408348457350273
0 0.32755102040816325 0.07441016333938294 0.003061224489795918 0.009074410163339383
0 0.4448979591836735 0.5698729582577132 0.00816326530612245 0.012704174228675136
0 0.8387755102040816 0.9927404718693285 0.011224489795918367 0.025408348457350273
0 0.2571428571428571 0.6061705989110708 0.00816326530612245 0.012704174228675136
0 0.06326530612244897 0.3502722323049002 0.003061224489795918 0.003629764065335753
0 0.5224489795918368 0.52994555353902 0.00816326530612245 0.012704174228675136
0 0.5744897959183674 0.5245009074410163 0.00816326530612245 0.012704174228675136
0 0.2897959183673469 0.662431941923775 0.00816326530612245 0.012704174228675136
0 0.21020408163265306 0.4791288566243194 0.003061224489795918 0.003629764065335753
0 0.6622448979591836 0.6823956442831216 0.00816326530612245 0.012704174228675136
0 0.613265306122449 0.7368421052631579 0.011224489795918367 0.025408348457350273
0 0.4142857142857143 0.7477313974591652 0.011224489795918367 0.025408348457350273
0 0.24897959183673468 0.631578947368421 0.00816326530612245 0.012704174228675136
0 0.4020408163265306 0.08348457350272233 0.003061224489795918 0.009074410163339383
0 0.47346938775510206 0.30671506352087113 0.0020408163265306124 0.0018148820326678765
0 0.053061224489795916 0.4954627949183303 0.00816326530612245 0.012704174228675136
0 0.5071428571428571 0.9219600725952813 0.011224489795918367 0.025408348457350273
0 0.40408163265306124 0.5335753176043557 0.00816326530612245 0.012704174228675136
0 0.6744897959183673 0.8239564428312159 0.011224489795918367 0.025408348457350273
0 0.3683673469387755 0.542649727767695 0.00816326530612245 0.012704174228675136
0 0.6193877551020408 0.397459165154265 0.003061224489795918 0.003629764065335753
0 0.7857142857142857 0.6134301270417423 0.00816326530612245 0.012704174228675136
0 0.5908163265306122 0.44646098003629764 0.003061224489795918 0.003629764065335753
0 0.5663265306122449 0.604355716878403 0.00816326530612245 0.012704174228675136
0 0.19591836734693877 0.455535390199637 0.003061224489795918 0.003629764065335753
0 0.6357142857142857 0.7749546279491834 0.011224489795918367 0.025408348457350273
0 0.3153061224489796 0.4646098003629764 0.003061224489795918 0.003629764065335753
0 0.030612244897959183 0.5644283121597096 0.00816326530612245 0.012704174228675136
0 0.523469387755102 0.39019963702359345 0.003061224489795918 0.003629764065335753
0 0.3795918367346939 0.720508166969147 0.011224489795918367 0.025408348457350273
0 0.6846938775510204 0.7822141560798548 0.011224489795918367 0.025408348457350273
0 0.373469387755102 0.8257713248638838 0.011224489795918367 0.025408348457350273
0 0.673469387755102 0.9147005444646098 0.011224489795918367 0.025408348457350273
0 0.5714285714285714 0.7386569872958257 0.011224489795918367 0.025408348457350273
0 0.12755102040816327 0.7568058076225045 0.011224489795918367 0.025408348457350273
0 0.17653061224489797 0.9092558983666061 0.011224489795918367 0.025408348457350273
0 0.6071428571428571 0.8584392014519057 0.011224489795918367 0.025408348457350273
0 0.22142857142857142 0.6261343012704175 0.00816326530612245 0.012704174228675136
0 0.5204081632653061 0.7840290381125227 0.011224489795918367 0.025408348457350273
0 0.8326530612244898 0.8602540834845736 0.011224489795918367 0.025408348457350273
0 0.004081632653061225 0.7404718693284936 0.011224489795918367 0.025408348457350273
0 0.4 0.3702359346642468 0.003061224489795918 0.003629764065335753
0 0.41020408163265304 0.08711433756805807 0.003061224489795918 0.009074410163339383
0 0.03877551020408163 0.4791288566243194 0.003061224489795918 0.003629764065335753
0 0.4061224489795918 0.6842105263157895 0.00816326530612245 0.012704174228675136
0 0.41122448979591836 0.23049001814882034 0.0020408163265306124 0.0018148820326678765
0 0.5326530612244897 0.925589836660617 0.011224489795918367 0.025408348457350273
0 0.46938775510204084 0.3793103448275862 0.003061224489795918 0.003629764065335753
0 0.4816326530612245 0.515426497277677 0.00816326530612245 0.012704174228675136
0 0.4928571428571429 0.7023593466424682 0.011224489795918367 0.025408348457350273
0 0.5928571428571429 0.46098003629764067 0.003061224489795918 0.003629764065335753
0 0.5846938775510204 0.3629764065335753 0.003061224489795918 0.003629764065335753
0 0.014285714285714285 0.05263157894736842 0.003061224489795918 0.009074410163339383
0 0.539795918367347 0.3647912885662432 0.003061224489795918 0.003629764065335753
0 0.4377551020408163 0.7676950998185118 0.011224489795918367 0.025408348457350273
0 0.7571428571428571 0.9963702359346642 0.011224489795918367 0.025408348457350273
0 0.5704081632653061 0.6497277676950998 0.00816326530612245 0.012704174228675136
0 0.5877551020408164 0.08348457350272233 0.003061224489795918 0.009074410163339383
0 0.6173469387755102 0.617059891107078 0.00816326530612245 0.012704174228675136
0 0.576530612244898 0.4010889292196007 0.003061224489795918 0.003629764065335753
0 0.5040816326530613 0.40653357531760437 0.003061224489795918 0.003629764065335753
0 0.7295918367346939 0.6842105263157895 0.00816326530612245 0.012704174228675136
0 0.5051020408163265 0.52994555353902 0.00816326530612245 0.012704174228675136
0 0.4346938775510204 0.7023593466424682 0.011224489795918367 0.025408348457350273
0 0.3693877551020408 0.30671506352087113 0.0020408163265306124 0.0018148820326678765
0 0.6612244897959184 0.47368421052631576 0.003061224489795918 0.003629764065335753
0 0.6826530612244898 0.8620689655172413 0.011224489795918367 0.025408348457350273
0 0.3020408163265306 0.2776769509981851 0.0020408163265306124 0.0018148820326678765
0 0.85 0.9818511796733213 0.011224489795918367 0.025408348457350273
0 0.5948979591836735 0.9237749546279492 0.011224489795918367 0.025408348457350273
0 0.43673469387755104 0.8493647912885662 0.011224489795918367 0.025408348457350273
0 0.25 0.4500907441016334 0.003061224489795918 0.003629764065335753
0 0.08163265306122448 0.4500907441016334 0.003061224489795918 0.003629764065335753
0 0.4479591836734694 0.6406533575317604 0.00816326530612245 0.012704174228675136
0 0.573469387755102 0.46098003629764067 0.003061224489795918 0.003629764065335753
0 0.18061224489795918 0.3502722323049002 0.003061224489795918 0.003629764065335753
0 0.463265306122449 0.3157894736842105 0.003061224489795918 0.003629764065335753
0 0.16326530612244897 0.3992740471869328 0.003061224489795918 0.003629764065335753
0 0.5377551020408163 0.40653357531760437 0.003061224489795918 0.003629764065335753
0 0.3020408163265306 0.5825771324863884 0.00816326530612245 0.012704174228675136
0 0.21020408163265306 0.4500907441016334 0.003061224489795918 0.003629764065335753
0 0.36020408163265305 0.3666061705989111 0.003061224489795918 0.003629764065335753
0 0.6377551020408163 0.4283121597096189 0.003061224489795918 0.003629764065335753
0 0.10714285714285714 0.5843920145190563 0.00816326530612245 0.012704174228675136
0 0.3081632653061224 0.44646098003629764 0.003061224489795918 0.003629764065335753
0 0.20714285714285716 0.3448275862068966 0.003061224489795918 0.003629764065335753
0 0.6408163265306123 0.542649727767695 0.00816326530612245 0.012704174228675136
0 0.3448979591836735 0.6733212341197822 0.00816326530612245 0.012704174228675136
0 0.5204081632653061 0.7404718693284936 0.011224489795918367 0.025408348457350273
0 0.6081632653061224 0.49909255898366606 0.00816326530612245 0.012704174228675136
0 0.6326530612244898 0.9618874773139746 0.011224489795918367 0.025408348457350273
0 0.04693877551020408 0.8330308529945554 0.011224489795918367 0.025408348457350273
0 0.2642857142857143 0.4646098003629764 0.003061224489795918 0.003629764065335753
0 0.48775510204081635 0.0852994555353902 0.003061224489795918 0.009074410163339383
0 0.39387755102040817 0.4882032667876588 0.00816326530612245 0.012704174228675136
0 0.38979591836734695 0.8784029038112523 0.011224489795918367 0.025408348457350273
0 0.3408163265306122 0.4573502722323049 0.003061224489795918 0.003629764065335753
0 0.6540816326530612 0.8058076225045372 0.011224489795918367 0.025408348457350273
0 0.7326530612244898 0.7568058076225045 0.011224489795918367 0.025408348457350273
0 0.02142857142857143 0.6987295825771325 0.011224489795918367 0.025408348457350273
0 0.45408163265306123 0.43738656987295826 0.003061224489795918 0.003629764065335753
0 0.06326530612244897 0.7549909255898367 0.011224489795918367 0.025408348457350273
0 0.576530612244898 0.5807622504537205 0.00816326530612245 0.012704174228675136
0 0.09897959183673469 0.6751361161524501 0.00816326530612245 0.012704174228675136
0 0.09183673469387756 0.46823956442831216 0.003061224489795918 0.003629764065335753
0 0.46530612244897956 0.46823956442831216 0.003061224489795918 0.003629764065335753
0 0.6520408163265307 0.5862068965517241 0.00816326530612245 0.012704174228675136
0 0.37857142857142856 0.6896551724137931 0.011224489795918367 0.025408348457350273
0 0.6744897959183673 0.8058076225045372 0.011224489795918367 0.025408348457350273
0 0.363265306122449 0.0780399274047187 0.003061224489795918 0.009074410163339383
0 0.22551020408163266 0.39201451905626133 0.003061224489795918 0.003629764065335753
0 0.5806122448979592 0.4537205081669691 0.003061224489795918 0.003629764065335753
0 0.22142857142857142 0.5607985480943739 0.00816326530612245 0.012704174228675136
0 0.19489795918367347 0.5644283121597096 0.00816326530612245 0.012704174228675136
0 0.23265306122448978 0.44101633393829404 0.003061224489795918 0.003629764065335753
0 0.4846938775510204 0.38294010889292196 0.003061224489795918 0.003629764065335753
0 0.5704081632653061 0.43920145190562615 0.003061224489795918 0.003629764065335753
0 0.5102040816326531 0.3248638838475499 0.003061224489795918 0.003629764065335753
0 0.19081632653061226 0.06715063520871144 0.003061224489795918 0.009074410163339383
0 0.5336734693877551 0.5607985480943739 0.00816326530612245 0.012704174228675136
0 0.1816326530612245 0.7586206896551724 0.011224489795918367 0.025408348457350273
0 0.2030612244897959 0.3484573502722323 0.003061224489795918 0.003629764065335753
0 0.37551020408163266 0.631578947368421 0.00816326530612245 0.012704174228675136
0 0.14387755102040817 0.47549909255898365 0.003061224489795918 0.003629764065335753
0 0.12244897959183673 0.6442831215970962 0.00816326530612245 0.012704174228675136
0 0.3326530612244898 0.8911070780399274 0.011224489795918367 0.025408348457350273
0 0.1469387755102041 0.5517241379310345 0.00816326530612245 0.012704174228675136
0 0.539795918367347 0.5136116152450091 0.00816326530612245 0.012704174228675136
0 0.20918367346938777 0.3956442831215971 0.003061224489795918 0.003629764065335753
0 0.6826530612244898 0.4863883847549909 0.00816326530612245 0.012704174228675136
0 0.05510204081632653 0.5226860254083484 0.00816326530612245 0.012704174228675136
0 0.0836734693877551 0.7404718693284936 0.011224489795918367 0.025408348457350273
0 0.5112244897959184 0.4283121597096189 0.003061224489795918 0.003629764065335753
0 0.7306122448979592 0.6297640653357531 0.00816326530612245 0.012704174228675136
0 0.3510204081632653 0.7894736842105263 0.011224489795918367 0.025408348457350273
0 0.4030612244897959 0.7731397459165155 0.011224489795918367 0.025408348457350273
0 0.17448979591836736 0.5571687840290381 0.00816326530612245 0.012704174228675136
0 0.7040816326530612 0.6206896551724138 0.00816326530612245 0.012704174228675136
0 0.376530612244898 0.7840290381125227 0.011224489795918367 0.025408348457350273
0 0.47346938775510206 0.3684210526315789 0.003061224489795918 0.003629764065335753
0 0.42959183673469387 0.279491833030853 0.0020408163265306124 0.0018148820326678765
0 0.5183673469387755 0.35571687840290384 0.003061224489795918 0.003629764065335753
0 0.12346938775510204 0.7168784029038112 0.011224489795918367 0.025408348457350273
0 0.28775510204081634 0.4500907441016334 0.003061224489795918 0.003629764065335753
0 0.2714285714285714 0.4010889292196007 0.003061224489795918 0.003629764065335753
0 0.2693877551020408 0.5372050816696915 0.00816326530612245 0.012704174228675136
0 0.26224489795918365 0.0780399274047187 0.003061224489795918 0.009074410163339383
0 0.38571428571428573 0.33212341197822143 0.003061224489795918 0.003629764065335753
0 0.6285714285714286 0.5517241379310345 0.00816326530612245 0.012704174228675136
0 0.1306122448979592 0.4646098003629764 0.003061224489795918 0.003629764065335753
0 0.3020408163265306 0.4627949183303085 0.003061224489795918 0.003629764065335753
0 0.5448979591836735 0.38656987295825773 0.003061224489795918 0.003629764065335753
0 0.5346938775510204 0.5372050816696915 0.00816326530612245 0.012704174228675136
0 0.39081632653061227 0.32849364791288566 0.003061224489795918 0.003629764065335753
0 0.24897959183673468 0.4283121597096189 0.003061224489795918 0.003629764065335753
0 0.863265306122449 0.9328493647912885 0.011224489795918367 0.025408348457350273
0 0.6091836734693877 0.6424682395644283 0.00816326530612245 0.012704174228675136
0 0.5622448979591836 0.46823956442831216 0.003061224489795918 0.003629764065335753
0 0.06326530612244897 0.6569872958257713 0.00816326530612245 0.012704174228675136
0 0.3326530612244898 0.5281306715063521 0.00816326530612245 0.012704174228675136
0 0.38877551020408163 0.5825771324863884 0.00816326530612245 0.012704174228675136
0 0.4561224489795918 0.47005444646098005 0.003061224489795918 0.003629764065335753
0 0.6255102040816326 0.4319419237749546 0.003061224489795918 0.003629764065335753
0 0.823469387755102 0.9165154264972777 0.011224489795918367 0.025408348457350273
0 0.539795918367347 0.5952813067150635 0.00816326530612245 0.012704174228675136
0 0.5285714285714286 0.09074410163339383 0.003061224489795918 0.009074410163339383
0 0.28061224489795916 0.6116152450090744 0.00816326530612245 0.012704174228675136
0 0.6040816326530613 0.7549909255898367 0.011224489795918367 0.025408348457350273
0 0.4520408163265306 0.573502722323049 0.00816326530612245 0.012704174228675136
0 0.061224489795918366 0.49727767695099817 0.00816326530612245 0.012704174228675136
0 0.5857142857142857 0.5208711433756806 0.00816326530612245 0.012704174228675136
0 0.44693877551020406 0.6606170598911071 0.00816326530612245 0.012704174228675136
0 0.25510204081632654 0.3248638838475499 0.003061224489795918 0.003629764065335753
0 0.5214285714285715 0.4319419237749546 0.003061224489795918 0.003629764065335753
0 0.17551020408163265 0.35934664246823955 0.003061224489795918 0.003629764065335753
0 0.6418367346938776 0.08166969147005444 0.007142857142857143 0.012704174228675136
0 0.38877551020408163 0.5408348457350273 0.00816326530612245 0.012704174228675136
0 0.7704081632653061 0.8257713248638838 0.011224489795918367 0.025408348457350273
0 0.22551020408163266 0.7078039927404719 0.011224489795918367 0.025408348457350273
0 0.20510204081632652 0.7096188747731398 0.011224489795918367 0.025408348457350273
0 0.7397959183673469 0.056261343012704176 0.007142857142857143 0.012704174228675136
0 0.8285714285714286 0.09800362976406533 0.007142857142857143 0.012704174228675136
0 0.28775510204081634 0.484573502722323 0.003061224489795918 0.003629764065335753
0 0.47244897959183674 0.8294010889292196 0.011224489795918367 0.025408348457350273
0 0.3163265306122449 0.7422867513611615 0.011224489795918367 0.025408348457350273
0 0.5316326530612245 0.6842105263157895 0.00816326530612245 0.012704174228675136
0 0.3795918367346939 0.08348457350272233 0.003061224489795918 0.009074410163339383
0 0.45 0.3666061705989111 0.003061224489795918 0.003629764065335753
0 0.16020408163265307 0.9455535390199638 0.011224489795918367 0.025408348457350273
0 0.15816326530612246 0.4301270417422868 0.003061224489795918 0.003629764065335753
0 0.5295918367346939 0.5208711433756806 0.00816326530612245 0.012704174228675136
0 0.47244897959183674 0.6297640653357531 0.00816326530612245 0.012704174228675136
0 0.5642857142857143 0.36116152450090744 0.003061224489795918 0.003629764065335753
0 0.5969387755102041 0.3720508166969147 0.003061224489795918 0.003629764065335753
0 0.45 0.705989110707804 0.011224489795918367 0.025408348457350273
0 0.45 0.32304900181488205 0.003061224489795918 0.003629764065335753
0 0.5693877551020409 0.0925589836660617 0.003061224489795918 0.009074410163339383
0 0.6071428571428571 0.44283121597096187 0.003061224489795918 0.003629764065335753
0 0.45 0.40653357531760437 0.003061224489795918 0.003629764065335753
0 0.46122448979591835 0.6152450090744102 0.00816326530612245 0.012704174228675136
0 0.4489795918367347 0.8294010889292196 0.011224489795918367 0.025408348457350273
0 0.7163265306122449 0.9437386569872959 0.011224489795918367 0.025408348457350273
0 0.35 0.8275862068965517 0.011224489795918367 0.025408348457350273
0 0.05408163265306123 0.4664246823956443 0.003061224489795918 0.003629764065335753
0 0.2540816326530612 0.07441016333938294 0.003061224489795918 0.009074410163339383
0 0.4642857142857143 0.29038112522686027 0.0020408163265306124 0.0018148820326678765
0 0.5142857142857142 0.3411978221415608 0.003061224489795918 0.003629764065335753
0 0.6316326530612245 0.4591651542649728 0.003061224489795918 0.003629764065335753
0 0.43673469387755104 0.4537205081669691 0.003061224489795918 0.003629764065335753
0 0.5224489795918368 0.6098003629764065 0.00816326530612245 0.012704174228675136
0 0.03571428571428571 0.5499092558983666 0.00816326530612245 0.012704174228675136
0 0.6938775510204082 0.5444646098003629 0.00816326530612245 0.012704174228675136
0 0.4489795918367347 0.08348457350272233 0.003061224489795918 0.009074410163339383
0 0.413265306122449 0.07985480943738657 0.003061224489795918 0.009074410163339383
0 0.1663265306122449 0.35390199637023595 0.003061224489795918 0.003629764065335753
0 0.5142857142857142 0.4192377495462795 0.003061224489795918 0.003629764065335753
0 0.6122448979591837 0.4283121597096189 0.003061224489795918 0.003629764065335753
0 0.6448979591836734 0.7368421052631579 0.011224489795918367 0.025408348457350273
0 0.47346938775510206 0.38294010889292196 0.003061224489795918 0.003629764065335753
0 0.5530612244897959 0.40653357531760437 0.003061224489795918 0.003629764065335753
0 0.7857142857142857 0.7549909255898367 0.011224489795918367 0.025408348457350273
0 0.5755102040816327 0.3811252268602541 0.003061224489795918 0.003629764065335753
0 0.6918367346938775 0.6733212341197822 0.00816326530612245 0.012704174228675136
0 0.0836734693877551 0.4627949183303085 0.003061224489795918 0.003629764065335753
0 0.6193877551020408 0.5245009074410163 0.00816326530612245 0.012704174228675136
0 0.1469387755102041 0.0780399274047187 0.003061224489795918 0.009074410163339383
0 0.689795918367347 0.969147005444646 0.011224489795918367 0.025408348457350273
0 0.6785714285714286 0.8003629764065335 0.011224489795918367 0.025408348457350273
0 0.5244897959183673 0.35390199637023595 0.003061224489795918 0.003629764065335753
0 0.2693877551020408 0.35934664246823955 0.003061224489795918 0.003629764065335753
0 0.560204081632653 0.9274047186932849 0.011224489795918367 0.025408348457350273
0 0.1836734693877551 0.44283121597096187 0.003061224489795918 0.003629764065335753
0 0.21326530612244898 0.5789473684210527 0.00816326530612245 0.012704174228675136
0 0.2979591836734694 0.7114337568058077 0.011224489795918367 0.025408348457350273
0 0.9806122448979592 0.025408348457350273 0.00816326530612245 0.016333938294010888
0 0.6602040816326531 0.5553539019963702 0.00816326530612245 0.012704174228675136
0 0.3622448979591837 0.4337568058076225 0.003061224489795918 0.003629764065335753
0 0.1653061224489796 0.3666061705989111 0.003061224489795918 0.003629764065335753
0 0.2530612244897959 0.4010889292196007 0.003061224489795918 0.003629764065335753
0 0.4193877551020408 0.8947368421052632 0.011224489795918367 0.025408348457350273
0 0.42142857142857143 0.9546279491833031 0.011224489795918367 0.025408348457350273
0 0.6326530612244898 0.8838475499092558 0.011224489795918367 0.025408348457350273
0 0.25510204081632654 0.7404718693284936 0.011224489795918367 0.025408348457350273
0 0.5387755102040817 0.7422867513611615 0.011224489795918367 0.025408348457350273
0 0.27653061224489794 0.9528130671506352 0.011224489795918367 0.025408348457350273
0 0.4785714285714286 0.0925589836660617 0.003061224489795918 0.009074410163339383
0 0.5326530612244897 0.3738656987295826 0.003061224489795918 0.003629764065335753
0 0.6693877551020408 0.0780399274047187 0.007142857142857143 0.012704174228675136
0 0.35612244897959183 0.4537205081669691 0.003061224489795918 0.003629764065335753
0 0.3173469387755102 0.2558983666061706 0.0020408163265306124 0.0018148820326678765
0 0.5020408163265306 0.3793103448275862 0.003061224489795918 0.003629764065335753
0 0.753061224489796 0.8929219600725953 0.011224489795918367 0.025408348457350273
0 0.336734693877551 0.08348457350272233 0.003061224489795918 0.009074410163339383
0 0.19693877551020408 0.5916515426497277 0.00816326530612245 0.012704174228675136
0 0.5112244897959184 0.4809437386569873 0.003061224489795918 0.003629764065335753
0 0.5571428571428572 0.37568058076225047 0.003061224489795918 0.003629764065335753
0 0.7 0.6588021778584392 0.00816326530612245 0.012704174228675136
0 0.5959183673469388 0.09074410163339383 0.003061224489795918 0.009074410163339383
0 0.8346938775510204 0.8257713248638838 0.011224489795918367 0.025408348457350273
0 0.2479591836734694 0.7931034482758621 0.011224489795918367 0.025408348457350273
0 0.17551020408163265 0.38656987295825773 0.003061224489795918 0.003629764065335753
0 0.45918367346938777 0.4101633393829401 0.003061224489795918 0.003629764065335753
0 0.6785714285714286 0.5027223230490018 0.00816326530612245 0.012704174228675136
0 0.16020408163265307 0.617059891107078 0.00816326530612245 0.012704174228675136
0 0.5673469387755102 0.7259528130671506 0.011224489795918367 0.025408348457350273
0 0.11428571428571428 0.35390199637023595 0.003061224489795918 0.003629764065335753
0 0.1683673469387755 0.4192377495462795 0.003061224489795918 0.003629764065335753
0 0.04897959183673469 0.4882032667876588 0.00816326530612245 0.012704174228675136
0 0.006122448979591836 0.956442831215971 0.011224489795918367 0.025408348457350273
0 0.6326530612244898 0.07441016333938294 0.007142857142857143 0.012704174228675136
0 0.1836734693877551 0.5644283121597096 0.00816326530612245 0.012704174228675136
0 0.9418367346938775 0.0054446460980036296 0.007142857142857143 0.012704174228675136
0 0.44081632653061226 0.5136116152450091 0.00816326530612245 0.012704174228675136
0 0.08469387755102041 0.8312159709618875 0.011224489795918367 0.025408348457350273
0 0.22040816326530613 0.8802177858439202 0.011224489795918367 0.025408348457350273
0 0.2316326530612245 0.720508166969147 0.011224489795918367 0.025408348457350273
0 0.5938775510204082 0.3938294010889292 0.003061224489795918 0.003629764065335753
0 0.7112244897959183 0.8693284936479129 0.011224489795918367 0.025408348457350273
0 0.5887755102040816 0.47005444646098005 0.003061224489795918 0.003629764065335753
0 0.36020408163265305 0.5281306715063521 0.00816326530612245 0.012704174228675136
0 0.5316326530612245 0.4283121597096189 0.003061224489795918 0.003629764065335753
0 0.6061224489795919 0.4301270417422868 0.003061224489795918 0.003629764065335753
0 0.4530612244897959 0.52994555353902 0.00816326530612245 0.012704174228675136
0 0.35918367346938773 0.24863883847549909 0.0020408163265306124 0.0018148820326678765
0 0.6193877551020408 0.6842105263157895 0.00816326530612245 0.012704174228675136
0 0.06326530612244897 0.5226860254083484 0.00816326530612245 0.012704174228675136
0 0.4306122448979592 0.5009074410163339 0.00816326530612245 0.012704174228675136
0 0.5316326530612245 0.9963702359346642 0.011224489795918367 0.025408348457350273
0 0.17755102040816326 0.6551724137931034 0.00816326530612245 0.012704174228675136
0 0.5346938775510204 0.09074410163339383 0.003061224489795918 0.009074410163339383
0 0.5469387755102041 0.3647912885662432 0.003061224489795918 0.003629764065335753
0 0.31326530612244896 0.7277676950998185 0.011224489795918367 0.025408348457350273
0 0.34591836734693876 0.3992740471869328 0.003061224489795918 0.003629764065335753
0 0.5887755102040816 0.8294010889292196 0.011224489795918367 0.025408348457350273
0 0.5795918367346938 0.0925589836660617 0.003061224489795918 0.009074410163339383
0 0.4418367346938776 0.6352087114337568 0.00816326530612245 0.012704174228675136
0 0.6591836734693878 0.6660617059891107 0.00816326530612245 0.012704174228675136
0 0.10918367346938776 0.5317604355716878 0.00816326530612245 0.012704174228675136
0 0.42244897959183675 0.6733212341197822 0.00816326530612245 0.012704174228675136
0 0.25816326530612244 0.49183303085299457 0.00816326530612245 0.012704174228675136
0 0.5346938775510204 0.6279491833030852 0.00816326530612245 0.012704174228675136
0 0.5316326530612245 0.5807622504537205 0.00816326530612245 0.012704174228675136
0 0.1663265306122449 0.5862068965517241 0.00816326530612245 0.012704174228675136
0 0.025510204081632654 0.7459165154264973 0.011224489795918367 0.025408348457350273
0 0.3193877551020408 0.3956442831215971 0.003061224489795918 0.003629764065335753
0 0.24591836734693878 0.47005444646098005 0.003061224489795918 0.003629764065335753
0 0.5653061224489796 0.5190562613430127 0.00816326530612245 0.012704174228675136
0 0.6806122448979591 0.5553539019963702 0.00816326530612245 0.012704174228675136
0 0.4448979591836735 0.9600725952813067 0.011224489795918367 0.025408348457350273
0 0.7928571428571428 0.8584392014519057 0.011224489795918367 0.025408348457350273
0 0.003061224489795918 0.5825771324863884 0.00816326530612245 0.012704174228675136
0 0.26326530612244897 0.3666061705989111 0.003061224489795918 0.003629764065335753
0 0.4673469387755102 0.29038112522686027 0.0020408163265306124 0.0018148820326678765
0 0.5561224489795918 0.4664246823956443 0.003061224489795918 0.003629764065335753
0 0.019387755102040816 0.5607985480943739 0.00816326530612245 0.012704174228675136
0 0.2316326530612245 0.8294010889292196 0.011224489795918367 0.025408348457350273
0 0.286734693877551 0.5535390199637024 0.00816326530612245 0.012704174228675136
0 0.08571428571428572 0.43738656987295826 0.003061224489795918 0.003629764065335753
0 0.00816326530612245 0.6188747731397459 0.00816326530612245 0.012704174228675136
0 0.07653061224489796 0.5226860254083484 0.00816326530612245 0.012704174228675136
0 0.2969387755102041 0.4101633393829401 0.003061224489795918 0.003629764065335753
0 0.07857142857142857 0.9509981851179673 0.011224489795918367 0.025408348457350273
0 0.6091836734693877 0.809437386569873 0.011224489795918367 0.025408348457350273
0 0.18979591836734694 0.44646098003629764 0.003061224489795918 0.003629764065335753
0 0.39081632653061227 0.6424682395644283 0.00816326530612245 0.012704174228675136
0 0.2897959183673469 0.3484573502722323 0.003061224489795918 0.003629764065335753
0 0.46938775510204084 0.42286751361161523 0.003061224489795918 0.003629764065335753
0 0.4704081632653061 0.6733212341197822 0.00816326530612245 0.012704174228675136
0 0.9244897959183673 0.8330308529945554 0.011224489795918367 0.025408348457350273
0 0.42959183673469387 0.29219600725952816 0.0020408163265306124 0.0018148820326678765
0 0.39183673469387753 0.5081669691470054 0.00816326530612245 0.012704174228675136
0 0.13877551020408163 0.40653357531760437 0.003061224489795918 0.003629764065335753
0 0.7091836734693877 0.6696914700544465 0.00816326530612245 0.012704174228675136
0 0.6193877551020408 0.5408348457350273 0.00816326530612245 0.012704174228675136
0 0.9 0.018148820326678767 0.007142857142857143 0.012704174228675136
0 0.5795918367346938 0.3720508166969147 0.003061224489795918 0.003629764065335753
0 0.30918367346938774 0.2631578947368421 0.0020408163265306124 0.0018148820326678765
0 0.5102040816326531 0.5843920145190563 0.00816326530612245 0.012704174228675136
0 0.7061224489795919 0.9056261343012704 0.011224489795918367 0.025408348457350273
0 0.2653061224489796 0.42286751361161523 0.003061224489795918 0.003629764065335753
0 0.4826530612244898 0.4791288566243194 0.003061224489795918 0.003629764065335753
0 0.20612244897959184 0.558983666061706 0.00816326530612245 0.012704174228675136
0 0.6551020408163265 0.5517241379310345 0.00816326530612245 0.012704174228675136
0 0.29183673469387755 0.397459165154265 0.003061224489795918 0.003629764065335753
0 0.3438775510204082 0.985480943738657 0.011224489795918367 0.025408348457350273
0 0.5244897959183673 0.8856624319419237 0.011224489795918367 0.025408348457350273
0 0.3489795918367347 0.5263157894736842 0.00816326530612245 0.012704174228675136
0 0.12244897959183673 0.7404718693284936 0.011224489795918367 0.025408348457350273
0 0.613265306122449 0.09074410163339383 0.007142857142857143 0.012704174228675136
0 0.41122448979591836 0.39019963702359345 0.003061224489795918 0.003629764065335753
0 0.5224489795918368 0.41379310344827586 0.003061224489795918 0.003629764065335753
0 0.8387755102040816 0.0998185117967332 0.007142857142857143 0.012704174228675136
0 0.06938775510204082 0.6715063520871143 0.00816326530612245 0.012704174228675136
0 0.560204081632653 0.4355716878402904 0.003061224489795918 0.003629764065335753
0 0.1469387755102041 0.3684210526315789 0.003061224489795918 0.003629764065335753
0 0.4336734693877551 0.7241379310344828 0.011224489795918367 0.025408348457350273
0 0.2979591836734694 0.5263157894736842 0.00816326530612245 0.012704174228675136
0 0.09897959183673469 0.4047186932849365 0.003061224489795918 0.003629764065335753
0 0.639795918367347 0.8638838475499092 0.011224489795918367 0.025408348457350273
0 0.19183673469387755 0.9709618874773139 0.011224489795918367 0.025408348457350273
0 0.6234693877551021 0.3956442831215971 0.003061224489795918 0.003629764065335753
0 0.23775510204081632 0.6733212341197822 0.00816326530612245 0.012704174228675136
0 0.009183673469387756 0.050816696914700546 0.003061224489795918 0.009074410163339383
0 0.2785714285714286 0.47005444646098005 0.003061224489795918 0.003629764065335753
0 0.5469387755102041 0.32123411978221417 0.003061224489795918 0.003629764065335753
0 0.9 0.9709618874773139 0.011224489795918367 0.025408348457350273
0 0.753061224489796 0.7186932849364791 0.011224489795918367 0.025408348457350273
0 0.38877551020408163 0.8275862068965517 0.011224489795918367 0.025408348457350273
0 0.6510204081632653 0.9600725952813067 0.011224489795918367 0.025408348457350273
0 0.6163265306122448 0.5027223230490018 0.00816326530612245 0.012704174228675136
0 0.1306122448979592 0.5807622504537205 0.00816326530612245 0.012704174228675136
0 0.6520408163265307 0.5099818511796733 0.00816326530612245 0.012704174228675136
0 0.6030612244897959 0.9709618874773139 0.011224489795918367 0.025408348457350273
0 0.012244897959183673 0.8003629764065335 0.011224489795918367 0.025408348457350273
0 0.5857142857142857 0.09437386569872959 0.003061224489795918 0.009074410163339383
0 0.5561224489795918 0.33212341197822143 0.003061224489795918 0.003629764065335753
0 0.20714285714285716 0.5372050816696915 0.00816326530612245 0.012704174228675136
0 0.6530612244897959 0.5263157894736842 0.00816326530612245 0.012704174228675136
0 0.35816326530612247 0.08166969147005444 0.003061224489795918 0.009074410163339383
0 0.45408163265306123 0.5099818511796733 0.00816326530612245 0.012704174228675136
0 0.5744897959183674 0.8638838475499092 0.011224489795918367 0.025408348457350273
0 0.2816326530612245 0.7586206896551724 0.011224489795918367 0.025408348457350273
0 0.46122448979591835 0.38294010889292196 0.003061224489795918 0.003629764065335753
0 0.08163265306122448 0.6152450090744102 0.00816326530612245 0.012704174228675136
0 0.04795918367346939 0.7277676950998185 0.011224489795918367 0.025408348457350273
0 0.5816326530612245 0.6678765880217786 0.00816326530612245 0.012704174228675136
0 0.37755102040816324 0.2813067150635209 0.0020408163265306124 0.0018148820326678765
0 0.18877551020408162 0.4882032667876588 0.00816326530612245 0.012704174228675136
0 0.6244897959183674 0.588021778584392 0.00816326530612245 0.012704174228675136
0 0.14795918367346939 0.6442831215970962 0.00816326530612245 0.012704174228675136
0 0.6306122448979592 0.6007259528130672 0.00816326530612245 0.012704174228675136
0 0.23673469387755103 0.5045372050816697 0.00816326530612245 0.012704174228675136
0 0.9061224489795918 0.9346642468239564 0.011224489795918367 0.025408348457350273
0 0.38877551020408163 0.9764065335753176 0.011224489795918367 0.025408348457350273
0 0.1326530612244898 0.7150635208711433 0.011224489795918367 0.025408348457350273
0 0.6744897959183673 0.6225045372050817 0.00816326530612245 0.012704174228675136
0 0.17653061224489797 0.4646098003629764 0.003061224489795918 0.003629764065335753
0 0.49489795918367346 0.7912885662431942 0.011224489795918367 0.025408348457350273
0 0.710204081632653 0.06896551724137931 0.007142857142857143 0.012704174228675136
0 0.6877551020408164 0.06715063520871144 0.007142857142857143 0.012704174228675136
0 0.6479591836734694 0.5952813067150635 0.00816326530612245 0.012704174228675136
0 0.6285714285714286 0.3992740471869328 0.003061224489795918 0.003629764065335753
0 0.24285714285714285 0.3629764065335753 0.003061224489795918 0.003629764065335753
0 0.5010204081632653 0.7894736842105263 0.011224489795918367 0.025408348457350273
0 0.8081632653061225 0.09800362976406533 0.007142857142857143 0.012704174228675136
0 0.6908163265306122 0.6987295825771325 0.011224489795918367 0.025408348457350273
