0 0.04066666666666666 0.543171114599686 0.009333333333333334 0.02197802197802198
0 0.5413333333333333 0.5667189952904239 0.006666666666666667 0.018838304552590265
0 0.6093333333333333 0.5745682888540031 0.006666666666666667 0.018838304552590265
0 0.26066666666666666 0.5714285714285714 0.009333333333333334 0.026687598116169546
0 0.9793333333333333 0.5855572998430141 0.006666666666666667 0.018838304552590265
0 0.32666666666666666 0.5463108320251178 0.009333333333333334 0.026687598116169546
0 0.8506666666666667 0.5682888540031397 0.006666666666666667 0.018838304552590265
0 0.44466666666666665 0.5133437990580848 0.0 0.0
0 0.484 0.48822605965463106 0.0 0.0
0 0.704 0.5463108320251178 0.006666666666666667 0.018838304552590265
0 0.5433333333333333 0.4913657770800628 0.0 0.0
0 0.5053333333333333 0.5682888540031397 0.013333333333333334 0.03767660910518053
0 0.5053333333333333 0.4976452119309262 0.0 0.0
0 0.03266666666666666 0.5384615384615384 0.009333333333333334 0.02197802197802198
0 0.43533333333333335 0.5729984301412873 0.009333333333333334 0.026687598116169546
0 0.7826666666666666 0.5745682888540031 0.006666666666666667 0.018838304552590265
0 0.21666666666666667 0.5384615384615384 0.009333333333333334 0.026687598116169546
0 0.5146666666666667 0.48822605965463106 0.0 0.0
0 0.49133333333333334 0.576138147566719 0.006666666666666667 0.018838304552590265
0 0.104 0.5416012558869702 0.009333333333333334 0.026687598116169546
0 0.23066666666666666 0.5745682888540031 0.009333333333333334 0.026687598116169546
0 0.238 0.5054945054945055 0.0026666666666666666 0.006279434850863423
0 0.5793333333333334 0.5777080062794349 0.006666666666666667 0.018838304552590265
0 0.5806666666666667 0.49293563579277866 0.0 0.0
0 0.5433333333333333 0.47095761381475665 0.0 0.0
0 0.5206666666666667 0.5054945054945055 0.0 0.0
0 0.8906666666666667 0.5400313971742543 0.006666666666666667 0.018838304552590265
0 0.4093333333333333 0.5557299843014128 0.009333333333333334 0.026687598116169546
0 0.452 0.48665620094191525 0.0 0.0
0 0.14333333333333334 0.5227629513343799 0.0026666666666666666 0.007849293563579277
0 0.5133333333333333 0.5180533751962323 0.006666666666666667 0.018838304552590265
0 0.3453333333333333 0.554160125588697 0.009333333333333334 0.026687598116169546
0 0.16866666666666666 0.565149136577708 0.009333333333333334 0.026687598116169546
0 0.594 0.576138147566719 0.006666666666666667 0.018838304552590265
0 0.278 0.5478806907378336 0.009333333333333334 0.026687598116169546
0 0.4613333333333333 0.4976452119309262 0.0 0.0
0 0.652 0.554160125588697 0.006666666666666667 0.018838304552590265
