0 0.436046511627907 0.17671517671517672 0.03488372093023256 0.07276507276507277
0 0.11976744186046512 0.6632016632016632 0.11046511627906977 0.24324324324324326
0 0.06976744186046512 0.22453222453222454 0.04883720930232558 0.10187110187110188
0 0.24767441860465117 0.035343035343035345 0.022093023255813953 0.04573804573804574
0 0.8023255813953488 0.1600831600831601 0.05116279069767442 0.0997920997920998
0 0.6325581395348837 0.010395010395010396 0.01627906976744186 0.033264033264033266
0 0.7790697674418605 0.3264033264033264 0.06395348837209303 0.12266112266112267
0 0.19534883720930232 0.0893970893970894 0.037209302325581395 0.07276507276507277
0 0.10930232558139535 0.08523908523908524 0.029069767441860465 0.062370062370062374
0 0.9651162790697675 0.016632016632016633 0.01627906976744186 0.033264033264033266
0 0.3686046511627907 0.6424116424116424 0.11046511627906977 0.24324324324324326
0 0.39767441860465114 0.05197505197505198 0.022093023255813953 0.04573804573804574
0 0.005813953488372093 0.13305613305613306 0.031395348837209305 0.06860706860706861
0 0.8116279069767441 0.08523908523908524 0.05116279069767442 0.0997920997920998
0 0.4069767441860465 0.09563409563409564 0.03488372093023256 0.07276507276507277
0 0.1511627906976744 0.07484407484407485 0.029069767441860465 0.062370062370062374
0 0.8895348837209303 0.09355509355509356 0.05116279069767442 0.0997920997920998
0 0.5604651162790698 0.008316008316008316 0.01627906976744186 0.033264033264033266
0 0.7116279069767442 0.02494802494802495 0.01627906976744186 0.033264033264033266
0 0.7941860465116279 0.7027027027027027 0.11046511627906977 0.24324324324324326
0 0.14534883720930233 0.35135135135135137 0.06395348837209303 0.12266112266112267
0 0.8860465116279069 0.4677754677754678 0.06395348837209303 0.12266112266112267
0 0.5604651162790698 0.21413721413721415 0.03372093023255814 0.08316008316008316
0 0.9011627906976745 0.1787941787941788 0.05116279069767442 0.0997920997920998
0 0.8860465116279069 0.008316008316008316 0.01627906976744186 0.033264033264033266
0 0.2895348837209302 0.15176715176715178 0.037209302325581395 0.07276507276507277
0 0.7906976744186046 0.033264033264033266 0.01627906976744186 0.033264033264033266
0 0.3430232558139535 0.062370062370062374 0.022093023255813953 0.04573804573804574
0 0.3058139534883721 0.27442827442827444 0.06395348837209303 0.12266112266112267
