0 0.5365448504983389 0.26479750778816197 0.0016611295681063123 0.003115264797507788
0 0.08139534883720931 0.2897196261682243 0.0016611295681063123 0.003115264797507788
0 0.4750830564784053 0.29595015576323985 0.0016611295681063123 0.003115264797507788
0 0.43853820598006643 0.22741433021806853 0.0016611295681063123 0.003115264797507788
0 0.22757475083056478 0.35202492211838005 0.013289036544850499 0.01557632398753894
0 0.44518272425249167 0.3333333333333333 0.013289036544850499 0.01557632398753894
0 0.6378737541528239 0.2772585669781931 0.0016611295681063123 0.003115264797507788
0 0.4700996677740864 0.3302180685358255 0.013289036544850499 0.01557632398753894
0 0.11129568106312292 0.29906542056074764 0.0016611295681063123 0.003115264797507788
0 0.47674418604651164 0.26479750778816197 0.0016611295681063123 0.003115264797507788
0 0.6196013289036545 0.308411214953271 0.011627906976744186 0.03115264797507788
0 0.0664451827242525 0.22429906542056074 0.006644518272425249 0.012461059190031152
0 0.0681063122923588 0.27102803738317754 0.006644518272425249 0.012461059190031152
0 0.5182724252491694 0.2616822429906542 0.0016611295681063123 0.003115264797507788
0 0.12292358803986711 0.24299065420560748 0.0016611295681063123 0.003115264797507788
0 0.45182724252491696 0.2616822429906542 0.0016611295681063123 0.003115264797507788
0 0.6112956810631229 0.4454828660436137 0.03156146179401993 0.08099688473520249
0 0.7342192691029901 0.4143302180685358 0.03156146179401993 0.08099688473520249
0 0.6611295681063123 0.40498442367601245 0.03156146179401993 0.08099688473520249
0 0.5415282392026578 0.32398753894080995 0.013289036544850499 0.01557632398753894
0 0.6578073089700996 0.2834890965732087 0.0016611295681063123 0.003115264797507788
0 0.34551495016611294 0.2523364485981308 0.0016611295681063123 0.003115264797507788
0 0.3903654485049834 0.3894080996884735 0.03156146179401993 0.08099688473520249
0 0.7757475083056479 0.2834890965732087 0.0016611295681063123 0.003115264797507788
0 0.553156146179402 0.4392523364485981 0.03156146179401993 0.08099688473520249
0 0.29401993355481726 0.308411214953271 0.0016611295681063123 0.003115264797507788
0 0.5830564784053156 0.3644859813084112 0.02159468438538206 0.04672897196261682
0 0.016611295681063124 0.26479750778816197 0.006644518272425249 0.012461059190031152
0 0.9451827242524917 0.3333333333333333 0.013289036544850499 0.01557632398753894
0 0.11295681063122924 0.32398753894080995 0.013289036544850499 0.01557632398753894
0 0.5132890365448505 0.22741433021806853 0.0016611295681063123 0.003115264797507788
0 0.2823920265780731 0.2616822429906542 0.0016611295681063123 0.003115264797507788
0 0.34053156146179403 0.3052959501557632 0.0016611295681063123 0.003115264797507788
0 0.4700996677740864 0.35202492211838005 0.013289036544850499 0.01557632398753894
0 0.292358803986711 0.2803738317757009 0.0016611295681063123 0.003115264797507788
0 0.7159468438538206 0.2523364485981308 0.0016611295681063123 0.003115264797507788
0 0.48172757475083056 0.22741433021806853 0.0016611295681063123 0.003115264797507788
0 0.4169435215946844 0.2523364485981308 0.0016611295681063123 0.003115264797507788
0 0.5780730897009967 0.24610591900311526 0.0016611295681063123 0.003115264797507788
0 0.7508305647840532 0.3115264797507788 0.013289036544850499 0.01557632398753894
0 0.4601328903654485 0.29906542056074764 0.0016611295681063123 0.003115264797507788
0 0.5481727574750831 0.3052959501557632 0.0016611295681063123 0.003115264797507788
0 0.6528239202657807 0.2554517133956386 0.0016611295681063123 0.003115264797507788
0 0.7873754152823921 0.26791277258566976 0.0016611295681063123 0.003115264797507788
0 0.7890365448504983 0.2834890965732087 0.0016611295681063123 0.003115264797507788
0 0.18438538205980065 0.2585669781931464 0.0016611295681063123 0.003115264797507788
0 0.9302325581395349 0.32398753894080995 0.013289036544850499 0.01557632398753894
0 0.3106312292358804 0.3925233644859813 0.03156146179401993 0.08099688473520249
0 0.6295681063122923 0.34890965732087226 0.011627906976744186 0.03115264797507788
0 0.5415282392026578 0.27414330218068533 0.0016611295681063123 0.003115264797507788
0 0.30398671096345514 0.34890965732087226 0.013289036544850499 0.01557632398753894
0 0.33056478405315615 0.3426791277258567 0.013289036544850499 0.01557632398753894
0 0.8156146179401993 0.26791277258566976 0.0016611295681063123 0.003115264797507788
0 0.9368770764119602 0.2772585669781931 0.0016611295681063123 0.003115264797507788
0 0.07142857142857142 0.411214953271028 0.03156146179401993 0.08099688473520249
0 0.5880398671096345 0.24922118380062305 0.0016611295681063123 0.003115264797507788
0 0.5083056478405316 0.32398753894080995 0.013289036544850499 0.01557632398753894
0 0.11295681063122924 0.26479750778816197 0.0016611295681063123 0.003115264797507788
0 0.04983388704318937 0.48909657320872274 0.03156146179401993 0.08099688473520249
0 0.2425249169435216 0.2585669781931464 0.0016611295681063123 0.003115264797507788
0 0.33222591362126247 0.24299065420560748 0.0016611295681063123 0.003115264797507788
0 0.3289036544850498 0.2803738317757009 0.0016611295681063123 0.003115264797507788
0 0.7674418604651163 0.2834890965732087 0.0016611295681063123 0.003115264797507788
0 0.8039867109634552 0.2834890965732087 0.0016611295681063123 0.003115264797507788
0 0.3637873754152824 0.2523364485981308 0.0016611295681063123 0.003115264797507788
0 0.7109634551495017 0.2803738317757009 0.0016611295681063123 0.003115264797507788
0 0.1378737541528239 0.3177570093457944 0.013289036544850499 0.01557632398753894
0 0.40863787375415284 0.40809968847352024 0.03156146179401993 0.08099688473520249
0 0.12956810631229235 0.29906542056074764 0.0016611295681063123 0.003115264797507788
0 0.29900332225913623 0.5482866043613707 0.05647840531561462 0.13395638629283488
0 0.6777408637873754 0.2554517133956386 0.0016611295681063123 0.003115264797507788
0 0.9518272425249169 0.29906542056074764 0.0016611295681063123 0.003115264797507788
0 0.08637873754152824 0.26479750778816197 0.0016611295681063123 0.003115264797507788
0 0.15946843853820597 0.5233644859813084 0.03156146179401993 0.08099688473520249
0 0.5913621262458472 0.5887850467289719 0.05647840531561462 0.13395638629283488
0 0.10963455149501661 0.24299065420560748 0.0016611295681063123 0.003115264797507788
0 0.7890365448504983 0.29906542056074764 0.0016611295681063123 0.003115264797507788
0 0.7375415282392026 0.24922118380062305 0.0016611295681063123 0.003115264797507788
0 0.4750830564784053 0.24299065420560748 0.0016611295681063123 0.003115264797507788
0 0.5647840531561462 0.5327102803738317 0.05647840531561462 0.13395638629283488
0 0.6644518272425249 0.3146417445482866 0.011627906976744186 0.03115264797507788
0 0.4019933554817276 0.3115264797507788 0.013289036544850499 0.01557632398753894
0 0.03986710963455149 0.2367601246105919 0.006644518272425249 0.012461059190031152
0 0.6976744186046512 0.45794392523364486 0.03156146179401993 0.08099688473520249
0 0.4368770764119601 0.3395638629283489 0.013289036544850499 0.01557632398753894
0 0.25083056478405313 0.3862928348909657 0.03156146179401993 0.08099688473520249
0 0.42524916943521596 0.2772585669781931 0.0016611295681063123 0.003115264797507788
0 0.782392026578073 0.3395638629283489 0.013289036544850499 0.01557632398753894
0 0.6378737541528239 0.3395638629283489 0.011627906976744186 0.03115264797507788
0 0.5199335548172758 0.3894080996884735 0.03156146179401993 0.08099688473520249
0 0.7026578073089701 0.3613707165109034 0.013289036544850499 0.01557632398753894
0 0.6096345514950167 0.2772585669781931 0.0016611295681063123 0.003115264797507788
0 0.8272425249169435 0.29906542056074764 0.0016611295681063123 0.003115264797507788
0 0.6661129568106312 0.26791277258566976 0.0016611295681063123 0.003115264797507788
0 0.5614617940199336 0.34890965732087226 0.02159468438538206 0.04672897196261682
0 0.3787375415282392 0.3146417445482866 0.013289036544850499 0.01557632398753894
0 0.09302325581395349 0.2585669781931464 0.0016611295681063123 0.003115264797507788
0 0.5897009966777409 0.2554517133956386 0.0016611295681063123 0.003115264797507788
0 0.47840531561461797 0.27414330218068533 0.0016611295681063123 0.003115264797507788
0 0.3588039867109635 0.3426791277258567 0.013289036544850499 0.01557632398753894
0 0.30398671096345514 0.2336448598130841 0.0016611295681063123 0.003115264797507788
0 0.36212624584717606 0.2367601246105919 0.0016611295681063123 0.003115264797507788
0 0.5996677740863787 0.3426791277258567 0.02159468438538206 0.04672897196261682
0 0.5631229235880398 0.2897196261682243 0.0016611295681063123 0.003115264797507788
0 0.7109634551495017 0.32398753894080995 0.013289036544850499 0.01557632398753894
0 0.47674418604651164 0.5015576323987538 0.03156146179401993 0.08099688473520249
0 0.1378737541528239 0.26479750778816197 0.0016611295681063123 0.003115264797507788
0 0.11295681063122924 0.367601246105919 0.03156146179401993 0.08099688473520249
0 0.770764119601329 0.26791277258566976 0.0016611295681063123 0.003115264797507788
0 0.49335548172757476 0.2616822429906542 0.0016611295681063123 0.003115264797507788
0 0.6810631229235881 0.30218068535825543 0.0016611295681063123 0.003115264797507788
0 0.3073089700996678 0.2523364485981308 0.0016611295681063123 0.003115264797507788
0 0.9401993355481728 0.24610591900311526 0.0016611295681063123 0.003115264797507788
0 0.3770764119601329 0.3426791277258567 0.013289036544850499 0.01557632398753894
0 0.4900332225913621 0.29283489096573206 0.0016611295681063123 0.003115264797507788
0 0.7541528239202658 0.26791277258566976 0.0016611295681063123 0.003115264797507788
0 0.6229235880398671 0.30218068535825543 0.011627906976744186 0.03115264797507788
0 0.40863787375415284 0.22741433021806853 0.0016611295681063123 0.003115264797507788
0 0.2823920265780731 0.2803738317757009 0.0016611295681063123 0.003115264797507788
0 0.5913621262458472 0.2897196261682243 0.0016611295681063123 0.003115264797507788
0 0.6378737541528239 0.2554517133956386 0.0016611295681063123 0.003115264797507788
0 0.09800664451827243 0.24299065420560748 0.0016611295681063123 0.003115264797507788
0 0.5681063122923588 0.27414330218068533 0.0016611295681063123 0.003115264797507788
0 0.3438538205980066 0.22429906542056074 0.0016611295681063123 0.003115264797507788
0 0.3803986710963455 0.2554517133956386 0.0016611295681063123 0.003115264797507788
0 0.606312292358804 0.3146417445482866 0.011627906976744186 0.03115264797507788
0 0.760797342192691 0.3426791277258567 0.013289036544850499 0.01557632398753894
0 0.6013289036544851 0.2554517133956386 0.0016611295681063123 0.003115264797507788
0 0.47674418604651164 0.5950155763239875 0.05647840531561462 0.13395638629283488
0 0.006644518272425249 0.6012461059190031 0.05647840531561462 0.13395638629283488
0 0.1511627906976744 0.29906542056074764 0.0016611295681063123 0.003115264797507788
0 0.8255813953488372 0.2523364485981308 0.0016611295681063123 0.003115264797507788
0 0.729235880398671 0.2772585669781931 0.0016611295681063123 0.003115264797507788
0 0.059800664451827246 0.2523364485981308 0.006644518272425249 0.012461059190031152
0 0.7691029900332226 0.24610591900311526 0.0016611295681063123 0.003115264797507788
0 0.21096345514950166 0.32398753894080995 0.013289036544850499 0.01557632398753894
0 0.4053156146179402 0.3426791277258567 0.013289036544850499 0.01557632398753894
0 0.5182724252491694 0.24299065420560748 0.0016611295681063123 0.003115264797507788
0 0.6893687707641196 0.2834890965732087 0.0016611295681063123 0.003115264797507788
0 0.3504983388704319 0.411214953271028 0.03156146179401993 0.08099688473520249
0 0.5764119601328903 0.30218068535825543 0.0016611295681063123 0.003115264797507788
0 0.9169435215946844 0.2398753894080997 0.0016611295681063123 0.003115264797507788
0 0.53156146179402 0.34890965732087226 0.013289036544850499 0.01557632398753894
0 0.18272425249169436 0.29595015576323985 0.0016611295681063123 0.003115264797507788
0 0.6511627906976745 0.27414330218068533 0.0016611295681063123 0.003115264797507788
0 0.6295681063122923 0.3146417445482866 0.011627906976744186 0.03115264797507788
0 0.739202657807309 0.27102803738317754 0.0016611295681063123 0.003115264797507788
0 0.44019933554817275 0.3052959501557632 0.0016611295681063123 0.003115264797507788
0 0.6179401993355482 0.2772585669781931 0.0016611295681063123 0.003115264797507788
0 0.2059800664451827 0.2897196261682243 0.0016611295681063123 0.003115264797507788
0 0.4568106312292359 0.27414330218068533 0.0016611295681063123 0.003115264797507788
0 0.9169435215946844 0.2803738317757009 0.0016611295681063123 0.003115264797507788
0 0.4418604651162791 0.29906542056074764 0.0016611295681063123 0.003115264797507788
0 0.6827242524916943 0.2772585669781931 0.0016611295681063123 0.003115264797507788
0 0.3787375415282392 0.26791277258566976 0.0016611295681063123 0.003115264797507788
0 0.5481727574750831 0.2897196261682243 0.0016611295681063123 0.003115264797507788
0 0.1644518272425249 0.35202492211838005 0.013289036544850499 0.01557632398753894
0 0.7059800664451827 0.2554517133956386 0.0016611295681063123 0.003115264797507788
0 0.4568106312292359 0.24299065420560748 0.0016611295681063123 0.003115264797507788
0 0.9086378737541528 0.2616822429906542 0.0016611295681063123 0.003115264797507788
0 0.21262458471760798 0.34890965732087226 0.013289036544850499 0.01557632398753894
0 0.2724252491694352 0.2585669781931464 0.0016611295681063123 0.003115264797507788
0 0.9700996677740864 0.2554517133956386 0.0016611295681063123 0.003115264797507788
0 0.9235880398671097 0.26479750778816197 0.0016611295681063123 0.003115264797507788
0 0.5664451827242525 0.24922118380062305 0.0016611295681063123 0.003115264797507788
0 0.05149501661129568 0.38006230529595014 0.03156146179401993 0.08099688473520249
0 0.31727574750830567 0.2803738317757009 0.0016611295681063123 0.003115264797507788
0 0.6910299003322259 0.3364485981308411 0.013289036544850499 0.01557632398753894
0 0.9534883720930233 0.2585669781931464 0.0016611295681063123 0.003115264797507788
0 0.925249169435216 0.29283489096573206 0.0016611295681063123 0.003115264797507788
0 0.023255813953488372 0.40186915887850466 0.03156146179401993 0.08099688473520249
0 0.21926910299003322 0.2834890965732087 0.0016611295681063123 0.003115264797507788
0 0.3953488372093023 0.5638629283489096 0.05647840531561462 0.13395638629283488
0 0.5365448504983389 0.24299065420560748 0.0016611295681063123 0.003115264797507788
0 0.016611295681063124 0.22741433021806853 0.006644518272425249 0.012461059190031152
0 0.1877076411960133 0.34890965732087226 0.013289036544850499 0.01557632398753894
0 0.9385382059800664 0.308411214953271 0.0016611295681063123 0.003115264797507788
0 0.39700996677740863 0.2772585669781931 0.0016611295681063123 0.003115264797507788
0 0.5033222591362126 0.27414330218068533 0.0016611295681063123 0.003115264797507788
0 0.5614617940199336 0.32087227414330216 0.013289036544850499 0.01557632398753894
0 0.23754152823920266 0.2803738317757009 0.0016611295681063123 0.003115264797507788
0 0.521594684385382 0.3052959501557632 0.0016611295681063123 0.003115264797507788
0 0.05813953488372093 0.3177570093457944 0.006644518272425249 0.012461059190031152
0 0.09136212624584718 0.3582554517133956 0.013289036544850499 0.01557632398753894
0 0.36046511627906974 0.2772585669781931 0.0016611295681063123 0.003115264797507788
0 0.46677740863787376 0.3052959501557632 0.0016611295681063123 0.003115264797507788
0 0.584717607973422 0.32710280373831774 0.02159468438538206 0.04672897196261682
0 0.6910299003322259 0.5389408099688473 0.05647840531561462 0.13395638629283488
0 0.4003322259136213 0.7538940809968847 0.05647840531561462 0.13395638629283488
0 0.21428571428571427 0.2585669781931464 0.0016611295681063123 0.003115264797507788
0 0.4053156146179402 0.2523364485981308 0.0016611295681063123 0.003115264797507788
0 0.18106312292358803 0.6666666666666666 0.05647840531561462 0.13395638629283488
0 0.029900332225913623 0.2616822429906542 0.006644518272425249 0.012461059190031152
0 0.30398671096345514 0.32710280373831774 0.013289036544850499 0.01557632398753894
0 0.4418604651162791 0.24299065420560748 0.0016611295681063123 0.003115264797507788
0 0.44518272425249167 0.3707165109034268 0.03156146179401993 0.08099688473520249
0 0.8122923588039868 0.30218068535825543 0.0016611295681063123 0.003115264797507788
0 0.7026578073089701 0.2866043613707165 0.0016611295681063123 0.003115264797507788
0 0.23421926910299004 0.557632398753894 0.05647840531561462 0.13395638629283488
0 0.34717607973421927 0.2772585669781931 0.0016611295681063123 0.003115264797507788
0 0.5016611295681063 0.24299065420560748 0.0016611295681063123 0.003115264797507788
0 0.7425249169435216 0.3862928348909657 0.03156146179401993 0.08099688473520249
0 0.15282392026578073 0.4143302180685358 0.03156146179401993 0.08099688473520249
0 0.2840531561461794 0.2398753894080997 0.0016611295681063123 0.003115264797507788
0 0.5481727574750831 0.24299065420560748 0.0016611295681063123 0.003115264797507788
0 0.6129568106312292 0.2554517133956386 0.0016611295681063123 0.003115264797507788
0 0.420265780730897 0.29595015576323985 0.0016611295681063123 0.003115264797507788
0 0.7425249169435216 0.2834890965732087 0.0016611295681063123 0.003115264797507788
0 0.026578073089700997 0.3115264797507788 0.006644518272425249 0.012461059190031152
0 0.09800664451827243 0.616822429906542 0.05647840531561462 0.13395638629283488
0 0.5049833887043189 0.35202492211838005 0.013289036544850499 0.01557632398753894
0 0.03156146179401993 0.2834890965732087 0.006644518272425249 0.012461059190031152
0 0.24916943521594684 0.3146417445482866 0.013289036544850499 0.01557632398753894
0 0.11627906976744186 0.4143302180685358 0.03156146179401993 0.08099688473520249
0 0.8039867109634552 0.26791277258566976 0.0016611295681063123 0.003115264797507788
0 0.16611295681063123 0.2585669781931464 0.0016611295681063123 0.003115264797507788
0 0.7475083056478405 0.24922118380062305 0.0016611295681063123 0.003115264797507788
0 0.5764119601328903 0.2897196261682243 0.0016611295681063123 0.003115264797507788
0 0.14285714285714285 0.24299065420560748 0.0016611295681063123 0.003115264797507788
0 0.3588039867109635 0.2772585669781931 0.0016611295681063123 0.003115264797507788
0 0.2724252491694352 0.3115264797507788 0.013289036544850499 0.01557632398753894
0 0.04983388704318937 0.22741433021806853 0.006644518272425249 0.012461059190031152
0 0.6926910299003323 0.26479750778816197 0.0016611295681063123 0.003115264797507788
0 0.4601328903654485 0.411214953271028 0.03156146179401993 0.08099688473520249
0 0.729235880398671 0.32710280373831774 0.013289036544850499 0.01557632398753894
0 0.1461794019933555 0.2585669781931464 0.0016611295681063123 0.003115264797507788
0 0.9269102990033222 0.24610591900311526 0.0016611295681063123 0.003115264797507788
0 0.4950166112956811 0.3052959501557632 0.0016611295681063123 0.003115264797507788
0 0.27740863787375414 0.35202492211838005 0.013289036544850499 0.01557632398753894
0 0.893687707641196 0.2585669781931464 0.0016611295681063123 0.003115264797507788
0 0.6245847176079734 0.2554517133956386 0.0016611295681063123 0.003115264797507788
0 0.4335548172757475 0.2554517133956386 0.0016611295681063123 0.003115264797507788
0 0.5282392026578073 0.27414330218068533 0.0016611295681063123 0.003115264797507788
0 0.3920265780730897 0.23052959501557632 0.0016611295681063123 0.003115264797507788
0 0.7956810631229236 0.24610591900311526 0.0016611295681063123 0.003115264797507788
0 0.8089700996677741 0.24610591900311526 0.0016611295681063123 0.003115264797507788
0 0.08139534883720931 0.24610591900311526 0.0016611295681063123 0.003115264797507788
