0 0.4938461538461538 0.6116279069767442 0.026153846153846153 0.044186046511627906
0 0.024615384615384615 0.5883720930232558 0.018461538461538463 0.03488372093023256
0 0.018461538461538463 0.6186046511627907 0.018461538461538463 0.03488372093023256
0 0.6661538461538462 0.541860465116279 0.02 0.030232558139534883
0 0.38153846153846155 0.5441860465116279 0.02 0.03255813953488372
0 0.010769230769230769 0.6604651162790698 0.02 0.037209302325581395
0 0.6723076923076923 0.5930232558139535 0.026153846153846153 0.04186046511627907
0 0.9584615384615385 0.5232558139534884 0.03076923076923077 0.044186046511627906
0 0.3323076923076923 0.5186046511627908 0.009230769230769232 0.011627906976744186
0 0.3323076923076923 0.6837209302325581 0.036923076923076927 0.05813953488372093
0 0.24153846153846154 0.6302325581395349 0.018461538461538463 0.03488372093023256
0 0.36153846153846153 0.5372093023255814 0.02 0.03255813953488372
0 0.98 0.37906976744186044 0.010769230769230769 0.013953488372093023
0 0.5015384615384615 0.5116279069767442 0.009230769230769232 0.011627906976744186
0 0.7753846153846153 0.4 0.027692307692307693 0.03953488372093023
0 0.9523076923076923 0.36046511627906974 0.010769230769230769 0.013953488372093023
0 0.49846153846153846 0.9209302325581395 0.06769230769230769 0.12558139534883722
0 0.9030769230769231 0.41627906976744183 0.021538461538461538 0.030232558139534883
0 0.5246153846153846 0.6465116279069767 0.026153846153846153 0.044186046511627906
0 0.5430769230769231 0.5744186046511628 0.02 0.03255813953488372
0 0.19076923076923077 0.6069767441860465 0.018461538461538463 0.03488372093023256
0 0.010769230769230769 0.5953488372093023 0.015384615384615385 0.027906976744186046
0 0.06615384615384616 0.5837209302325581 0.007692307692307693 0.009302325581395349
0 0.46153846153846156 0.5581395348837209 0.02 0.03255813953488372
0 0.5415384615384615 0.6395348837209303 0.026153846153846153 0.044186046511627906
0 0.0015384615384615385 0.6790697674418604 0.021538461538461538 0.03953488372093023
0 0.5584615384615385 0.7837209302325582 0.06153846153846154 0.11162790697674418
0 0.25076923076923074 0.541860465116279 0.02 0.03255813953488372
0 0.3507692307692308 0.5581395348837209 0.02 0.03255813953488372
0 0.86 0.5325581395348837 0.03076923076923077 0.053488372093023255
0 0.31846153846153846 0.7930232558139535 0.052307692307692305 0.09534883720930233
0 0.7538461538461538 0.4744186046511628 0.03076923076923077 0.044186046511627906
0 0.48615384615384616 0.7325581395348837 0.05076923076923077 0.09302325581395349
0 0.7338461538461538 0.5744186046511628 0.026153846153846153 0.04186046511627907
0 0.9292307692307692 0.42093023255813955 0.021538461538461538 0.030232558139534883
0 0.9676923076923077 0.41627906976744183 0.021538461538461538 0.030232558139534883
0 0.2153846153846154 0.6465116279069767 0.018461538461538463 0.03488372093023256
0 0.6692307692307692 0.5674418604651162 0.026153846153846153 0.04186046511627907
0 0.6815384615384615 0.6139534883720931 0.02 0.030232558139534883
0 0.45076923076923076 0.6488372093023256 0.036923076923076927 0.05813953488372093
0 0.4707692307692308 0.7744186046511627 0.05076923076923077 0.09302325581395349
0 0.3169230769230769 0.5720930232558139 0.02 0.03255813953488372
0 0.9553846153846154 0.38372093023255816 0.010769230769230769 0.013953488372093023
0 0.8615384615384616 0.6558139534883721 0.06153846153846154 0.1
0 0.7815384615384615 0.5395348837209303 0.03076923076923077 0.053488372093023255
0 0.003076923076923077 0.6372093023255814 0.02 0.037209302325581395
0 0.1476923076923077 0.6046511627906976 0.018461538461538463 0.03488372093023256
0 0.20923076923076922 0.7209302325581395 0.04153846153846154 0.07209302325581396
0 0.04 0.6372093023255814 0.018461538461538463 0.03488372093023256
0 0.24 0.8093023255813954 0.07076923076923076 0.11395348837209303
0 0.06615384615384616 0.672093023255814 0.024615384615384615 0.044186046511627906
0 0.7861538461538462 0.48604651162790696 0.03076923076923077 0.044186046511627906
0 0.9907692307692307 0.3953488372093023 0.010769230769230769 0.013953488372093023
0 0.23692307692307693 0.513953488372093 0.009230769230769232 0.011627906976744186
0 0.5953846153846154 0.5 0.06153846153846154 0.09534883720930233
0 0.3415384615384615 0.6395348837209303 0.036923076923076927 0.05813953488372093
0 0.8523076923076923 0.7604651162790698 0.06153846153846154 0.11162790697674418
0 0.34615384615384615 0.5883720930232558 0.026153846153846153 0.044186046511627906
0 0.6692307692307692 0.7069767441860465 0.047692307692307694 0.07674418604651163
0 0.18153846153846154 0.5395348837209303 0.009230769230769232 0.01627906976744186
0 0.15538461538461537 0.8767441860465116 0.07076923076923076 0.11395348837209303
0 0.8538461538461538 0.4441860465116279 0.021538461538461538 0.030232558139534883
0 0.22153846153846155 0.5534883720930233 0.02 0.03255813953488372
0 0.7076923076923077 0.4558139534883721 0.02 0.030232558139534883
0 0.44461538461538463 0.5441860465116279 0.02 0.03255813953488372
0 0.5076923076923077 0.5441860465116279 0.02 0.03255813953488372
0 0.22 0.9488372093023256 0.07076923076923076 0.11395348837209303
0 0.4676923076923077 0.5232558139534884 0.009230769230769232 0.011627906976744186
0 0.08615384615384615 0.686046511627907 0.024615384615384615 0.044186046511627906
0 0.7707692307692308 0.46511627906976744 0.03076923076923077 0.044186046511627906
0 0.4307692307692308 0.6953488372093023 0.05076923076923077 0.09302325581395349
0 0.1 0.6348837209302326 0.018461538461538463 0.03488372093023256
0 0.8323076923076923 0.40930232558139534 0.021538461538461538 0.030232558139534883
0 0.916923076923077 0.4116279069767442 0.021538461538461538 0.030232558139534883
0 0.72 0.4697674418604651 0.02 0.030232558139534883
0 0.6846153846153846 0.4813953488372093 0.02 0.030232558139534883
0 0.19230769230769232 0.6627906976744186 0.024615384615384615 0.044186046511627906
0 0.0 0.6558139534883721 0.02 0.037209302325581395
0 0.033846153846153845 0.6162790697674418 0.018461538461538463 0.03488372093023256
0 0.7769230769230769 0.5976744186046512 0.03076923076923077 0.053488372093023255
0 0.41846153846153844 0.5465116279069767 0.02 0.03255813953488372
0 0.2846153846153846 0.5279069767441861 0.009230769230769232 0.011627906976744186
0 0.696923076923077 0.48372093023255813 0.02 0.030232558139534883
0 0.5261538461538462 0.49767441860465117 0.009230769230769232 0.011627906976744186
0 0.9861538461538462 0.8325581395348837 0.06153846153846154 0.11162790697674418
0 0.06307692307692307 0.7976744186046512 0.07076923076923076 0.11395348837209303
0 0.09076923076923077 0.9767441860465116 0.07076923076923076 0.11395348837209303
0 0.8969230769230769 0.48372093023255813 0.03076923076923077 0.044186046511627906
0 0.13076923076923078 0.5976744186046512 0.018461538461538463 0.03488372093023256
0 0.44461538461538463 0.5046511627906977 0.009230769230769232 0.011627906976744186
0 0.9076923076923077 0.386046511627907 0.010769230769230769 0.013953488372093023
0 0.33384615384615385 0.6046511627906976 0.026153846153846153 0.044186046511627906
0 0.6753846153846154 0.958139534883721 0.06153846153846154 0.11162790697674418
0 0.015384615384615385 0.9209302325581395 0.047692307692307694 0.07906976744186046
0 0.35384615384615387 0.5209302325581395 0.009230769230769232 0.011627906976744186
0 0.7415384615384616 0.47674418604651164 0.02 0.030232558139534883
0 0.7769230769230769 0.44883720930232557 0.021538461538461538 0.030232558139534883
0 0.3169230769230769 0.6488372093023256 0.036923076923076927 0.05813953488372093
0 0.9892307692307692 0.46511627906976744 0.03076923076923077 0.044186046511627906
0 0.052307692307692305 0.7232558139534884 0.024615384615384615 0.044186046511627906
0 0.5476923076923077 0.7023255813953488 0.05076923076923077 0.09302325581395349
0 0.21846153846153846 0.6046511627906976 0.018461538461538463 0.03488372093023256
0 0.9276923076923077 0.3813953488372093 0.010769230769230769 0.013953488372093023
0 0.046153846153846156 0.6139534883720931 0.018461538461538463 0.03488372093023256
0 0.6676923076923077 0.4883720930232558 0.02 0.030232558139534883
0 0.0015384615384615385 0.6186046511627907 0.02 0.037209302325581395
0 0.7292307692307692 0.4255813953488372 0.021538461538461538 0.03255813953488372
0 0.8630769230769231 0.49534883720930234 0.03076923076923077 0.044186046511627906
0 0.2676923076923077 0.586046511627907 0.026153846153846153 0.044186046511627906
0 0.08615384615384615 0.9209302325581395 0.07076923076923076 0.11395348837209303
0 0.7507692307692307 0.44651162790697674 0.023076923076923078 0.03255813953488372
0 0.9261538461538461 0.4627906976744186 0.03076923076923077 0.044186046511627906
0 0.2846153846153846 0.8651162790697674 0.04923076923076923 0.08372093023255814
0 0.043076923076923075 0.5883720930232558 0.007692307692307693 0.009302325581395349
0 0.38 0.5209302325581395 0.009230769230769232 0.011627906976744186
0 0.12 0.6139534883720931 0.018461538461538463 0.03488372093023256
0 0.9784615384615385 0.3488372093023256 0.010769230769230769 0.013953488372093023
0 0.1076923076923077 0.7697674418604651 0.04153846153846154 0.07209302325581396
0 0.8646153846153846 0.5837209302325581 0.03076923076923077 0.053488372093023255
0 0.8815384615384615 0.44651162790697674 0.021538461538461538 0.030232558139534883
0 0.8246153846153846 0.45813953488372094 0.021538461538461538 0.030232558139534883
0 0.39692307692307693 0.6511627906976745 0.036923076923076927 0.05813953488372093
0 0.40307692307692305 0.541860465116279 0.02 0.03255813953488372
0 0.2169230769230769 0.5767441860465117 0.02 0.03255813953488372
0 0.7076923076923077 0.7 0.047692307692307694 0.07674418604651163
0 0.9292307692307692 0.49767441860465117 0.03076923076923077 0.044186046511627906
0 0.26615384615384613 0.5651162790697675 0.02 0.03255813953488372
0 0.2923076923076923 0.6023255813953489 0.026153846153846153 0.044186046511627906
0 0.3630769230769231 0.5627906976744186 0.02 0.03255813953488372
0 0.40615384615384614 0.5720930232558139 0.02 0.03255813953488372
0 0.2815384615384615 0.6837209302325581 0.036923076923076927 0.05813953488372093
0 0.32 0.5465116279069767 0.02 0.03255813953488372
0 0.8753846153846154 0.39767441860465114 0.010769230769230769 0.013953488372093023
0 0.9953846153846154 0.4325581395348837 0.021538461538461538 0.030232558139534883
0 0.8430769230769231 0.45813953488372094 0.021538461538461538 0.030232558139534883
0 0.49846153846153846 0.5720930232558139 0.02 0.03255813953488372
0 0.3630769230769231 0.586046511627907 0.026153846153846153 0.044186046511627906
0 0.9907692307692307 0.3674418604651163 0.010769230769230769 0.013953488372093023
0 0.06615384615384616 0.6186046511627907 0.018461538461538463 0.03488372093023256
0 0.4723076923076923 0.5837209302325581 0.026153846153846153 0.044186046511627906
0 0.2 0.6023255813953489 0.018461538461538463 0.03488372093023256
0 0.6846153846153846 0.5465116279069767 0.02 0.030232558139534883
0 0.11846153846153847 0.6534883720930232 0.024615384615384615 0.044186046511627906
0 0.024615384615384615 0.6767441860465117 0.024615384615384615 0.044186046511627906
0 0.046153846153846156 0.6767441860465117 0.024615384615384615 0.044186046511627906
0 0.08461538461538462 0.5720930232558139 0.007692307692307693 0.009302325581395349
0 0.4338461538461538 0.5325581395348837 0.013846153846153847 0.020930232558139535
0 0.9753846153846154 0.42093023255813955 0.021538461538461538 0.030232558139534883
0 0.13230769230769232 0.6883720930232559 0.024615384615384615 0.044186046511627906
0 0.3076923076923077 0.5186046511627908 0.009230769230769232 0.011627906976744186
0 0.1676923076923077 0.6162790697674418 0.018461538461538463 0.03488372093023256
0 0.16 0.6 0.018461538461538463 0.03488372093023256
0 0.24307692307692308 0.6837209302325581 0.024615384615384615 0.044186046511627906
0 0.7123076923076923 0.5697674418604651 0.026153846153846153 0.04186046511627907
0 0.16 0.5627906976744186 0.007692307692307693 0.009302325581395349
0 0.7692307692307693 0.4906976744186046 0.03076923076923077 0.044186046511627906
0 0.4369230769230769 0.5697674418604651 0.02 0.03255813953488372
0 0.3446153846153846 0.5441860465116279 0.02 0.03255813953488372
0 0.16307692307692306 0.686046511627907 0.024615384615384615 0.044186046511627906
0 0.1076923076923077 0.5744186046511628 0.007692307692307693 0.009302325581395349
0 0.38769230769230767 0.5976744186046512 0.026153846153846153 0.044186046511627906
0 0.4876923076923077 0.5046511627906977 0.009230769230769232 0.011627906976744186
0 0.25076923076923074 0.5930232558139535 0.026153846153846153 0.044186046511627906
0 0.6953846153846154 0.44651162790697674 0.02 0.030232558139534883
0 0.9476923076923077 0.4116279069767442 0.021538461538461538 0.030232558139534883
0 0.42923076923076925 0.7976744186046512 0.05076923076923077 0.09302325581395349
0 0.8738461538461538 0.9116279069767442 0.06153846153846154 0.11162790697674418
0 0.9476923076923077 0.7209302325581395 0.06153846153846154 0.1
0 0.4753846153846154 0.5534883720930233 0.02 0.03255813953488372
0 0.9815384615384616 0.641860465116279 0.06153846153846154 0.1
0 0.38769230769230767 0.5674418604651162 0.02 0.03255813953488372
0 0.9661538461538461 0.4418604651162791 0.021538461538461538 0.030232558139534883
0 0.7 0.5232558139534884 0.02 0.030232558139534883
0 0.9246153846153846 0.5511627906976744 0.03076923076923077 0.053488372093023255
0 0.42615384615384616 0.6093023255813953 0.026153846153846153 0.044186046511627906
0 0.18307692307692308 0.7488372093023256 0.04153846153846154 0.07209302325581396
0 0.1523076923076923 0.6302325581395349 0.018461538461538463 0.03488372093023256
0 0.4107692307692308 0.5069767441860465 0.009230769230769232 0.011627906976744186
0 0.6723076923076923 0.44651162790697674 0.02 0.030232558139534883
0 0.8384615384615385 0.41627906976744183 0.021538461538461538 0.030232558139534883
0 0.7446153846153846 0.48372093023255813 0.02 0.030232558139534883
0 0.021538461538461538 0.7302325581395349 0.024615384615384615 0.044186046511627906
0 0.3261538461538461 0.5674418604651162 0.02 0.03255813953488372
0 0.8015384615384615 0.3767441860465116 0.023076923076923078 0.03255813953488372
0 0.1476923076923077 0.5813953488372093 0.007692307692307693 0.009302325581395349
0 0.1476923076923077 0.5534883720930233 0.007692307692307693 0.009302325581395349
0 0.7261538461538461 0.5093023255813953 0.02 0.030232558139534883
0 0.09692307692307692 0.5930232558139535 0.018461538461538463 0.03488372093023256
0 0.42153846153846153 0.5767441860465117 0.02 0.03255813953488372
0 0.7430769230769231 0.44883720930232557 0.021538461538461538 0.03255813953488372
0 0.28923076923076924 0.5581395348837209 0.02 0.03255813953488372
0 0.6246153846153846 0.7930232558139535 0.06153846153846154 0.11162790697674418
0 0.5246153846153846 0.5441860465116279 0.02 0.03255813953488372
0 0.12923076923076923 0.5697674418604651 0.007692307692307693 0.009302325581395349
0 0.52 0.5790697674418605 0.026153846153846153 0.044186046511627906
0 0.2323076923076923 0.5883720930232558 0.02 0.03255813953488372
0 0.74 0.49767441860465117 0.02 0.030232558139534883
0 0.7630769230769231 0.4255813953488372 0.024615384615384615 0.037209302325581395
0 0.0015384615384615385 0.7 0.023076923076923078 0.04186046511627907
0 0.2630769230769231 0.5302325581395348 0.013846153846153847 0.020930232558139535
0 0.11538461538461539 0.7 0.024615384615384615 0.044186046511627906
0 0.7338461538461538 0.4790697674418605 0.02 0.030232558139534883
