0 0.43916666666666665 0.6425 0.028333333333333332 0.0575
0 0.02666666666666667 0.15625 0.028333333333333332 0.0575
0 0.30583333333333335 0.785 0.028333333333333332 0.0575
0 0.9625 0.5975 0.028333333333333332 0.0575
0 0.39416666666666667 0.58875 0.028333333333333332 0.0575
0 0.14916666666666667 0.39375 0.028333333333333332 0.0575
0 0.8225 0.205 0.028333333333333332 0.0575
0 0.6825 0.54375 0.028333333333333332 0.0575
0 0.44666666666666666 0.09 0.028333333333333332 0.0575
0 0.12166666666666667 0.01875 0.028333333333333332 0.0575
0 0.5666666666666667 0.62375 0.028333333333333332 0.0575
0 0.3383333333333333 0.24875 0.028333333333333332 0.0575
0 0.9183333333333333 0.40625 0.028333333333333332 0.0575
0 0.056666666666666664 0.8825 0.028333333333333332 0.0575
0 0.8608333333333333 0.3825 0.028333333333333332 0.0575
0 0.8091666666666667 0.49375 0.028333333333333332 0.0575
0 0.2683333333333333 0.2475 0.028333333333333332 0.0575
0 0.4225 0.48125 0.028333333333333332 0.0575
0 0.21416666666666667 0.51125 0.028333333333333332 0.0575
0 0.8683333333333333 0.55125 0.028333333333333332 0.0575
0 0.5016666666666667 0.6125 0.028333333333333332 0.0575
0 0.415 0.9175 0.028333333333333332 0.0575
0 0.6475 0.85 0.028333333333333332 0.0575
0 0.38083333333333336 0.5225 0.028333333333333332 0.0575
0 0.8058333333333333 0.27625 0.028333333333333332 0.0575
0 0.22 0.9925 0.028333333333333332 0.0575
0 0.4325 0.81125 0.028333333333333332 0.0575
0 0.36 0.9925 0.028333333333333332 0.0575
0 0.5225 0.48125 0.028333333333333332 0.0575
0 0.7533333333333333 0.79125 0.028333333333333332 0.0575
0 0.8833333333333333 0.3175 0.028333333333333332 0.0575
0 0.7016666666666667 0.97625 0.028333333333333332 0.0575
0 0.3025 0.05125 0.028333333333333332 0.0575
0 0.31416666666666665 0.38875 0.028333333333333332 0.0575
0 0.9025 0.47125 0.028333333333333332 0.0575
0 0.020833333333333332 0.52125 0.028333333333333332 0.0575
0 0.07166666666666667 0.08125 0.028333333333333332 0.0575
0 0.5983333333333334 0.26875 0.028333333333333332 0.0575
0 0.6916666666666667 0.32875 0.028333333333333332 0.0575
0 0.5466666666666666 0.0375 0.028333333333333332 0.0575
0 0.5708333333333333 0.0175 0.028333333333333332 0.0575
0 0.7366666666666667 0.54 0.028333333333333332 0.0575
0 0.3541666666666667 0.65 0.028333333333333332 0.0575
0 0.49333333333333335 0.7825 0.028333333333333332 0.0575
0 0.075 0.975 0.028333333333333332 0.0575
0 0.12583333333333332 0.23625 0.028333333333333332 0.0575
0 0.16416666666666666 0.17125 0.028333333333333332 0.0575
0 0.6966666666666667 0.50125 0.028333333333333332 0.0575
0 0.22583333333333333 0.3075 0.028333333333333332 0.0575
0 0.9141666666666667 0.91375 0.028333333333333332 0.0575
0 0.045 0.29 0.028333333333333332 0.0575
0 0.2941666666666667 0.4725 0.028333333333333332 0.0575
0 0.6325 0.62 0.028333333333333332 0.0575
0 0.6516666666666666 0.3775 0.028333333333333332 0.0575
0 0.22833333333333333 0.3825 0.028333333333333332 0.0575
0 0.4691666666666667 0.02375 0.028333333333333332 0.0575
0 0.6041666666666666 0.505 0.028333333333333332 0.0575
0 0.30666666666666664 0.55875 0.028333333333333332 0.0575
0 0.5025 0.895 0.028333333333333332 0.0575
0 0.6025 0.9425 0.028333333333333332 0.0575
0 0.09416666666666666 0.77 0.028333333333333332 0.0575
0 0.2975 0.17625 0.028333333333333332 0.0575
0 0.6908333333333333 0.29875 0.028333333333333332 0.0575
0 0.6808333333333333 0.3825 0.028333333333333332 0.0575
0 0.7408333333333333 0.28 0.028333333333333332 0.0575
0 0.6508333333333334 0.00625 0.024166666666666666 0.04875
0 0.215 0.0175 0.028333333333333332 0.0575
0 0.8475 0.47 0.028333333333333332 0.0575
0 0.5191666666666667 0.225 0.028333333333333332 0.0575
0 0.535 0.31625 0.028333333333333332 0.0575
0 0.6125 0.18875 0.028333333333333332 0.0575
0 0.9375 0.68375 0.028333333333333332 0.0575
0 0.7391666666666666 0.625 0.028333333333333332 0.0575
0 0.9858333333333333 0.49625 0.024166666666666666 0.04875
0 0.11416666666666667 0.50875 0.028333333333333332 0.0575
0 0.7683333333333333 0.34625 0.028333333333333332 0.0575
0 0.49583333333333335 0.32375 0.028333333333333332 0.0575
0 0.2791666666666667 0.5175 0.028333333333333332 0.0575
0 0.035833333333333335 0.44 0.028333333333333332 0.0575
0 0.15083333333333335 0.88125 0.028333333333333332 0.0575
0 0.16666666666666666 0.34375 0.028333333333333332 0.0575
0 0.8141666666666667 0.62 0.028333333333333332 0.0575
0 0.505 0.56625 0.028333333333333332 0.0575
0 0.14416666666666667 0.64 0.028333333333333332 0.0575
0 0.6883333333333334 0.05125 0.028333333333333332 0.0575
0 0.6541666666666667 0.82 0.028333333333333332 0.0575
0 0.8483333333333334 0.57625 0.028333333333333332 0.0575
0 0.885 0.78625 0.028333333333333332 0.0575
0 0.055 0.59375 0.028333333333333332 0.0575
0 0.18833333333333332 0.24375 0.028333333333333332 0.0575
0 0.16666666666666666 0.46 0.028333333333333332 0.0575
0 0.7908333333333334 0.3825 0.028333333333333332 0.0575
0 0.2175 0.5825 0.028333333333333332 0.0575
0 0.4225 0.9775 0.028333333333333332 0.0575
0 0.7733333333333333 0.94 0.028333333333333332 0.0575
0 0.01 0.92125 0.024166666666666666 0.04875
0 0.5825 0.4275 0.028333333333333332 0.0575
0 0.6533333333333333 0.52875 0.028333333333333332 0.0575
0 0.99 0.79875 0.024166666666666666 0.04875
0 0.385 0.19625 0.028333333333333332 0.0575
0 0.17333333333333334 0.12125 0.028333333333333332 0.0575
0 0.575 0.3525 0.028333333333333332 0.0575
0 0.31833333333333336 0.9375 0.028333333333333332 0.0575
0 0.11666666666666667 0.2975 0.028333333333333332 0.0575
0 0.7608333333333334 0.2075 0.028333333333333332 0.0575
