0 0.21966666666666668 0.5895221646516984 0.032 0.07253886010362694
0 0.886 0.6344271732872769 0.012666666666666666 0.029936672423719057
0 0.38966666666666666 0.4496257915947035 0.009 0.01957397812320092
0 0.8343333333333334 0.7432354634427173 0.019666666666666666 0.06332757628094415
0 0.35933333333333334 0.45595854922279794 0.009 0.01957397812320092
0 0.479 0.459412780656304 0.009666666666666667 0.017846862406447898
0 0.565 0.5066206102475532 0.011 0.020149683362118594
0 0.3323333333333333 0.45308002302820954 0.009 0.01957397812320092
0 0.569 0.49222797927461137 0.011 0.020149683362118594
0 0.825 0.6044905008635578 0.01 0.025906735751295335
0 0.8533333333333334 0.6280944156591824 0.012666666666666666 0.029936672423719057
0 0.36866666666666664 0.44905008635578586 0.009 0.01957397812320092
0 0.46066666666666667 0.4697754749568221 0.009666666666666667 0.017846862406447898
0 0.606 0.5020149683362118 0.006666666666666667 0.015544041450777202
0 0.5983333333333334 0.5008635578583766 0.006666666666666667 0.015544041450777202
0 0.49066666666666664 0.7288428324697754 0.039 0.09383995394358088
0 0.6203333333333333 0.5100748416810593 0.006666666666666667 0.015544041450777202
0 0.19466666666666665 0.5244674726540012 0.014333333333333333 0.0333909038572251
0 0.5713333333333334 0.5313759355210133 0.014333333333333333 0.033966609096142776
0 0.2 0.7282671272308578 0.052 0.10420264824409903
0 0.167 0.48762233736327 0.019 0.04260218767990789
0 0.607 0.5089234312032239 0.006666666666666667 0.015544041450777202
0 0.06133333333333333 0.4478986758779505 0.006 0.015544041450777202
0 0.661 0.5227403569372481 0.006666666666666667 0.015544041450777202
0 0.6593333333333333 0.533678756476684 0.010333333333333333 0.025906735751295335
0 0.529 0.6102475532527346 0.03833333333333333 0.09038572251007485
0 0.663 0.6050662061024755 0.020666666666666667 0.04605641911341393
0 0.735 0.5722510074841681 0.006333333333333333 0.014968336211859529
0 0.32066666666666666 0.49798503166378816 0.025 0.06217616580310881
0 0.436 0.48877374784110533 0.025 0.06217616580310881
0 0.499 0.563615428900403 0.03833333333333333 0.09038572251007485
0 0.37133333333333335 0.7236614853195165 0.043 0.10189982728842832
0 0.432 0.5549798503166379 0.025 0.06217616580310881
0 0.07466666666666667 0.5837651122625216 0.03833333333333333 0.07829591249280368
0 0.639 0.5624640184225677 0.010333333333333333 0.025906735751295335
0 0.826 0.5947035118019574 0.01 0.025906735751295335
0 0.7096666666666667 0.5296488198042603 0.01 0.021301093839953943
0 0.25533333333333336 0.4651698330454807 0.016666666666666666 0.03914795624640184
0 0.30133333333333334 0.5066206102475532 0.016666666666666666 0.03914795624640184
0 0.44433333333333336 0.46632124352331605 0.009666666666666667 0.017846862406447898
0 0.3586666666666667 0.4409902130109384 0.009 0.01957397812320092
0 0.479 0.4899251583189407 0.009666666666666667 0.017846862406447898
0 0.619 0.5221646516983305 0.014333333333333333 0.033966609096142776
0 0.6426666666666667 0.5284974093264249 0.006666666666666667 0.015544041450777202
0 0.4013333333333333 0.44617156016119747 0.009 0.01957397812320092
0 0.7643333333333333 0.5831894070236039 0.01 0.025906735751295335
0 0.489 0.4835924006908463 0.009666666666666667 0.017846862406447898
0 0.752 0.6027633851468048 0.01 0.025906735751295335
0 0.4563333333333333 0.5382843983880253 0.025 0.06217616580310881
0 0.796 0.6044905008635578 0.01 0.025906735751295335
0 0.5 0.5025906735751295 0.009666666666666667 0.017846862406447898
0 0.871 0.7380541162924582 0.019666666666666666 0.06332757628094415
0 0.9653333333333334 0.6488198042602188 0.013333333333333334 0.02936096718480138
0 0.682 0.5722510074841681 0.014 0.028209556706966035
0 0.6536666666666666 0.5354058721934369 0.010333333333333333 0.025906735751295335
0 0.13333333333333333 0.5941278065630398 0.03833333333333333 0.07829591249280368
0 0.6013333333333334 0.5590097869890616 0.03833333333333333 0.09038572251007485
0 0.283 0.8474381116868164 0.091 0.19228554979850315
0 0.6296666666666667 0.51237766263673 0.006666666666666667 0.015544041450777202
0 0.5303333333333333 0.40875071963154863 0.019333333333333334 0.03742084052964882
0 0.7183333333333334 0.5261945883707542 0.01 0.021301093839953943
0 0.06333333333333334 0.4271732872769142 0.006 0.015544041450777202
0 0.17566666666666667 0.46171560161197467 0.019 0.04260218767990789
0 0.36666666666666664 0.5273459988485896 0.025 0.06217616580310881
0 0.7546666666666667 0.5808865860679332 0.01 0.025906735751295335
0 0.7243333333333334 0.5503742084052965 0.006333333333333333 0.014968336211859529
0 0.6333333333333333 0.5296488198042603 0.006666666666666667 0.015544041450777202
0 0.486 0.46113989637305697 0.009666666666666667 0.017846862406447898
0 0.8593333333333333 0.9585492227979274 0.06833333333333333 0.0955670696603339
0 0.017333333333333333 0.844559585492228 0.03166666666666667 0.06620610247553253
0 0.597 0.5958549222797928 0.03833333333333333 0.09038572251007485
0 0.672 0.5354058721934369 0.006666666666666667 0.015544041450777202
0 0.9293333333333333 0.8209556706966034 0.019666666666666666 0.04720782959124928
0 0.07766666666666666 0.46632124352331605 0.018 0.039723661485319514
0 0.937 0.7691421991940126 0.019666666666666666 0.04720782959124928
0 0.3626666666666667 0.47956246401842256 0.012333333333333333 0.027633851468048358
0 0.9103333333333333 0.6499712147380541 0.012666666666666666 0.02936096718480138
0 0.43033333333333335 0.48244099021301096 0.009666666666666667 0.017846862406447898
0 0.5546666666666666 0.485895221646517 0.011 0.020149683362118594
0 0.662 0.871042026482441 0.06166666666666667 0.15544041450777202
0 0.233 0.47092688543465744 0.016666666666666666 0.03914795624640184
0 0.7616666666666667 0.5676453655728267 0.006333333333333333 0.014968336211859529
0 0.9783333333333334 0.7092688543465746 0.013333333333333334 0.02936096718480138
0 0.49466666666666664 0.4674726540011514 0.009666666666666667 0.017846862406447898
0 0.6843333333333333 0.5480713874496258 0.014 0.028209556706966035
0 0.261 0.47668393782383417 0.016666666666666666 0.03914795624640184
0 0.629 0.5503742084052965 0.010333333333333333 0.025906735751295335
0 0.6486666666666666 0.5497985031663788 0.010333333333333333 0.025906735751295335
0 0.6953333333333334 0.6954519286125503 0.026 0.059873344847438115
0 0.4583333333333333 0.5060449050086355 0.025 0.06217616580310881
0 0.7886666666666666 0.5641911341393206 0.006333333333333333 0.014968336211859529
0 0.545 0.49222797927461137 0.011 0.020149683362118594
0 0.27566666666666667 0.45308002302820954 0.016666666666666666 0.03914795624640184
0 0.7833333333333333 0.5728267127230858 0.01 0.025906735751295335
0 0.08966666666666667 0.4438687392055268 0.018 0.039723661485319514
0 0.9633333333333334 0.7725964306275187 0.019666666666666666 0.04720782959124928
0 0.28833333333333333 0.4473229706390328 0.018666666666666668 0.044905008635578586
0 0.8193333333333334 0.6563039723661486 0.021 0.051237766263673
0 0.5316666666666666 0.7610823258491652 0.05633333333333333 0.1404720782959125
0 0.37933333333333336 0.46113989637305697 0.009 0.01957397812320092
0 0.787 0.6010362694300518 0.01 0.025906735751295335
0 0.6096666666666667 0.5641911341393206 0.014333333333333333 0.033966609096142776
0 0.873 0.6516983304548072 0.012666666666666666 0.029936672423719057
0 0.826 0.6327000575705239 0.01 0.025906735751295335
0 0.8576666666666667 0.6528497409326425 0.012666666666666666 0.029936672423719057
0 0.81 0.6171560161197467 0.01 0.025906735751295335
0 0.10466666666666667 0.485895221646517 0.019 0.04260218767990789
0 0.6476666666666666 0.514104778353483 0.006666666666666667 0.015544041450777202
