0 0.6764705882352942 0.056 0.00196078431372549 0.006
0 0.32941176470588235 0.23 0.0058823529411764705 0.012
0 0.6352941176470588 0.042 0.00196078431372549 0.006
0 0.7137254901960784 0.46 0.052941176470588235 0.096
0 0.0784313725490196 0.22 0.0196078431372549 0.044
0 0.5705882352941176 0.332 0.00784313725490196 0.012
0 0.2647058823529412 0.246 0.0058823529411764705 0.012
0 0.01764705882352941 0.198 0.01764705882352941 0.036
0 0.40784313725490196 0.25 0.0058823529411764705 0.01
0 0.3235294117647059 0.262 0.0058823529411764705 0.012
0 0.40784313725490196 0.272 0.0058823529411764705 0.01
0 0.39019607843137255 0.274 0.0058823529411764705 0.01
0 0.4176470588235294 0.358 0.03529411764705882 0.06
0 0.6235294117647059 0.322 0.00784313725490196 0.012
0 0.592156862745098 0.332 0.00784313725490196 0.012
0 0.6078431372549019 0.3 0.00784313725490196 0.012
0 0.19411764705882353 0.164 0.00784313725490196 0.016
0 0.3588235294117647 0.264 0.0058823529411764705 0.01
0 0.5372549019607843 0.012 0.00196078431372549 0.006
0 0.1784313725490196 0.242 0.0196078431372549 0.036
0 0.28431372549019607 0.19 0.0058823529411764705 0.012
0 0.48823529411764705 0.302 0.00784313725490196 0.012
0 0.09803921568627451 0.234 0.00784313725490196 0.014
0 0.09019607843137255 0.182 0.00784313725490196 0.014
0 0.43529411764705883 0.268 0.0058823529411764705 0.01
0 0.7254901960784313 0.342 0.00784313725490196 0.012
0 0.19215686274509805 0.21 0.00784313725490196 0.016
0 0.5941176470588235 0.298 0.00784313725490196 0.012
0 0.21176470588235294 0.174 0.00784313725490196 0.016
0 0.6333333333333333 0.06 0.00196078431372549 0.006
0 0.6235294117647059 0.336 0.00784313725490196 0.012
0 0.615686274509804 0.306 0.00784313725490196 0.012
0 0.6627450980392157 0.32 0.00784313725490196 0.012
0 0.029411764705882353 0.152 0.00784313725490196 0.014
0 0.26666666666666666 0.18 0.0058823529411764705 0.012
0 0.6313725490196078 0.426 0.052941176470588235 0.096
0 0.06862745098039216 0.18 0.00784313725490196 0.014
0 0.4137254901960784 0.258 0.0058823529411764705 0.01
0 0.09411764705882353 0.202 0.00784313725490196 0.014
0 0.3058823529411765 0.248 0.0058823529411764705 0.012
0 0.5450980392156862 0.296 0.00784313725490196 0.012
0 0.5313725490196078 0.294 0.00784313725490196 0.012
0 0.7803921568627451 0.414 0.03137254901960784 0.058
0 0.5725490196078431 0.362 0.013725490196078431 0.032
0 0.3333333333333333 0.344 0.09607843137254903 0.128
0 0.013725490196078431 0.12 0.011764705882352941 0.024
