0 0.26625 0.6041275797373359 0.06875 0.11069418386491557
0 0.1675 0.6472795497185742 0.06875 0.11069418386491557
0 0.63375 0.5572232645403377 0.06875 0.11069418386491557
0 0.70625 0.8161350844277674 0.1175 0.21575984990619138
0 0.10375 0.801125703564728 0.1175 0.21575984990619138
0 0.48125 0.6941838649155723 0.06875 0.11069418386491557
0 0.495 0.39587242026266417 0.06875 0.11069418386491557
0 0.965 0.5909943714821764 0.06625 0.1275797373358349
0 0.35625 0.7861163227016885 0.1175 0.21575984990619138
0 0.65125 0.6360225140712945 0.06875 0.11069418386491557
0 0.88375 0.6191369606003753 0.06625 0.1275797373358349
0 0.37125 0.6097560975609756 0.06875 0.11069418386491557
0 0.9725 0.701688555347092 0.06625 0.1275797373358349
0 0.015 0.6285178236397748 0.06875 0.11069418386491557
0 0.5675 0.6210131332082551 0.06875 0.11069418386491557
0 0.3125 0.600375234521576 0.06875 0.11069418386491557
0 0.27625 0.5440900562851783 0.06875 0.11069418386491557
0 0.075 0.6679174484052532 0.06875 0.11069418386491557
0 0.59 0.8574108818011257 0.1175 0.21575984990619138
