0 0.3873333333333333 0.5863453815261044 0.016 0.05622489959839357
0 0.7793333333333333 0.3654618473895582 0.004666666666666667 0.014056224899598393
0 0.7733333333333333 0.39558232931726905 0.004666666666666667 0.014056224899598393
0 0.16333333333333333 0.4799196787148594 0.006 0.020080321285140562
0 0.10533333333333333 0.43775100401606426 0.006 0.020080321285140562
0 0.6406666666666667 0.37349397590361444 0.0033333333333333335 0.012048192771084338
0 0.7213333333333334 0.7369477911646586 0.023333333333333334 0.08032128514056225
0 0.382 0.41566265060240964 0.005333333333333333 0.020080321285140562
0 0.9846666666666667 0.5180722891566265 0.024666666666666667 0.0783132530120482
0 0.6353333333333333 0.3413654618473896 0.0033333333333333335 0.012048192771084338
0 0.49733333333333335 0.43172690763052207 0.004666666666666667 0.018072289156626505
0 0.646 0.37349397590361444 0.0033333333333333335 0.012048192771084338
0 0.144 0.44779116465863456 0.006 0.020080321285140562
0 0.76 0.37751004016064255 0.004666666666666667 0.014056224899598393
0 0.186 0.4959839357429719 0.006 0.020080321285140562
0 0.184 0.5240963855421686 0.013333333333333334 0.05220883534136546
0 0.49533333333333335 0.39357429718875503 0.004666666666666667 0.018072289156626505
0 0.39 0.3855421686746988 0.005333333333333333 0.020080321285140562
0 0.5513333333333333 0.35542168674698793 0.0033333333333333335 0.012048192771084338
0 0.5473333333333333 0.38353413654618473 0.0033333333333333335 0.012048192771084338
0 0.386 0.45180722891566266 0.005333333333333333 0.020080321285140562
0 0.5433333333333333 0.3534136546184739 0.0033333333333333335 0.012048192771084338
0 0.8333333333333334 0.42570281124497994 0.015333333333333332 0.040160642570281124
0 0.3253333333333333 0.5522088353413654 0.016 0.05622489959839357
0 0.19666666666666666 0.7048192771084337 0.014666666666666666 0.06827309236947791
0 0.866 0.39959839357429716 0.015333333333333332 0.040160642570281124
0 0.4073333333333333 0.7951807228915663 0.02266666666666667 0.09036144578313253
0 0.198 0.5542168674698795 0.013333333333333334 0.05220883534136546
0 0.9566666666666667 0.5943775100401606 0.024666666666666667 0.0783132530120482
0 0.16333333333333333 0.42771084337349397 0.006 0.020080321285140562
0 0.192 0.43172690763052207 0.0033333333333333335 0.010040160642570281
0 0.114 0.4759036144578313 0.006 0.020080321285140562
0 0.862 0.463855421686747 0.015333333333333332 0.040160642570281124
0 0.5246666666666666 0.39156626506024095 0.004666666666666667 0.018072289156626505
0 0.22333333333333333 0.42168674698795183 0.0033333333333333335 0.010040160642570281
0 0.15666666666666668 0.5843373493975904 0.013333333333333334 0.05220883534136546
0 0.68 0.37349397590361444 0.004666666666666667 0.01606425702811245
0 0.344 0.42771084337349397 0.0033333333333333335 0.010040160642570281
0 0.096 0.43373493975903615 0.006 0.020080321285140562
0 0.43266666666666664 0.41767068273092367 0.005333333333333333 0.020080321285140562
0 0.89 0.39759036144578314 0.015333333333333332 0.040160642570281124
0 0.83 0.39357429718875503 0.015333333333333332 0.040160642570281124
0 0.17066666666666666 0.43172690763052207 0.006 0.020080321285140562
0 0.5926666666666667 0.3755020080321285 0.0033333333333333335 0.012048192771084338
0 0.8746666666666667 0.29116465863453816 0.005333333333333333 0.01606425702811245
0 0.8593333333333333 0.6566265060240963 0.023333333333333334 0.08032128514056225
0 0.7833333333333333 0.3815261044176707 0.015333333333333332 0.040160642570281124
0 0.852 0.42369477911646586 0.015333333333333332 0.040160642570281124
0 0.44266666666666665 0.5903614457831325 0.016 0.05622489959839357
0 0.582 0.3413654618473896 0.0033333333333333335 0.012048192771084338
0 0.594 0.3614457831325301 0.0033333333333333335 0.012048192771084338
0 0.8153333333333334 0.39156626506024095 0.015333333333333332 0.040160642570281124
0 0.838 0.5441767068273092 0.015333333333333332 0.040160642570281124
0 0.194 0.9196787148594378 0.014666666666666666 0.06827309236947791
0 0.05266666666666667 0.5522088353413654 0.013333333333333334 0.05220883534136546
0 0.326 0.6244979919678715 0.016 0.05622489959839357
0 0.44666666666666666 0.41566265060240964 0.005333333333333333 0.020080321285140562
0 0.5993333333333334 0.3755020080321285 0.0033333333333333335 0.012048192771084338
0 0.5746666666666667 0.37751004016064255 0.0033333333333333335 0.012048192771084338
0 0.82 0.3293172690763052 0.005333333333333333 0.01606425702811245
0 0.696 0.37751004016064255 0.004666666666666667 0.014056224899598393
0 0.41 0.41767068273092367 0.005333333333333333 0.020080321285140562
0 0.31 0.40763052208835343 0.0033333333333333335 0.010040160642570281
0 0.6206666666666667 0.37751004016064255 0.0033333333333333335 0.012048192771084338
0 0.764 0.3895582329317269 0.004666666666666667 0.014056224899598393
0 0.4573333333333333 0.40963855421686746 0.005333333333333333 0.020080321285140562
0 0.5393333333333333 0.38353413654618473 0.004666666666666667 0.018072289156626505
0 0.6606666666666666 0.36947791164658633 0.004666666666666667 0.01606425702811245
0 0.26266666666666666 0.41967871485943775 0.0033333333333333335 0.010040160642570281
0 0.5693333333333334 0.37751004016064255 0.0033333333333333335 0.012048192771084338
0 0.11933333333333333 0.6184738955823293 0.013333333333333334 0.05220883534136546
0 0.5006666666666667 0.39357429718875503 0.004666666666666667 0.018072289156626505
0 0.874 0.5180722891566265 0.015333333333333332 0.040160642570281124
0 0.3973333333333333 0.44176706827309237 0.005333333333333333 0.020080321285140562
0 0.1 0.7108433734939759 0.018 0.0642570281124498
0 0.7033333333333334 0.3795180722891566 0.004666666666666667 0.014056224899598393
0 0.844 0.42570281124497994 0.015333333333333332 0.040160642570281124
0 0.07733333333333334 0.3815261044176707 0.006 0.020080321285140562
0 0.796 0.3795180722891566 0.015333333333333332 0.040160642570281124
0 0.7953333333333333 0.321285140562249 0.004666666666666667 0.014056224899598393
0 0.31733333333333336 0.40963855421686746 0.0033333333333333335 0.010040160642570281
0 0.6453333333333333 0.3433734939759036 0.0033333333333333335 0.012048192771084338
0 0.34933333333333333 0.41967871485943775 0.0033333333333333335 0.010040160642570281
0 0.45266666666666666 0.42570281124497994 0.005333333333333333 0.020080321285140562
0 0.3626666666666667 0.41566265060240964 0.005333333333333333 0.020080321285140562
0 0.486 0.39959839357429716 0.004666666666666667 0.018072289156626505
0 0.606 0.3654618473895582 0.0033333333333333335 0.012048192771084338
0 0.17733333333333334 0.4397590361445783 0.0033333333333333335 0.010040160642570281
0 0.4693333333333333 0.3453815261044177 0.005333333333333333 0.020080321285140562
0 0.24266666666666667 0.42168674698795183 0.0033333333333333335 0.010040160642570281
0 0.154 0.42369477911646586 0.006 0.020080321285140562
0 0.6646666666666666 0.3714859437751004 0.004666666666666667 0.01606425702811245
0 0.7713333333333333 0.37349397590361444 0.004666666666666667 0.014056224899598393
0 0.8086666666666666 0.5642570281124498 0.015333333333333332 0.040160642570281124
0 0.284 0.5682730923694779 0.016 0.05622489959839357
0 0.004 0.3654618473895582 0.007333333333333333 0.028112449799196786
0 0.8346666666666667 0.6325301204819277 0.023333333333333334 0.08032128514056225
0 0.007333333333333333 0.6706827309236948 0.018 0.0642570281124498
0 0.5313333333333333 0.3855421686746988 0.004666666666666667 0.018072289156626505
0 0.426 0.41365461847389556 0.005333333333333333 0.020080321285140562
0 0.5646666666666667 0.3815261044176707 0.0033333333333333335 0.012048192771084338
0 0.716 0.3654618473895582 0.004666666666666667 0.014056224899598393
0 0.92 0.5180722891566265 0.015333333333333332 0.040160642570281124
0 0.6173333333333333 0.3453815261044177 0.0033333333333333335 0.012048192771084338
0 0.6113333333333333 0.36947791164658633 0.0033333333333333335 0.012048192771084338
0 0.13 0.4759036144578313 0.006 0.020080321285140562
0 0.846 0.3253012048192771 0.005333333333333333 0.01606425702811245
0 0.4053333333333333 0.43775100401606426 0.005333333333333333 0.020080321285140562
0 0.732 0.3815261044176707 0.004666666666666667 0.014056224899598393
0 0.11333333333333333 0.5502008032128514 0.013333333333333334 0.05220883534136546
0 0.752 0.39357429718875503 0.004666666666666667 0.014056224899598393
0 0.54 0.41566265060240964 0.004666666666666667 0.018072289156626505
0 0.922 0.3092369477911647 0.012666666666666666 0.03614457831325301
0 0.5166666666666667 0.4357429718875502 0.004666666666666667 0.018072289156626505
0 0.8306666666666667 0.3293172690763052 0.005333333333333333 0.01606425702811245
0 0.686 0.3815261044176707 0.004666666666666667 0.01606425702811245
0 0.7793333333333333 0.8955823293172691 0.04733333333333333 0.15261044176706828
0 0.7726666666666666 0.6485943775100401 0.023333333333333334 0.08032128514056225
0 0.7533333333333333 0.6184738955823293 0.014666666666666666 0.04819277108433735
0 0.944 0.2991967871485944 0.012666666666666666 0.03614457831325301
0 0.11066666666666666 0.4357429718875502 0.006 0.020080321285140562
0 0.586 0.37751004016064255 0.0033333333333333335 0.012048192771084338
0 0.6726666666666666 0.3714859437751004 0.004666666666666667 0.01606425702811245
0 0.8626666666666667 0.4959839357429719 0.015333333333333332 0.040160642570281124
0 0.508 0.3815261044176707 0.004666666666666667 0.018072289156626505
0 0.354 0.42369477911646586 0.0033333333333333335 0.010040160642570281
0 0.25533333333333336 0.41566265060240964 0.0033333333333333335 0.010040160642570281
0 0.6333333333333333 0.37751004016064255 0.0033333333333333335 0.012048192771084338
0 0.5353333333333333 0.42168674698795183 0.004666666666666667 0.018072289156626505
0 0.212 0.41767068273092367 0.0033333333333333335 0.010040160642570281
0 0.324 0.41767068273092367 0.0033333333333333335 0.010040160642570281
0 0.704 0.3453815261044177 0.004666666666666667 0.014056224899598393
0 0.06733333333333333 0.3674698795180723 0.006 0.020080321285140562
0 0.37266666666666665 0.41967871485943775 0.005333333333333333 0.020080321285140562
0 0.12 0.41767068273092367 0.006 0.020080321285140562
0 0.12533333333333332 0.43373493975903615 0.006 0.020080321285140562
0 0.3433333333333333 0.3815261044176707 0.0033333333333333335 0.010040160642570281
0 0.848 0.39558232931726905 0.015333333333333332 0.040160642570281124
0 0.8746666666666667 0.39759036144578314 0.015333333333333332 0.040160642570281124
0 0.7646666666666667 0.36947791164658633 0.004666666666666667 0.014056224899598393
0 0.03666666666666667 0.3674698795180723 0.006 0.020080321285140562
0 0.12466666666666666 0.44779116465863456 0.006 0.020080321285140562
0 0.7906666666666666 0.5040160642570282 0.015333333333333332 0.040160642570281124
0 0.9046666666666666 0.3795180722891566 0.015333333333333332 0.040160642570281124
0 0.3313333333333333 0.3895582329317269 0.0033333333333333335 0.010040160642570281
0 0.10466666666666667 0.6024096385542169 0.013333333333333334 0.05220883534136546
0 0.492 0.39357429718875503 0.004666666666666667 0.018072289156626505
0 0.25733333333333336 0.5582329317269076 0.016 0.05622489959839357
0 0.214 0.40160642570281124 0.0033333333333333335 0.010040160642570281
0 0.24866666666666667 0.42168674698795183 0.0033333333333333335 0.010040160642570281
0 0.23066666666666666 0.41767068273092367 0.0033333333333333335 0.010040160642570281
0 0.59 0.3353413654618474 0.0033333333333333335 0.012048192771084338
0 0.3586666666666667 0.41967871485943775 0.0033333333333333335 0.010040160642570281
0 0.24533333333333332 0.3815261044176707 0.0033333333333333335 0.010040160642570281
0 0.416 0.44176706827309237 0.005333333333333333 0.020080321285140562
0 0.7486666666666667 0.5441767068273092 0.014666666666666666 0.04819277108433735
0 0.7806666666666666 0.5582329317269076 0.014666666666666666 0.04819277108433735
0 0.08866666666666667 0.43373493975903615 0.006 0.020080321285140562
0 0.416 0.41365461847389556 0.005333333333333333 0.020080321285140562
0 0.5033333333333333 0.39558232931726905 0.004666666666666667 0.018072289156626505
0 0.862 0.3313253012048193 0.005333333333333333 0.01606425702811245
0 0.148 0.5160642570281124 0.006 0.020080321285140562
0 0.7526666666666667 0.3714859437751004 0.004666666666666667 0.014056224899598393
0 0.7386666666666667 0.36947791164658633 0.004666666666666667 0.014056224899598393
0 0.8386666666666667 0.39759036144578314 0.015333333333333332 0.040160642570281124
0 0.7273333333333334 0.3634538152610442 0.004666666666666667 0.014056224899598393
0 0.6886666666666666 0.36947791164658633 0.004666666666666667 0.01606425702811245
0 0.18066666666666667 0.5562248995983936 0.013333333333333334 0.05220883534136546
0 0.5133333333333333 0.7670682730923695 0.02266666666666667 0.09036144578313253
0 0.8133333333333334 0.3253012048192771 0.005333333333333333 0.01606425702811245
0 0.6713333333333333 0.714859437751004 0.023333333333333334 0.08032128514056225
0 0.09733333333333333 0.4538152610441767 0.006 0.020080321285140562
0 0.554 0.38353413654618473 0.0033333333333333335 0.012048192771084338
0 0.202 0.41967871485943775 0.0033333333333333335 0.010040160642570281
0 0.44 0.41767068273092367 0.005333333333333333 0.020080321285140562
0 0.8273333333333334 0.45582329317269077 0.015333333333333332 0.040160642570281124
0 0.39866666666666667 0.3895582329317269 0.005333333333333333 0.020080321285140562
0 0.19333333333333333 0.4819277108433735 0.0033333333333333335 0.010040160642570281
0 0.27466666666666667 0.42168674698795183 0.0033333333333333335 0.010040160642570281
0 0.434 0.43373493975903615 0.005333333333333333 0.020080321285140562
0 0.41 0.6626506024096386 0.016 0.05622489959839357
0 0.5226666666666666 0.3634538152610442 0.004666666666666667 0.018072289156626505
0 0.025333333333333333 0.3614457831325301 0.006 0.020080321285140562
0 0.508 0.43373493975903615 0.004666666666666667 0.018072289156626505
0 0.20466666666666666 0.5060240963855421 0.006 0.020080321285140562
0 0.09733333333333333 0.5220883534136547 0.006 0.020080321285140562
0 0.48133333333333334 0.40763052208835343 0.004666666666666667 0.018072289156626505
