0 0.16633663366336635 0.27586206896551724 0.013861386138613862 0.06465517241379311
0 0.4099009900990099 0.15517241379310345 0.013861386138613862 0.06465517241379311
0 0.19900990099009902 0.09051724137931035 0.009900990099009901 0.05172413793103448
0 0.401980198019802 0.2672413793103448 0.013861386138613862 0.06465517241379311
0 0.9851485148514851 0.08189655172413793 0.009900990099009901 0.05172413793103448
0 0.8297029702970297 0.09913793103448276 0.009900990099009901 0.05172413793103448
0 0.807920792079208 0.021551724137931036 0.009900990099009901 0.05172413793103448
0 0.901980198019802 0.3577586206896552 0.019801980198019802 0.09482758620689655
0 0.9396039603960396 0.44396551724137934 0.019801980198019802 0.09482758620689655
0 0.6871287128712872 0.01293103448275862 0.009900990099009901 0.05172413793103448
0 0.21782178217821782 0.3448275862068966 0.019801980198019802 0.09482758620689655
0 0.4376237623762376 0.09913793103448276 0.009900990099009901 0.05172413793103448
0 0.7891089108910891 0.01293103448275862 0.009900990099009901 0.05172413793103448
0 0.26534653465346536 0.05172413793103448 0.009900990099009901 0.05172413793103448
0 0.046534653465346534 0.09913793103448276 0.009900990099009901 0.05172413793103448
0 0.8148514851485148 0.01293103448275862 0.009900990099009901 0.05172413793103448
0 0.7386138613861386 0.034482758620689655 0.009900990099009901 0.05172413793103448
0 0.8425742574257425 0.09482758620689655 0.009900990099009901 0.05172413793103448
0 0.09504950495049505 0.1206896551724138 0.013861386138613862 0.06465517241379311
0 0.9168316831683169 0.1896551724137931 0.013861386138613862 0.06465517241379311
0 0.43267326732673267 0.20689655172413793 0.013861386138613862 0.06465517241379311
0 0.8 0.04310344827586207 0.009900990099009901 0.05172413793103448
0 0.996039603960396 0.20689655172413793 0.01287128712871287 0.0603448275862069
0 0.13960396039603962 0.853448275862069 0.032673267326732675 0.16379310344827586
0 0.12277227722772277 0.07758620689655173 0.009900990099009901 0.05172413793103448
0 0.5643564356435643 0.3103448275862069 0.019801980198019802 0.09482758620689655
0 0.8118811881188119 0.1336206896551724 0.013861386138613862 0.06465517241379311
0 0.8722772277227723 0.09051724137931035 0.009900990099009901 0.05172413793103448
0 0.13267326732673268 0.15948275862068967 0.013861386138613862 0.06465517241379311
0 0.9128712871287129 0.05603448275862069 0.009900990099009901 0.05172413793103448
0 0.21584158415841584 0.9310344827586207 0.032673267326732675 0.16379310344827586
0 0.9 0.2543103448275862 0.013861386138613862 0.06465517241379311
0 0.9158415841584159 0.03017241379310345 0.009900990099009901 0.05172413793103448
0 0.5405940594059406 0.11206896551724138 0.013861386138613862 0.06465517241379311
0 0.061386138613861385 0.125 0.013861386138613862 0.06465517241379311
0 0.7732673267326733 0.008620689655172414 0.009900990099009901 0.05172413793103448
0 0.3079207920792079 0.05172413793103448 0.009900990099009901 0.05172413793103448
0 0.3831683168316832 0.05172413793103448 0.009900990099009901 0.05172413793103448
0 0.7415841584158416 0.15948275862068967 0.013861386138613862 0.06465517241379311
0 0.8554455445544554 0.008620689655172414 0.009900990099009901 0.05172413793103448
0 0.29504950495049503 0.1724137931034483 0.013861386138613862 0.06465517241379311
0 0.9485148514851485 0.23706896551724138 0.013861386138613862 0.06465517241379311
0 0.8514851485148515 0.24568965517241378 0.013861386138613862 0.06465517241379311
0 0.2742574257425743 0.4525862068965517 0.019801980198019802 0.09482758620689655
0 0.8673267326732673 0.02586206896551724 0.009900990099009901 0.05172413793103448
0 0.7554455445544555 0.1206896551724138 0.013861386138613862 0.06465517241379311
0 0.7178217821782178 0.36637931034482757 0.019801980198019802 0.09482758620689655
0 0.6227722772277228 0.01293103448275862 0.009900990099009901 0.05172413793103448
0 0.4495049504950495 0.2974137931034483 0.019801980198019802 0.09482758620689655
0 0.8465346534653465 0.17672413793103448 0.013861386138613862 0.06465517241379311
0 0.24257425742574257 0.5431034482758621 0.019801980198019802 0.09482758620689655
0 0.1782178217821782 0.04741379310344827 0.009900990099009901 0.05172413793103448
0 0.7613861386138614 0.6681034482758621 0.032673267326732675 0.16379310344827586
0 0.3683168316831683 0.28448275862068967 0.013861386138613862 0.06465517241379311
0 0.3603960396039604 0.1853448275862069 0.013861386138613862 0.06465517241379311
0 0.6227722772277228 0.36637931034482757 0.019801980198019802 0.09482758620689655
0 0.3584158415841584 0.625 0.024752475247524754 0.1206896551724138
0 0.8267326732673267 0.017241379310344827 0.009900990099009901 0.05172413793103448
0 0.8217821782178217 0.08620689655172414 0.009900990099009901 0.05172413793103448
0 0.7871287128712872 0.38362068965517243 0.019801980198019802 0.09482758620689655
0 0.5871287128712871 0.41379310344827586 0.019801980198019802 0.09482758620689655
0 0.19603960396039605 0.28879310344827586 0.01485148514851485 0.06896551724137931
0 0.7673267326732673 0.978448275862069 0.02574257425742574 0.12931034482758622
0 0.9643564356435643 0.008620689655172414 0.009900990099009901 0.05172413793103448
0 0.44554455445544555 0.008620689655172414 0.009900990099009901 0.05172413793103448
0 0.7168316831683168 0.021551724137931036 0.009900990099009901 0.05172413793103448
0 0.27524752475247527 0.6336206896551724 0.032673267326732675 0.16379310344827586
0 0.693069306930693 0.125 0.013861386138613862 0.06465517241379311
0 0.05643564356435644 0.13793103448275862 0.013861386138613862 0.06465517241379311
0 0.9514851485148514 0.15517241379310345 0.013861386138613862 0.06465517241379311
0 0.32475247524752476 0.08620689655172414 0.009900990099009901 0.05172413793103448
0 0.5277227722772277 0.16379310344827586 0.013861386138613862 0.06465517241379311
0 0.8693069306930693 0.4396551724137931 0.019801980198019802 0.09482758620689655
0 0.11089108910891089 0.1206896551724138 0.013861386138613862 0.06465517241379311
0 0.2386138613861386 0.3793103448275862 0.019801980198019802 0.09482758620689655
0 0.8 0.15948275862068967 0.013861386138613862 0.06465517241379311
0 0.8564356435643564 0.06465517241379311 0.009900990099009901 0.05172413793103448
0 0.46732673267326735 0.1853448275862069 0.013861386138613862 0.06465517241379311
0 0.3435643564356436 0.1853448275862069 0.013861386138613862 0.06465517241379311
0 0.8217821782178217 0.034482758620689655 0.009900990099009901 0.05172413793103448
0 0.10792079207920792 0.5 0.019801980198019802 0.09482758620689655
0 0.6168316831683168 0.24568965517241378 0.013861386138613862 0.06465517241379311
0 0.7059405940594059 0.5387931034482759 0.019801980198019802 0.09482758620689655
0 0.3089108910891089 0.7543103448275862 0.032673267326732675 0.16379310344827586
0 0.4693069306930693 0.33620689655172414 0.019801980198019802 0.09482758620689655
0 0.9237623762376238 0.3879310344827586 0.019801980198019802 0.09482758620689655
0 0.39900990099009903 0.11637931034482758 0.013861386138613862 0.06465517241379311
0 0.6306930693069307 0.09051724137931035 0.009900990099009901 0.05172413793103448
0 0.40594059405940597 0.20689655172413793 0.013861386138613862 0.06465517241379311
0 0.9118811881188119 0.4224137931034483 0.019801980198019802 0.09482758620689655
0 0.22277227722772278 0.08620689655172414 0.009900990099009901 0.05172413793103448
0 0.013861386138613862 0.07327586206896551 0.01287128712871287 0.0603448275862069
0 0.7544554455445545 0.05172413793103448 0.009900990099009901 0.05172413793103448
0 0.041584158415841586 0.1724137931034483 0.013861386138613862 0.06465517241379311
0 0.6316831683168317 0.01293103448275862 0.009900990099009901 0.05172413793103448
0 0.16534653465346535 0.125 0.013861386138613862 0.06465517241379311
0 0.5851485148514851 0.9870689655172413 0.02277227722772277 0.11206896551724138
0 0.35247524752475246 0.3103448275862069 0.019801980198019802 0.09482758620689655
0 0.33663366336633666 0.4353448275862069 0.019801980198019802 0.09482758620689655
0 0.12277227722772277 0.14224137931034483 0.013861386138613862 0.06465517241379311
0 0.49306930693069306 0.10775862068965517 0.013861386138613862 0.06465517241379311
0 0.808910891089109 0.07758620689655173 0.009900990099009901 0.05172413793103448
0 0.7564356435643564 0.1810344827586207 0.013861386138613862 0.06465517241379311
0 0.04257425742574258 0.46551724137931033 0.019801980198019802 0.09482758620689655
0 0.02574257425742574 0.2629310344827586 0.013861386138613862 0.06465517241379311
0 0.16336633663366337 0.16810344827586207 0.013861386138613862 0.06465517241379311
0 0.17227722772277226 0.14655172413793102 0.013861386138613862 0.06465517241379311
0 0.9356435643564357 0.03879310344827586 0.009900990099009901 0.05172413793103448
0 0.23465346534653464 0.09051724137931035 0.009900990099009901 0.05172413793103448
0 0.10891089108910891 0.33620689655172414 0.019801980198019802 0.09482758620689655
0 0.4287128712871287 0.13793103448275862 0.013861386138613862 0.06465517241379311
0 0.41386138613861384 0.2974137931034483 0.019801980198019802 0.09482758620689655
0 0.10891089108910891 0.3706896551724138 0.019801980198019802 0.09482758620689655
0 0.4079207920792079 0.33189655172413796 0.019801980198019802 0.09482758620689655
0 0.3237623762376238 0.5905172413793104 0.02574257425742574 0.12931034482758622
0 0.9782178217821782 0.11206896551724138 0.013861386138613862 0.06465517241379311
0 0.6633663366336634 0.1206896551724138 0.013861386138613862 0.06465517241379311
0 0.9722772277227723 0.1939655172413793 0.013861386138613862 0.06465517241379311
0 0.8445544554455445 0.021551724137931036 0.009900990099009901 0.05172413793103448
0 0.802970297029703 0.07327586206896551 0.009900990099009901 0.05172413793103448
0 0.9207920792079208 0.22844827586206898 0.013861386138613862 0.06465517241379311
0 0.799009900990099 0.008620689655172414 0.009900990099009901 0.05172413793103448
0 0.9633663366336633 0.14224137931034483 0.013861386138613862 0.06465517241379311
0 0.7574257425742574 0.008620689655172414 0.009900990099009901 0.05172413793103448
0 0.24554455445544554 0.16810344827586207 0.013861386138613862 0.06465517241379311
0 0.9544554455445544 0.02586206896551724 0.009900990099009901 0.05172413793103448
0 0.800990099009901 0.2974137931034483 0.019801980198019802 0.09482758620689655
0 0.9386138613861386 0.1206896551724138 0.013861386138613862 0.06465517241379311
0 0.9257425742574258 0.14224137931034483 0.013861386138613862 0.06465517241379311
0 0.7326732673267327 0.0603448275862069 0.009900990099009901 0.05172413793103448
0 0.497029702970297 0.1810344827586207 0.013861386138613862 0.06465517241379311
0 0.36633663366336633 0.875 0.032673267326732675 0.16379310344827586
0 0.1900990099009901 0.4353448275862069 0.019801980198019802 0.09482758620689655
0 0.6089108910891089 0.004310344827586207 0.01089108910891089 0.05172413793103448
0 0.3188118811881188 0.15086206896551724 0.013861386138613862 0.06465517241379311
0 0.9267326732673268 0.05172413793103448 0.009900990099009901 0.05172413793103448
0 0.07722772277227723 0.33620689655172414 0.019801980198019802 0.09482758620689655
0 0.698019801980198 0.021551724137931036 0.009900990099009901 0.05172413793103448
0 0.21386138613861386 0.8318965517241379 0.032673267326732675 0.16379310344827586
0 0.7435643564356436 0.4396551724137931 0.019801980198019802 0.09482758620689655
0 0.7128712871287128 0.14655172413793102 0.013861386138613862 0.06465517241379311
0 0.023762376237623763 0.15086206896551724 0.013861386138613862 0.06465517241379311
0 0.5495049504950495 0.1724137931034483 0.013861386138613862 0.06465517241379311
0 0.8524752475247525 0.12931034482758622 0.013861386138613862 0.06465517241379311
0 0.9465346534653465 0.05172413793103448 0.009900990099009901 0.05172413793103448
0 0.6316831683168317 0.17672413793103448 0.013861386138613862 0.06465517241379311
0 0.2504950495049505 0.05603448275862069 0.009900990099009901 0.05172413793103448
0 0.13366336633663367 0.47413793103448276 0.019801980198019802 0.09482758620689655
0 0.803960396039604 0.10775862068965517 0.013861386138613862 0.06465517241379311
0 0.8801980198019802 0.08620689655172414 0.009900990099009901 0.05172413793103448
0 0.7613861386138614 0.14224137931034483 0.013861386138613862 0.06465517241379311
0 0.20495049504950494 0.10344827586206896 0.009900990099009901 0.05172413793103448
0 0.0891089108910891 0.5560344827586207 0.019801980198019802 0.09482758620689655
0 0.8653465346534653 0.1724137931034483 0.013861386138613862 0.06465517241379311
0 0.30594059405940593 0.2672413793103448 0.013861386138613862 0.06465517241379311
0 0.2861386138613861 0.10344827586206896 0.009900990099009901 0.05172413793103448
0 0.23366336633663368 0.1896551724137931 0.013861386138613862 0.06465517241379311
0 0.7237623762376237 0.05603448275862069 0.009900990099009901 0.05172413793103448
0 0.7881188118811882 0.07758620689655173 0.009900990099009901 0.05172413793103448
0 0.2584158415841584 0.1206896551724138 0.013861386138613862 0.06465517241379311
0 0.33564356435643566 0.07758620689655173 0.009900990099009901 0.05172413793103448
0 0.7029702970297029 0.7112068965517241 0.032673267326732675 0.16379310344827586
0 0.9623762376237623 0.06465517241379311 0.009900990099009901 0.05172413793103448
0 0.6257425742574257 0.05603448275862069 0.009900990099009901 0.05172413793103448
0 0.18316831683168316 0.125 0.013861386138613862 0.06465517241379311
0 0.7079207920792079 0.01293103448275862 0.009900990099009901 0.05172413793103448
0 0.5148514851485149 0.11206896551724138 0.013861386138613862 0.06465517241379311
0 0.8316831683168316 0.017241379310344827 0.009900990099009901 0.05172413793103448
0 0.9752475247524752 0.02586206896551724 0.009900990099009901 0.05172413793103448
0 0.7693069306930693 0.05603448275862069 0.009900990099009901 0.05172413793103448
0 0.49603960396039604 0.06896551724137931 0.009900990099009901 0.05172413793103448
0 0.15445544554455445 0.03879310344827586 0.009900990099009901 0.05172413793103448
0 0.4881188118811881 0.27586206896551724 0.013861386138613862 0.06465517241379311
0 0.6762376237623763 0.04741379310344827 0.009900990099009901 0.05172413793103448
0 0.055445544554455446 0.5387931034482759 0.019801980198019802 0.09482758620689655
0 0.15643564356435644 0.10344827586206896 0.009900990099009901 0.05172413793103448
0 0.4623762376237624 0.15948275862068967 0.013861386138613862 0.06465517241379311
0 0.9871287128712871 0.12931034482758622 0.011881188118811881 0.05603448275862069
0 0.14356435643564355 0.06465517241379311 0.009900990099009901 0.05172413793103448
0 0.5168316831683168 0.07758620689655173 0.009900990099009901 0.05172413793103448
0 0.6435643564356436 0.41379310344827586 0.019801980198019802 0.09482758620689655
0 0.5138613861386139 0.3922413793103448 0.019801980198019802 0.09482758620689655
0 0.8336633663366336 0.05603448275862069 0.009900990099009901 0.05172413793103448
0 0.6881188118811881 0.0603448275862069 0.009900990099009901 0.05172413793103448
0 0.8712871287128713 0.05172413793103448 0.009900990099009901 0.05172413793103448
0 0.08217821782178218 0.1853448275862069 0.013861386138613862 0.06465517241379311
0 0.7811881188118812 0.14224137931034483 0.013861386138613862 0.06465517241379311
0 0.41485148514851483 0.06465517241379311 0.009900990099009901 0.05172413793103448
0 0.9663366336633663 0.4482758620689655 0.019801980198019802 0.09482758620689655
0 0.8752475247524752 0.6336206896551724 0.032673267326732675 0.16379310344827586
0 0.46534653465346537 0.07758620689655173 0.009900990099009901 0.05172413793103448
0 0.031683168316831684 0.11637931034482758 0.013861386138613862 0.06465517241379311
0 0.2722772277227723 0.14224137931034483 0.013861386138613862 0.06465517241379311
0 0.5326732673267327 0.27586206896551724 0.013861386138613862 0.06465517241379311
0 0.6396039603960396 0.16379310344827586 0.013861386138613862 0.06465517241379311
0 0.9891089108910891 0.25862068965517243 0.01287128712871287 0.0603448275862069
