0 0.4075 0.43902439024390244 0.035 0.07879924953095685
0 0.82625 0.06378986866791744 0.02625 0.04878048780487805
0 0.2775 0.01125703564727955 0.02625 0.04878048780487805
0 0.21375 0.10318949343339587 0.02625 0.04878048780487805
0 0.56125 0.6810506566604128 0.035 0.07879924953095685
0 0.2325 0.0525328330206379 0.02625 0.04878048780487805
0 0.385 0.1951219512195122 0.02875 0.05628517823639775
0 0.6025 0.10131332082551595 0.02625 0.04878048780487805
0 0.3125 0.0525328330206379 0.02625 0.04878048780487805
0 0.78125 0.13696060037523453 0.02875 0.05628517823639775
0 0.92 0.04878048780487805 0.02625 0.04878048780487805
0 0.505 0.3977485928705441 0.035 0.07879924953095685
0 0.40375 0.27392120075046905 0.02875 0.05628517823639775
0 0.29125 0.5065666041275797 0.035 0.07879924953095685
0 0.1475 0.3151969981238274 0.02875 0.05628517823639775
0 0.36125 0.0375234521575985 0.02625 0.04878048780487805
0 0.51125 0.0450281425891182 0.02625 0.04878048780487805
0 0.15875 0.24390243902439024 0.02875 0.05628517823639775
0 0.73125 0.21575984990619138 0.02875 0.05628517823639775
0 0.9875 0.21200750469043153 0.02875 0.05628517823639775
0 0.09125 0.14446529080675422 0.02875 0.05628517823639775
0 0.05625 0.49906191369606 0.03125 0.0675422138836773
0 0.80375 0.7429643527204502 0.04125 0.08630393996247655
0 0.83125 0.23639774859287055 0.02875 0.05628517823639775
0 0.12875 0.23827392120075047 0.02875 0.05628517823639775
0 0.595 0.5628517823639775 0.035 0.07879924953095685
0 0.72625 0.0975609756097561 0.02625 0.04878048780487805
0 0.43 0.47654784240150094 0.035 0.07879924953095685
0 0.79 0.4071294559099437 0.035 0.07879924953095685
0 0.55375 0.2795497185741088 0.02875 0.05628517823639775
0 0.0425 0.2776735459662289 0.02875 0.05628517823639775
0 0.68375 0.3058161350844278 0.02875 0.05628517823639775
0 0.32375 0.3883677298311445 0.035 0.07879924953095685
0 0.14625 0.1651031894934334 0.02875 0.05628517823639775
0 0.77125 0.28142589118198874 0.02875 0.05628517823639775
0 0.86375 0.9343339587242027 0.06125 0.11069418386491557
0 0.17125 0.024390243902439025 0.02625 0.04878048780487805
0 0.1275 0.5909943714821764 0.035 0.07879924953095685
0 0.265 0.4446529080675422 0.035 0.07879924953095685
0 0.4675 0.07129455909943715 0.02625 0.04878048780487805
0 0.87625 0.13133208255159476 0.02875 0.05628517823639775
0 0.7525 0.03564727954971857 0.02625 0.04878048780487805
0 0.0625 0.8442776735459663 0.06125 0.11069418386491557
0 0.175 0.5309568480300187 0.035 0.07879924953095685
0 0.81875 0.00375234521575985 0.02625 0.04878048780487805
0 0.18625 0.4596622889305816 0.035 0.07879924953095685
0 0.995 0.5703564727954972 0.035 0.07879924953095685
0 0.8225 0.09380863039399624 0.02625 0.04878048780487805
0 0.16625 0.300187617260788 0.02875 0.05628517823639775
0 0.29125 0.04878048780487805 0.02625 0.04878048780487805
0 0.9725 0.016885553470919325 0.0275 0.0525328330206379
0 0.04875 0.44840525328330205 0.03125 0.0675422138836773
0 0.5175 0.4821763602251407 0.035 0.07879924953095685
0 0.1925 0.0300187617260788 0.02625 0.04878048780487805
0 0.89375 0.5984990619136961 0.035 0.07879924953095685
0 0.06375 0.16135084427767354 0.02875 0.05628517823639775
0 0.45625 0.12382739212007504 0.02875 0.05628517823639775
0 0.08125 0.29080675422138835 0.02875 0.05628517823639775
0 0.80125 0.17636022514071295 0.02875 0.05628517823639775
0 0.56875 0.9868667917448405 0.06125 0.11069418386491557
0 0.63125 0.03564727954971857 0.02625 0.04878048780487805
0 0.82375 0.039399624765478425 0.02625 0.04878048780487805
0 0.405 0.5290806754221389 0.035 0.07879924953095685
0 0.945 0.03189493433395872 0.02625 0.04878048780487805
0 0.48625 0.350844277673546 0.02875 0.05628517823639775
0 0.69625 0.0375234521575985 0.02625 0.04878048780487805
0 0.3125 0.14446529080675422 0.02875 0.05628517823639775
0 0.01375 0.1651031894934334 0.02875 0.05628517823639775
0 0.54125 0.07129455909943715 0.02625 0.04878048780487805
0 0.32125 0.474671669793621 0.035 0.07879924953095685
0 0.14875 0.1200750469043152 0.02875 0.05628517823639775
0 0.69375 0.16135084427767354 0.02875 0.05628517823639775
0 0.895 0.0450281425891182 0.02625 0.04878048780487805
0 0.85375 0.4540337711069418 0.035 0.07879924953095685
0 0.20875 0.24577861163227016 0.02875 0.05628517823639775
0 0.7475 0.5422138836772983 0.035 0.07879924953095685
0 0.94625 0.4803001876172608 0.035 0.07879924953095685
0 0.03875 0.03189493433395872 0.0275 0.054409005628517824
0 0.445 0.06191369606003752 0.02625 0.04878048780487805
0 0.4725 0.5309568480300187 0.035 0.07879924953095685
0 0.54625 0.7504690431519699 0.06125 0.11069418386491557
0 0.00375 0.5234521575984991 0.03125 0.0675422138836773
