0 0.2587890625 0.3504531722054381 0.001953125 0.0015105740181268882
0 0.8916015625 0.3549848942598187 0.001953125 0.0015105740181268882
0 0.4931640625 0.5604229607250756 0.005859375 0.004531722054380665
0 0.041015625 0.6570996978851964 0.0068359375 0.012084592145015106
0 0.5322265625 0.5302114803625377 0.005859375 0.004531722054380665
0 0.7529296875 0.5120845921450151 0.005859375 0.004531722054380665
0 0.7529296875 0.5996978851963746 0.00390625 0.006042296072507553
0 0.7705078125 0.5211480362537765 0.005859375 0.004531722054380665
0 0.41015625 0.649546827794562 0.00390625 0.006042296072507553
0 0.12109375 0.4637462235649547 0.005859375 0.004531722054380665
0 0.9931640625 0.513595166163142 0.005859375 0.004531722054380665
0 0.0830078125 0.5317220543806647 0.005859375 0.004531722054380665
0 0.1044921875 0.5302114803625377 0.005859375 0.004531722054380665
0 0.203125 0.5438066465256798 0.005859375 0.004531722054380665
0 0.0322265625 0.48338368580060426 0.005859375 0.004531722054380665
0 0.0224609375 0.5181268882175226 0.005859375 0.004531722054380665
0 0.6083984375 0.5347432024169184 0.005859375 0.004531722054380665
0 0.025390625 0.5392749244712991 0.005859375 0.004531722054380665
0 0.7890625 0.4637462235649547 0.005859375 0.004531722054380665
0 0.3232421875 0.5966767371601208 0.00390625 0.006042296072507553
0 0.1552734375 0.6525679758308157 0.0068359375 0.012084592145015106
0 0.2421875 0.5664652567975831 0.005859375 0.004531722054380665
0 0.142578125 0.4788519637462236 0.005859375 0.004531722054380665
0 0.7119140625 0.5166163141993958 0.005859375 0.004531722054380665
0 0.392578125 0.48338368580060426 0.005859375 0.004531722054380665
0 0.5732421875 0.459214501510574 0.005859375 0.004531722054380665
0 0.3701171875 0.5921450151057401 0.00390625 0.006042296072507553
0 0.5302734375 0.554380664652568 0.005859375 0.004531722054380665
0 0.7548828125 0.4380664652567976 0.001953125 0.0015105740181268882
0 0.232421875 0.622356495468278 0.00390625 0.006042296072507553
0 0.3486328125 0.525679758308157 0.005859375 0.004531722054380665
0 0.0400390625 0.5347432024169184 0.005859375 0.004531722054380665
0 0.125 0.5694864048338368 0.005859375 0.004531722054380665
0 0.5302734375 0.4471299093655589 0.001953125 0.0015105740181268882
0 0.21484375 0.5362537764350453 0.005859375 0.004531722054380665
0 0.580078125 0.5996978851963746 0.00390625 0.006042296072507553
0 0.166015625 0.6148036253776435 0.00390625 0.006042296072507553
0 0.4541015625 0.6057401812688822 0.00390625 0.006042296072507553
0 0.650390625 0.552870090634441 0.005859375 0.004531722054380665
0 0.4384765625 0.5513595166163142 0.005859375 0.004531722054380665
0 0.265625 0.5604229607250756 0.005859375 0.004531722054380665
0 0.98046875 0.5936555891238671 0.00390625 0.006042296072507553
0 0.0869140625 0.4259818731117825 0.001953125 0.0015105740181268882
0 0.98828125 0.6102719033232629 0.00390625 0.006042296072507553
0 0.3779296875 0.47129909365558914 0.005859375 0.004531722054380665
0 0.6220703125 0.3595166163141994 0.001953125 0.0015105740181268882
0 0.115234375 0.3368580060422961 0.001953125 0.0015105740181268882
0 0.2333984375 0.5196374622356495 0.005859375 0.004531722054380665
0 0.6884765625 0.6283987915407855 0.00390625 0.006042296072507553
0 0.92578125 0.5075528700906344 0.005859375 0.004531722054380665
0 0.6904296875 0.5105740181268882 0.005859375 0.004531722054380665
0 0.4306640625 0.6148036253776435 0.00390625 0.006042296072507553
0 0.783203125 0.48338368580060426 0.005859375 0.004531722054380665
0 0.0830078125 0.5241691842900302 0.005859375 0.004531722054380665
0 0.109375 0.5105740181268882 0.005859375 0.004531722054380665
0 0.908203125 0.48942598187311176 0.005859375 0.004531722054380665
0 0.15234375 0.5045317220543807 0.005859375 0.004531722054380665
0 0.224609375 0.4259818731117825 0.001953125 0.0015105740181268882
0 0.78515625 0.5347432024169184 0.005859375 0.004531722054380665
0 0.5185546875 0.5498489425981873 0.005859375 0.004531722054380665
0 0.849609375 0.4697885196374622 0.005859375 0.004531722054380665
0 0.052734375 0.4501510574018127 0.001953125 0.0015105740181268882
0 0.87109375 0.3549848942598187 0.001953125 0.0015105740181268882
0 0.115234375 0.5740181268882175 0.005859375 0.004531722054380665
0 0.4638671875 0.4350453172205438 0.001953125 0.0015105740181268882
0 0.509765625 0.5785498489425982 0.005859375 0.004531722054380665
0 0.328125 0.5921450151057401 0.00390625 0.006042296072507553
0 0.5205078125 0.6178247734138973 0.00390625 0.006042296072507553
0 0.564453125 0.48036253776435045 0.005859375 0.004531722054380665
0 0.6015625 0.5966767371601208 0.00390625 0.006042296072507553
0 0.2265625 0.6586102719033232 0.0068359375 0.012084592145015106
0 0.31640625 0.5966767371601208 0.00390625 0.006042296072507553
0 0.32421875 0.4244712990936556 0.001953125 0.0015105740181268882
0 0.791015625 0.48942598187311176 0.005859375 0.004531722054380665
0 0.3095703125 0.34894259818731116 0.001953125 0.0015105740181268882
0 0.4951171875 0.5392749244712991 0.005859375 0.004531722054380665
0 0.0732421875 0.3731117824773414 0.001953125 0.0015105740181268882
0 0.7373046875 0.5317220543806647 0.005859375 0.004531722054380665
0 0.4228515625 0.7598187311178247 0.0166015625 0.03625377643504532
0 0.443359375 0.6283987915407855 0.00390625 0.006042296072507553
0 0.791015625 0.4984894259818731 0.005859375 0.004531722054380665
0 0.689453125 0.6163141993957704 0.00390625 0.006042296072507553
0 0.4072265625 0.47129909365558914 0.005859375 0.004531722054380665
0 0.435546875 0.5422960725075529 0.005859375 0.004531722054380665
0 0.6015625 0.5649546827794562 0.005859375 0.004531722054380665
0 0.1357421875 0.56797583081571 0.005859375 0.004531722054380665
0 0.20703125 0.48036253776435045 0.005859375 0.004531722054380665
0 0.6474609375 0.4501510574018127 0.001953125 0.0015105740181268882
0 0.6533203125 0.6540785498489426 0.0126953125 0.019637462235649546
0 0.1171875 0.4743202416918429 0.005859375 0.004531722054380665
0 0.79296875 0.47583081570996977 0.005859375 0.004531722054380665
0 0.9033203125 0.5226586102719033 0.005859375 0.004531722054380665
0 0.458984375 0.3640483383685801 0.001953125 0.0015105740181268882
0 0.72265625 0.4954682779456193 0.005859375 0.004531722054380665
0 0.4169921875 0.4471299093655589 0.001953125 0.0015105740181268882
0 0.423828125 0.3580060422960725 0.001953125 0.0015105740181268882
0 0.478515625 0.6102719033232629 0.00390625 0.006042296072507553
0 0.7509765625 0.5785498489425982 0.005859375 0.004531722054380665
0 0.57421875 0.6389728096676737 0.0146484375 0.03172205438066465
0 0.73828125 0.48036253776435045 0.005859375 0.004531722054380665
0 0.3056640625 0.552870090634441 0.005859375 0.004531722054380665
0 0.4853515625 0.5075528700906344 0.005859375 0.004531722054380665
0 0.294921875 0.4395770392749245 0.001953125 0.0015105740181268882
0 0.3896484375 0.42900302114803623 0.001953125 0.0015105740181268882
0 0.994140625 0.6042296072507553 0.00390625 0.006042296072507553
0 0.8974609375 0.5347432024169184 0.005859375 0.004531722054380665
0 0.5126953125 0.3972809667673716 0.001953125 0.0015105740181268882
0 0.9921875 0.5604229607250756 0.0048828125 0.004531722054380665
0 0.6396484375 0.5845921450151057 0.005859375 0.004531722054380665
0 0.958984375 0.6102719033232629 0.00390625 0.006042296072507553
0 0.8115234375 0.527190332326284 0.005859375 0.004531722054380665
0 0.1826171875 0.4561933534743202 0.001953125 0.0015105740181268882
0 0.0537109375 0.513595166163142 0.005859375 0.004531722054380665
0 0.7421875 0.4984894259818731 0.005859375 0.004531722054380665
0 0.4013671875 0.6555891238670695 0.00390625 0.006042296072507553
0 0.2890625 0.6027190332326284 0.00390625 0.006042296072507553
0 0.1884765625 0.42900302114803623 0.001953125 0.0015105740181268882
0 0.40625 0.5438066465256798 0.005859375 0.004531722054380665
0 0.369140625 0.6178247734138973 0.00390625 0.006042296072507553
0 0.4345703125 0.4350453172205438 0.001953125 0.0015105740181268882
0 0.75 0.3595166163141994 0.001953125 0.0015105740181268882
0 0.22265625 0.6283987915407855 0.00390625 0.006042296072507553
0 0.9267578125 0.3549848942598187 0.001953125 0.0015105740181268882
0 0.7685546875 0.5996978851963746 0.00390625 0.006042296072507553
0 0.423828125 0.6148036253776435 0.00390625 0.006042296072507553
0 0.013671875 0.6163141993957704 0.00390625 0.006042296072507553
0 0.62890625 0.6012084592145015 0.00390625 0.006042296072507553
0 0.9833984375 0.4773413897280967 0.005859375 0.004531722054380665
0 0.4501953125 0.45317220543806647 0.001953125 0.0015105740181268882
0 0.5498046875 0.4788519637462236 0.005859375 0.004531722054380665
0 0.33203125 0.44108761329305135 0.001953125 0.0015105740181268882
0 0.1982421875 0.34894259818731116 0.001953125 0.0015105740181268882
0 0.5146484375 0.4471299093655589 0.001953125 0.0015105740181268882
0 0.0986328125 0.46676737160120846 0.005859375 0.004531722054380665
0 0.1455078125 0.5725075528700906 0.005859375 0.004531722054380665
0 0.7783203125 0.6178247734138973 0.00390625 0.006042296072507553
0 0.470703125 0.3640483383685801 0.001953125 0.0015105740181268882
0 0.0439453125 0.6102719033232629 0.00390625 0.006042296072507553
0 0.8193359375 0.4984894259818731 0.005859375 0.004531722054380665
0 0.8408203125 0.4697885196374622 0.005859375 0.004531722054380665
0 0.400390625 0.42900302114803623 0.001953125 0.0015105740181268882
0 0.3779296875 0.5483383685800605 0.005859375 0.004531722054380665
0 0.763671875 0.5120845921450151 0.005859375 0.004531722054380665
0 0.5927734375 0.5876132930513596 0.00390625 0.006042296072507553
0 0.1572265625 0.486404833836858 0.005859375 0.004531722054380665
0 0.17578125 0.45468277945619334 0.001953125 0.0015105740181268882
0 0.5361328125 0.5453172205438066 0.005859375 0.004531722054380665
0 0.7021484375 0.6193353474320241 0.00390625 0.006042296072507553
0 0.19921875 0.5725075528700906 0.005859375 0.004531722054380665
0 0.55078125 0.5151057401812689 0.005859375 0.004531722054380665
0 0.634765625 0.5120845921450151 0.005859375 0.004531722054380665
0 0.7451171875 0.44410876132930516 0.001953125 0.0015105740181268882
0 0.21484375 0.4229607250755287 0.001953125 0.0015105740181268882
0 0.7431640625 0.6299093655589124 0.00390625 0.006042296072507553
0 0.64453125 0.5845921450151057 0.005859375 0.004531722054380665
0 0.7978515625 0.5785498489425982 0.005859375 0.004531722054380665
0 0.01171875 0.552870090634441 0.005859375 0.004531722054380665
0 0.3720703125 0.6042296072507553 0.00390625 0.006042296072507553
0 0.4287109375 0.36253776435045315 0.001953125 0.0015105740181268882
0 0.296875 0.5377643504531722 0.005859375 0.004531722054380665
0 0.3046875 0.4501510574018127 0.001953125 0.0015105740181268882
0 0.2646484375 0.540785498489426 0.005859375 0.004531722054380665
0 0.986328125 0.3549848942598187 0.001953125 0.0015105740181268882
0 0.0625 0.6525679758308157 0.0068359375 0.012084592145015106
0 0.564453125 0.5966767371601208 0.00390625 0.006042296072507553
0 0.939453125 0.3851963746223565 0.001953125 0.0015105740181268882
0 0.9326171875 0.4909365558912387 0.005859375 0.004531722054380665
0 0.390625 0.5574018126888217 0.005859375 0.004531722054380665
0 0.4990234375 0.4622356495468278 0.005859375 0.004531722054380665
0 0.7841796875 0.4425981873111782 0.001953125 0.0015105740181268882
0 0.6923828125 0.4471299093655589 0.001953125 0.0015105740181268882
0 0.5126953125 0.6253776435045317 0.00390625 0.006042296072507553
0 0.18359375 0.4788519637462236 0.005859375 0.004531722054380665
0 0.5947265625 0.540785498489426 0.005859375 0.004531722054380665
0 0.83203125 0.48489425981873113 0.005859375 0.004531722054380665
0 0.5234375 0.5120845921450151 0.005859375 0.004531722054380665
0 0.6005859375 0.5105740181268882 0.005859375 0.004531722054380665
0 0.6298828125 0.5498489425981873 0.005859375 0.004531722054380665
0 0.759765625 0.5241691842900302 0.005859375 0.004531722054380665
0 0.154296875 0.4788519637462236 0.005859375 0.004531722054380665
0 0.70703125 0.5725075528700906 0.005859375 0.004531722054380665
0 0.1259765625 0.5936555891238671 0.00390625 0.006042296072507553
0 0.0625 0.5740181268882175 0.005859375 0.004531722054380665
0 0.6416015625 0.6148036253776435 0.00390625 0.006042296072507553
0 0.037109375 0.5377643504531722 0.005859375 0.004531722054380665
0 0.3916015625 0.6102719033232629 0.00390625 0.006042296072507553
0 0.9697265625 0.5921450151057401 0.00390625 0.006042296072507553
0 0.06640625 0.5694864048338368 0.005859375 0.004531722054380665
0 0.9814453125 0.5392749244712991 0.005859375 0.004531722054380665
0 0.2958984375 0.5906344410876133 0.00390625 0.006042296072507553
0 0.759765625 0.5483383685800605 0.005859375 0.004531722054380665
0 0.318359375 0.4501510574018127 0.001953125 0.0015105740181268882
0 0.177734375 0.5664652567975831 0.005859375 0.004531722054380665
0 0.37890625 0.6102719033232629 0.00390625 0.006042296072507553
0 0.0341796875 0.6163141993957704 0.00390625 0.006042296072507553
0 0.5517578125 0.6042296072507553 0.00390625 0.006042296072507553
0 0.4228515625 0.5558912386706949 0.005859375 0.004531722054380665
0 0.7490234375 0.6117824773413897 0.00390625 0.006042296072507553
0 0.2998046875 0.5755287009063444 0.005859375 0.004531722054380665
0 0.9775390625 0.6087613293051359 0.00390625 0.006042296072507553
0 0.390625 0.47129909365558914 0.005859375 0.004531722054380665
0 0.6630859375 0.5830815709969789 0.005859375 0.004531722054380665
0 0.884765625 0.4561933534743202 0.001953125 0.0015105740181268882
0 0.388671875 0.5996978851963746 0.00390625 0.006042296072507553
0 0.4697265625 0.5302114803625377 0.005859375 0.004531722054380665
0 0.5146484375 0.37009063444108764 0.001953125 0.0015105740181268882
0 0.1181640625 0.5845921450151057 0.005859375 0.004531722054380665
0 0.443359375 0.4788519637462236 0.005859375 0.004531722054380665
0 0.7734375 0.5468277945619335 0.005859375 0.004531722054380665
0 0.6494140625 0.5166163141993958 0.005859375 0.004531722054380665
0 0.685546875 0.5604229607250756 0.005859375 0.004531722054380665
0 0.2890625 0.5090634441087614 0.005859375 0.004531722054380665
0 0.71875 0.4486404833836858 0.001953125 0.0015105740181268882
0 0.197265625 0.4622356495468278 0.005859375 0.004531722054380665
0 0.6552734375 0.5362537764350453 0.005859375 0.004531722054380665
0 0.9833984375 0.37915407854984895 0.001953125 0.0015105740181268882
0 0.69921875 0.5558912386706949 0.005859375 0.004531722054380665
0 0.04296875 0.5075528700906344 0.005859375 0.004531722054380665
0 0.5615234375 0.5589123867069486 0.005859375 0.004531722054380665
0 0.6044921875 0.581570996978852 0.005859375 0.004531722054380665
0 0.7900390625 0.5996978851963746 0.00390625 0.006042296072507553
0 0.4423828125 0.6737160120845922 0.01171875 0.028700906344410877
0 0.8046875 0.36706948640483383 0.001953125 0.0015105740181268882
0 0.66796875 0.5241691842900302 0.005859375 0.004531722054380665
0 0.6875 0.4501510574018127 0.001953125 0.0015105740181268882
0 0.328125 0.6132930513595166 0.00390625 0.006042296072507553
0 0.162109375 0.4637462235649547 0.005859375 0.004531722054380665
0 0.48046875 0.36555891238670696 0.001953125 0.0015105740181268882
0 0.1904296875 0.6072507552870091 0.00390625 0.006042296072507553
0 0.2861328125 0.5332326283987915 0.005859375 0.004531722054380665
0 0.7626953125 0.5891238670694864 0.00390625 0.006042296072507553
0 0.8642578125 0.648036253776435 0.0126953125 0.019637462235649546
0 0.740234375 0.6132930513595166 0.00390625 0.006042296072507553
0 0.412109375 0.44561933534743203 0.001953125 0.0015105740181268882
0 0.9208984375 0.5181268882175226 0.005859375 0.004531722054380665
0 0.4580078125 0.5604229607250756 0.005859375 0.004531722054380665
0 0.5966796875 0.46827794561933533 0.005859375 0.004531722054380665
0 0.6572265625 0.4743202416918429 0.005859375 0.004531722054380665
0 0.517578125 0.5241691842900302 0.005859375 0.004531722054380665
0 0.0439453125 0.43051359516616317 0.001953125 0.0015105740181268882
0 0.1259765625 0.3429003021148036 0.001953125 0.0015105740181268882
0 0.7294921875 0.5740181268882175 0.005859375 0.004531722054380665
0 0.693359375 0.540785498489426 0.005859375 0.004531722054380665
0 0.53515625 0.5211480362537765 0.005859375 0.004531722054380665
0 0.267578125 0.5800604229607251 0.005859375 0.004531722054380665
0 0.2939453125 0.4501510574018127 0.001953125 0.0015105740181268882
0 0.5400390625 0.5120845921450151 0.005859375 0.004531722054380665
0 0.6748046875 0.6525679758308157 0.0126953125 0.019637462235649546
0 0.7392578125 0.486404833836858 0.005859375 0.004531722054380665
0 0.251953125 0.6117824773413897 0.00390625 0.006042296072507553
0 0.04296875 0.5921450151057401 0.00390625 0.006042296072507553
0 0.9453125 0.5332326283987915 0.005859375 0.004531722054380665
0 0.716796875 0.47129909365558914 0.005859375 0.004531722054380665
0 0.154296875 0.540785498489426 0.005859375 0.004531722054380665
0 0.7373046875 0.37009063444108764 0.001953125 0.0015105740181268882
0 0.4873046875 0.3640483383685801 0.001953125 0.0015105740181268882
0 0.5947265625 0.5151057401812689 0.005859375 0.004531722054380665
0 0.0068359375 0.6238670694864048 0.00390625 0.006042296072507553
0 0.412109375 0.46827794561933533 0.005859375 0.004531722054380665
0 0.6279296875 0.5845921450151057 0.005859375 0.004531722054380665
0 0.2451171875 0.5845921450151057 0.005859375 0.004531722054380665
0 0.01171875 0.6419939577039275 0.0068359375 0.012084592145015106
0 0.505859375 0.5196374622356495 0.005859375 0.004531722054380665
0 0.537109375 0.6314199395770392 0.0146484375 0.03172205438066465
0 0.3984375 0.5015105740181269 0.005859375 0.004531722054380665
0 0.376953125 0.5725075528700906 0.005859375 0.004531722054380665
0 0.751953125 0.5498489425981873 0.005859375 0.004531722054380665
0 0.47265625 0.5649546827794562 0.005859375 0.004531722054380665
0 0.5078125 0.5498489425981873 0.005859375 0.004531722054380665
0 0.205078125 0.581570996978852 0.005859375 0.004531722054380665
0 0.212890625 0.5785498489425982 0.005859375 0.004531722054380665
0 0.61328125 0.3610271903323263 0.001953125 0.0015105740181268882
0 0.083984375 0.3459214501510574 0.001953125 0.0015105740181268882
0 0.0712890625 0.4652567975830816 0.005859375 0.004531722054380665
0 0.9267578125 0.49244712990936557 0.005859375 0.004531722054380665
0 0.3779296875 0.6253776435045317 0.00390625 0.006042296072507553
0 0.7548828125 0.622356495468278 0.00390625 0.006042296072507553
0 0.2119140625 0.4486404833836858 0.001953125 0.0015105740181268882
0 0.9462890625 0.513595166163142 0.005859375 0.004531722054380665
0 0.3984375 0.4561933534743202 0.001953125 0.0015105740181268882
0 0.908203125 0.5347432024169184 0.005859375 0.004531722054380665
0 0.1904296875 0.5090634441087614 0.005859375 0.004531722054380665
0 0.7099609375 0.6087613293051359 0.00390625 0.006042296072507553
0 0.1904296875 0.5422960725075529 0.005859375 0.004531722054380665
0 0.466796875 0.595166163141994 0.00390625 0.006042296072507553
0 0.7373046875 0.5725075528700906 0.005859375 0.004531722054380665
0 0.181640625 0.34894259818731116 0.001953125 0.0015105740181268882
0 0.234375 0.5332326283987915 0.005859375 0.004531722054380665
0 0.607421875 0.5105740181268882 0.005859375 0.004531722054380665
0 0.9921875 0.5785498489425982 0.00390625 0.004531722054380665
0 0.4189453125 0.5800604229607251 0.005859375 0.004531722054380665
0 0.48046875 0.6238670694864048 0.00390625 0.006042296072507553
0 0.263671875 0.43202416918429004 0.001953125 0.0015105740181268882
0 0.6982421875 0.4954682779456193 0.005859375 0.004531722054380665
0 0.65234375 0.4607250755287009 0.005859375 0.004531722054380665
0 0.9130859375 0.48942598187311176 0.005859375 0.004531722054380665
0 0.623046875 0.6072507552870091 0.00390625 0.006042296072507553
0 0.8837890625 0.5317220543806647 0.005859375 0.004531722054380665
0 0.1376953125 0.6102719033232629 0.00390625 0.006042296072507553
0 0.5859375 0.552870090634441 0.005859375 0.004531722054380665
0 0.1640625 0.5709969788519638 0.005859375 0.004531722054380665
0 0.578125 0.5347432024169184 0.005859375 0.004531722054380665
0 0.7861328125 0.3640483383685801 0.001953125 0.0015105740181268882
0 0.349609375 0.5120845921450151 0.005859375 0.004531722054380665
0 0.3427734375 0.44561933534743203 0.001953125 0.0015105740181268882
0 0.4921875 0.46676737160120846 0.005859375 0.004531722054380665
0 0.3212890625 0.4879154078549849 0.005859375 0.004531722054380665
0 0.94921875 0.3972809667673716 0.001953125 0.0015105740181268882
0 0.6328125 0.3580060422960725 0.001953125 0.0015105740181268882
0 0.1416015625 0.45468277945619334 0.001953125 0.0015105740181268882
0 0.2470703125 0.5453172205438066 0.005859375 0.004531722054380665
0 0.638671875 0.5649546827794562 0.005859375 0.004531722054380665
0 0.3662109375 0.5120845921450151 0.005859375 0.004531722054380665
0 0.583984375 0.5151057401812689 0.005859375 0.004531722054380665
0 0.3037109375 0.48338368580060426 0.005859375 0.004531722054380665
0 0.0712890625 0.4259818731117825 0.001953125 0.0015105740181268882
0 0.310546875 0.5725075528700906 0.005859375 0.004531722054380665
0 0.822265625 0.4622356495468278 0.005859375 0.004531722054380665
0 0.4169921875 0.48338368580060426 0.005859375 0.004531722054380665
0 0.767578125 0.47583081570996977 0.005859375 0.004531722054380665
0 0.2607421875 0.6525679758308157 0.00390625 0.006042296072507553
0 0.37890625 0.5725075528700906 0.005859375 0.004531722054380665
0 0.369140625 0.45317220543806647 0.001953125 0.0015105740181268882
0 0.4228515625 0.4516616314199396 0.001953125 0.0015105740181268882
0 0.8408203125 0.3685800604229607 0.001953125 0.0015105740181268882
0 0.0849609375 0.6555891238670695 0.0068359375 0.012084592145015106
0 0.26953125 0.46676737160120846 0.005859375 0.004531722054380665
0 0.5205078125 0.5740181268882175 0.005859375 0.004531722054380665
0 0.6982421875 0.47129909365558914 0.005859375 0.004531722054380665
0 0.73828125 0.5151057401812689 0.005859375 0.004531722054380665
0 0.328125 0.5392749244712991 0.005859375 0.004531722054380665
0 0.791015625 0.36555891238670696 0.001953125 0.0015105740181268882
0 0.1748046875 0.3504531722054381 0.001953125 0.0015105740181268882
0 0.0869140625 0.47129909365558914 0.005859375 0.004531722054380665
0 0.5087890625 0.6087613293051359 0.00390625 0.006042296072507553
0 0.4404296875 0.3685800604229607 0.001953125 0.0015105740181268882
0 0.427734375 0.5438066465256798 0.005859375 0.004531722054380665
0 0.142578125 0.5619335347432024 0.005859375 0.004531722054380665
0 0.1611328125 0.6087613293051359 0.00390625 0.006042296072507553
0 0.021484375 0.6631419939577039 0.0068359375 0.012084592145015106
0 0.6884765625 0.36706948640483383 0.001953125 0.0015105740181268882
0 0.603515625 0.527190332326284 0.005859375 0.004531722054380665
0 0.171875 0.5317220543806647 0.005859375 0.004531722054380665
0 0.744140625 0.525679758308157 0.005859375 0.004531722054380665
0 0.970703125 0.34441087613293053 0.001953125 0.0015105740181268882
0 0.373046875 0.5709969788519638 0.005859375 0.004531722054380665
0 0.255859375 0.4773413897280967 0.005859375 0.004531722054380665
0 0.0703125 0.3474320241691843 0.001953125 0.0015105740181268882
0 0.5791015625 0.4954682779456193 0.005859375 0.004531722054380665
0 0.255859375 0.6072507552870091 0.00390625 0.006042296072507553
0 0.7001953125 0.5770392749244713 0.005859375 0.004531722054380665
0 0.5732421875 0.46676737160120846 0.005859375 0.004531722054380665
0 0.44921875 0.4259818731117825 0.001953125 0.0015105740181268882
0 0.7138671875 0.37613293051359514 0.001953125 0.0015105740181268882
0 0.73046875 0.5891238670694864 0.00390625 0.006042296072507553
0 0.1083984375 0.649546827794562 0.0068359375 0.012084592145015106
0 0.3388671875 0.5649546827794562 0.005859375 0.004531722054380665
0 0.626953125 0.45770392749244715 0.005859375 0.004531722054380665
0 0.845703125 0.5105740181268882 0.005859375 0.004531722054380665
0 0.2861328125 0.6163141993957704 0.00390625 0.006042296072507553
0 0.5908203125 0.5604229607250756 0.005859375 0.004531722054380665
0 0.0087890625 0.513595166163142 0.005859375 0.004531722054380665
0 0.5068359375 0.5634441087613293 0.005859375 0.004531722054380665
0 0.416015625 0.5377643504531722 0.005859375 0.004531722054380665
0 0.4287109375 0.5996978851963746 0.00390625 0.006042296072507553
0 0.1982421875 0.525679758308157 0.005859375 0.004531722054380665
0 0.4033203125 0.5845921450151057 0.005859375 0.004531722054380665
0 0.4130859375 0.4229607250755287 0.001953125 0.0015105740181268882
0 0.51953125 0.3942598187311178 0.001953125 0.0015105740181268882
0 0.892578125 0.5151057401812689 0.005859375 0.004531722054380665
0 0.27734375 0.43051359516616317 0.001953125 0.0015105740181268882
0 0.318359375 0.5105740181268882 0.005859375 0.004531722054380665
0 0.099609375 0.338368580060423 0.001953125 0.0015105740181268882
0 0.548828125 0.3564954682779456 0.001953125 0.0015105740181268882
0 0.9306640625 0.5302114803625377 0.005859375 0.004531722054380665
0 0.234375 0.34894259818731116 0.001953125 0.0015105740181268882
0 0.537109375 0.5936555891238671 0.00390625 0.006042296072507553
0 0.7705078125 0.6646525679758308 0.0126953125 0.019637462235649546
0 0.67578125 0.5302114803625377 0.005859375 0.004531722054380665
0 0.052734375 0.5634441087613293 0.005859375 0.004531722054380665
0 0.455078125 0.5377643504531722 0.005859375 0.004531722054380665
0 0.76171875 0.4637462235649547 0.005859375 0.004531722054380665
0 0.2216796875 0.44561933534743203 0.001953125 0.0015105740181268882
0 0.0390625 0.34441087613293053 0.001953125 0.0015105740181268882
0 0.1552734375 0.43051359516616317 0.001953125 0.0015105740181268882
0 0.1328125 0.48942598187311176 0.005859375 0.004531722054380665
0 0.4990234375 0.4380664652567976 0.001953125 0.0015105740181268882
0 0.173828125 0.648036253776435 0.0068359375 0.012084592145015106
0 0.6806640625 0.3685800604229607 0.001953125 0.0015105740181268882
0 0.572265625 0.5558912386706949 0.005859375 0.004531722054380665
0 0.2294921875 0.486404833836858 0.005859375 0.004531722054380665
0 0.2109375 0.4350453172205438 0.001953125 0.0015105740181268882
0 0.9873046875 0.525679758308157 0.005859375 0.004531722054380665
0 0.107421875 0.5891238670694864 0.00390625 0.006042296072507553
0 0.5458984375 0.5604229607250756 0.005859375 0.004531722054380665
0 0.791015625 0.48338368580060426 0.005859375 0.004531722054380665
0 0.26171875 0.47129909365558914 0.005859375 0.004531722054380665
0 0.9931640625 0.48942598187311176 0.005859375 0.004531722054380665
0 0.33984375 0.4214501510574018 0.001953125 0.0015105740181268882
0 0.4541015625 0.4743202416918429 0.005859375 0.004531722054380665
0 0.1416015625 0.6555891238670695 0.0068359375 0.012084592145015106
0 0.2255859375 0.4697885196374622 0.005859375 0.004531722054380665
0 0.42578125 0.4229607250755287 0.001953125 0.0015105740181268882
0 0.6484375 0.49395770392749244 0.005859375 0.004531722054380665
0 0.1708984375 0.43202416918429004 0.001953125 0.0015105740181268882
0 0.6337890625 0.6268882175226587 0.0146484375 0.03172205438066465
0 0.40234375 0.5558912386706949 0.005859375 0.004531722054380665
0 0.46875 0.4773413897280967 0.005859375 0.004531722054380665
0 0.9462890625 0.35196374622356497 0.001953125 0.0015105740181268882
0 0.509765625 0.5921450151057401 0.00390625 0.006042296072507553
0 0.57421875 0.3716012084592145 0.001953125 0.0015105740181268882
0 0.5322265625 0.6087613293051359 0.00390625 0.006042296072507553
0 0.2099609375 0.56797583081571 0.005859375 0.004531722054380665
0 0.14453125 0.5453172205438066 0.005859375 0.004531722054380665
0 0.34375 0.46827794561933533 0.005859375 0.004531722054380665
0 0.744140625 0.5574018126888217 0.005859375 0.004531722054380665
0 0.1279296875 0.5453172205438066 0.005859375 0.004531722054380665
0 0.435546875 0.6057401812688822 0.00390625 0.006042296072507553
0 0.3818359375 0.6540785498489426 0.00390625 0.006042296072507553
0 0.3603515625 0.676737160120846 0.0234375 0.027190332326283987
0 0.3134765625 0.6057401812688822 0.00390625 0.006042296072507553
0 0.349609375 0.49395770392749244 0.005859375 0.004531722054380665
0 0.44921875 0.5060422960725075 0.005859375 0.004531722054380665
0 0.703125 0.36555891238670696 0.001953125 0.0015105740181268882
0 0.7041015625 0.5891238670694864 0.00390625 0.006042296072507553
0 0.27734375 0.5770392749244713 0.005859375 0.004531722054380665
0 0.2900390625 0.4652567975830816 0.005859375 0.004531722054380665
0 0.2548828125 0.4486404833836858 0.001953125 0.0015105740181268882
0 0.15625 0.4637462235649547 0.005859375 0.004531722054380665
0 0.1318359375 0.472809667673716 0.005859375 0.004531722054380665
0 0.4921875 0.5845921450151057 0.005859375 0.004531722054380665
0 0.02734375 0.5166163141993958 0.005859375 0.004531722054380665
0 0.9130859375 0.38821752265861026 0.001953125 0.0015105740181268882
0 0.6279296875 0.5604229607250756 0.005859375 0.004531722054380665
0 0.7841796875 0.5906344410876133 0.00390625 0.006042296072507553
0 0.4130859375 0.6087613293051359 0.00390625 0.006042296072507553
0 0.2607421875 0.5060422960725075 0.005859375 0.004531722054380665
0 0.955078125 0.5996978851963746 0.00390625 0.006042296072507553
0 0.244140625 0.459214501510574 0.005859375 0.004531722054380665
0 0.6640625 0.49697885196374625 0.005859375 0.004531722054380665
0 0.1396484375 0.4395770392749245 0.001953125 0.0015105740181268882
0 0.3828125 0.5981873111782477 0.00390625 0.006042296072507553
0 0.5205078125 0.36555891238670696 0.001953125 0.0015105740181268882
0 0.203125 0.5906344410876133 0.00390625 0.006042296072507553
0 0.615234375 0.5287009063444109 0.005859375 0.004531722054380665
0 0.6767578125 0.6102719033232629 0.00390625 0.006042296072507553
0 0.0185546875 0.6193353474320241 0.00390625 0.006042296072507553
0 0.6591796875 0.44108761329305135 0.001953125 0.0015105740181268882
0 0.552734375 0.5800604229607251 0.005859375 0.004531722054380665
0 0.1513671875 0.5664652567975831 0.005859375 0.004531722054380665
0 0.3408203125 0.6782477341389728 0.0234375 0.027190332326283987
0 0.4453125 0.4652567975830816 0.005859375 0.004531722054380665
0 0.484375 0.45770392749244715 0.005859375 0.004531722054380665
0 0.51953125 0.39274924471299094 0.001953125 0.0015105740181268882
0 0.78515625 0.6132930513595166 0.00390625 0.006042296072507553
0 0.48046875 0.5241691842900302 0.005859375 0.004531722054380665
0 0.16015625 0.4425981873111782 0.001953125 0.0015105740181268882
0 0.13671875 0.3474320241691843 0.001953125 0.0015105740181268882
0 0.806640625 0.459214501510574 0.005859375 0.004531722054380665
0 0.9794921875 0.3564954682779456 0.001953125 0.0015105740181268882
0 0.068359375 0.4501510574018127 0.001953125 0.0015105740181268882
0 0.6962890625 0.36706948640483383 0.001953125 0.0015105740181268882
0 0.1796875 0.5906344410876133 0.00390625 0.006042296072507553
0 0.5458984375 0.45317220543806647 0.001953125 0.0015105740181268882
0 0.0048828125 0.5996978851963746 0.00390625 0.0075528700906344415
0 0.6484375 0.5634441087613293 0.005859375 0.004531722054380665
0 0.9970703125 0.39274924471299094 0.001953125 0.0015105740181268882
0 0.96875 0.6072507552870091 0.00390625 0.006042296072507553
0 0.2548828125 0.5558912386706949 0.005859375 0.004531722054380665
0 0.443359375 0.5422960725075529 0.005859375 0.004531722054380665
0 0.29296875 0.5634441087613293 0.005859375 0.004531722054380665
0 0.9599609375 0.35196374622356497 0.001953125 0.0015105740181268882
0 0.5810546875 0.5785498489425982 0.005859375 0.004531722054380665
0 0.1728515625 0.5151057401812689 0.005859375 0.004531722054380665
0 0.24609375 0.43051359516616317 0.001953125 0.0015105740181268882
0 0.69921875 0.5166163141993958 0.005859375 0.004531722054380665
0 0.9853515625 0.49395770392749244 0.005859375 0.004531722054380665
0 0.921875 0.5362537764350453 0.005859375 0.004531722054380665
0 0.4111328125 0.5845921450151057 0.005859375 0.004531722054380665
0 0.9677734375 0.5287009063444109 0.005859375 0.004531722054380665
0 0.9697265625 0.37915407854984895 0.001953125 0.0015105740181268882
0 0.0185546875 0.5694864048338368 0.0048828125 0.004531722054380665
0 0.43359375 0.56797583081571 0.005859375 0.004531722054380665
0 0.3388671875 0.5075528700906344 0.005859375 0.004531722054380665
0 0.09375 0.4425981873111782 0.001953125 0.0015105740181268882
0 0.8896484375 0.527190332326284 0.005859375 0.004531722054380665
0 0.1572265625 0.34441087613293053 0.001953125 0.0015105740181268882
0 0.6171875 0.5574018126888217 0.005859375 0.004531722054380665
0 0.029296875 0.5574018126888217 0.005859375 0.004531722054380665
0 0.560546875 0.4425981873111782 0.001953125 0.0015105740181268882
0 0.91015625 0.38368580060422963 0.001953125 0.0015105740181268882
0 0.3525390625 0.4607250755287009 0.005859375 0.004531722054380665
0 0.365234375 0.4652567975830816 0.005859375 0.004531722054380665
0 0.5224609375 0.4471299093655589 0.001953125 0.0015105740181268882
0 0.48046875 0.5362537764350453 0.005859375 0.004531722054380665
0 0.80078125 0.5468277945619335 0.005859375 0.004531722054380665
0 0.068359375 0.4818731117824773 0.005859375 0.004531722054380665
0 0.115234375 0.5105740181268882 0.005859375 0.004531722054380665
0 0.9970703125 0.39123867069486407 0.001953125 0.0015105740181268882
0 0.0830078125 0.48489425981873113 0.005859375 0.004531722054380665
0 0.0634765625 0.37462235649546827 0.001953125 0.0015105740181268882
0 0.8720703125 0.4607250755287009 0.005859375 0.004531722054380665
0 0.09375 0.3504531722054381 0.001953125 0.0015105740181268882
0 0.271484375 0.6148036253776435 0.00390625 0.006042296072507553
0 0.5205078125 0.527190332326284 0.005859375 0.004531722054380665
0 0.78125 0.5709969788519638 0.005859375 0.004531722054380665
0 0.5859375 0.4486404833836858 0.001953125 0.0015105740181268882
0 0.673828125 0.5966767371601208 0.00390625 0.006042296072507553
0 0.8134765625 0.4607250755287009 0.005859375 0.004531722054380665
0 0.048828125 0.5453172205438066 0.005859375 0.004531722054380665
0 0.5703125 0.5785498489425982 0.005859375 0.004531722054380665
0 0.3173828125 0.6283987915407855 0.00390625 0.006042296072507553
0 0.5478515625 0.5377643504531722 0.005859375 0.004531722054380665
0 0.4482421875 0.5800604229607251 0.005859375 0.004531722054380665
0 0.6318359375 0.5302114803625377 0.005859375 0.004531722054380665
0 0.6962890625 0.39123867069486407 0.001953125 0.0015105740181268882
0 0.546875 0.45317220543806647 0.001953125 0.0015105740181268882
0 0.1572265625 0.6012084592145015 0.00390625 0.006042296072507553
0 0.2939453125 0.5861027190332326 0.00390625 0.006042296072507553
0 0.48828125 0.6238670694864048 0.00390625 0.006042296072507553
0 0.4951171875 0.5211480362537765 0.005859375 0.004531722054380665
0 0.2578125 0.5785498489425982 0.005859375 0.004531722054380665
0 0.1767578125 0.5468277945619335 0.005859375 0.004531722054380665
0 0.10546875 0.42749244712990936 0.001953125 0.0015105740181268882
0 0.150390625 0.33534743202416917 0.001953125 0.0015105740181268882
0 0.7734375 0.4425981873111782 0.001953125 0.0015105740181268882
0 0.482421875 0.5785498489425982 0.005859375 0.004531722054380665
0 0.232421875 0.44561933534743203 0.001953125 0.0015105740181268882
0 0.0205078125 0.4652567975830816 0.0029296875 0.0015105740181268882
0 0.5087890625 0.5317220543806647 0.005859375 0.004531722054380665
0 0.576171875 0.3595166163141994 0.001953125 0.0015105740181268882
0 0.935546875 0.35196374622356497 0.001953125 0.0015105740181268882
0 0.8974609375 0.5075528700906344 0.005859375 0.004531722054380665
0 0.1806640625 0.6102719033232629 0.00390625 0.006042296072507553
0 0.810546875 0.3685800604229607 0.001953125 0.0015105740181268882
0 0.3076171875 0.4335347432024169 0.001953125 0.0015105740181268882
0 0.4853515625 0.6117824773413897 0.00390625 0.006042296072507553
0 0.7236328125 0.5468277945619335 0.005859375 0.004531722054380665
0 0.908203125 0.5120845921450151 0.005859375 0.004531722054380665
0 0.3818359375 0.4350453172205438 0.001953125 0.0015105740181268882
0 0.974609375 0.3972809667673716 0.001953125 0.0015105740181268882
0 0.0283203125 0.4561933534743202 0.00390625 0.0030211480362537764
0 0.125 0.675226586102719 0.0126953125 0.0256797583081571
0 0.4091796875 0.56797583081571 0.005859375 0.004531722054380665
0 0.40234375 0.595166163141994 0.00390625 0.006042296072507553
0 0.7060546875 0.6676737160120846 0.0126953125 0.019637462235649546
0 0.7412109375 0.5876132930513596 0.00390625 0.006042296072507553
0 0.828125 0.620845921450151 0.00390625 0.006042296072507553
0 0.166015625 0.6525679758308157 0.0068359375 0.012084592145015106
0 0.1494140625 0.4652567975830816 0.005859375 0.004531722054380665
0 0.142578125 0.4425981873111782 0.001953125 0.0015105740181268882
0 0.3515625 0.4199395770392749 0.001953125 0.0015105740181268882
0 0.7109375 0.5498489425981873 0.005859375 0.004531722054380665
0 0.794921875 0.5166163141993958 0.005859375 0.004531722054380665
0 0.94921875 0.4909365558912387 0.005859375 0.004531722054380665
0 0.96484375 0.5694864048338368 0.005859375 0.004531722054380665
0 0.806640625 0.5196374622356495 0.005859375 0.004531722054380665
0 0.33203125 0.554380664652568 0.005859375 0.004531722054380665
0 0.740234375 0.43655589123867067 0.001953125 0.0015105740181268882
0 0.658203125 0.6132930513595166 0.00390625 0.006042296072507553
0 0.8076171875 0.5694864048338368 0.005859375 0.004531722054380665
0 0.6064453125 0.622356495468278 0.0126953125 0.027190332326283987
0 0.357421875 0.46676737160120846 0.005859375 0.004531722054380665
0 0.1298828125 0.45468277945619334 0.001953125 0.0015105740181268882
0 0.328125 0.5211480362537765 0.005859375 0.004531722054380665
0 0.0341796875 0.5740181268882175 0.005859375 0.004531722054380665
0 0.73046875 0.5513595166163142 0.005859375 0.004531722054380665
0 0.5712890625 0.5166163141993958 0.005859375 0.004531722054380665
0 0.0576171875 0.5287009063444109 0.005859375 0.004531722054380665
0 0.80859375 0.48489425981873113 0.005859375 0.004531722054380665
0 0.9013671875 0.4652567975830816 0.005859375 0.004531722054380665
0 0.673828125 0.3716012084592145 0.001953125 0.0015105740181268882
0 0.970703125 0.36706948640483383 0.001953125 0.0015105740181268882
0 0.462890625 0.5770392749244713 0.005859375 0.004531722054380665
0 0.7099609375 0.6329305135951662 0.00390625 0.006042296072507553
0 0.05859375 0.6042296072507553 0.00390625 0.006042296072507553
0 0.4208984375 0.4229607250755287 0.001953125 0.0015105740181268882
0 0.2041015625 0.6163141993957704 0.00390625 0.006042296072507553
0 0.4326171875 0.5438066465256798 0.005859375 0.004531722054380665
0 0.9736328125 0.5105740181268882 0.005859375 0.004531722054380665
0 0.771484375 0.5649546827794562 0.005859375 0.004531722054380665
0 0.7333984375 0.4501510574018127 0.001953125 0.0015105740181268882
0 0.68359375 0.5770392749244713 0.005859375 0.004531722054380665
0 0.62109375 0.48036253776435045 0.005859375 0.004531722054380665
0 0.4296875 0.36253776435045315 0.001953125 0.0015105740181268882
0 0.3876953125 0.5422960725075529 0.005859375 0.004531722054380665
0 0.638671875 0.5422960725075529 0.005859375 0.004531722054380665
0 0.2822265625 0.6163141993957704 0.00390625 0.006042296072507553
0 0.216796875 0.3474320241691843 0.001953125 0.0015105740181268882
0 0.1591796875 0.5498489425981873 0.005859375 0.004531722054380665
0 0.0283203125 0.3731117824773414 0.001953125 0.0015105740181268882
0 0.470703125 0.43051359516616317 0.001953125 0.0015105740181268882
0 0.978515625 0.5649546827794562 0.005859375 0.004531722054380665
0 0.73046875 0.5241691842900302 0.005859375 0.004531722054380665
0 0.3349609375 0.47129909365558914 0.005859375 0.004531722054380665
0 0.1240234375 0.43202416918429004 0.001953125 0.0015105740181268882
0 0.2763671875 0.5619335347432024 0.005859375 0.004531722054380665
0 0.318359375 0.47129909365558914 0.005859375 0.004531722054380665
0 0.7998046875 0.513595166163142 0.005859375 0.004531722054380665
0 0.8115234375 0.45468277945619334 0.001953125 0.0015105740181268882
0 0.080078125 0.44108761329305135 0.001953125 0.0015105740181268882
0 0.0146484375 0.6012084592145015 0.00390625 0.006042296072507553
0 0.32421875 0.48942598187311176 0.005859375 0.004531722054380665
0 0.4169921875 0.5181268882175226 0.005859375 0.004531722054380665
0 0.736328125 0.39274924471299094 0.001953125 0.0015105740181268882
0 0.5615234375 0.4788519637462236 0.005859375 0.004531722054380665
0 0.9892578125 0.540785498489426 0.005859375 0.004531722054380665
0 0.0966796875 0.5166163141993958 0.005859375 0.004531722054380665
0 0.7666015625 0.4984894259818731 0.005859375 0.004531722054380665
0 0.5595703125 0.595166163141994 0.00390625 0.006042296072507553
0 0.76171875 0.4380664652567976 0.001953125 0.0015105740181268882
0 0.421875 0.4652567975830816 0.005859375 0.004531722054380665
0 0.3740234375 0.3580060422960725 0.001953125 0.0015105740181268882
0 0.9384765625 0.622356495468278 0.00390625 0.006042296072507553
0 0.12890625 0.743202416918429 0.0126953125 0.0256797583081571
0 0.8359375 0.5105740181268882 0.005859375 0.004531722054380665
0 0.0419921875 0.4561933534743202 0.001953125 0.0015105740181268882
0 0.4765625 0.42749244712990936 0.001953125 0.0015105740181268882
0 0.7158203125 0.5891238670694864 0.00390625 0.006042296072507553
0 0.224609375 0.5861027190332326 0.00390625 0.006042296072507553
0 0.046875 0.4788519637462236 0.005859375 0.004531722054380665
0 0.4345703125 0.5800604229607251 0.005859375 0.004531722054380665
0 0.345703125 0.540785498489426 0.005859375 0.004531722054380665
0 0.6640625 0.36706948640483383 0.001953125 0.0015105740181268882
0 0.93359375 0.37462235649546827 0.001953125 0.0015105740181268882
0 0.4443359375 0.5649546827794562 0.005859375 0.004531722054380665
0 0.306640625 0.5120845921450151 0.005859375 0.004531722054380665
0 0.677734375 0.513595166163142 0.005859375 0.004531722054380665
0 0.2119140625 0.5181268882175226 0.005859375 0.004531722054380665
0 0.9267578125 0.3806646525679758 0.001953125 0.0015105740181268882
0 0.314453125 0.5483383685800605 0.005859375 0.004531722054380665
0 0.4306640625 0.48338368580060426 0.005859375 0.004531722054380665
0 0.5322265625 0.3716012084592145 0.001953125 0.0015105740181268882
0 0.1904296875 0.6344410876132931 0.00390625 0.006042296072507553
0 0.779296875 0.5181268882175226 0.005859375 0.004531722054380665
0 0.498046875 0.43202416918429004 0.001953125 0.0015105740181268882
0 0.8916015625 0.45317220543806647 0.001953125 0.0015105740181268882
0 0.8837890625 0.45770392749244715 0.005859375 0.004531722054380665
0 0.197265625 0.5438066465256798 0.005859375 0.004531722054380665
0 0.1650390625 0.3474320241691843 0.001953125 0.0015105740181268882
0 0.4345703125 0.4637462235649547 0.005859375 0.004531722054380665
0 0.3798828125 0.5181268882175226 0.005859375 0.004531722054380665
0 0.669921875 0.5483383685800605 0.005859375 0.004531722054380665
0 0.96484375 0.552870090634441 0.005859375 0.004531722054380665
0 0.0078125 0.6631419939577039 0.0068359375 0.012084592145015106
0 0.6142578125 0.5861027190332326 0.00390625 0.006042296072507553
0 0.9794921875 0.5151057401812689 0.005859375 0.004531722054380665
0 0.115234375 0.3504531722054381 0.001953125 0.0015105740181268882
0 0.4033203125 0.6268882175226587 0.00390625 0.006042296072507553
0 0.279296875 0.540785498489426 0.005859375 0.004531722054380665
0 0.8486328125 0.3685800604229607 0.001953125 0.0015105740181268882
0 0.228515625 0.5453172205438066 0.005859375 0.004531722054380665
0 0.6455078125 0.48338368580060426 0.005859375 0.004531722054380665
0 0.6943359375 0.6012084592145015 0.00390625 0.006042296072507553
0 0.93359375 0.3942598187311178 0.001953125 0.0015105740181268882
0 0.16015625 0.5755287009063444 0.005859375 0.004531722054380665
0 0.642578125 0.5302114803625377 0.005859375 0.004531722054380665
0 0.3115234375 0.5226586102719033 0.005859375 0.004531722054380665
0 0.7431640625 0.6570996978851964 0.0126953125 0.019637462235649546
0 0.1845703125 0.44108761329305135 0.001953125 0.0015105740181268882
0 0.16796875 0.5015105740181269 0.005859375 0.004531722054380665
0 0.5419921875 0.48036253776435045 0.005859375 0.004531722054380665
0 0.970703125 0.5453172205438066 0.005859375 0.004531722054380665
0 0.0107421875 0.5800604229607251 0.0048828125 0.004531722054380665
0 0.755859375 0.5392749244712991 0.005859375 0.004531722054380665
0 0.810546875 0.5558912386706949 0.005859375 0.004531722054380665
0 0.3447265625 0.4395770392749245 0.001953125 0.0015105740181268882
0 0.677734375 0.38972809667673713 0.001953125 0.0015105740181268882
0 0.9619140625 0.581570996978852 0.005859375 0.004531722054380665
0 0.3681640625 0.6268882175226587 0.00390625 0.006042296072507553
0 0.287109375 0.3429003021148036 0.001953125 0.0015105740181268882
0 0.060546875 0.4350453172205438 0.001953125 0.0015105740181268882
0 0.4150390625 0.554380664652568 0.005859375 0.004531722054380665
0 0.44921875 0.36555891238670696 0.001953125 0.0015105740181268882
0 0.228515625 0.4743202416918429 0.005859375 0.004531722054380665
0 0.3671875 0.36253776435045315 0.001953125 0.0015105740181268882
0 0.1162109375 0.595166163141994 0.00390625 0.006042296072507553
0 0.125 0.4395770392749245 0.001953125 0.0015105740181268882
0 0.2353515625 0.43202416918429004 0.001953125 0.0015105740181268882
0 0.228515625 0.5634441087613293 0.005859375 0.004531722054380665
0 0.357421875 0.5090634441087614 0.005859375 0.004531722054380665
0 0.6611328125 0.5120845921450151 0.005859375 0.004531722054380665
0 0.7236328125 0.5166163141993958 0.005859375 0.004531722054380665
0 0.955078125 0.527190332326284 0.005859375 0.004531722054380665
0 0.337890625 0.5800604229607251 0.005859375 0.004531722054380665
0 0.2802734375 0.5981873111782477 0.00390625 0.006042296072507553
0 0.9619140625 0.4909365558912387 0.005859375 0.004531722054380665
0 0.9697265625 0.6450151057401813 0.0126953125 0.019637462235649546
0 0.724609375 0.3987915407854985 0.001953125 0.0015105740181268882
0 0.0947265625 0.5921450151057401 0.00390625 0.006042296072507553
0 0.5087890625 0.5060422960725075 0.005859375 0.004531722054380665
0 0.4638671875 0.5317220543806647 0.005859375 0.004531722054380665
0 0.322265625 0.5740181268882175 0.005859375 0.004531722054380665
0 0.076171875 0.5634441087613293 0.005859375 0.004531722054380665
0 0.78515625 0.554380664652568 0.005859375 0.004531722054380665
0 0.296875 0.6193353474320241 0.00390625 0.006042296072507553
0 0.3828125 0.3564954682779456 0.001953125 0.0015105740181268882
0 0.3916015625 0.6299093655589124 0.00390625 0.006042296072507553
0 0.83203125 0.5287009063444109 0.005859375 0.004531722054380665
0 0.3037109375 0.6314199395770392 0.00390625 0.006042296072507553
0 0.7607421875 0.5709969788519638 0.005859375 0.004531722054380665
0 0.5615234375 0.5120845921450151 0.005859375 0.004531722054380665
0 0.630859375 0.4033232628398791 0.001953125 0.0015105740181268882
0 0.9345703125 0.6737160120845922 0.0126953125 0.019637462235649546
0 0.1494140625 0.3504531722054381 0.001953125 0.0015105740181268882
0 0.748046875 0.4380664652567976 0.001953125 0.0015105740181268882
0 0.279296875 0.525679758308157 0.005859375 0.004531722054380665
0 0.1494140625 0.4425981873111782 0.001953125 0.0015105740181268882
0 0.2080078125 0.6510574018126888 0.0068359375 0.012084592145015106
0 0.4765625 0.5921450151057401 0.00390625 0.006042296072507553
0 0.369140625 0.4380664652567976 0.001953125 0.0015105740181268882
0 0.9619140625 0.5090634441087614 0.005859375 0.004531722054380665
0 0.7744140625 0.5845921450151057 0.005859375 0.004531722054380665
0 0.7109375 0.4501510574018127 0.001953125 0.0015105740181268882
0 0.2744140625 0.4501510574018127 0.001953125 0.0015105740181268882
0 0.02734375 0.42749244712990936 0.0029296875 0.0015105740181268882
0 0.37890625 0.45770392749244715 0.005859375 0.004531722054380665
0 0.5205078125 0.5981873111782477 0.00390625 0.006042296072507553
0 0.4609375 0.5105740181268882 0.005859375 0.004531722054380665
0 0.6630859375 0.5619335347432024 0.005859375 0.004531722054380665
0 0.677734375 0.4984894259818731 0.005859375 0.004531722054380665
0 0.0810546875 0.5604229607250756 0.005859375 0.004531722054380665
0 0.7158203125 0.48489425981873113 0.005859375 0.004531722054380665
0 0.6220703125 0.5090634441087614 0.005859375 0.004531722054380665
0 0.7080078125 0.4954682779456193 0.005859375 0.004531722054380665
0 0.6640625 0.4607250755287009 0.005859375 0.004531722054380665
0 0.89453125 0.6540785498489426 0.0126953125 0.019637462235649546
0 0.337890625 0.34441087613293053 0.001953125 0.0015105740181268882
0 0.986328125 0.3957703927492447 0.001953125 0.0015105740181268882
0 0.0595703125 0.33987915407854985 0.001953125 0.0015105740181268882
0 0.39453125 0.5740181268882175 0.005859375 0.004531722054380665
0 0.05859375 0.4788519637462236 0.005859375 0.004531722054380665
0 0.5615234375 0.5347432024169184 0.005859375 0.004531722054380665
0 0.8193359375 0.5105740181268882 0.005859375 0.004531722054380665
0 0.0634765625 0.5151057401812689 0.005859375 0.004531722054380665
0 0.005859375 0.5498489425981873 0.005859375 0.004531722054380665
0 0.2724609375 0.4743202416918429 0.005859375 0.004531722054380665
0 0.462890625 0.6858006042296072 0.01171875 0.028700906344410877
0 0.5517578125 0.3716012084592145 0.001953125 0.0015105740181268882
0 0.83203125 0.6616314199395771 0.0126953125 0.019637462235649546
0 0.2021484375 0.4788519637462236 0.005859375 0.004531722054380665
0 0.9462890625 0.37613293051359514 0.001953125 0.0015105740181268882
0 0.2001953125 0.43655589123867067 0.001953125 0.0015105740181268882
0 0.8193359375 0.540785498489426 0.005859375 0.004531722054380665
0 0.4287109375 0.4516616314199396 0.001953125 0.0015105740181268882
0 0.1064453125 0.3504531722054381 0.001953125 0.0015105740181268882
0 0.474609375 0.36555891238670696 0.001953125 0.0015105740181268882
0 0.1015625 0.513595166163142 0.005859375 0.004531722054380665
0 0.5068359375 0.3640483383685801 0.001953125 0.0015105740181268882
0 0.912109375 0.527190332326284 0.005859375 0.004531722054380665
0 0.1669921875 0.48489425981873113 0.005859375 0.004531722054380665
0 0.498046875 0.36253776435045315 0.001953125 0.0015105740181268882
0 0.7080078125 0.5302114803625377 0.005859375 0.004531722054380665
0 0.65625 0.5891238670694864 0.00390625 0.006042296072507553
0 0.93359375 0.5120845921450151 0.005859375 0.004531722054380665
0 0.2490234375 0.5151057401812689 0.005859375 0.004531722054380665
0 0.2392578125 0.47129909365558914 0.005859375 0.004531722054380665
0 0.171875 0.47583081570996977 0.005859375 0.004531722054380665
0 0.2099609375 0.46827794561933533 0.005859375 0.004531722054380665
0 0.79296875 0.540785498489426 0.005859375 0.004531722054380665
0 0.7109375 0.3640483383685801 0.001953125 0.0015105740181268882
0 0.533203125 0.5634441087613293 0.005859375 0.004531722054380665
0 0.587890625 0.6178247734138973 0.0126953125 0.027190332326283987
0 0.9111328125 0.36253776435045315 0.001953125 0.0015105740181268882
0 0.416015625 0.622356495468278 0.00390625 0.006042296072507553
