0 0.7524509803921569 0.39950980392156865 0.008986928104575163 0.012254901960784314
0 0.8341503267973857 0.5882352941176471 0.011437908496732025 0.023284313725490197
0 0.6462418300653595 0.6090686274509803 0.04411764705882353 0.07107843137254902
0 0.6952614379084967 0.38848039215686275 0.008986928104575163 0.012254901960784314
0 0.8668300653594772 0.4117647058823529 0.00980392156862745 0.015931372549019607
0 0.5645424836601307 0.3700980392156863 0.008986928104575163 0.012254901960784314
0 0.6013071895424836 0.5281862745098039 0.011437908496732025 0.023284313725490197
0 0.6233660130718954 0.27205882352941174 0.005718954248366013 0.007352941176470588
0 0.45179738562091504 0.5318627450980392 0.011437908496732025 0.01838235294117647
0 0.5473856209150327 0.2610294117647059 0.005718954248366013 0.007352941176470588
0 0.5604575163398693 0.44362745098039214 0.00980392156862745 0.015931372549019607
0 0.3235294117647059 0.43137254901960786 0.016339869281045753 0.030637254901960783
0 0.6928104575163399 0.5147058823529411 0.011437908496732025 0.023284313725490197
0 0.7189542483660131 0.44485294117647056 0.00980392156862745 0.015931372549019607
0 0.7254901960784313 0.3860294117647059 0.008986928104575163 0.012254901960784314
0 0.7246732026143791 0.5772058823529411 0.011437908496732025 0.023284313725490197
0 0.5106209150326797 0.4411764705882353 0.011437908496732025 0.01838235294117647
0 0.8758169934640523 0.44730392156862747 0.00980392156862745 0.015931372549019607
0 0.5808823529411765 0.48161764705882354 0.00980392156862745 0.015931372549019607
0 0.4803921568627451 0.4166666666666667 0.011437908496732025 0.01838235294117647
0 0.6805555555555556 0.42401960784313725 0.00980392156862745 0.015931372549019607
0 0.43218954248366015 0.43504901960784315 0.011437908496732025 0.01838235294117647
0 0.7475490196078431 0.42034313725490197 0.00980392156862745 0.015931372549019607
0 0.7892156862745098 0.48651960784313725 0.00980392156862745 0.015931372549019607
0 0.6356209150326797 0.5465686274509803 0.011437908496732025 0.023284313725490197
0 0.7622549019607843 0.2769607843137255 0.005718954248366013 0.007352941176470588
0 0.5024509803921569 0.44485294117647056 0.011437908496732025 0.01838235294117647
0 0.16176470588235295 0.5477941176470589 0.03349673202614379 0.051470588235294115
0 0.7728758169934641 0.47181372549019607 0.00980392156862745 0.015931372549019607
0 0.6233660130718954 0.4424019607843137 0.00980392156862745 0.015931372549019607
0 0.5383986928104575 0.4534313725490196 0.028594771241830064 0.04534313725490196
0 0.7720588235294118 0.5772058823529411 0.011437908496732025 0.023284313725490197
0 0.7418300653594772 0.4963235294117647 0.011437908496732025 0.023284313725490197
0 0.7303921568627451 0.43137254901960786 0.00980392156862745 0.015931372549019607
0 0.6805555555555556 0.4963235294117647 0.011437908496732025 0.023284313725490197
0 0.7165032679738562 0.49264705882352944 0.011437908496732025 0.023284313725490197
0 0.8937908496732027 0.5318627450980392 0.011437908496732025 0.023284313725490197
0 0.6013071895424836 0.39828431372549017 0.008986928104575163 0.012254901960784314
0 0.2826797385620915 0.4534313725490196 0.016339869281045753 0.030637254901960783
0 0.6348039215686274 0.39338235294117646 0.008986928104575163 0.012254901960784314
0 0.559640522875817 0.375 0.008986928104575163 0.012254901960784314
0 0.6519607843137255 0.27205882352941174 0.005718954248366013 0.007352941176470588
0 0.6102941176470589 0.26838235294117646 0.005718954248366013 0.007352941176470588
0 0.6078431372549019 0.38480392156862747 0.008986928104575163 0.012254901960784314
0 0.5890522875816994 0.3786764705882353 0.008986928104575163 0.012254901960784314
0 0.6274509803921569 0.5122549019607843 0.011437908496732025 0.023284313725490197
0 0.6699346405228758 0.4411764705882353 0.00980392156862745 0.015931372549019607
0 0.5604575163398693 0.3860294117647059 0.008986928104575163 0.012254901960784314
0 0.6870915032679739 0.5502450980392157 0.011437908496732025 0.023284313725490197
0 0.5269607843137255 0.41544117647058826 0.00980392156862745 0.015931372549019607
0 0.8415032679738562 0.5245098039215687 0.011437908496732025 0.023284313725490197
0 0.7410130718954249 0.3872549019607843 0.008986928104575163 0.012254901960784314
0 0.5866013071895425 0.4644607843137255 0.00980392156862745 0.015931372549019607
0 0.5629084967320261 0.40931372549019607 0.00980392156862745 0.015931372549019607
0 0.7802287581699346 0.6029411764705882 0.011437908496732025 0.023284313725490197
0 0.7058823529411765 0.47549019607843135 0.00980392156862745 0.015931372549019607
0 0.7075163398692811 0.4522058823529412 0.00980392156862745 0.015931372549019607
0 0.494281045751634 0.4485294117647059 0.011437908496732025 0.01838235294117647
0 0.6437908496732027 0.4644607843137255 0.00980392156862745 0.015931372549019607
0 0.6037581699346405 0.45588235294117646 0.00980392156862745 0.015931372549019607
0 0.38235294117647056 0.47671568627450983 0.011437908496732025 0.01838235294117647
0 0.9330065359477124 0.5563725490196079 0.011437908496732025 0.023284313725490197
0 0.44199346405228757 0.4791666666666667 0.011437908496732025 0.01838235294117647
0 0.4795751633986928 0.5416666666666666 0.011437908496732025 0.01838235294117647
0 0.5972222222222222 0.4950980392156863 0.011437908496732025 0.023284313725490197
0 0.9468954248366013 0.6041666666666666 0.011437908496732025 0.023284313725490197
0 0.9117647058823529 0.5147058823529411 0.011437908496732025 0.023284313725490197
0 0.571078431372549 0.5294117647058824 0.011437908496732025 0.023284313725490197
0 0.701797385620915 0.3713235294117647 0.008986928104575163 0.012254901960784314
0 0.37254901960784315 0.49387254901960786 0.011437908496732025 0.01838235294117647
0 0.755718954248366 0.4644607843137255 0.00980392156862745 0.015931372549019607
0 0.7908496732026143 0.3737745098039216 0.008986928104575163 0.012254901960784314
0 0.6421568627450981 0.3762254901960784 0.008986928104575163 0.012254901960784314
0 0.619281045751634 0.42034313725490197 0.00980392156862745 0.015931372549019607
0 0.7173202614379085 0.2426470588235294 0.005718954248366013 0.007352941176470588
0 0.7197712418300654 0.3713235294117647 0.008986928104575163 0.012254901960784314
0 0.886437908496732 0.6519607843137255 0.011437908496732025 0.023284313725490197
0 0.6446078431372549 0.43137254901960786 0.00980392156862745 0.015931372549019607
0 0.5629084967320261 0.3602941176470588 0.008986928104575163 0.012254901960784314
0 0.5187908496732027 0.42892156862745096 0.014705882352941176 0.024509803921568627
0 0.744281045751634 0.5392156862745098 0.011437908496732025 0.023284313725490197
0 0.6225490196078431 0.3799019607843137 0.008986928104575163 0.012254901960784314
0 0.6854575163398693 0.39338235294117646 0.008986928104575163 0.012254901960784314
0 0.8047385620915033 0.5625 0.011437908496732025 0.023284313725490197
0 0.6870915032679739 0.46568627450980393 0.00980392156862745 0.015931372549019607
0 0.6633986928104575 0.4166666666666667 0.00980392156862745 0.015931372549019607
0 0.5490196078431373 0.3737745098039216 0.008986928104575163 0.012254901960784314
0 0.7712418300653595 0.5220588235294118 0.011437908496732025 0.023284313725490197
0 0.6650326797385621 0.5073529411764706 0.011437908496732025 0.023284313725490197
0 0.47549019607843135 0.48284313725490197 0.011437908496732025 0.01838235294117647
0 0.6266339869281046 0.4889705882352941 0.00980392156862745 0.015931372549019607
0 0.4673202614379085 0.46568627450980393 0.011437908496732025 0.01838235294117647
0 0.5089869281045751 0.49142156862745096 0.011437908496732025 0.01838235294117647
0 0.7344771241830066 0.4693627450980392 0.00980392156862745 0.015931372549019607
0 0.4125816993464052 0.4387254901960784 0.011437908496732025 0.01838235294117647
0 0.6053921568627451 0.4215686274509804 0.00980392156862745 0.015931372549019607
0 0.6560457516339869 0.39828431372549017 0.008986928104575163 0.012254901960784314
0 0.6356209150326797 0.26715686274509803 0.005718954248366013 0.007352941176470588
0 0.6503267973856209 0.4852941176470588 0.00980392156862745 0.015931372549019607
0 0.7418300653594772 0.39828431372549017 0.008986928104575163 0.012254901960784314
0 0.809640522875817 0.616421568627451 0.011437908496732025 0.023284313725490197
0 0.5923202614379085 0.45465686274509803 0.00980392156862745 0.015931372549019607
0 0.5008169934640523 0.5061274509803921 0.011437908496732025 0.01838235294117647
0 0.8978758169934641 0.4852941176470588 0.00980392156862745 0.015931372549019607
0 0.4673202614379085 0.43137254901960786 0.011437908496732025 0.01838235294117647
0 0.6478758169934641 0.44730392156862747 0.00980392156862745 0.015931372549019607
0 0.678921568627451 0.40808823529411764 0.00980392156862745 0.015931372549019607
0 0.40931372549019607 0.4791666666666667 0.011437908496732025 0.01838235294117647
0 0.7124183006535948 0.5588235294117647 0.011437908496732025 0.023284313725490197
0 0.7238562091503268 0.2536764705882353 0.005718954248366013 0.007352941176470588
0 0.8055555555555556 0.42034313725490197 0.00980392156862745 0.015931372549019607
0 0.826797385620915 0.5428921568627451 0.011437908496732025 0.023284313725490197
0 0.5898692810457516 0.4264705882352941 0.00980392156862745 0.015931372549019607
0 0.42401960784313725 0.43137254901960786 0.011437908496732025 0.01838235294117647
0 0.4550653594771242 0.42769607843137253 0.011437908496732025 0.01838235294117647
0 0.5506535947712419 0.40318627450980393 0.00980392156862745 0.015931372549019607
