0 0.7864583333333334 0.23125 0.0125 0.025
0 0.7791666666666667 0.259375 0.0125 0.025
0 0.26979166666666665 0.0984375 0.0125 0.025
0 0.7979166666666667 0.3921875 0.0125 0.025
0 0.6177083333333333 0.284375 0.0125 0.025
0 0.23541666666666666 0.475 0.0125 0.025
0 0.815625 0.8015625 0.025 0.0453125
0 0.6239583333333333 0.2578125 0.0125 0.025
0 0.6447916666666667 0.7484375 0.025 0.0453125
0 0.6645833333333333 0.6984375 0.025 0.0453125
0 0.453125 0.378125 0.0125 0.025
0 0.78125 0.7625 0.025 0.0453125
0 0.5833333333333334 0.753125 0.025 0.0453125
0 0.025 0.071875 0.0125 0.025
0 0.6697916666666667 0.9046875 0.025 0.0453125
0 0.5916666666666667 0.628125 0.025 0.0453125
0 0.5552083333333333 0.38125 0.0125 0.025
0 0.709375 0.16875 0.0125 0.025
0 0.23020833333333332 0.1125 0.0125 0.025
0 0.190625 0.978125 0.025 0.0453125
0 0.9541666666666667 0.63125 0.025 0.0453125
0 0.278125 0.2375 0.0125 0.025
0 0.15 0.6828125 0.025 0.0453125
0 0.715625 0.1171875 0.0125 0.025
0 0.8291666666666667 0.41875 0.0125 0.025
0 0.18229166666666666 0.05625 0.0125 0.025
0 0.4270833333333333 0.4703125 0.0125 0.025
0 0.934375 0.8375 0.025 0.0453125
0 0.43333333333333335 0.1234375 0.0125 0.025
0 0.590625 0.6109375 0.025 0.0453125
0 0.4166666666666667 0.45 0.0125 0.025
0 0.05520833333333333 0.125 0.0125 0.025
0 0.7395833333333334 0.96875 0.025 0.0453125
0 0.5947916666666667 0.6671875 0.025 0.0453125
0 0.9520833333333333 0.5953125 0.025 0.0453125
0 0.94375 0.2140625 0.0125 0.025
0 0.010416666666666666 0.0296875 0.0125 0.025
0 0.44583333333333336 0.6015625 0.025 0.0453125
0 0.03125 0.4 0.0125 0.025
0 0.06770833333333333 0.1046875 0.0125 0.025
0 0.07916666666666666 0.1578125 0.0125 0.025
0 0.0875 0.0265625 0.0125 0.025
0 0.46041666666666664 0.415625 0.0125 0.025
0 0.12291666666666666 0.3515625 0.0125 0.025
0 0.6635416666666667 0.921875 0.025 0.0453125
0 0.2864583333333333 0.2578125 0.0125 0.025
0 0.640625 0.7796875 0.025 0.0453125
0 0.33645833333333336 0.3984375 0.0125 0.025
0 0.42916666666666664 0.40625 0.0125 0.025
0 0.6364583333333333 0.840625 0.025 0.0453125
0 0.8104166666666667 0.8234375 0.025 0.0453125
0 0.38125 0.96875 0.025 0.0453125
0 0.013541666666666667 0.1125 0.0125 0.025
0 0.5791666666666667 0.1640625 0.0125 0.025
0 0.6625 0.125 0.0125 0.025
0 0.628125 0.725 0.025 0.0453125
0 0.6739583333333333 0.8578125 0.025 0.0453125
0 0.005208333333333333 0.0734375 0.0125 0.025
0 0.225 0.296875 0.0125 0.025
0 0.6166666666666667 0.734375 0.025 0.0453125
0 0.8177083333333334 0.8234375 0.025 0.0453125
0 0.65625 0.809375 0.025 0.0453125
0 0.6645833333333333 0.7078125 0.025 0.0453125
0 0.4875 0.3375 0.0125 0.025
0 0.8979166666666667 0.85 0.025 0.0453125
0 0.08020833333333334 0.9875 0.025 0.0453125
0 0.27708333333333335 0.4609375 0.0125 0.025
0 0.8875 0.2046875 0.0125 0.025
0 0.7791666666666667 0.828125 0.025 0.0453125
0 0.021875 0.2296875 0.0125 0.025
0 0.7677083333333333 0.6625 0.025 0.0453125
0 0.9177083333333333 0.9875 0.025 0.0453125
0 0.8572916666666667 0.7453125 0.025 0.0453125
0 0.446875 0.2703125 0.0125 0.025
0 0.06666666666666667 0.2359375 0.0125 0.025
0 0.9302083333333333 0.8625 0.025 0.0453125
0 0.004166666666666667 0.046875 0.0125 0.025
0 0.84375 0.271875 0.0125 0.025
0 0.9041666666666667 0.05 0.0125 0.025
0 0.4625 0.4296875 0.0125 0.025
0 0.4239583333333333 0.15625 0.0125 0.025
0 0.17708333333333334 0.5671875 0.025 0.0453125
0 0.15729166666666666 0.571875 0.025 0.0453125
0 0.9052083333333333 0.075 0.0125 0.025
0 0.6239583333333333 0.85 0.025 0.0453125
0 0.946875 0.8578125 0.025 0.0453125
0 0.5875 0.815625 0.025 0.0453125
0 0.728125 0.5515625 0.025 0.0453125
0 0.109375 0.1921875 0.0125 0.025
0 0.0010416666666666667 0.284375 0.0125 0.025
0 0.58125 0.3296875 0.0125 0.025
0 0.49375 0.0265625 0.0125 0.025
0 0.8239583333333333 0.78125 0.025 0.0453125
0 0.815625 0.78125 0.025 0.0453125
0 0.8760416666666667 0.1375 0.0125 0.025
0 0.778125 0.3328125 0.0125 0.025
0 0.959375 0.6765625 0.025 0.0453125
0 0.32083333333333336 0.1734375 0.0125 0.025
0 0.8479166666666667 0.8328125 0.025 0.0453125
0 0.26145833333333335 0.8859375 0.025 0.0453125
0 0.653125 0.68125 0.025 0.0453125
0 0.90625 0.5671875 0.025 0.0453125
0 0.6510416666666666 0.8578125 0.025 0.0453125
0 0.8552083333333333 0.996875 0.025 0.0453125
0 0.465625 0.0125 0.0125 0.025
0 0.5760416666666667 0.875 0.025 0.0453125
0 0.559375 0.25 0.0125 0.025
0 0.6739583333333333 0.1125 0.0125 0.025
0 0.10208333333333333 0.1609375 0.0125 0.025
0 0.04895833333333333 0.490625 0.025 0.0453125
0 0.18645833333333334 0.775 0.025 0.0453125
0 0.5677083333333334 0.8265625 0.025 0.0453125
0 0.58125 0.71875 0.025 0.0453125
0 0.41875 0.3734375 0.0125 0.025
0 0.06666666666666667 0.0734375 0.0125 0.025
0 0.584375 0.303125 0.0125 0.025
0 0.925 0.6875 0.025 0.0453125
0 0.29791666666666666 0.5421875 0.025 0.0453125
0 0.8604166666666667 0.046875 0.0125 0.025
0 0.019791666666666666 0.9546875 0.025 0.0453125
0 0.08541666666666667 0.2625 0.0125 0.025
0 0.7166666666666667 0.571875 0.025 0.0453125
0 0.1875 0.4578125 0.0125 0.025
0 0.175 0.384375 0.0125 0.025
0 0.8229166666666666 0.1890625 0.0125 0.025
0 0.2833333333333333 0.490625 0.025 0.0453125
0 0.10520833333333333 0.2578125 0.0125 0.025
0 0.134375 0.3203125 0.0125 0.025
0 0.36770833333333336 0.125 0.0125 0.025
0 0.8635416666666667 0.071875 0.0125 0.025
0 0.721875 0.165625 0.0125 0.025
0 0.17604166666666668 0.0265625 0.0125 0.025
0 0.3072916666666667 0.9625 0.025 0.0453125
0 0.7635416666666667 0.078125 0.0125 0.025
0 0.3625 0.284375 0.0125 0.025
0 0.6125 0.3546875 0.0125 0.025
0 0.42083333333333334 0.478125 0.0125 0.025
0 0.440625 0.196875 0.0125 0.025
0 0.8 0.725 0.025 0.0453125
0 0.9697916666666667 0.5421875 0.025 0.0453125
0 0.6520833333333333 0.93125 0.025 0.0453125
0 0.6041666666666666 0.928125 0.025 0.0453125
0 0.6604166666666667 0.7375 0.025 0.0453125
0 0.0875 0.00625 0.0125 0.025
0 0.315625 0.4671875 0.0125 0.025
0 0.10520833333333333 0.390625 0.0125 0.025
0 0.2125 0.534375 0.025 0.0453125
0 0.41770833333333335 0.1703125 0.0125 0.025
0 0.6645833333333333 0.5265625 0.025 0.0453125
0 0.525 0.5859375 0.025 0.0453125
0 0.575 0.846875 0.025 0.0453125
0 0.12083333333333333 0.6234375 0.025 0.0453125
0 0.24791666666666667 0.278125 0.0125 0.025
0 0.16354166666666667 0.0171875 0.0125 0.025
0 0.7989583333333333 0.2546875 0.0125 0.025
0 0.13645833333333332 0.3578125 0.0125 0.025
0 0.46145833333333336 0.475 0.0125 0.025
0 0.11354166666666667 0.9953125 0.025 0.0453125
0 0.753125 0.0484375 0.0125 0.025
0 0.10416666666666667 0.2203125 0.0125 0.025
0 0.4708333333333333 0.1859375 0.0125 0.025
0 0.11354166666666667 0.0703125 0.0125 0.025
0 0.20416666666666666 0.471875 0.0125 0.025
0 0.11145833333333334 0.1390625 0.0125 0.025
0 0.5822916666666667 0.4375 0.0125 0.025
0 0.8416666666666667 0.8078125 0.025 0.0453125
0 0.81875 0.725 0.025 0.0453125
0 0.5729166666666666 0.6234375 0.025 0.0453125
0 0.9635416666666666 0.5921875 0.025 0.0453125
0 0.5395833333333333 0.871875 0.025 0.0453125
0 0.49270833333333336 0.1171875 0.0125 0.025
0 0.2625 0.3671875 0.0125 0.025
0 0.6208333333333333 0.8328125 0.025 0.0453125
0 0.940625 0.6296875 0.025 0.0453125
0 0.54375 0.234375 0.0125 0.025
0 0.6270833333333333 0.6859375 0.025 0.0453125
0 0.19791666666666666 0.084375 0.0125 0.025
0 0.703125 0.053125 0.0125 0.025
0 0.3333333333333333 0.4625 0.0125 0.025
0 0.32083333333333336 0.4203125 0.0125 0.025
0 0.7302083333333333 0.6875 0.025 0.0453125
0 0.7791666666666667 0.6734375 0.025 0.0453125
0 0.21041666666666667 0.025 0.0125 0.025
0 0.36354166666666665 0.3140625 0.0125 0.025
0 0.76875 0.996875 0.025 0.0453125
0 0.459375 0.890625 0.025 0.0453125
0 0.865625 0.684375 0.025 0.0453125
0 0.9291666666666667 0.6484375 0.025 0.0453125
0 0.5875 0.79375 0.025 0.0453125
0 0.5864583333333333 0.78125 0.025 0.0453125
0 0.9572916666666667 0.7265625 0.025 0.0453125
0 0.121875 0.428125 0.0125 0.025
0 0.521875 0.4109375 0.0125 0.025
0 0.7416666666666667 0.071875 0.0125 0.025
0 0.7166666666666667 0.0609375 0.0125 0.025
0 0.3770833333333333 0.2140625 0.0125 0.025
0 0.8822916666666667 0.6453125 0.025 0.0453125
0 0.921875 0.5875 0.025 0.0453125
0 0.40625 0.4796875 0.0125 0.025
0 0.44895833333333335 0.559375 0.025 0.0453125
0 0.47604166666666664 0.065625 0.0125 0.025
0 0.571875 0.2109375 0.0125 0.025
0 0.06041666666666667 0.2078125 0.0125 0.025
0 0.41041666666666665 0.171875 0.0125 0.025
0 0.13125 0.0875 0.0125 0.025
0 0.571875 0.903125 0.025 0.0453125
0 0.8635416666666667 0.721875 0.025 0.0453125
0 0.871875 0.6078125 0.025 0.0453125
0 0.571875 0.825 0.025 0.0453125
0 0.88125 0.85 0.025 0.0453125
0 0.15729166666666666 0.1609375 0.0125 0.025
0 0.309375 0.1546875 0.0125 0.025
0 0.18229166666666666 0.846875 0.025 0.0453125
0 0.4708333333333333 0.4578125 0.0125 0.025
0 0.603125 0.7609375 0.025 0.0453125
0 0.421875 0.321875 0.0125 0.025
0 0.9 0.646875 0.025 0.0453125
0 0.9416666666666667 0.553125 0.025 0.0453125
0 0.5020833333333333 0.0234375 0.0125 0.025
0 0.21979166666666666 0.4046875 0.0125 0.025
0 0.27708333333333335 0.440625 0.0125 0.025
0 0.7166666666666667 0.6421875 0.025 0.0453125
0 0.5854166666666667 0.2671875 0.0125 0.025
0 0.1625 0.9453125 0.025 0.0453125
0 0.8072916666666666 0.1890625 0.0125 0.025
0 0.6125 0.2453125 0.0125 0.025
0 0.9125 0.7109375 0.025 0.0453125
0 0.9364583333333333 0.80625 0.025 0.0453125
0 0.5010416666666667 0.86875 0.025 0.0453125
0 0.5239583333333333 0.259375 0.0125 0.025
0 0.775 0.3015625 0.0125 0.025
0 0.7 0.021875 0.0125 0.025
0 0.39895833333333336 0.128125 0.0125 0.025
0 0.23645833333333333 0.0015625 0.0125 0.025
0 0.052083333333333336 0.2625 0.0125 0.025
0 0.10520833333333333 0.6015625 0.025 0.0453125
0 0.7552083333333334 0.0328125 0.0125 0.025
0 0.3572916666666667 0.128125 0.0125 0.025
0 0.6447916666666667 0.865625 0.025 0.0453125
0 0.9614583333333333 0.709375 0.025 0.0453125
0 0.9510416666666667 0.65 0.025 0.0453125
0 0.590625 0.20625 0.0125 0.025
0 0.05416666666666667 0.540625 0.025 0.0453125
0 0.9229166666666667 0.6671875 0.025 0.0453125
0 0.5916666666666667 0.6890625 0.025 0.0453125
0 0.28541666666666665 0.3390625 0.0125 0.025
0 0.6395833333333333 0.88125 0.025 0.0453125
0 0.8447916666666667 0.7953125 0.025 0.0453125
0 0.4427083333333333 0.1578125 0.0125 0.025
0 0.628125 0.33125 0.0125 0.025
0 0.6447916666666667 0.3296875 0.0125 0.025
0 0.2947916666666667 0.8046875 0.025 0.0453125
0 0.5291666666666667 0.103125 0.0125 0.025
0 0.5520833333333334 0.0625 0.0125 0.025
0 0.15729166666666666 0.0890625 0.0125 0.025
0 0.8020833333333334 0.0796875 0.0125 0.025
0 0.6885416666666667 0.684375 0.025 0.0453125
0 0.3614583333333333 0.35 0.0125 0.025
0 0.5885416666666666 0.3890625 0.0125 0.025
0 0.8125 0.3875 0.0125 0.025
0 0.7322916666666667 0.05 0.0125 0.025
0 0.8302083333333333 0.7578125 0.025 0.0453125
0 0.46875 0.2328125 0.0125 0.025
0 0.6833333333333333 0.14375 0.0125 0.025
0 0.184375 0.1609375 0.0125 0.025
0 0.7520833333333333 0.6625 0.025 0.0453125
0 0.6385416666666667 0.74375 0.025 0.0453125
0 0.5958333333333333 0.915625 0.025 0.0453125
0 0.284375 0.284375 0.0125 0.025
0 0.8927083333333333 0.0953125 0.0125 0.025
0 0.2708333333333333 0.4765625 0.0125 0.025
0 0.571875 0.09375 0.0125 0.025
0 0.275 0.2953125 0.0125 0.025
0 0.009375 0.33125 0.0125 0.025
0 0.44479166666666664 0.0046875 0.0125 0.025
0 0.011458333333333333 0.4265625 0.01875 0.034375
0 0.603125 0.275 0.0125 0.025
0 0.04895833333333333 0.1828125 0.0125 0.025
0 0.3645833333333333 0.2671875 0.0125 0.025
0 0.24791666666666667 0.8453125 0.025 0.0453125
0 0.184375 0.415625 0.0125 0.025
0 0.07604166666666666 0.1171875 0.0125 0.025
0 0.45625 0.9953125 0.025 0.0453125
