0 0.16588419405320814 0.6805555555555556 0.06103286384976526 0.125
0 0.49608763693270735 0.6305555555555555 0.0406885758998435 0.08888888888888889
0 0.5837245696400626 0.6416666666666667 0.0406885758998435 0.08888888888888889
0 0.19248826291079812 0.5361111111111111 0.0 0.0
0 0.49295774647887325 0.5611111111111111 0.02034428794992175 0.03888888888888889
0 0.9890453834115805 0.7305555555555555 0.07198748043818466 0.15
0 0.28169014084507044 0.6222222222222222 0.02034428794992175 0.05
0 0.5915492957746479 0.5555555555555556 0.009389671361502348 0.016666666666666666
0 0.8904538341158059 0.6055555555555555 0.017214397496087636 0.05
0 0.2676056338028169 0.575 0.02034428794992175 0.05
0 0.7918622848200313 0.5611111111111111 0.012519561815336464 0.05555555555555555
0 0.2222222222222222 0.675 0.02190923317683881 0.05555555555555555
0 0.918622848200313 0.65 0.0406885758998435 0.08888888888888889
0 0.5915492957746479 0.6972222222222222 0.03912363067292645 0.11944444444444445
0 0.6635367762128326 0.7055555555555556 0.08294209702660407 0.14444444444444443
0 0.6557120500782473 0.5916666666666667 0.03599374021909233 0.05277777777777778
0 0.1486697965571205 0.3194444444444444 0.028169014084507043 0.05555555555555555
0 0.08607198748043818 0.3333333333333333 0.01564945226917058 0.025
0 0.4694835680751174 0.9083333333333333 0.10485133020344288 0.175
0 0.5039123630672926 0.7222222222222222 0.03912363067292645 0.11944444444444445
0 0.07981220657276995 0.6083333333333333 0.017214397496087636 0.03888888888888889
0 0.812206572769953 0.5972222222222222 0.0406885758998435 0.08888888888888889
0 0.47104851330203446 0.5916666666666667 0.02190923317683881 0.03611111111111111
0 0.22065727699530516 0.5972222222222222 0.02034428794992175 0.05
0 0.03442879499217527 0.6666666666666666 0.03286384976525822 0.06388888888888888
0 0.37715179968701096 0.6472222222222223 0.0406885758998435 0.08888888888888889
0 0.568075117370892 0.9472222222222222 0.10485133020344288 0.175
0 0.5727699530516432 0.5777777777777777 0.02190923317683881 0.03611111111111111
0 0.971830985915493 0.5527777777777778 0.026604068857589983 0.04722222222222222
0 0.2519561815336463 0.7722222222222223 0.06103286384976526 0.125
0 0.06416275430359937 0.7527777777777778 0.03286384976525822 0.06388888888888888
0 0.7214397496087637 0.9444444444444444 0.10485133020344288 0.175
0 0.837245696400626 0.7777777777777778 0.07198748043818466 0.15
0 0.38341158059467917 0.8638888888888889 0.03912363067292645 0.11944444444444445
0 0.3333333333333333 0.7722222222222223 0.06103286384976526 0.125
0 0.8998435054773083 0.7527777777777778 0.07198748043818466 0.15
0 0.15179968701095461 0.9444444444444444 0.06103286384976526 0.125
0 0.596244131455399 0.5277777777777778 0.009389671361502348 0.016666666666666666
0 0.09389671361502347 0.675 0.03442879499217527 0.06944444444444445
0 0.48200312989045385 0.775 0.03912363067292645 0.11944444444444445
0 0.9342723004694836 0.9055555555555556 0.07198748043818466 0.15
0 0.9436619718309859 0.5916666666666667 0.0406885758998435 0.08888888888888889
0 0.24882629107981222 0.6305555555555555 0.02034428794992175 0.05
0 0.22065727699530516 0.9722222222222222 0.06103286384976526 0.125
0 0.3129890453834116 0.6027777777777777 0.02034428794992175 0.05
0 0.4350547730829421 0.7027777777777777 0.0297339593114241 0.05555555555555555
0 0.4162754303599374 0.775 0.03912363067292645 0.11944444444444445
0 0.7323943661971831 0.5861111111111111 0.050078247261345854 0.09722222222222222
0 0.5383411580594679 0.5666666666666667 0.02190923317683881 0.03611111111111111
0 0.018779342723004695 0.7861111111111111 0.06103286384976526 0.125
0 0.107981220657277 0.5888888888888889 0.017214397496087636 0.03888888888888889
0 0.809076682316119 0.6638888888888889 0.0406885758998435 0.08888888888888889
0 0.3427230046948357 0.6333333333333333 0.017214397496087636 0.030555555555555555
