0 0.35661764705882354 0.24959150326797386 0.0012254901960784314 0.0028594771241830064
0 0.5615808823529411 0.2520424836601307 0.0012254901960784314 0.0028594771241830064
0 0.8967524509803921 0.25163398692810457 0.0012254901960784314 0.0028594771241830064
0 0.7711397058823529 0.24509803921568626 0.0012254901960784314 0.0028594771241830064
0 0.6884191176470589 0.2581699346405229 0.0012254901960784314 0.0028594771241830064
0 0.5903799019607843 0.24468954248366012 0.0012254901960784314 0.0028594771241830064
0 0.8799019607843137 0.25163398692810457 0.0012254901960784314 0.0028594771241830064
0 0.8048406862745098 0.2520424836601307 0.0012254901960784314 0.0028594771241830064
0 0.3330269607843137 0.2790032679738562 0.0012254901960784314 0.0028594771241830064
0 0.3556985294117647 0.28431372549019607 0.0012254901960784314 0.0028594771241830064
0 0.7046568627450981 0.8676470588235294 0.020526960784313725 0.027369281045751634
0 0.7680759803921569 0.24918300653594772 0.0012254901960784314 0.0028594771241830064
0 0.8498774509803921 0.26715686274509803 0.0012254901960784314 0.0028594771241830064
0 0.9359681372549019 0.24509803921568626 0.0012254901960784314 0.0028594771241830064
0 0.538296568627451 0.41217320261437906 0.006433823529411764 0.012663398692810458
0 0.9506740196078431 0.2610294117647059 0.0012254901960784314 0.0028594771241830064
0 0.8477328431372549 0.2512254901960784 0.0012254901960784314 0.0028594771241830064
0 0.8661151960784313 0.247140522875817 0.0012254901960784314 0.0028594771241830064
0 0.14307598039215685 0.434640522875817 0.006433823529411764 0.012663398692810458
0 0.0664828431372549 0.3839869281045752 0.006433823529411764 0.012663398692810458
0 0.8397671568627451 0.25857843137254904 0.0012254901960784314 0.0028594771241830064
0 0.4518995098039216 0.2589869281045752 0.0012254901960784314 0.0028594771241830064
0 0.7267156862745098 0.8284313725490197 0.020526960784313725 0.027369281045751634
0 0.9221813725490197 0.26143790849673204 0.0012254901960784314 0.0028594771241830064
0 0.8728553921568627 0.3897058823529412 0.006433823529411764 0.012663398692810458
0 0.6326593137254902 0.2565359477124183 0.0012254901960784314 0.0028594771241830064
0 0.9898897058823529 0.3991013071895425 0.006433823529411764 0.012663398692810458
0 0.9862132352941176 0.26919934640522875 0.0012254901960784314 0.0028594771241830064
0 0.3697916666666667 0.24918300653594772 0.0012254901960784314 0.0028594771241830064
0 0.025122549019607844 0.9035947712418301 0.020526960784313725 0.027369281045751634
0 0.960171568627451 0.25449346405228757 0.0012254901960784314 0.0028594771241830064
0 0.38878676470588236 0.2565359477124183 0.0012254901960784314 0.0028594771241830064
0 0.9693627450980392 0.2638888888888889 0.0012254901960784314 0.0028594771241830064
0 0.20772058823529413 0.39950980392156865 0.006433823529411764 0.012663398692810458
0 0.5533088235294118 0.3729575163398693 0.006433823529411764 0.012663398692810458
0 0.9139093137254902 0.24673202614379086 0.0012254901960784314 0.0028594771241830064
0 0.6749387254901961 0.25449346405228757 0.0012254901960784314 0.0028594771241830064
0 0.8912377450980392 0.25326797385620914 0.0012254901960784314 0.0028594771241830064
0 0.3477328431372549 0.38439542483660133 0.006433823529411764 0.012663398692810458
0 0.6277573529411765 0.3925653594771242 0.006433823529411764 0.012663398692810458
0 0.8020833333333334 0.37540849673202614 0.006433823529411764 0.012663398692810458
0 0.47181372549019607 0.27450980392156865 0.0012254901960784314 0.0028594771241830064
0 0.7907475490196079 0.2455065359477124 0.0012254901960784314 0.0028594771241830064
0 0.7708333333333334 0.26552287581699346 0.0012254901960784314 0.0028594771241830064
0 0.9378063725490197 0.26715686274509803 0.0012254901960784314 0.0028594771241830064
0 0.8388480392156863 0.2696078431372549 0.0012254901960784314 0.0028594771241830064
0 0.6914828431372549 0.3946078431372549 0.006433823529411764 0.012663398692810458
0 0.5863970588235294 0.3946078431372549 0.006433823529411764 0.012663398692810458
0 0.4016544117647059 0.2757352941176471 0.0012254901960784314 0.0028594771241830064
0 0.3893995098039216 0.24673202614379086 0.0012254901960784314 0.0028594771241830064
0 0.9316789215686274 0.2687908496732026 0.0012254901960784314 0.0028594771241830064
0 0.7487745098039216 0.8668300653594772 0.020526960784313725 0.027369281045751634
0 0.7049632352941176 0.4048202614379085 0.006433823529411764 0.012663398692810458
0 0.03125 0.4027777777777778 0.006433823529411764 0.012663398692810458
0 0.6029411764705882 0.2790032679738562 0.0012254901960784314 0.0028594771241830064
0 0.8566176470588235 0.26429738562091504 0.0012254901960784314 0.0028594771241830064
0 0.975796568627451 0.2520424836601307 0.0012254901960784314 0.0028594771241830064
0 0.0704656862745098 0.42320261437908496 0.006433823529411764 0.012663398692810458
0 0.41360294117647056 0.24223856209150327 0.0012254901960784314 0.0028594771241830064
0 0.9779411764705882 0.2610294117647059 0.0012254901960784314 0.0028594771241830064
0 0.3434436274509804 0.7871732026143791 0.020526960784313725 0.027369281045751634
0 0.7625612745098039 0.3991013071895425 0.006433823529411764 0.012663398692810458
0 0.43964460784313725 0.26552287581699346 0.0012254901960784314 0.0028594771241830064
0 0.8529411764705882 0.3741830065359477 0.006433823529411764 0.012663398692810458
0 0.9898897058823529 0.24673202614379086 0.0012254901960784314 0.0028594771241830064
0 0.7628676470588235 0.247140522875817 0.0012254901960784314 0.0028594771241830064
0 0.5036764705882353 0.4035947712418301 0.006433823529411764 0.012663398692810458
0 0.24295343137254902 0.41380718954248363 0.006433823529411764 0.012663398692810458
0 0.6115196078431373 0.39828431372549017 0.006433823529411764 0.012663398692810458
0 0.9258578431372549 0.2540849673202614 0.0012254901960784314 0.0028594771241830064
0 0.5686274509803921 0.3901143790849673 0.006433823529411764 0.012663398692810458
0 0.7086397058823529 0.2569444444444444 0.0012254901960784314 0.0028594771241830064
0 0.6798406862745098 0.24509803921568626 0.0012254901960784314 0.0028594771241830064
0 0.6148897058823529 0.2818627450980392 0.0012254901960784314 0.0028594771241830064
0 0.9466911764705882 0.3897058823529412 0.006433823529411764 0.012663398692810458
0 0.7552083333333334 0.39419934640522875 0.006433823529411764 0.012663398692810458
0 0.9659926470588235 0.25531045751633985 0.0012254901960784314 0.0028594771241830064
0 0.3869485294117647 0.2426470588235294 0.0012254901960784314 0.0028594771241830064
0 0.41881127450980393 0.24673202614379086 0.0012254901960784314 0.0028594771241830064
0 0.37346813725490197 0.2769607843137255 0.0012254901960784314 0.0028594771241830064
0 0.7668504901960784 0.39215686274509803 0.006433823529411764 0.012663398692810458
0 0.6430759803921569 0.36968954248366015 0.006433823529411764 0.012663398692810458
0 0.03707107843137255 0.42810457516339867 0.006433823529411764 0.012663398692810458
0 0.33486519607843135 0.27205882352941174 0.0012254901960784314 0.0028594771241830064
0 0.5652573529411765 0.2455065359477124 0.0012254901960784314 0.0028594771241830064
0 0.8207720588235294 0.2540849673202614 0.0012254901960784314 0.0028594771241830064
0 0.6930147058823529 0.2536764705882353 0.0012254901960784314 0.0028594771241830064
0 0.40778186274509803 0.26919934640522875 0.0012254901960784314 0.0028594771241830064
0 0.6228553921568627 0.25326797385620914 0.0012254901960784314 0.0028594771241830064
0 0.7346813725490197 0.2651143790849673 0.0012254901960784314 0.0028594771241830064
0 0.8167892156862745 0.24509803921568626 0.0012254901960784314 0.0028594771241830064
0 0.9715073529411765 0.2769607843137255 0.0012254901960784314 0.0028594771241830064
0 0.5796568627450981 0.2569444444444444 0.0012254901960784314 0.0028594771241830064
0 0.02297794117647059 0.40645424836601307 0.006433823529411764 0.012663398692810458
0 0.4010416666666667 0.255718954248366 0.0012254901960784314 0.0028594771241830064
0 0.3391544117647059 0.25531045751633985 0.0012254901960784314 0.0028594771241830064
0 0.32138480392156865 0.24591503267973855 0.0012254901960784314 0.0028594771241830064
0 0.48161764705882354 0.2798202614379085 0.0012254901960784314 0.0028594771241830064
0 0.41207107843137253 0.2687908496732026 0.0012254901960784314 0.0028594771241830064
0 0.3544730392156863 0.2577614379084967 0.0012254901960784314 0.0028594771241830064
0 0.16881127450980393 0.4505718954248366 0.006433823529411764 0.012663398692810458
0 0.3229166666666667 0.2798202614379085 0.0012254901960784314 0.0028594771241830064
0 0.6124387254901961 0.4285130718954248 0.006433823529411764 0.012663398692810458
0 0.8765318627450981 0.40236928104575165 0.006433823529411764 0.012663398692810458
0 0.9322916666666666 0.36764705882352944 0.006433823529411764 0.012663398692810458
0 0.5922181372549019 0.37173202614379086 0.006433823529411764 0.012663398692810458
0 0.5027573529411765 0.24509803921568626 0.0012254901960784314 0.0028594771241830064
0 0.8247549019607843 0.2708333333333333 0.0012254901960784314 0.0028594771241830064
0 0.23039215686274508 0.3937908496732026 0.006433823529411764 0.012663398692810458
0 0.8394607843137255 0.25326797385620914 0.0012254901960784314 0.0028594771241830064
0 0.9886642156862745 0.26143790849673204 0.0012254901960784314 0.0028594771241830064
0 0.6997549019607843 0.24509803921568626 0.0012254901960784314 0.0028594771241830064
0 0.9286151960784313 0.27205882352941174 0.0012254901960784314 0.0028594771241830064
0 0.866421568627451 0.25939542483660133 0.0012254901960784314 0.0028594771241830064
0 0.35661764705882354 0.26838235294117646 0.0012254901960784314 0.0028594771241830064
0 0.5165441176470589 0.25612745098039214 0.0012254901960784314 0.0028594771241830064
0 0.29963235294117646 0.38766339869281047 0.006433823529411764 0.012663398692810458
0 0.42861519607843135 0.2687908496732026 0.0012254901960784314 0.0028594771241830064
0 0.9761029411764706 0.7467320261437909 0.020526960784313725 0.027369281045751634
0 0.5315563725490197 0.24959150326797386 0.0012254901960784314 0.0028594771241830064
0 0.5628063725490197 0.26919934640522875 0.0012254901960784314 0.0028594771241830064
0 0.8838848039215687 0.25531045751633985 0.0012254901960784314 0.0028594771241830064
0 0.4424019607843137 0.4113562091503268 0.006433823529411764 0.012663398692810458
0 0.4025735294117647 0.24959150326797386 0.0012254901960784314 0.0028594771241830064
0 0.39246323529411764 0.2577614379084967 0.0012254901960784314 0.0028594771241830064
0 0.6112132352941176 0.2549019607843137 0.0012254901960784314 0.0028594771241830064
0 0.5962009803921569 0.25163398692810457 0.0012254901960784314 0.0028594771241830064
0 0.75 0.2610294117647059 0.0012254901960784314 0.0028594771241830064
0 0.9571078431372549 0.2536764705882353 0.0012254901960784314 0.0028594771241830064
0 0.7022058823529411 0.2798202614379085 0.0012254901960784314 0.0028594771241830064
0 0.7175245098039216 0.2667483660130719 0.0012254901960784314 0.0028594771241830064
0 0.5563725490196079 0.25 0.0012254901960784314 0.0028594771241830064
0 0.8419117647058824 0.877859477124183 0.020526960784313725 0.027369281045751634
0 0.6151960784313726 0.26633986928104575 0.0012254901960784314 0.0028594771241830064
0 0.6369485294117647 0.26143790849673204 0.0012254901960784314 0.0028594771241830064
0 0.9172794117647058 0.4011437908496732 0.006433823529411764 0.012663398692810458
0 0.051470588235294115 0.8480392156862745 0.020526960784313725 0.027369281045751634
0 0.8428308823529411 0.2708333333333333 0.0012254901960784314 0.0028594771241830064
0 0.11366421568627451 0.45669934640522875 0.006433823529411764 0.012663398692810458
0 0.7775735294117647 0.25980392156862747 0.0012254901960784314 0.0028594771241830064
0 0.3134191176470588 0.27655228758169936 0.0012254901960784314 0.0028594771241830064
0 0.4727328431372549 0.24959150326797386 0.0012254901960784314 0.0028594771241830064
0 0.3121936274509804 0.4158496732026144 0.006433823529411764 0.012663398692810458
0 0.5542279411764706 0.2659313725490196 0.0012254901960784314 0.0028594771241830064
0 0.4325980392156863 0.24428104575163398 0.0012254901960784314 0.0028594771241830064
0 0.7870710784313726 0.4040032679738562 0.006433823529411764 0.012663398692810458
0 0.835171568627451 0.2675653594771242 0.0012254901960784314 0.0028594771241830064
0 0.4065563725490196 0.255718954248366 0.0012254901960784314 0.0028594771241830064
0 0.26256127450980393 0.4195261437908497 0.006433823529411764 0.012663398692810458
0 0.4525122549019608 0.24918300653594772 0.0012254901960784314 0.0028594771241830064
0 0.4335171568627451 0.2610294117647059 0.0012254901960784314 0.0028594771241830064
0 0.9056372549019608 0.2455065359477124 0.0012254901960784314 0.0028594771241830064
0 0.8155637254901961 0.8978758169934641 0.020526960784313725 0.027369281045751634
0 0.7870710784313726 0.2536764705882353 0.0012254901960784314 0.0028594771241830064
0 0.7046568627450981 0.4207516339869281 0.006433823529411764 0.012663398692810458
0 0.9166666666666666 0.2630718954248366 0.0012254901960784314 0.0028594771241830064
0 0.5324754901960784 0.2696078431372549 0.0012254901960784314 0.0028594771241830064
0 0.6326593137254902 0.26919934640522875 0.0012254901960784314 0.0028594771241830064
0 0.8875612745098039 0.27369281045751637 0.0012254901960784314 0.0028594771241830064
0 0.9718137254901961 0.2540849673202614 0.0012254901960784314 0.0028594771241830064
0 0.6176470588235294 0.25163398692810457 0.0012254901960784314 0.0028594771241830064
0 0.39675245098039214 0.2549019607843137 0.0012254901960784314 0.0028594771241830064
0 0.8265931372549019 0.9714052287581699 0.020526960784313725 0.027369281045751634
0 0.9191176470588235 0.3611111111111111 0.006433823529411764 0.012663398692810458
0 0.6485906862745098 0.2708333333333333 0.0012254901960784314 0.0028594771241830064
0 0.8939950980392157 0.36519607843137253 0.006433823529411764 0.012663398692810458
0 0.6801470588235294 0.25163398692810457 0.0012254901960784314 0.0028594771241830064
0 0.9411764705882353 0.25980392156862747 0.0012254901960784314 0.0028594771241830064
0 0.7337622549019608 0.2455065359477124 0.0012254901960784314 0.0028594771241830064
0 0.5873161764705882 0.24387254901960784 0.0012254901960784314 0.0028594771241830064
0 0.02144607843137255 0.4285130718954248 0.006433823529411764 0.012663398692810458
0 0.6614583333333334 0.28145424836601307 0.0012254901960784314 0.0028594771241830064
0 0.7322303921568627 0.252859477124183 0.0012254901960784314 0.0028594771241830064
0 0.6020220588235294 0.2581699346405229 0.0012254901960784314 0.0028594771241830064
0 0.6280637254901961 0.26552287581699346 0.0012254901960784314 0.0028594771241830064
0 0.38265931372549017 0.2549019607843137 0.0012254901960784314 0.0028594771241830064
0 0.5661764705882353 0.2638888888888889 0.0012254901960784314 0.0028594771241830064
0 0.5419730392156863 0.24959150326797386 0.0012254901960784314 0.0028594771241830064
0 0.5165441176470589 0.2806372549019608 0.0012254901960784314 0.0028594771241830064
0 0.7561274509803921 0.24877450980392157 0.0012254901960784314 0.0028594771241830064
0 0.9788602941176471 0.2708333333333333 0.0012254901960784314 0.0028594771241830064
0 0.36887254901960786 0.2540849673202614 0.0012254901960784314 0.0028594771241830064
0 0.2539828431372549 0.4158496732026144 0.006433823529411764 0.012663398692810458
0 0.7251838235294118 0.26552287581699346 0.0012254901960784314 0.0028594771241830064
0 0.8020833333333334 0.2630718954248366 0.0012254901960784314 0.0028594771241830064
0 0.9724264705882353 0.26348039215686275 0.0012254901960784314 0.0028594771241830064
0 0.35692401960784315 0.2569444444444444 0.0012254901960784314 0.0028594771241830064
0 0.3314950980392157 0.24877450980392157 0.0012254901960784314 0.0028594771241830064
0 0.15839460784313725 0.4456699346405229 0.006433823529411764 0.012663398692810458
0 0.8100490196078431 0.2630718954248366 0.0012254901960784314 0.0028594771241830064
0 0.9068627450980392 0.2602124183006536 0.0012254901960784314 0.0028594771241830064
0 0.43964460784313725 0.24428104575163398 0.0012254901960784314 0.0028594771241830064
0 0.9378063725490197 0.25326797385620914 0.0012254901960784314 0.0028594771241830064
0 0.6758578431372549 0.26429738562091504 0.0012254901960784314 0.0028594771241830064
0 0.5805759803921569 0.2675653594771242 0.0012254901960784314 0.0028594771241830064
0 0.43474264705882354 0.7683823529411765 0.020526960784313725 0.027369281045751634
0 0.5321691176470589 0.7602124183006536 0.020526960784313725 0.027369281045751634
0 0.49785539215686275 0.27124183006535946 0.0012254901960784314 0.0028594771241830064
0 0.034926470588235295 0.3991013071895425 0.006433823529411764 0.012663398692810458
0 0.45925245098039214 0.2434640522875817 0.0012254901960784314 0.0028594771241830064
0 0.8385416666666666 0.37173202614379086 0.006433823529411764 0.012663398692810458
0 0.7941176470588235 0.2569444444444444 0.0012254901960784314 0.0028594771241830064
0 0.8887867647058824 0.2659313725490196 0.0012254901960784314 0.0028594771241830064
0 0.5453431372549019 0.2565359477124183 0.0012254901960784314 0.0028594771241830064
0 0.31004901960784315 0.8594771241830066 0.020526960784313725 0.027369281045751634
0 0.9050245098039216 0.39705882352941174 0.006433823529411764 0.012663398692810458
