0 0.019769357495881382 0.6901960784313725 0.04118616144975288 0.12156862745098039
0 0.04942339373970346 0.0392156862745098 0.006589785831960461 0.03137254901960784
0 0.6342668863261944 0.12941176470588237 0.006589785831960461 0.03137254901960784
0 0.3130148270181219 0.30196078431372547 0.023064250411861616 0.06274509803921569
0 0.9736408566721582 0.5176470588235295 0.02800658978583196 0.07450980392156863
0 0.11696869851729819 0.32941176470588235 0.023064250411861616 0.06274509803921569
0 0.2784184514003295 0.20784313725490197 0.006589785831960461 0.03137254901960784
0 0.9209225700164745 0.03137254901960784 0.006589785831960461 0.03137254901960784
0 0.7067545304777595 0.17254901960784313 0.006589785831960461 0.03137254901960784
0 0.6013179571663921 0.06666666666666667 0.006589785831960461 0.03137254901960784
0 0.6309719934102141 0.3607843137254902 0.023064250411861616 0.06274509803921569
0 0.009884678747940691 0.3176470588235294 0.023064250411861616 0.06274509803921569
0 0.08401976935749589 0.10196078431372549 0.006589785831960461 0.03137254901960784
0 0.42833607907743 0.5098039215686274 0.029654036243822075 0.08235294117647059
0 0.42668863261943984 0.00784313725490196 0.006589785831960461 0.03137254901960784
0 0.8484349258649094 0.1450980392156863 0.006589785831960461 0.03137254901960784
0 0.8912685337726524 0.058823529411764705 0.006589785831960461 0.03137254901960784
0 0.5304777594728172 0.49019607843137253 0.03459637561779242 0.09019607843137255
0 0.05271828665568369 0.17647058823529413 0.006589785831960461 0.03137254901960784
0 0.6128500823723229 0.11372549019607843 0.006589785831960461 0.03137254901960784
0 0.828665568369028 0.0196078431372549 0.006589785831960461 0.03137254901960784
0 0.12685337726523888 0.20784313725490197 0.006589785831960461 0.03137254901960784
0 0.85667215815486 0.21568627450980393 0.006589785831960461 0.03137254901960784
0 0.19769357495881384 0.17254901960784313 0.006589785831960461 0.03137254901960784
0 0.6771004942339374 0.047058823529411764 0.006589785831960461 0.03137254901960784
0 0.6952224052718287 0.18823529411764706 0.006589785831960461 0.03137254901960784
0 0.05601317957166392 0.43137254901960786 0.03459637561779242 0.09019607843137255
0 0.18616144975288304 0.19607843137254902 0.006589785831960461 0.03137254901960784
0 0.899505766062603 0.09411764705882353 0.006589785831960461 0.03137254901960784
0 0.9044481054365733 0.30196078431372547 0.023064250411861616 0.06274509803921569
0 0.9785831960461285 0.6470588235294118 0.032948929159802305 0.09019607843137255
0 0.9373970345963756 0.3333333333333333 0.023064250411861616 0.06274509803921569
0 0.8797364085667215 0.047058823529411764 0.006589785831960461 0.03137254901960784
0 0.15650741350906094 0.17254901960784313 0.006589785831960461 0.03137254901960784
0 0.35914332784184516 0.8470588235294118 0.04118616144975288 0.12156862745098039
0 0.556836902800659 0.43529411764705883 0.03459637561779242 0.09019607843137255
0 0.8187808896210873 0.08627450980392157 0.006589785831960461 0.03137254901960784
0 0.3970345963756178 0.054901960784313725 0.006589785831960461 0.03137254901960784
0 0.586490939044481 0.10196078431372549 0.006589785831960461 0.03137254901960784
0 0.28171334431630973 0.8901960784313725 0.04118616144975288 0.12156862745098039
0 0.7215815485996705 0.10588235294117647 0.006589785831960461 0.03137254901960784
0 0.4925864909390445 0.15294117647058825 0.006589785831960461 0.03137254901960784
0 0.5420098846787479 0.13725490196078433 0.006589785831960461 0.03137254901960784
0 0.10543657331136738 0.4823529411764706 0.03459637561779242 0.09019607843137255
0 0.0214168039538715 0.15294117647058825 0.006589785831960461 0.03137254901960784
0 0.14827018121911037 0.09019607843137255 0.006589785831960461 0.03137254901960784
0 0.7331136738056013 0.03137254901960784 0.006589785831960461 0.03137254901960784
0 0.7726523887973641 0.027450980392156862 0.006589785831960461 0.03137254901960784
0 0.4596375617792422 0.49019607843137253 0.03459637561779242 0.09019607843137255
0 0.9686985172981878 0.09411764705882353 0.006589785831960461 0.03137254901960784
0 0.8632619439868204 0.043137254901960784 0.006589785831960461 0.03137254901960784
0 0.24052718286655683 0.1803921568627451 0.006589785831960461 0.03137254901960784
0 0.8039538714991763 0.054901960784313725 0.006589785831960461 0.03137254901960784
0 0.171334431630972 0.11372549019607843 0.006589785831960461 0.03137254901960784
0 0.5749588138385503 0.39215686274509803 0.03459637561779242 0.09019607843137255
0 0.24382207578253706 0.3411764705882353 0.023064250411861616 0.06274509803921569
0 0.7034596375617792 0.49411764705882355 0.03459637561779242 0.09019607843137255
0 0.4695222405271829 0.1450980392156863 0.006589785831960461 0.03137254901960784
0 0.40691927512355847 0.12156862745098039 0.006589785831960461 0.03137254901960784
0 0.44810543657331137 0.047058823529411764 0.006589785831960461 0.03137254901960784
0 0.48599670510708404 0.19215686274509805 0.006589785831960461 0.03137254901960784
0 0.4382207578253707 0.18823529411764706 0.006589785831960461 0.03137254901960784
0 0.45304777594728174 0.2901960784313726 0.023064250411861616 0.06274509803921569
0 0.5930807248764415 0.5882352941176471 0.03459637561779242 0.09019607843137255
0 0.8237232289950577 0.06274509803921569 0.006589785831960461 0.03137254901960784
0 0.08896210873146623 0.00784313725490196 0.006589785831960461 0.03137254901960784
0 0.02471169686985173 0.24705882352941178 0.023064250411861616 0.06274509803921569
0 0.43492586490939045 0.24313725490196078 0.023064250411861616 0.06274509803921569
0 0.4958813838550247 0.08627450980392157 0.006589785831960461 0.03137254901960784
0 0.3261943986820428 0.7490196078431373 0.04118616144975288 0.12156862745098039
0 0.9489291598023064 0.1450980392156863 0.006589785831960461 0.03137254901960784
0 0.3261943986820428 0.2627450980392157 0.023064250411861616 0.06274509803921569
0 0.8929159802306426 0.7686274509803922 0.04118616144975288 0.12156862745098039
0 0.11037891268533773 0.22745098039215686 0.023064250411861616 0.06274509803921569
0 0.8401976935749588 0.03529411764705882 0.006589785831960461 0.03137254901960784
0 0.49093904448105435 0.12941176470588237 0.006589785831960461 0.03137254901960784
0 0.71334431630972 0.08235294117647059 0.006589785831960461 0.03137254901960784
0 0.2273476112026359 0.7411764705882353 0.04118616144975288 0.12156862745098039
0 0.7446457990115322 0.10980392156862745 0.006589785831960461 0.03137254901960784
0 0.20098846787479407 0.396078431372549 0.03459637561779242 0.09019607843137255
0 0.5897858319604613 0.7058823529411765 0.04118616144975288 0.12156862745098039
0 0.6359143327841845 0.06274509803921569 0.006589785831960461 0.03137254901960784
0 0.33278418451400327 0.30196078431372547 0.023064250411861616 0.06274509803921569
0 0.6672158154859967 0.45098039215686275 0.03459637561779242 0.09019607843137255
0 0.6556836902800659 0.35294117647058826 0.023064250411861616 0.06274509803921569
0 0.5782537067545305 0.2901960784313726 0.023064250411861616 0.06274509803921569
0 0.729818780889621 0.17647058823529413 0.006589785831960461 0.03137254901960784
0 0.6375617792421746 0.17254901960784313 0.006589785831960461 0.03137254901960784
0 0.8764415156507414 0.21568627450980393 0.006589785831960461 0.03137254901960784
0 0.5222405271828665 0.06274509803921569 0.006589785831960461 0.03137254901960784
0 0.5485996705107083 0.21568627450980393 0.006589785831960461 0.03137254901960784
0 0.3772652388797364 0.4823529411764706 0.03459637561779242 0.09019607843137255
0 0.1630971993410214 0.3176470588235294 0.023064250411861616 0.06274509803921569
0 0.9654036243822076 0.050980392156862744 0.006589785831960461 0.03137254901960784
0 0.514003294892916 0.2823529411764706 0.023064250411861616 0.06274509803921569
0 0.016474464579901153 0.8509803921568627 0.04118616144975288 0.12156862745098039
0 0.008237232289950576 0.21568627450980393 0.006589785831960461 0.03137254901960784
0 0.11532125205930807 0.615686274509804 0.03459637561779242 0.09019607843137255
0 0.7479406919275123 0.07058823529411765 0.006589785831960461 0.03137254901960784
0 0.6803953871499177 0.011764705882352941 0.006589785831960461 0.03137254901960784
0 0.7347611202635914 0.5411764705882353 0.03459637561779242 0.09019607843137255
0 0.41680395387149916 0.06666666666666667 0.006589785831960461 0.03137254901960784
0 0.47775947281713343 0.047058823529411764 0.006589785831960461 0.03137254901960784
0 0.9390444810543658 0.0784313725490196 0.006589785831960461 0.03137254901960784
0 0.9703459637561779 0.2823529411764706 0.023064250411861616 0.06274509803921569
0 0.40197693574958815 0.03529411764705882 0.006589785831960461 0.03137254901960784
0 0.21252059308072488 0.2980392156862745 0.023064250411861616 0.06274509803921569
0 0.8204283360790774 0.15294117647058825 0.006589785831960461 0.03137254901960784
0 0.5107084019769358 0.34901960784313724 0.023064250411861616 0.06274509803921569
0 0.9670510708401977 0.2549019607843137 0.023064250411861616 0.06274509803921569
0 0.4645799011532125 0.054901960784313725 0.006589785831960461 0.03137254901960784
0 0.5024711696869851 0.34901960784313724 0.023064250411861616 0.06274509803921569
0 0.2800658978583196 0.35294117647058826 0.023064250411861616 0.06274509803921569
0 0.08072487644151564 0.23529411764705882 0.023064250411861616 0.06274509803921569
0 0.20922570016474465 0.12549019607843137 0.006589785831960461 0.03137254901960784
0 0.4975288303130148 0.047058823529411764 0.006589785831960461 0.03137254901960784
0 0.5683690280065898 0.03137254901960784 0.006589785831960461 0.03137254901960784
0 0.6177924217462932 0.09019607843137255 0.006589785831960461 0.03137254901960784
0 0.7116968698517299 0.11764705882352941 0.006589785831960461 0.03137254901960784
0 0.1400329489291598 0.10196078431372549 0.006589785831960461 0.03137254901960784
0 0.7265238879736409 0.3607843137254902 0.023064250411861616 0.06274509803921569
0 0.7891268533772653 0.06274509803921569 0.006589785831960461 0.03137254901960784
0 0.985172981878089 0.1803921568627451 0.009884678747940691 0.0392156862745098
0 0.5354200988467874 0.3843137254901961 0.023064250411861616 0.06274509803921569
0 0.41515650741350907 0.7176470588235294 0.04118616144975288 0.12156862745098039
0 0.171334431630972 0.08627450980392157 0.006589785831960461 0.03137254901960784
0 0.6639209225700164 0.7254901960784313 0.04118616144975288 0.12156862745098039
0 0.943986820428336 0.41568627450980394 0.03459637561779242 0.09019607843137255
0 0.29489291598023065 0.24705882352941178 0.023064250411861616 0.06274509803921569
0 0.5914332784184514 0.1568627450980392 0.006589785831960461 0.03137254901960784
0 0.40197693574958815 0.0784313725490196 0.006589785831960461 0.03137254901960784
0 0.2685337726523888 0.9882352941176471 0.04118616144975288 0.12156862745098039
0 0.018121911037891267 0.4666666666666667 0.03459637561779242 0.09019607843137255
0 0.03459637561779242 0.22745098039215686 0.023064250411861616 0.06274509803921569
0 0.385502471169687 0.30980392156862746 0.023064250411861616 0.06274509803921569
0 0.7248764415156508 0.043137254901960784 0.006589785831960461 0.03137254901960784
0 0.5469522240527183 0.06274509803921569 0.006589785831960461 0.03137254901960784
0 0.43492586490939045 0.1607843137254902 0.006589785831960461 0.03137254901960784
0 0.8912685337726524 0.3333333333333333 0.023064250411861616 0.06274509803921569
0 0.9522240527182867 0.10980392156862745 0.006589785831960461 0.03137254901960784
0 0.5634266886326195 0.12941176470588237 0.006589785831960461 0.03137254901960784
0 0.11367380560131796 0.06274509803921569 0.006589785831960461 0.03137254901960784
0 0.7841845140032949 0.13725490196078433 0.006589785831960461 0.03137254901960784
0 0.929159802306425 0.20392156862745098 0.006589785831960461 0.03137254901960784
0 0.14827018121911037 0.19607843137254902 0.006589785831960461 0.03137254901960784
0 0.8484349258649094 0.3137254901960784 0.023064250411861616 0.06274509803921569
0 0.6441515650741351 0.12549019607843137 0.006589785831960461 0.03137254901960784
0 0.1828665568369028 0.1411764705882353 0.006589785831960461 0.03137254901960784
0 0.6952224052718287 0.30980392156862746 0.023064250411861616 0.06274509803921569
0 0.6836902800658978 0.6392156862745098 0.03459637561779242 0.09019607843137255
0 0.4497528830313015 0.2627450980392157 0.023064250411861616 0.06274509803921569
0 0.5733113673805601 0.0784313725490196 0.006589785831960461 0.03137254901960784
0 0.8945634266886326 0.13725490196078433 0.006589785831960461 0.03137254901960784
0 0.8747940691927513 0.023529411764705882 0.006589785831960461 0.03137254901960784
0 0.40197693574958815 0.8980392156862745 0.04118616144975288 0.12156862745098039
0 0.8962108731466227 0.16862745098039217 0.006589785831960461 0.03137254901960784
0 0.9686985172981878 0.13725490196078433 0.006589785831960461 0.03137254901960784
0 0.8220757825370676 0.24705882352941178 0.023064250411861616 0.06274509803921569
0 0.004942339373970346 0.27058823529411763 0.023064250411861616 0.06274509803921569
0 0.15980230642504117 0.23921568627450981 0.023064250411861616 0.06274509803921569
0 0.7644151565074135 0.027450980392156862 0.006589785831960461 0.03137254901960784
0 0.9950576606260296 0.027450980392156862 0.006589785831960461 0.03137254901960784
0 0.4827018121911038 0.027450980392156862 0.006589785831960461 0.03137254901960784
0 0.9258649093904449 0.0784313725490196 0.006589785831960461 0.03137254901960784
0 0.9522240527182867 0.03529411764705882 0.006589785831960461 0.03137254901960784
0 0.5403624382207578 0.7058823529411765 0.04118616144975288 0.12156862745098039
0 0.11367380560131796 0.3843137254901961 0.023064250411861616 0.06274509803921569
0 0.128500823723229 0.10196078431372549 0.006589785831960461 0.03137254901960784
0 0.4233937397034596 0.08627450980392157 0.006589785831960461 0.03137254901960784
0 0.18945634266886327 0.8235294117647058 0.04118616144975288 0.12156862745098039
0 0.09060955518945635 0.1607843137254902 0.006589785831960461 0.03137254901960784
0 0.42174629324546953 0.3058823529411765 0.023064250411861616 0.06274509803921569
0 0.6606260296540363 0.20392156862745098 0.006589785831960461 0.03137254901960784
0 0.060955518945634266 0.8117647058823529 0.04118616144975288 0.12156862745098039
0 0.7166392092257001 0.44313725490196076 0.03459637561779242 0.09019607843137255
0 0.7034596375617792 0.9215686274509803 0.04118616144975288 0.12156862745098039
0 0.2652388797364086 0.5647058823529412 0.03459637561779242 0.09019607843137255
0 0.9604612850082372 0.011764705882352941 0.006589785831960461 0.03137254901960784
0 0.9901153212520593 0.08627450980392157 0.006589785831960461 0.03137254901960784
0 0.8352553542009885 0.07058823529411765 0.006589785831960461 0.03137254901960784
0 0.12191103789126853 0.9019607843137255 0.04118616144975288 0.12156862745098039
0 0.6260296540362438 0.07058823529411765 0.006589785831960461 0.03137254901960784
0 0.515650741350906 0.1568627450980392 0.006589785831960461 0.03137254901960784
0 0.3130148270181219 0.4823529411764706 0.03459637561779242 0.09019607843137255
0 0.9258649093904449 0.5803921568627451 0.03459637561779242 0.09019607843137255
0 0.8204283360790774 0.5137254901960784 0.03459637561779242 0.09019607843137255
0 0.6688632619439868 0.26666666666666666 0.023064250411861616 0.06274509803921569
0 0.21087314662273476 0.27058823529411763 0.023064250411861616 0.06274509803921569
0 0.4794069192751236 0.09019607843137255 0.006589785831960461 0.03137254901960784
0 0.8154859967051071 0.054901960784313725 0.006589785831960461 0.03137254901960784
0 0.7462932454695222 0.1607843137254902 0.006589785831960461 0.03137254901960784
0 0.8698517298187809 0.027450980392156862 0.006589785831960461 0.03137254901960784
0 0.23393739703459637 0.49411764705882355 0.03459637561779242 0.09019607843137255
0 0.03130148270181219 0.5607843137254902 0.03459637561779242 0.09019607843137255
0 0.6771004942339374 0.12941176470588237 0.006589785831960461 0.03137254901960784
0 0.5815485996705108 0.16862745098039217 0.006589785831960461 0.03137254901960784
0 0.9670510708401977 0.0784313725490196 0.006589785831960461 0.03137254901960784
0 0.6112026359143328 0.14901960784313725 0.006589785831960461 0.03137254901960784
0 0.7084019769357496 0.054901960784313725 0.006589785831960461 0.03137254901960784
0 0.085667215815486 0.27058823529411763 0.023064250411861616 0.06274509803921569
0 0.771004942339374 0.10196078431372549 0.006589785831960461 0.03137254901960784
0 0.7084019769357496 0.2549019607843137 0.023064250411861616 0.06274509803921569
0 0.05930807248764415 0.6313725490196078 0.03459637561779242 0.09019607843137255
0 0.7067545304777595 0.023529411764705882 0.006589785831960461 0.03137254901960784
0 0.6556836902800659 0.07058823529411765 0.006589785831960461 0.03137254901960784
0 0.85667215815486 0.803921568627451 0.04118616144975288 0.12156862745098039
0 0.9060955518945635 0.47843137254901963 0.03459637561779242 0.09019607843137255
0 0.4827018121911038 0.3058823529411765 0.023064250411861616 0.06274509803921569
0 0.14991762767710048 0.47843137254901963 0.03459637561779242 0.09019607843137255
0 0.7874794069192751 0.40784313725490196 0.03459637561779242 0.09019607843137255
0 0.3904448105436573 0.10588235294117647 0.006589785831960461 0.03137254901960784
0 0.8632619439868204 0.40784313725490196 0.03459637561779242 0.09019607843137255
0 0.3640856672158155 0.27058823529411763 0.023064250411861616 0.06274509803921569
0 0.45799011532125206 0.08627450980392157 0.006589785831960461 0.03137254901960784
0 0.060955518945634266 0.2627450980392157 0.023064250411861616 0.06274509803921569
0 0.7051070840197694 0.5882352941176471 0.03459637561779242 0.09019607843137255
0 0.5370675453047776 0.09019607843137255 0.006589785831960461 0.03137254901960784
0 0.5370675453047776 0.8784313725490196 0.04118616144975288 0.12156862745098039
0 0.9390444810543658 0.10980392156862745 0.006589785831960461 0.03137254901960784
0 0.7594728171334432 0.7372549019607844 0.04118616144975288 0.12156862745098039
0 0.41515650741350907 0.20784313725490197 0.006589785831960461 0.03137254901960784
0 0.929159802306425 0.16862745098039217 0.006589785831960461 0.03137254901960784
0 0.3953871499176277 0.21176470588235294 0.006589785831960461 0.03137254901960784
0 0.5848434925864909 0.13333333333333333 0.006589785831960461 0.03137254901960784
0 0.24217462932454695 0.2627450980392157 0.023064250411861616 0.06274509803921569
0 0.942339373970346 0.17254901960784313 0.006589785831960461 0.03137254901960784
0 0.8912685337726524 0.027450980392156862 0.006589785831960461 0.03137254901960784
0 0.7907742998352554 0.3176470588235294 0.023064250411861616 0.06274509803921569
0 0.8121911037891268 0.0196078431372549 0.006589785831960461 0.03137254901960784
0 0.9917627677100495 0.03529411764705882 0.006589785831960461 0.03137254901960784
0 0.45304777594728174 0.12941176470588237 0.006589785831960461 0.03137254901960784
0 0.8467874794069192 0.027450980392156862 0.006589785831960461 0.03137254901960784
0 0.5947281713344317 0.12941176470588237 0.006589785831960461 0.03137254901960784
0 0.9868204283360791 0.047058823529411764 0.006589785831960461 0.03137254901960784
0 0.2158154859967051 0.14901960784313725 0.006589785831960461 0.03137254901960784
0 0.6062602965403624 0.23921568627450981 0.023064250411861616 0.06274509803921569
0 0.17462932454695224 0.20784313725490197 0.006589785831960461 0.03137254901960784
0 0.4596375617792422 0.0196078431372549 0.006589785831960461 0.03137254901960784
0 0.22899505766062603 0.16862745098039217 0.006589785831960461 0.03137254901960784
