0 0.3275 0.5644444444444444 0.02 0.051111111111111114
0 0.895 0.3244444444444444 0.02 0.051111111111111114
0 0.005 0.29333333333333333 0.0125 0.035555555555555556
0 0.4875 0.5622222222222222 0.02 0.051111111111111114
0 0.49125 0.5133333333333333 0.02 0.051111111111111114
0 0.2575 0.4955555555555556 0.02 0.051111111111111114
0 0.00375 0.7555555555555555 0.0125 0.035555555555555556
0 0.21625 0.2 0.02 0.051111111111111114
0 0.58375 0.20222222222222222 0.02 0.051111111111111114
0 0.46625 0.04888888888888889 0.02 0.051111111111111114
0 0.415 0.04666666666666667 0.02 0.051111111111111114
0 0.3725 0.4577777777777778 0.02 0.051111111111111114
0 0.55375 0.5222222222222223 0.02 0.051111111111111114
0 0.05625 0.4777777777777778 0.02 0.051111111111111114
0 0.6525 0.5288888888888889 0.02 0.051111111111111114
0 0.1225 0.5733333333333334 0.02 0.051111111111111114
0 0.8875 0.82 0.02 0.051111111111111114
0 0.285 0.35555555555555557 0.02 0.051111111111111114
0 0.16875 0.14666666666666667 0.02 0.051111111111111114
0 0.735 0.6488888888888888 0.02 0.051111111111111114
0 0.8475 0.9622222222222222 0.02 0.051111111111111114
0 0.755 0.41555555555555557 0.02 0.051111111111111114
0 0.5225 0.6733333333333333 0.02 0.051111111111111114
0 0.5125 0.2311111111111111 0.02 0.051111111111111114
0 0.875 0.8 0.02 0.051111111111111114
0 0.0175 0.18222222222222223 0.02 0.051111111111111114
0 0.6075 0.4444444444444444 0.02 0.051111111111111114
0 0.27125 0.27555555555555555 0.02 0.051111111111111114
0 0.055 0.05333333333333334 0.02 0.051111111111111114
0 0.7875 0.2688888888888889 0.02 0.051111111111111114
0 0.79625 0.8133333333333334 0.02 0.051111111111111114
0 0.30625 0.6222222222222222 0.02 0.051111111111111114
0 0.6525 0.07555555555555556 0.02 0.051111111111111114
0 0.91 0.10222222222222223 0.02 0.051111111111111114
0 0.3925 0.76 0.02 0.051111111111111114
0 0.91625 0.0044444444444444444 0.0125 0.035555555555555556
0 0.84 0.2688888888888889 0.02 0.051111111111111114
0 0.76875 0.36444444444444446 0.02 0.051111111111111114
0 0.15625 0.2222222222222222 0.02 0.051111111111111114
0 0.55625 0.03333333333333333 0.02 0.051111111111111114
0 0.6575 0.9777777777777777 0.02 0.051111111111111114
0 0.95375 0.21777777777777776 0.02 0.051111111111111114
0 0.62625 0.7955555555555556 0.02 0.051111111111111114
0 0.77625 0.024444444444444446 0.02 0.051111111111111114
0 0.45625 0.21333333333333335 0.02 0.051111111111111114
0 0.4375 0.07555555555555556 0.02 0.051111111111111114
0 0.97875 0.9044444444444445 0.02 0.051111111111111114
0 0.40375 0.30444444444444446 0.02 0.051111111111111114
0 0.71 0.035555555555555556 0.02 0.051111111111111114
0 0.435 0.9533333333333334 0.02 0.051111111111111114
0 0.7425 0.9711111111111111 0.02 0.051111111111111114
0 0.3275 0.34444444444444444 0.02 0.051111111111111114
0 0.7425 0.2111111111111111 0.02 0.051111111111111114
0 0.55875 0.7422222222222222 0.02 0.051111111111111114
0 0.7 0.4666666666666667 0.02 0.051111111111111114
0 0.7425 0.035555555555555556 0.02 0.051111111111111114
0 0.31625 0.8422222222222222 0.02 0.051111111111111114
0 0.6325 0.7177777777777777 0.02 0.051111111111111114
0 0.075 0.5755555555555556 0.02 0.051111111111111114
0 0.96375 0.6511111111111111 0.02 0.051111111111111114
0 0.38 0.06888888888888889 0.02 0.051111111111111114
0 0.4025 0.49777777777777776 0.02 0.051111111111111114
0 0.2525 0.6044444444444445 0.02 0.051111111111111114
0 0.89375 0.5977777777777777 0.02 0.051111111111111114
0 0.73875 0.7533333333333333 0.02 0.051111111111111114
0 0.23375 0.6444444444444445 0.02 0.051111111111111114
0 0.09375 0.5266666666666666 0.02 0.051111111111111114
0 0.4975 0.7644444444444445 0.02 0.051111111111111114
0 0.2925 0.27111111111111114 0.02 0.051111111111111114
0 0.4975 0.14888888888888888 0.02 0.051111111111111114
0 0.3075 0.7088888888888889 0.02 0.051111111111111114
0 0.57875 0.04888888888888889 0.02 0.051111111111111114
0 0.7375 0.10666666666666667 0.02 0.051111111111111114
0 0.03375 0.21333333333333335 0.02 0.051111111111111114
0 0.56375 0.8888888888888888 0.02 0.051111111111111114
0 0.94125 0.5777777777777777 0.02 0.051111111111111114
0 0.05625 0.5555555555555556 0.02 0.051111111111111114
0 0.68 0.7866666666666666 0.02 0.051111111111111114
0 0.1225 0.07555555555555556 0.02 0.051111111111111114
0 0.44375 0.2644444444444444 0.02 0.051111111111111114
0 0.0975 0.4222222222222222 0.02 0.051111111111111114
0 0.07 0.7244444444444444 0.02 0.051111111111111114
0 0.5225 0.18222222222222223 0.02 0.051111111111111114
0 0.4 0.8422222222222222 0.02 0.051111111111111114
0 0.28625 0.40444444444444444 0.02 0.051111111111111114
0 0.725 0.4955555555555556 0.02 0.051111111111111114
0 0.84125 0.5533333333333333 0.02 0.051111111111111114
0 0.78125 0.04 0.02 0.051111111111111114
0 0.25625 0.7466666666666667 0.02 0.051111111111111114
0 0.7725 0.6511111111111111 0.02 0.051111111111111114
0 0.81625 0.4177777777777778 0.02 0.051111111111111114
0 0.24875 0.4444444444444444 0.02 0.051111111111111114
0 0.2275 0.42 0.02 0.051111111111111114
0 0.80875 0.8866666666666667 0.02 0.051111111111111114
0 0.50375 0.9177777777777778 0.02 0.051111111111111114
0 0.955 0.7555555555555555 0.02 0.051111111111111114
0 0.9125 0.44666666666666666 0.02 0.051111111111111114
0 0.35875 0.02666666666666667 0.02 0.051111111111111114
0 0.1775 0.19555555555555557 0.02 0.051111111111111114
0 0.36 0.20444444444444446 0.02 0.051111111111111114
0 0.40375 0.006666666666666667 0.0125 0.035555555555555556
0 0.1325 0.7133333333333334 0.02 0.051111111111111114
0 0.78 0.1622222222222222 0.02 0.051111111111111114
0 0.45125 0.7777777777777778 0.02 0.051111111111111114
0 0.36125 0.6666666666666666 0.02 0.051111111111111114
0 0.21 0.8977777777777778 0.02 0.051111111111111114
0 0.89625 0.3888888888888889 0.02 0.051111111111111114
0 0.6775 0.3888888888888889 0.02 0.051111111111111114
0 0.52125 0.2822222222222222 0.02 0.051111111111111114
0 0.12875 0.25555555555555554 0.02 0.051111111111111114
0 0.33875 0.12 0.02 0.051111111111111114
0 0.9125 0.23333333333333334 0.02 0.051111111111111114
0 0.90375 0.5466666666666666 0.02 0.051111111111111114
0 0.66375 0.035555555555555556 0.02 0.051111111111111114
0 0.0725 0.3244444444444444 0.02 0.051111111111111114
0 0.4075 0.5688888888888889 0.02 0.051111111111111114
0 0.185 0.09333333333333334 0.02 0.051111111111111114
0 0.00375 0.05333333333333334 0.0125 0.035555555555555556
0 0.415 0.4 0.02 0.051111111111111114
0 0.6025 0.16444444444444445 0.02 0.051111111111111114
0 0.7675 0.9244444444444444 0.02 0.051111111111111114
0 0.3775 0.3488888888888889 0.02 0.051111111111111114
0 0.4925 0.8533333333333334 0.02 0.051111111111111114
0 0.2325 0.9422222222222222 0.02 0.051111111111111114
0 0.855 0.7377777777777778 0.02 0.051111111111111114
0 0.01 0.03111111111111111 0.0125 0.035555555555555556
0 0.10625 0.14666666666666667 0.02 0.051111111111111114
0 0.5525 0.9288888888888889 0.02 0.051111111111111114
0 0.0625 0.25333333333333335 0.02 0.051111111111111114
0 0.02625 0.29777777777777775 0.02 0.051111111111111114
0 0.22625 0.27555555555555555 0.02 0.051111111111111114
0 0.77375 0.5288888888888889 0.02 0.051111111111111114
0 0.60875 0.024444444444444446 0.02 0.051111111111111114
0 0.35875 0.1288888888888889 0.02 0.051111111111111114
0 0.6275 0.9311111111111111 0.02 0.051111111111111114
0 0.12 0.19111111111111112 0.02 0.051111111111111114
0 0.17625 0.4311111111111111 0.02 0.051111111111111114
0 0.545 0.3622222222222222 0.02 0.051111111111111114
0 0.2025 0.3111111111111111 0.02 0.051111111111111114
0 0.7025 0.18222222222222223 0.02 0.051111111111111114
0 0.68875 0.26 0.02 0.051111111111111114
0 0.075 0.9333333333333333 0.02 0.051111111111111114
0 0.3775 0.56 0.02 0.051111111111111114
0 0.68875 0.31777777777777777 0.02 0.051111111111111114
0 0.73625 0.011111111111111112 0.0125 0.035555555555555556
0 0.2925 0.9111111111111111 0.02 0.051111111111111114
0 0.87 0.15777777777777777 0.02 0.051111111111111114
0 0.265 0.8533333333333334 0.02 0.051111111111111114
0 0.4475 0.5733333333333334 0.02 0.051111111111111114
0 0.0725 0.18666666666666668 0.02 0.051111111111111114
0 0.18875 0.5488888888888889 0.02 0.051111111111111114
0 0.65875 0.62 0.02 0.051111111111111114
0 0.9675 0.39111111111111113 0.02 0.051111111111111114
0 0.98 0.8288888888888889 0.02 0.051111111111111114
0 0.4425 0.8222222222222222 0.02 0.051111111111111114
0 0.12375 0.14888888888888888 0.02 0.051111111111111114
0 0.22375 0.10888888888888888 0.02 0.051111111111111114
0 0.48125 0.6511111111111111 0.02 0.051111111111111114
0 0.97625 0.34444444444444444 0.02 0.051111111111111114
0 0.34 0.5088888888888888 0.02 0.051111111111111114
0 0.1425 0.8622222222222222 0.02 0.051111111111111114
0 0.7425 0.24666666666666667 0.02 0.051111111111111114
0 0.5275 0.02 0.0125 0.035555555555555556
0 0.33 0.20666666666666667 0.02 0.051111111111111114
0 0.4475 0.17555555555555555 0.02 0.051111111111111114
0 0.7 0.5488888888888889 0.02 0.051111111111111114
0 0.41 0.9666666666666667 0.02 0.051111111111111114
0 0.78625 0.10222222222222223 0.02 0.051111111111111114
0 0.15625 0.9555555555555556 0.02 0.051111111111111114
0 0.6 0.31555555555555553 0.02 0.051111111111111114
0 0.99625 0.5022222222222222 0.0125 0.035555555555555556
0 0.96 0.1 0.02 0.051111111111111114
0 0.30875 0.19555555555555557 0.02 0.051111111111111114
0 0.16625 0.5 0.02 0.051111111111111114
0 0.9675 0.024444444444444446 0.02 0.051111111111111114
0 0.58 0.6933333333333334 0.02 0.051111111111111114
0 0.65 0.5 0.02 0.051111111111111114
0 0.86875 0.03111111111111111 0.02 0.051111111111111114
0 0.2825 0.09555555555555556 0.02 0.051111111111111114
0 0.34 0.26 0.02 0.051111111111111114
0 0.6675 0.26222222222222225 0.02 0.051111111111111114
0 0.36875 0.9511111111111111 0.02 0.051111111111111114
0 0.51 0.31555555555555553 0.02 0.051111111111111114
0 0.96375 0.9444444444444444 0.02 0.051111111111111114
0 0.5825 0.6177777777777778 0.02 0.051111111111111114
0 0.3225 0.45111111111111113 0.02 0.051111111111111114
0 0.1275 0.47333333333333333 0.02 0.051111111111111114
0 0.05875 0.8422222222222222 0.02 0.051111111111111114
0 0.445 0.35555555555555557 0.02 0.051111111111111114
0 0.0025 0.2222222222222222 0.0125 0.035555555555555556
0 0.8 0.4777777777777778 0.02 0.051111111111111114
0 0.55375 0.44 0.02 0.051111111111111114
0 0.3675 0.27111111111111114 0.02 0.051111111111111114
0 0.57375 0.5511111111111111 0.02 0.051111111111111114
0 0.71125 0.8888888888888888 0.02 0.051111111111111114
