0 0.6165760869565218 0.2288273615635179 0.008152173913043478 0.02239413680781759
0 0.4622282608695652 0.13925081433224756 0.002717391304347826 0.008957654723127036
0 0.5111413043478261 0.10260586319218241 0.002717391304347826 0.008957654723127036
0 0.5461956521739131 0.20806188925081434 0.006793478260869565 0.012622149837133551
0 0.3342391304347826 0.16693811074918566 0.006793478260869565 0.012622149837133551
0 0.5741847826086957 0.13477198697068404 0.002717391304347826 0.008957654723127036
0 0.3125 0.3253257328990228 0.014673913043478261 0.02239413680781759
0 0.6154891304347826 0.17060260586319217 0.006793478260869565 0.012622149837133551
0 0.7342391304347826 0.11929967426710097 0.002173913043478261 0.0
0 0.39565217391304347 0.18485342019543974 0.006793478260869565 0.012622149837133551
0 0.9290760869565218 0.16612377850162866 0.002173913043478261 0.0
0 0.8785326086956522 0.24185667752442996 0.008152173913043478 0.02239413680781759
0 0.9755434782608695 0.1763029315960912 0.002173913043478261 0.0
0 0.9551630434782609 0.17141693811074918 0.002173913043478261 0.0
0 0.8388586956521739 0.16530944625407165 0.002173913043478261 0.0
0 0.3557065217391304 0.2288273615635179 0.014673913043478261 0.02239413680781759
0 0.9021739130434783 0.2288273615635179 0.008152173913043478 0.02239413680781759
0 0.883695652173913 0.19381107491856678 0.002173913043478261 0.0
0 0.34891304347826085 0.127442996742671 0.002717391304347826 0.008957654723127036
0 0.8614130434782609 0.23737785016286644 0.008152173913043478 0.02239413680781759
0 0.4331521739130435 0.21335504885993486 0.006793478260869565 0.012622149837133551
0 0.8611413043478261 0.18241042345276873 0.002173913043478261 0.0
0 0.6021739130434782 0.18485342019543974 0.006793478260869565 0.012622149837133551
0 0.6114130434782609 0.16978827361563517 0.006793478260869565 0.012622149837133551
0 0.6589673913043478 0.1758957654723127 0.008695652173913044 0.011400651465798045
0 0.4861413043478261 0.18851791530944625 0.006793478260869565 0.012622149837133551
0 0.3948369565217391 0.13599348534201955 0.002717391304347826 0.008957654723127036
0 0.7994565217391304 0.18363192182410423 0.002173913043478261 0.0
0 0.2483695652173913 0.2760586319218241 0.014673913043478261 0.02239413680781759
0 0.6277173913043478 0.24633550488599348 0.008152173913043478 0.02239413680781759
0 0.38722826086956524 0.2280130293159609 0.014673913043478261 0.02239413680781759
0 0.4146739130434783 0.14291530944625408 0.002717391304347826 0.008957654723127036
0 0.7111413043478261 0.30618892508143325 0.013858695652173913 0.0248371335504886
0 0.9945652173913043 0.22312703583061888 0.002173913043478261 0.0
0 0.8888586956521739 0.5411237785016286 0.02717391304347826 0.04478827361563518
0 0.4915760869565217 0.26099348534201955 0.008152173913043478 0.02239413680781759
0 0.3703804347826087 0.15105863192182412 0.002717391304347826 0.008957654723127036
0 0.3904891304347826 0.12947882736156352 0.002717391304347826 0.008957654723127036
0 0.4641304347826087 0.19218241042345277 0.006793478260869565 0.012622149837133551
0 0.8089673913043478 0.15594462540716614 0.002173913043478261 0.0
0 0.8527173913043479 0.2271986970684039 0.008152173913043478 0.02239413680781759
0 0.5451086956521739 0.16530944625407165 0.006793478260869565 0.012622149837133551
0 0.9777173913043479 0.13802931596091206 0.002173913043478261 0.0
0 0.46141304347826084 0.30333876221498374 0.013858695652173913 0.0248371335504886
0 0.811141304347826 0.21050488599348535 0.007880434782608695 0.01017915309446254
0 0.9891304347826086 0.13721498371335505 0.002173913043478261 0.0
0 0.44157608695652173 0.15350162866449513 0.002717391304347826 0.008957654723127036
0 0.5728260869565217 0.21539087947882737 0.006793478260869565 0.012622149837133551
0 0.18559782608695652 0.4368892508143323 0.02282608695652174 0.04478827361563518
0 0.5524456521739131 0.20521172638436483 0.006793478260869565 0.012622149837133551
0 0.4951086956521739 0.08754071661237785 0.002717391304347826 0.008957654723127036
0 0.7084239130434783 0.25814332247557004 0.008152173913043478 0.02239413680781759
0 0.48043478260869565 0.07654723127035831 0.002717391304347826 0.008957654723127036
0 0.2076086956521739 0.31514657980456023 0.014673913043478261 0.02239413680781759
0 0.43722826086956523 0.04030944625407166 0.002717391304347826 0.008957654723127036
0 0.04619565217391304 0.5895765472312704 0.035597826086956524 0.06881107491856678
0 0.33342391304347824 0.20969055374592835 0.006793478260869565 0.012622149837133551
0 0.40380434782608693 0.2927524429967427 0.014673913043478261 0.02239413680781759
0 0.6934782608695652 0.21742671009771988 0.007880434782608695 0.01017915309446254
0 0.36440217391304347 0.28094462540716614 0.014673913043478261 0.02239413680781759
0 0.675 0.16856677524429967 0.008695652173913044 0.011400651465798045
0 0.7339673913043478 0.16815960912052116 0.008695652173913044 0.011400651465798045
0 0.8274456521739131 0.19340390879478828 0.007880434782608695 0.01017915309446254
0 0.6972826086956522 0.3473127035830619 0.013858695652173913 0.0248371335504886
0 0.7445652173913043 0.13517915309446255 0.002173913043478261 0.0
0 0.5823369565217391 0.13884364820846906 0.002717391304347826 0.008957654723127036
0 0.8396739130434783 0.2300488599348534 0.008152173913043478 0.02239413680781759
0 0.9809782608695652 0.21783387622149838 0.002173913043478261 0.0
0 0.6978260869565217 0.15716612377850162 0.004619565217391305 0.0061074918566775245
0 0.45625 0.050895765472312705 0.002717391304347826 0.008957654723127036
0 0.7671195652173913 0.2707654723127036 0.013858695652173913 0.0248371335504886
0 0.8024456521739131 0.14210097719869708 0.002173913043478261 0.0
0 0.38505434782608694 0.13110749185667753 0.002717391304347826 0.008957654723127036
0 0.6095108695652174 0.14087947882736157 0.002717391304347826 0.008957654723127036
0 0.5421195652173914 0.15105863192182412 0.002717391304347826 0.008957654723127036
0 0.5774456521739131 0.14250814332247558 0.002717391304347826 0.008957654723127036
0 0.8910326086956522 0.18811074918566775 0.002173913043478261 0.0
0 0.42934782608695654 0.12947882736156352 0.002717391304347826 0.008957654723127036
0 0.8165760869565217 0.13843648208469056 0.002173913043478261 0.0
0 0.44972826086956524 0.13558631921824105 0.002717391304347826 0.008957654723127036
0 0.45815217391304347 0.2003257328990228 0.006793478260869565 0.012622149837133551
0 0.8358695652173913 0.21742671009771988 0.007880434782608695 0.01017915309446254
0 0.4513586956521739 0.12947882736156352 0.002717391304347826 0.008957654723127036
0 0.8089673913043478 0.34324104234527686 0.013858695652173913 0.0248371335504886
0 0.6445652173913043 0.9079804560260586 0.05271739130434783 0.08224755700325732
0 0.7864130434782609 0.20276872964169382 0.007880434782608695 0.01017915309446254
0 0.5198369565217391 0.17141693811074918 0.006793478260869565 0.012622149837133551
0 0.8597826086956522 0.20643322475570033 0.007880434782608695 0.01017915309446254
0 0.4673913043478261 0.059039087947882735 0.002717391304347826 0.008957654723127036
0 0.5641304347826087 0.16408794788273615 0.006793478260869565 0.012622149837133551
0 0.7597826086956522 0.2255700325732899 0.008152173913043478 0.02239413680781759
0 0.7945652173913044 0.16571661237785015 0.002173913043478261 0.0
0 0.6342391304347826 0.16449511400651465 0.006793478260869565 0.012622149837133551
0 0.4290760869565217 0.14372964169381108 0.002717391304347826 0.008957654723127036
0 0.5608695652173913 0.1970684039087948 0.006793478260869565 0.012622149837133551
0 0.6133152173913043 0.1445439739413681 0.002717391304347826 0.008957654723127036
0 0.9877717391304348 0.2276058631921824 0.002173913043478261 0.0
0 0.90625 0.18607491856677524 0.002173913043478261 0.0
0 0.3739130434782609 0.23900651465798045 0.014673913043478261 0.02239413680781759
0 0.9323369565217391 0.2011400651465798 0.002173913043478261 0.0
0 0.8108695652173913 0.18892508143322476 0.007880434782608695 0.01017915309446254
0 0.6864130434782608 0.2259771986970684 0.008152173913043478 0.02239413680781759
0 0.8529891304347826 0.13965798045602607 0.002173913043478261 0.0
0 0.33125 0.2919381107491857 0.014673913043478261 0.02239413680781759
0 0.7703804347826086 0.1461726384364821 0.002173913043478261 0.0
0 0.7198369565217392 0.10423452768729642 0.002173913043478261 0.0
0 0.7165760869565218 0.6693811074918566 0.035597826086956524 0.06881107491856678
0 0.47554347826086957 0.4368892508143323 0.02282608695652174 0.04478827361563518
0 0.7483695652173913 0.23493485342019543 0.008152173913043478 0.02239413680781759
0 0.6105978260869566 0.20439739413680783 0.006793478260869565 0.012622149837133551
0 0.5111413043478261 0.22068403908794787 0.006793478260869565 0.012622149837133551
0 0.5114130434782609 0.20521172638436483 0.006793478260869565 0.012622149837133551
0 0.7097826086956521 0.13558631921824105 0.002173913043478261 0.0
0 0.8961956521739131 0.19543973941368079 0.002173913043478261 0.0
0 0.5665760869565217 0.2504071661237785 0.008152173913043478 0.02239413680781759
0 0.6326086956521739 0.14006514657980457 0.002717391304347826 0.008957654723127036
0 0.4904891304347826 0.7100977198697068 0.035597826086956524 0.06881107491856678
0 0.9657608695652173 0.1982899022801303 0.002173913043478261 0.0
0 0.6282608695652174 0.2903094462540717 0.013858695652173913 0.0248371335504886
0 0.8002717391304348 0.13843648208469056 0.002173913043478261 0.0
0 0.50625 0.18363192182410423 0.006793478260869565 0.012622149837133551
0 0.997554347826087 0.13925081433224756 0.002173913043478261 0.0
0 0.8535326086956522 0.16449511400651465 0.002173913043478261 0.0
0 0.2543478260869565 0.31433224755700323 0.014673913043478261 0.02239413680781759
0 0.73125 0.1254071661237785 0.002173913043478261 0.0
0 0.7217391304347827 0.13517915309446255 0.002173913043478261 0.0
0 0.020380434782608696 0.7267915309446255 0.029619565217391303 0.05741042345276873
0 0.42418478260869563 0.14291530944625408 0.002717391304347826 0.008957654723127036
0 0.9089673913043478 0.16123778501628663 0.002173913043478261 0.0
0 0.34402173913043477 0.15879478827361562 0.002717391304347826 0.008957654723127036
0 0.4578804347826087 0.1783387622149837 0.006793478260869565 0.012622149837133551
0 0.9225543478260869 0.2923452768729642 0.013858695652173913 0.0248371335504886
0 0.9630434782608696 0.18444625407166124 0.002173913043478261 0.0
0 0.9739130434782609 0.13558631921824105 0.002173913043478261 0.0
0 0.5524456521739131 0.2947882736156352 0.013858695652173913 0.0248371335504886
0 0.9434782608695652 0.2760586319218241 0.013858695652173913 0.0248371335504886
0 0.9565217391304348 0.13762214983713356 0.002173913043478261 0.0
0 0.5116847826086957 0.13884364820846906 0.002717391304347826 0.008957654723127036
0 0.5445652173913044 0.12296416938110749 0.002717391304347826 0.008957654723127036
0 0.9614130434782608 0.15960912052117263 0.002173913043478261 0.0
0 0.8168478260869565 0.16205211726384364 0.002173913043478261 0.0
0 0.8989130434782608 0.18648208469055375 0.002173913043478261 0.0
0 0.36168478260869563 0.22149837133550487 0.004076086956521739 0.008957654723127036
0 0.6339673913043479 0.19543973941368079 0.006793478260869565 0.012622149837133551
0 0.9557065217391304 0.21661237785016288 0.002173913043478261 0.0
0 0.4494565217391304 0.15065146579804561 0.002717391304347826 0.008957654723127036
0 0.49592391304347827 0.14006514657980457 0.002717391304347826 0.008957654723127036
0 0.8896739130434783 0.1461726384364821 0.002173913043478261 0.0
0 0.4138586956521739 0.18851791530944625 0.006793478260869565 0.012622149837133551
0 0.6875 0.3587133550488599 0.013858695652173913 0.0248371335504886
0 0.6086956521739131 0.12988599348534202 0.002717391304347826 0.008957654723127036
0 0.5573369565217391 0.15798045602605862 0.002717391304347826 0.008957654723127036
0 0.6195652173913043 0.1461726384364821 0.002717391304347826 0.008957654723127036
0 0.5442934782608696 0.18526058631921824 0.006793478260869565 0.012622149837133551
0 0.5301630434782608 0.13843648208469056 0.002717391304347826 0.008957654723127036
0 0.5578804347826087 0.2304560260586319 0.008152173913043478 0.02239413680781759
0 0.6486413043478261 0.15146579804560262 0.002717391304347826 0.0061074918566775245
0 0.5366847826086957 0.11767100977198697 0.002717391304347826 0.008957654723127036
0 0.7679347826086956 0.2304560260586319 0.008152173913043478 0.02239413680781759
0 0.8744565217391305 0.15553745928338764 0.002173913043478261 0.0
0 0.4698369565217391 0.15065146579804561 0.002717391304347826 0.008957654723127036
0 0.4589673913043478 0.24470684039087948 0.008152173913043478 0.02239413680781759
0 0.6983695652173914 0.11807817589576547 0.002173913043478261 0.0
0 0.8146739130434782 0.13070032573289903 0.002173913043478261 0.0
0 0.658695652173913 0.15879478827361562 0.002717391304347826 0.0061074918566775245
0 0.5725543478260869 0.14332247557003258 0.002717391304347826 0.008957654723127036
0 0.4845108695652174 0.13640065146579805 0.002717391304347826 0.008957654723127036
0 0.6342391304347826 0.21091205211726385 0.006793478260869565 0.012622149837133551
0 0.7605978260869565 0.20765472312703584 0.007880434782608695 0.01017915309446254
0 0.44157608695652173 0.046009771986970684 0.002717391304347826 0.008957654723127036
0 0.4880434782608696 0.14006514657980457 0.002717391304347826 0.008957654723127036
0 0.13994565217391305 0.762214983713355 0.035597826086956524 0.06881107491856678
0 0.5633152173913043 0.15594462540716614 0.002717391304347826 0.008957654723127036
0 0.8152173913043478 0.46416938110749184 0.02282608695652174 0.04478827361563518
0 0.3027173913043478 0.36848534201954397 0.02282608695652174 0.04478827361563518
0 0.65 0.14128664495114007 0.002717391304347826 0.0061074918566775245
0 0.4921195652173913 0.13884364820846906 0.002717391304347826 0.008957654723127036
0 0.8885869565217391 0.16205211726384364 0.002173913043478261 0.0
0 0.9535326086956522 0.16368078175895764 0.002173913043478261 0.0
0 0.4290760869565217 0.2011400651465798 0.006793478260869565 0.012622149837133551
0 0.6733695652173913 0.4947068403908795 0.02282608695652174 0.04478827361563518
0 0.9505434782608696 0.1498371335504886 0.002173913043478261 0.0
0 0.9228260869565217 0.23697068403908794 0.008152173913043478 0.02239413680781759
0 0.4407608695652174 0.21009771986970685 0.006793478260869565 0.012622149837133551
0 0.7288043478260869 0.23371335504885993 0.008152173913043478 0.02239413680781759
0 0.7383152173913043 0.30618892508143325 0.013858695652173913 0.0248371335504886
0 0.7160326086956522 0.21620521172638438 0.007880434782608695 0.01017915309446254
0 0.5304347826086957 0.15879478827361562 0.002717391304347826 0.008957654723127036
0 0.4171195652173913 0.3004885993485342 0.011141304347826087 0.01750814332247557
0 0.22309782608695652 0.3350977198697068 0.014673913043478261 0.02239413680781759
0 0.8277173913043478 0.21946254071661236 0.007880434782608695 0.01017915309446254
0 0.7834239130434782 0.1779315960912052 0.002173913043478261 0.0
0 0.5209239130434783 0.15594462540716614 0.002717391304347826 0.008957654723127036
0 0.564945652173913 0.20765472312703584 0.006793478260869565 0.012622149837133551
0 0.8964673913043478 0.1775244299674267 0.002173913043478261 0.0
0 0.6777173913043478 0.1986970684039088 0.007880434782608695 0.01017915309446254
0 0.6149456521739131 0.13640065146579805 0.002717391304347826 0.008957654723127036
0 0.9491847826086957 0.5162866449511401 0.02282608695652174 0.04478827361563518
0 0.9182065217391304 0.19136807817589577 0.002173913043478261 0.0
0 0.46494565217391304 0.1449511400651466 0.002717391304347826 0.008957654723127036
0 0.4945652173913043 0.08021172638436481 0.002717391304347826 0.008957654723127036
0 0.8809782608695652 0.13884364820846906 0.002173913043478261 0.0
0 0.7375 0.4234527687296417 0.02282608695652174 0.04478827361563518
0 0.5489130434782609 0.13029315960912052 0.002717391304347826 0.008957654723127036
0 0.5989130434782609 0.14087947882736157 0.002717391304347826 0.008957654723127036
0 0.3470108695652174 0.23412052117263843 0.014673913043478261 0.02239413680781759
0 0.5317934782608695 0.18200325732899023 0.006793478260869565 0.012622149837133551
0 0.49266304347826084 0.16042345276872963 0.002717391304347826 0.008957654723127036
0 0.6353260869565217 0.1771172638436482 0.006793478260869565 0.012622149837133551
0 0.5668478260869565 0.13517915309446255 0.002717391304347826 0.008957654723127036
0 0.2627717391304348 0.24674267100977199 0.014673913043478261 0.02239413680781759
0 0.28940217391304346 0.20928338762214985 0.006793478260869565 0.012622149837133551
0 0.6627717391304347 0.20276872964169382 0.007880434782608695 0.01017915309446254
0 0.5953804347826087 0.13762214983713356 0.002717391304347826 0.008957654723127036
0 0.7817934782608695 0.11604234527687296 0.002173913043478261 0.0
0 0.16304347826086957 0.3925081433224756 0.02282608695652174 0.04478827361563518
0 0.41875 0.1567589576547231 0.002717391304347826 0.008957654723127036
0 0.9638586956521739 0.21335504885993486 0.002173913043478261 0.0
0 0.9739130434782609 0.18688925081433225 0.002173913043478261 0.0
0 0.5959239130434782 0.380700325732899 0.02282608695652174 0.04478827361563518
0 0.6260869565217392 0.2276058631921824 0.008152173913043478 0.02239413680781759
0 0.8752717391304348 0.4507328990228013 0.02282608695652174 0.04478827361563518
0 0.9826086956521739 0.20480456026058633 0.002173913043478261 0.0
0 0.5880434782608696 0.14047231270358307 0.002717391304347826 0.008957654723127036
0 0.5048913043478261 0.16571661237785015 0.006793478260869565 0.012622149837133551
0 0.6220108695652173 0.13558631921824105 0.002717391304347826 0.008957654723127036
0 0.32961956521739133 0.7324918566775245 0.035597826086956524 0.06881107491856678
0 0.6407608695652174 0.31636807817589574 0.013858695652173913 0.0248371335504886
0 0.28858695652173916 0.2255700325732899 0.014673913043478261 0.02239413680781759
0 0.6252717391304348 0.15390879478827363 0.002717391304347826 0.008957654723127036
0 0.6760869565217391 0.2744299674267101 0.013858695652173913 0.0248371335504886
0 0.5342391304347827 0.23819218241042345 0.008152173913043478 0.02239413680781759
0 0.3353260869565217 0.15065146579804561 0.002717391304347826 0.008957654723127036
0 0.47907608695652176 0.18037459283387622 0.006793478260869565 0.012622149837133551
0 0.7657608695652174 0.1465798045602606 0.002173913043478261 0.0
0 0.358695652173913 0.13355048859934854 0.002717391304347826 0.008957654723127036
0 0.8317934782608696 0.6986970684039088 0.035597826086956524 0.06881107491856678
0 0.9703804347826087 0.22068403908794787 0.002173913043478261 0.0
0 0.6372282608695652 0.43485342019543977 0.02282608695652174 0.04478827361563518
0 0.6910326086956522 0.14169381107491857 0.002173913043478261 0.0
0 0.49918478260869564 0.2504071661237785 0.008152173913043478 0.02239413680781759
0 0.925 0.15309446254071662 0.002173913043478261 0.0
0 0.5508152173913043 0.16653094462540716 0.006793478260869565 0.012622149837133551
0 0.4589673913043478 0.15594462540716614 0.002717391304347826 0.008957654723127036
0 0.5853260869565218 0.12907166123778502 0.002717391304347826 0.008957654723127036
0 0.5888586956521739 0.1999185667752443 0.006793478260869565 0.012622149837133551
0 0.6410326086956522 0.1465798045602606 0.002717391304347826 0.008957654723127036
0 0.539945652173913 0.5333876221498371 0.02717391304347826 0.04478827361563518
0 0.5983695652173913 0.2280130293159609 0.008152173913043478 0.02239413680781759
0 0.1986413043478261 0.40390879478827363 0.02282608695652174 0.04478827361563518
0 0.5502717391304348 0.14169381107491857 0.002717391304347826 0.008957654723127036
0 0.7611413043478261 0.30863192182410426 0.013858695652173913 0.0248371335504886
0 0.8489130434782609 0.1750814332247557 0.002173913043478261 0.0
0 0.4097826086956522 0.2487785016286645 0.014673913043478261 0.02239413680781759
0 0.5010869565217392 0.32084690553745926 0.013858695652173913 0.0248371335504886
0 0.5758152173913044 0.23493485342019543 0.008152173913043478 0.02239413680781759
0 0.4752717391304348 0.13599348534201955 0.002717391304347826 0.008957654723127036
0 0.7820652173913043 0.24470684039087948 0.008152173913043478 0.02239413680781759
0 0.5986413043478261 0.6429153094462541 0.035597826086956524 0.06881107491856678
0 0.46603260869565216 0.21050488599348535 0.006793478260869565 0.012622149837133551
0 0.9464673913043479 0.3302117263843648 0.013858695652173913 0.0248371335504886
0 0.7472826086956522 0.1494299674267101 0.002173913043478261 0.0
0 0.8029891304347826 0.13314332247557004 0.002173913043478261 0.0
0 0.8527173913043479 0.20195439739413681 0.007880434782608695 0.01017915309446254
0 0.8595108695652174 0.16123778501628663 0.002173913043478261 0.0
0 0.44320652173913044 0.13599348534201955 0.002717391304347826 0.008957654723127036
0 0.7510869565217392 0.1966612377850163 0.007880434782608695 0.01017915309446254
0 0.7948369565217391 0.1567589576547231 0.002173913043478261 0.0
0 0.9252717391304348 0.19503257328990228 0.002173913043478261 0.0
0 0.42228260869565215 0.5293159609120521 0.02717391304347826 0.04478827361563518
0 0.7720108695652174 0.11563517915309446 0.002173913043478261 0.0
0 0.24483695652173912 0.6905537459283387 0.035597826086956524 0.06881107491856678
0 0.9532608695652174 0.20439739413680783 0.002173913043478261 0.0
0 0.883695652173913 0.17263843648208468 0.002173913043478261 0.0
0 0.4116847826086957 0.13477198697068404 0.002717391304347826 0.008957654723127036
0 0.9103260869565217 0.1962540716612378 0.002173913043478261 0.0
0 0.7904891304347826 0.2280130293159609 0.008152173913043478 0.02239413680781759
0 0.7600543478260869 0.11929967426710097 0.002173913043478261 0.0
0 0.9339673913043478 0.19258957654723127 0.002173913043478261 0.0
0 0.4861413043478261 0.31026058631921827 0.013858695652173913 0.0248371335504886
0 0.4076086956521739 0.14128664495114007 0.002717391304347826 0.008957654723127036
0 0.5807065217391304 0.1734527687296417 0.006793478260869565 0.012622149837133551
0 0.9328804347826087 0.24511400651465798 0.008152173913043478 0.02239413680781759
0 0.6880434782608695 0.17304560260586319 0.008695652173913044 0.011400651465798045
0 0.5853260869565218 0.17223127035830618 0.006793478260869565 0.012622149837133551
0 0.10625 0.40594462540716614 0.02282608695652174 0.04478827361563518
0 0.37581521739130436 0.22027687296416937 0.006793478260869565 0.012622149837133551
0 0.7361413043478261 0.25651465798045603 0.008152173913043478 0.02239413680781759
0 0.4217391304347826 0.1978827361563518 0.006793478260869565 0.012622149837133551
0 0.778804347826087 0.23289902280130292 0.008152173913043478 0.02239413680781759
0 0.9627717391304348 0.2683224755700326 0.013858695652173913 0.0248371335504886
0 0.5657608695652174 0.35952768729641693 0.013858695652173913 0.0248371335504886
0 0.3527173913043478 0.2695439739413681 0.014673913043478261 0.02239413680781759
0 0.8307065217391304 0.1779315960912052 0.002173913043478261 0.0
0 0.70625 0.15146579804560262 0.002173913043478261 0.0
0 0.8855978260869565 0.1490228013029316 0.002173913043478261 0.0
0 0.4861413043478261 0.16815960912052116 0.006793478260869565 0.012622149837133551
0 0.6589673913043478 0.1502442996742671 0.002717391304347826 0.0061074918566775245
0 0.7777173913043478 0.16449511400651465 0.002173913043478261 0.0
0 0.53125 0.12133550488599348 0.002717391304347826 0.008957654723127036
0 0.3339673913043478 0.31473941368078173 0.014673913043478261 0.02239413680781759
0 0.9565217391304348 0.15268729641693812 0.002173913043478261 0.0
0 0.9144021739130435 0.33672638436482083 0.013858695652173913 0.0248371335504886
0 0.5573369565217391 0.13029315960912052 0.002717391304347826 0.008957654723127036
0 0.49918478260869564 0.1498371335504886 0.002717391304347826 0.008957654723127036
0 0.9850543478260869 0.1742671009771987 0.002173913043478261 0.0
0 0.6663043478260869 0.15594462540716614 0.002717391304347826 0.0061074918566775245
0 0.8391304347826087 0.1473941368078176 0.002173913043478261 0.0
0 0.6445652173913043 0.21294788273615636 0.006793478260869565 0.012622149837133551
0 0.6195652173913043 0.1958469055374593 0.006793478260869565 0.012622149837133551
0 0.8570652173913044 0.1966612377850163 0.007880434782608695 0.01017915309446254
0 0.3970108695652174 0.1734527687296417 0.006793478260869565 0.012622149837133551
0 0.7005434782608696 0.14169381107491857 0.002173913043478261 0.0
0 0.7540760869565217 0.21946254071661236 0.007880434782608695 0.01017915309446254
0 0.21114130434782608 0.49104234527687296 0.02282608695652174 0.04478827361563518
0 0.65625 0.16571661237785015 0.008695652173913044 0.011400651465798045
0 0.6706521739130434 0.20236156351791532 0.007880434782608695 0.01017915309446254
0 0.41032608695652173 0.7092833876221498 0.035597826086956524 0.06881107491856678
0 0.10733695652173914 0.44055374592833874 0.02282608695652174 0.04478827361563518
0 0.6826086956521739 0.3241042345276873 0.013858695652173913 0.0248371335504886
0 0.9027173913043478 0.1995114006514658 0.002173913043478261 0.0
0 0.80625 0.13477198697068404 0.002173913043478261 0.0
0 0.972554347826087 0.16245928338762214 0.002173913043478261 0.0
0 0.5543478260869565 0.1779315960912052 0.006793478260869565 0.012622149837133551
0 0.9396739130434782 0.20969055374592835 0.002173913043478261 0.0
0 0.3513586956521739 0.1482084690553746 0.002717391304347826 0.008957654723127036
0 0.7869565217391304 0.15309446254071662 0.002173913043478261 0.0
0 0.7418478260869565 0.21946254071661236 0.007880434782608695 0.01017915309446254
0 0.38125 0.14372964169381108 0.002717391304347826 0.008957654723127036
0 0.6975543478260869 0.20765472312703584 0.007880434782608695 0.01017915309446254
0 0.4673913043478261 0.13232899022801303 0.002717391304347826 0.008957654723127036
0 0.40108695652173915 0.13151465798045603 0.002717391304347826 0.008957654723127036
0 0.5980978260869565 0.41327361563517917 0.02282608695652174 0.04478827361563518
0 0.8801630434782609 0.18485342019543974 0.002173913043478261 0.0
0 0.4730978260869565 0.06473941368078176 0.002717391304347826 0.008957654723127036
0 0.9184782608695652 0.20358306188925082 0.002173913043478261 0.0
0 0.5008152173913043 0.09527687296416938 0.002717391304347826 0.008957654723127036
0 0.6440217391304348 0.28705211726384366 0.013858695652173913 0.0248371335504886
0 0.7304347826086957 0.34568403908794787 0.013858695652173913 0.0248371335504886
0 0.39510869565217394 0.15960912052117263 0.002717391304347826 0.008957654723127036
0 0.24592391304347827 0.36115635179153094 0.014673913043478261 0.02239413680781759
0 0.9817934782608696 0.19177524429967427 0.002173913043478261 0.0
0 0.48206521739130437 0.23737785016286644 0.008152173913043478 0.02239413680781759
0 0.5826086956521739 0.16001628664495113 0.002717391304347826 0.008957654723127036
0 0.4410326086956522 0.14291530944625408 0.002717391304347826 0.008957654723127036
0 0.5448369565217391 0.13599348534201955 0.002717391304347826 0.008957654723127036
0 0.6057065217391304 0.1567589576547231 0.002717391304347826 0.008957654723127036
0 0.4339673913043478 0.1775244299674267 0.006793478260869565 0.012622149837133551
0 0.6013586956521739 0.13192182410423453 0.002717391304347826 0.008957654723127036
0 0.7320652173913044 0.14332247557003258 0.002173913043478261 0.0
0 0.8326086956521739 0.15553745928338764 0.002173913043478261 0.0
0 0.4429347826086957 0.19055374592833876 0.006793478260869565 0.012622149837133551
0 0.9279891304347826 0.2182410423452769 0.002173913043478261 0.0
0 0.5144021739130434 0.10423452768729642 0.002717391304347826 0.008957654723127036
0 0.7907608695652174 0.13640065146579805 0.002173913043478261 0.0
0 0.3342391304347826 0.498371335504886 0.02282608695652174 0.04478827361563518
0 0.997554347826087 0.625814332247557 0.035597826086956524 0.06881107491856678
0 0.9486413043478261 0.21091205211726385 0.002173913043478261 0.0
0 0.5940217391304348 0.13070032573289903 0.002717391304347826 0.008957654723127036
0 0.4380434782608696 0.1970684039087948 0.006793478260869565 0.012622149837133551
0 0.5627717391304348 0.13029315960912052 0.002717391304347826 0.008957654723127036
0 0.6032608695652174 0.14210097719869708 0.002717391304347826 0.008957654723127036
0 0.35733695652173914 0.1746742671009772 0.006793478260869565 0.012622149837133551
0 0.5239130434782608 0.18566775244299674 0.006793478260869565 0.012622149837133551
0 0.5660326086956522 0.1783387622149837 0.006793478260869565 0.012622149837133551
0 0.6141304347826086 0.2976384364820847 0.013858695652173913 0.0248371335504886
0 0.7880434782608695 0.41042345276872966 0.02282608695652174 0.04478827361563518
0 0.4826086956521739 0.14332247557003258 0.002717391304347826 0.008957654723127036
0 0.5855978260869565 0.13395765472312704 0.002717391304347826 0.008957654723127036
0 0.7527173913043478 0.13477198697068404 0.002173913043478261 0.0
0 0.9127717391304347 0.16693811074918566 0.002173913043478261 0.0
0 0.539945652173913 0.15960912052117263 0.002717391304347826 0.008957654723127036
0 0.6717391304347826 0.1473941368078176 0.002717391304347826 0.0061074918566775245
0 0.5883152173913043 0.21783387622149838 0.006793478260869565 0.012622149837133551
0 0.8114130434782608 0.11644951140065146 0.002173913043478261 0.0
0 0.8633152173913043 0.1473941368078176 0.002173913043478261 0.0
0 0.43668478260869564 0.23452768729641693 0.008152173913043478 0.02239413680781759
0 0.3826086956521739 0.1567589576547231 0.002717391304347826 0.008957654723127036
0 0.8432065217391305 0.21783387622149838 0.007880434782608695 0.01017915309446254
0 0.48179347826086955 0.21254071661237786 0.006793478260869565 0.012622149837133551
0 0.7266304347826087 0.1746742671009772 0.008695652173913044 0.011400651465798045
0 0.571195652173913 0.12907166123778502 0.002717391304347826 0.008957654723127036
0 0.5752717391304348 0.126628664495114 0.002717391304347826 0.008957654723127036
0 0.3456521739130435 0.13070032573289903 0.002717391304347826 0.008957654723127036
0 0.5991847826086957 0.20195439739413681 0.006793478260869565 0.012622149837133551
0 0.633695652173913 0.22434853420195439 0.008152173913043478 0.02239413680781759
0 0.6978260869565217 0.12866449511400652 0.002173913043478261 0.0
0 0.5964673913043478 0.26221498371335505 0.008152173913043478 0.02239413680781759
0 0.9486413043478261 0.15594462540716614 0.002173913043478261 0.0
0 0.5565217391304348 0.32247557003257327 0.013858695652173913 0.0248371335504886
0 0.6804347826086956 0.1262214983713355 0.002173913043478261 0.0
0 0.33125 0.2284201954397394 0.014673913043478261 0.02239413680781759
0 0.5945652173913043 0.1775244299674267 0.006793478260869565 0.012622149837133551
0 0.33260869565217394 0.35952768729641693 0.014673913043478261 0.02239413680781759
0 0.42228260869565215 0.13232899022801303 0.002717391304347826 0.008957654723127036
0 0.5877717391304348 0.26017915309446255 0.008152173913043478 0.02239413680781759
0 0.852445652173913 0.15472312703583063 0.002173913043478261 0.0
0 0.41440217391304346 0.12825732899022801 0.002717391304347826 0.008957654723127036
0 0.4092391304347826 0.1738599348534202 0.006793478260869565 0.012622149837133551
0 0.9956521739130435 0.255700325732899 0.002173913043478261 0.0
0 0.7239130434782609 0.4824918566775244 0.02282608695652174 0.04478827361563518
0 0.9730978260869565 0.20195439739413681 0.002173913043478261 0.0
0 0.4364130434782609 0.13884364820846906 0.002717391304347826 0.008957654723127036
0 0.29293478260869565 0.2907166123778502 0.014673913043478261 0.02239413680781759
0 0.6785326086956521 0.26017915309446255 0.008152173913043478 0.02239413680781759
0 0.7336956521739131 0.22109120521172637 0.006793478260869565 0.01017915309446254
0 0.27065217391304347 0.24104234527687296 0.014673913043478261 0.02239413680781759
0 0.7752717391304348 0.22068403908794787 0.007880434782608695 0.01017915309446254
0 0.5728260869565217 0.15838762214983712 0.002717391304347826 0.008957654723127036
0 0.297554347826087 0.2552931596091205 0.014673913043478261 0.02239413680781759
0 0.4785326086956522 0.15268729641693812 0.002717391304347826 0.008957654723127036
0 0.6521739130434783 0.15513029315960913 0.002717391304347826 0.0061074918566775245
0 0.3595108695652174 0.1490228013029316 0.002717391304347826 0.008957654723127036
0 0.3372282608695652 0.15513029315960913 0.002717391304347826 0.008957654723127036
0 0.7119565217391305 0.16449511400651465 0.008695652173913044 0.011400651465798045
0 0.8114130434782608 0.22149837133550487 0.006793478260869565 0.01017915309446254
0 0.43668478260869564 0.15716612377850162 0.002717391304347826 0.008957654723127036
0 0.5019021739130435 0.14169381107491857 0.002717391304347826 0.008957654723127036
0 0.5179347826086956 0.18526058631921824 0.006793478260869565 0.012622149837133551
0 0.32581521739130437 0.20887622149837134 0.006793478260869565 0.012622149837133551
0 0.5157608695652174 0.14128664495114007 0.002717391304347826 0.008957654723127036
0 0.375 0.13802931596091206 0.002717391304347826 0.008957654723127036
0 0.2453804347826087 0.31636807817589574 0.014673913043478261 0.02239413680781759
0 0.7010869565217391 0.16530944625407165 0.008695652173913044 0.011400651465798045
0 0.8932065217391304 0.14413680781758959 0.002173913043478261 0.0
0 0.8809782608695652 0.6921824104234527 0.035597826086956524 0.06881107491856678
0 0.2921195652173913 0.17060260586319217 0.006793478260869565 0.012622149837133551
0 0.5144021739130434 0.16042345276872963 0.002717391304347826 0.008957654723127036
0 0.5836956521739131 0.20602605863192183 0.006793478260869565 0.012622149837133551
0 0.6497282608695653 0.16449511400651465 0.006793478260869565 0.012622149837133551
0 0.7567934782608695 0.11482084690553745 0.002173913043478261 0.0
0 0.05652173913043478 0.6294788273615635 0.035597826086956524 0.06881107491856678
0 0.41358695652173916 0.4214169381107492 0.02282608695652174 0.04478827361563518
0 0.6942934782608695 0.2552931596091205 0.008152173913043478 0.02239413680781759
0 0.8641304347826086 0.15350162866449513 0.002173913043478261 0.0
0 0.6410326086956522 0.23167752442996742 0.008152173913043478 0.02239413680781759
0 0.4733695652173913 0.18118892508143322 0.006793478260869565 0.012622149837133551
0 0.5831521739130435 0.3578990228013029 0.013858695652173913 0.0248371335504886
0 0.6758152173913043 0.3770358306188925 0.02282608695652174 0.04478827361563518
0 0.9646739130434783 0.1771172638436482 0.002173913043478261 0.0
0 0.8747282608695652 0.13029315960912052 0.002173913043478261 0.0
0 0.5557065217391305 0.254885993485342 0.008152173913043478 0.02239413680781759
0 0.8220108695652174 0.24022801302931596 0.008152173913043478 0.02239413680781759
