0 0.345703125 0.6912028725314183 0.01953125 0.03949730700179533
0 0.0341796875 0.6409335727109515 0.01953125 0.03949730700179533
0 0.4296875 0.5601436265709157 0.0078125 0.01436265709156194
0 0.01171875 0.6283662477558348 0.01953125 0.03949730700179533
0 0.541015625 0.5062836624775583 0.005859375 0.010771992818671455
0 0.5966796875 0.5673249551166966 0.015625 0.03052064631956912
0 0.3173828125 0.5350089766606823 0.0078125 0.01436265709156194
0 0.52734375 0.5601436265709157 0.0078125 0.01436265709156194
0 0.6015625 0.578096947935368 0.015625 0.03052064631956912
0 0.3994140625 0.5960502692998204 0.01953125 0.03949730700179533
0 0.7861328125 0.6570915619389587 0.0244140625 0.05026929982046679
0 0.1748046875 0.5763016157989228 0.013671875 0.02872531418312388
0 0.611328125 0.63016157989228 0.0244140625 0.05026929982046679
0 0.8671875 0.5691202872531418 0.0078125 0.01436265709156194
0 0.794921875 0.5637342908438061 0.0078125 0.01436265709156194
0 0.501953125 0.47217235188509876 0.005859375 0.010771992818671455
0 0.4912109375 0.4614003590664273 0.005859375 0.010771992818671455
0 0.376953125 0.59245960502693 0.01953125 0.03949730700179533
0 0.6005859375 0.5547576301615799 0.0078125 0.01436265709156194
0 0.599609375 0.44703770197486536 0.005859375 0.010771992818671455
0 0.5625 0.5170556552962298 0.005859375 0.010771992818671455
0 0.8603515625 0.6104129263913824 0.0244140625 0.05026929982046679
0 0.7978515625 0.5888689407540395 0.0244140625 0.05026929982046679
0 0.6337890625 0.5439856373429084 0.0078125 0.01436265709156194
0 0.498046875 0.473967684021544 0.005859375 0.010771992818671455
0 0.6025390625 0.5888689407540395 0.015625 0.03231597845601436
0 0.55859375 0.4542190305206463 0.005859375 0.010771992818671455
0 0.767578125 0.5798922800718133 0.0078125 0.01436265709156194
0 0.2255859375 0.5368043087971275 0.01953125 0.03949730700179533
0 0.494140625 0.4757630161579892 0.005859375 0.010771992818671455
0 0.3037109375 0.6086175942549371 0.01953125 0.03949730700179533
0 0.1513671875 0.5673249551166966 0.01171875 0.026929982046678635
0 0.6640625 0.5044883303411131 0.015625 0.03052064631956912
0 0.259765625 0.6247755834829444 0.01953125 0.03949730700179533
0 0.1240234375 0.5834829443447038 0.01171875 0.026929982046678635
0 0.234375 0.5368043087971275 0.01953125 0.03949730700179533
0 0.38671875 0.6535008976660682 0.01953125 0.03949730700179533
0 0.6787109375 0.4955116696588869 0.005859375 0.010771992818671455
0 0.185546875 0.651705565529623 0.01953125 0.03949730700179533
0 0.349609375 0.6104129263913824 0.01953125 0.03949730700179533
0 0.58203125 0.5098743267504489 0.005859375 0.010771992818671455
0 0.568359375 0.5062836624775583 0.005859375 0.010771992818671455
0 0.119140625 0.6427289048473968 0.01953125 0.03949730700179533
0 0.498046875 0.44165170556552963 0.005859375 0.010771992818671455
0 0.2802734375 0.6014362657091562 0.01953125 0.03949730700179533
0 0.5888671875 0.4488330341113106 0.005859375 0.010771992818671455
0 0.556640625 0.44344703770197486 0.005859375 0.010771992818671455
0 0.4140625 0.6373429084380611 0.01953125 0.03949730700179533
0 0.9765625 0.6481149012567325 0.0244140625 0.0466786355475763
0 0.9921875 0.5763016157989228 0.0244140625 0.0466786355475763
0 0.5986328125 0.59245960502693 0.01953125 0.04129263913824058
0 0.083984375 0.6050269299820467 0.01171875 0.026929982046678635
0 0.9150390625 0.5098743267504489 0.0244140625 0.0466786355475763
0 0.40234375 0.5619389587073609 0.0078125 0.01436265709156194
0 0.8583984375 0.5834829443447038 0.0078125 0.01436265709156194
0 0.224609375 0.6337522441651705 0.01953125 0.03949730700179533
0 0.837890625 0.5170556552962298 0.0078125 0.01436265709156194
0 0.7021484375 0.6265709156193896 0.0244140625 0.05026929982046679
0 0.6611328125 0.5044883303411131 0.015625 0.03052064631956912
0 0.59765625 0.6140035906642729 0.0244140625 0.05026929982046679
0 0.8291015625 0.585278276481149 0.0078125 0.01436265709156194
0 0.8369140625 0.6391382405745063 0.0244140625 0.05026929982046679
0 0.439453125 0.4919210053859964 0.005859375 0.010771992818671455
0 0.1376953125 0.5888689407540395 0.01171875 0.026929982046678635
0 0.208984375 0.6535008976660682 0.01953125 0.03949730700179533
0 0.9013671875 0.578096947935368 0.0244140625 0.05026929982046679
0 0.5478515625 0.5206463195691203 0.005859375 0.010771992818671455
0 0.716796875 0.6193895870736086 0.0244140625 0.05026929982046679
0 0.390625 0.6104129263913824 0.01953125 0.03949730700179533
0 0.544921875 0.547576301615799 0.005859375 0.010771992818671455
0 0.6806640625 0.5206463195691203 0.005859375 0.010771992818671455
0 0.6884765625 0.6050269299820467 0.0244140625 0.05026929982046679
0 0.908203125 0.5960502692998204 0.0244140625 0.0466786355475763
0 0.490234375 0.4362657091561939 0.005859375 0.010771992818671455
0 0.3466796875 0.6355475763016158 0.01953125 0.03949730700179533
0 0.9580078125 0.6211849192100538 0.0244140625 0.0466786355475763
0 0.7451171875 0.6175942549371634 0.0244140625 0.05026929982046679
0 0.1826171875 0.5709156193895871 0.015625 0.03231597845601436
0 0.5029296875 0.45601436265709155 0.005859375 0.010771992818671455
0 0.9306640625 0.6157989228007181 0.0244140625 0.0466786355475763
0 0.66796875 0.6086175942549371 0.0244140625 0.05026929982046679
0 0.3125 0.6373429084380611 0.01953125 0.03949730700179533
0 0.541015625 0.5385996409335727 0.005859375 0.010771992818671455
0 0.4716796875 0.5457809694793537 0.0078125 0.01436265709156194
0 0.298828125 0.6481149012567325 0.01953125 0.03949730700179533
0 0.5693359375 0.4578096947935368 0.005859375 0.010771992818671455
0 0.576171875 0.43087971274685816 0.005859375 0.010771992818671455
0 0.4921875 0.5242369838420108 0.005859375 0.010771992818671455
0 0.439453125 0.4506283662477558 0.005859375 0.010771992818671455
0 0.2646484375 0.7073608617594255 0.01953125 0.03949730700179533
0 0.7880859375 0.6229802513464991 0.0244140625 0.05026929982046679
0 0.751953125 0.6409335727109515 0.0244140625 0.05026929982046679
0 0.4208984375 0.578096947935368 0.0078125 0.01436265709156194
0 0.4794921875 0.5008976660682226 0.005859375 0.010771992818671455
0 0.04296875 0.5691202872531418 0.01171875 0.026929982046678635
0 0.4873046875 0.4631956912028725 0.005859375 0.010771992818671455
0 0.4375 0.47755834829443444 0.0068359375 0.012567324955116697
0 0.1484375 0.6265709156193896 0.01953125 0.03949730700179533
0 0.49609375 0.44344703770197486 0.005859375 0.010771992818671455
0 0.01171875 0.4326750448833034 0.015625 0.03231597845601436
0 0.5732421875 0.5224416517055656 0.005859375 0.010771992818671455
0 0.587890625 0.4488330341113106 0.005859375 0.010771992818671455
0 0.9091796875 0.6247755834829444 0.0244140625 0.0466786355475763
0 0.20703125 0.5655296229802513 0.01171875 0.026929982046678635
0 0.6875 0.6481149012567325 0.0244140625 0.05026929982046679
0 0.666015625 0.5044883303411131 0.015625 0.03052064631956912
0 0.3642578125 0.6193895870736086 0.01953125 0.03949730700179533
0 0.615234375 0.6642728904847397 0.0244140625 0.05026929982046679
0 0.8837890625 0.6122082585278277 0.0244140625 0.05026929982046679
0 0.158203125 0.5960502692998204 0.01171875 0.026929982046678635
0 0.572265625 0.5206463195691203 0.005859375 0.010771992818671455
0 0.81640625 0.5385996409335727 0.0078125 0.01436265709156194
0 0.6328125 0.6355475763016158 0.0244140625 0.05026929982046679
0 0.4140625 0.599640933572711 0.01953125 0.03949730700179533
