0 0.07525870178739416 0.2236842105263158 0.00658513640639699 0.02412280701754386
0 0.6396989651928504 0.6228070175438597 0.007525870178739417 0.021929824561403508
0 0.46942615239887114 0.48903508771929827 0.005644402634054563 0.017543859649122806
0 0.36124176857949203 0.43859649122807015 0.005644402634054563 0.015350877192982455
0 0.9840075258701787 0.6885964912280702 0.00658513640639699 0.02631578947368421
0 0.44590780809031044 0.5307017543859649 0.005644402634054563 0.017543859649122806
0 0.4270931326434619 0.006578947368421052 0.0037629350893697085 0.013157894736842105
0 0.35183443085606775 0.3969298245614035 0.005644402634054563 0.015350877192982455
0 0.6133584195672624 0.12938596491228072 0.0037629350893697085 0.013157894736842105
0 0.35371589840075257 0.13596491228070176 0.0037629350893697085 0.013157894736842105
0 0.6839134524929446 0.5548245614035088 0.007525870178739417 0.021929824561403508
0 0.1251175917215428 0.1162280701754386 0.004703668861712135 0.013157894736842105
0 0.940733772342427 0.6842105263157895 0.00658513640639699 0.02631578947368421
0 0.28222013170272814 0.4934210526315789 0.005644402634054563 0.021929824561403508
0 0.6594543744120414 0.5197368421052632 0.007525870178739417 0.021929824561403508
0 0.7450611476952023 0.6008771929824561 0.00940733772342427 0.02631578947368421
0 0.13922859830667922 0.1074561403508772 0.004703668861712135 0.013157894736842105
0 0.6970837253057385 0.5548245614035088 0.007525870178739417 0.021929824561403508
0 0.6575729068673566 0.6162280701754386 0.007525870178739417 0.021929824561403508
0 0.26246472248353714 0.17543859649122806 0.005644402634054563 0.019736842105263157
0 0.7638758231420508 0.6754385964912281 0.00940733772342427 0.02631578947368421
0 0.12982126058325494 0.14035087719298245 0.004703668861712135 0.013157894736842105
0 0.5522107243650047 0.5964912280701754 0.005644402634054563 0.017543859649122806
0 0.3405456255879586 0.03070175438596491 0.0037629350893697085 0.013157894736842105
0 0.6444026340545626 0.5307017543859649 0.007525870178739417 0.021929824561403508
0 0.04421448730009407 0.3267543859649123 0.00658513640639699 0.02412280701754386
0 0.8165569143932268 0.7390350877192983 0.017873941674506115 0.05263157894736842
0 0.42144873000940736 0.12280701754385964 0.0037629350893697085 0.013157894736842105
0 0.4045155221072437 0.43640350877192985 0.005644402634054563 0.015350877192982455
0 0.18250235183443086 0.35526315789473684 0.00658513640639699 0.02412280701754386
0 0.10442144873000941 0.006578947368421052 0.004703668861712135 0.013157894736842105
0 0.7751646284101599 0.631578947368421 0.00940733772342427 0.02631578947368421
0 0.8814675446848542 0.02412280701754386 0.005644402634054563 0.017543859649122806
0 0.5061147695202258 0.5263157894736842 0.005644402634054563 0.017543859649122806
0 0.5936030103480715 0.5372807017543859 0.007525870178739417 0.021929824561403508
0 0.4412041392285983 0.45614035087719296 0.005644402634054563 0.017543859649122806
0 0.6030103480714958 0.5899122807017544 0.007525870178739417 0.021929824561403508
0 0.18062088428974601 0.23026315789473684 0.00658513640639699 0.02412280701754386
0 0.7657572906867357 0.6030701754385965 0.00940733772342427 0.02631578947368421
0 0.24835371589840075 0.13815789473684212 0.004703668861712135 0.015350877192982455
0 0.8165569143932268 0.05043859649122807 0.005644402634054563 0.017543859649122806
0 0.29350893697083724 0.12938596491228072 0.0037629350893697085 0.013157894736842105
0 0.9821260583254939 0.7214912280701754 0.00658513640639699 0.02631578947368421
0 0.34148635936030103 0.6995614035087719 0.03198494825964252 0.09210526315789473
0 0.9181561618062088 0.7741228070175439 0.017873941674506115 0.05263157894736842
0 0.9482596425211665 0.7171052631578947 0.00658513640639699 0.02631578947368421
0 0.13358419567262464 0.3157894736842105 0.00658513640639699 0.02412280701754386
0 0.30761994355597366 0.4276315789473684 0.005644402634054563 0.015350877192982455
0 0.4233301975540922 0.5657894736842105 0.005644402634054563 0.015350877192982455
0 0.5625587958607714 0.48903508771929827 0.005644402634054563 0.017543859649122806
0 0.7074317968015051 0.7412280701754386 0.017873941674506115 0.05263157894736842
0 0.27281279397930386 0.32894736842105265 0.00658513640639699 0.02412280701754386
0 0.5183443085606774 0.5942982456140351 0.005644402634054563 0.017543859649122806
0 0.1147695202257761 0.28728070175438597 0.00658513640639699 0.02412280701754386
0 0.7347130761994356 0.9956140350877193 0.015051740357478834 0.046052631578947366
0 0.5569143932267169 0.5197368421052632 0.005644402634054563 0.017543859649122806
0 0.07808090310442145 0.03728070175438596 0.004703668861712135 0.013157894736842105
0 0.39040451552210725 0.44298245614035087 0.005644402634054563 0.015350877192982455
0 0.14487300094073377 0.5460526315789473 0.017873941674506115 0.06359649122807018
0 0.22107243650047037 0.33114035087719296 0.00658513640639699 0.02412280701754386
0 0.06114769520225776 0.046052631578947366 0.004703668861712135 0.013157894736842105
0 0.2878645343367827 0.5021929824561403 0.005644402634054563 0.021929824561403508
0 0.845719661335842 0.6929824561403509 0.00940733772342427 0.02631578947368421
0 0.3433678269049859 0.12938596491228072 0.0037629350893697085 0.013157894736842105
0 0.22389463781749766 0.3026315789473684 0.00658513640639699 0.02412280701754386
0 0.31138287864534336 0.03289473684210526 0.0037629350893697085 0.013157894736842105
0 0.7460018814675446 0.5570175438596491 0.00940733772342427 0.02631578947368421
0 0.8513640639698965 0.046052631578947366 0.005644402634054563 0.017543859649122806
0 0.047036688617121354 0.041666666666666664 0.004703668861712135 0.013157894736842105
0 0.9360301034807149 0.668859649122807 0.00658513640639699 0.02631578947368421
0 0.28598306679209784 0.4232456140350877 0.00658513640639699 0.02412280701754386
0 0.4760112888052681 0.46710526315789475 0.005644402634054563 0.017543859649122806
0 0.08372530573847602 0.16666666666666666 0.005644402634054563 0.019736842105263157
0 0.638758231420508 0.10526315789473684 0.0037629350893697085 0.013157894736842105
0 0.23800564440263405 0.27850877192982454 0.00658513640639699 0.02412280701754386
0 0.6952022577610536 0.5482456140350878 0.007525870178739417 0.021929824561403508
0 0.11288805268109126 0.20394736842105263 0.00658513640639699 0.02412280701754386
0 0.16462841015992474 0.5504385964912281 0.017873941674506115 0.06359649122807018
0 0.6491063029162747 0.5526315789473685 0.007525870178739417 0.021929824561403508
0 0.03574788334901223 0.23903508771929824 0.00658513640639699 0.02412280701754386
0 0.1909689557855127 0.39035087719298245 0.00658513640639699 0.02412280701754386
0 0.9021636876763875 0.019736842105263157 0.005644402634054563 0.017543859649122806
0 0.9680150517403575 0.6973684210526315 0.00658513640639699 0.02631578947368421
0 0.24835371589840075 0.21271929824561403 0.00658513640639699 0.02412280701754386
0 0.03574788334901223 0.18859649122807018 0.005644402634054563 0.019736842105263157
0 0.32831608654750705 0.09649122807017543 0.0037629350893697085 0.013157894736842105
0 0.7460018814675446 0.6644736842105263 0.00940733772342427 0.02631578947368421
0 0.5014111006585137 0.49780701754385964 0.005644402634054563 0.017543859649122806
0 0.25493885230479774 0.6359649122807017 0.03198494825964252 0.09210526315789473
0 0.3781749764816557 0.4276315789473684 0.005644402634054563 0.015350877192982455
0 0.08748824082784572 0.4451754385964912 0.00658513640639699 0.02412280701754386
0 0.7337723424270931 0.6030701754385965 0.00940733772342427 0.02631578947368421
0 0.30103480714957664 0.3815789473684211 0.005644402634054563 0.015350877192982455
0 0.3659454374412041 0.40789473684210525 0.005644402634054563 0.015350877192982455
0 0.8570084666039511 0.7258771929824561 0.017873941674506115 0.05263157894736842
0 0.09971777986829727 0.34649122807017546 0.00658513640639699 0.02412280701754386
0 0.8767638758231421 0.07675438596491228 0.005644402634054563 0.017543859649122806
0 0.5399811853245532 0.5350877192982456 0.005644402634054563 0.017543859649122806
0 0.1006585136406397 0.5416666666666666 0.017873941674506115 0.06359649122807018
0 0.3819379115710254 0.40789473684210525 0.005644402634054563 0.015350877192982455
0 0.8692380056444027 0.03289473684210526 0.005644402634054563 0.017543859649122806
0 0.4854186265286924 0.05921052631578947 0.0037629350893697085 0.013157894736842105
0 0.22671683913452492 0.3684210526315789 0.00658513640639699 0.02412280701754386
0 0.10536218250235184 0.3684210526315789 0.00658513640639699 0.02412280701754386
0 0.10630291627469426 0.125 0.004703668861712135 0.013157894736842105
0 0.03386641580432737 0.4100877192982456 0.00658513640639699 0.02412280701754386
0 0.17591721542803387 0.42105263157894735 0.00658513640639699 0.02412280701754386
0 0.34901222953904043 0.02412280701754386 0.0037629350893697085 0.013157894736842105
0 0.19002822201317027 0.3267543859649123 0.00658513640639699 0.02412280701754386
0 0.8146754468485419 0.9758771929824561 0.017873941674506115 0.05263157894736842
0 0.2605832549388523 0.06359649122807018 0.0037629350893697085 0.013157894736842105
0 0.2050799623706491 0.18201754385964913 0.005644402634054563 0.019736842105263157
0 0.23800564440263405 0.5942982456140351 0.03198494825964252 0.09210526315789473
0 0.05456255879586077 0.019736842105263157 0.004703668861712135 0.013157894736842105
0 0.1354656632173095 0.19736842105263158 0.00658513640639699 0.02412280701754386
0 0.27845719661335844 0.08552631578947369 0.0037629350893697085 0.013157894736842105
0 0.2634054562558796 0.21271929824561403 0.00658513640639699 0.02412280701754386
0 0.020696142991533398 0.08333333333333333 0.004703668861712135 0.013157894736842105
0 0.49388523047977423 0.039473684210526314 0.0037629350893697085 0.013157894736842105
0 0.6989651928504234 0.7872807017543859 0.017873941674506115 0.05263157894736842
0 0.6613358419567262 0.5504385964912281 0.007525870178739417 0.021929824561403508
0 0.5315145813734713 0.5548245614035088 0.005644402634054563 0.017543859649122806
0 0.21072436500470368 0.09210526315789473 0.004703668861712135 0.013157894736842105
0 0.2634054562558796 0.04824561403508772 0.0037629350893697085 0.013157894736842105
0 0.1627469426152399 0.40131578947368424 0.00658513640639699 0.02412280701754386
0 0.47318908748824084 0.039473684210526314 0.0037629350893697085 0.013157894736842105
0 0.44967074317968014 0.4868421052631579 0.005644402634054563 0.017543859649122806
0 0.6086547507055503 0.6535087719298246 0.007525870178739417 0.021929824561403508
0 0.33866415804327377 0.3925438596491228 0.005644402634054563 0.015350877192982455
0 0.8889934148635936 0.7697368421052632 0.017873941674506115 0.05263157894736842
0 0.955785512699906 0.7039473684210527 0.00658513640639699 0.02631578947368421
0 0.5296331138287864 0.49780701754385964 0.005644402634054563 0.017543859649122806
0 0.6340545625587959 0.5767543859649122 0.007525870178739417 0.021929824561403508
0 0.31326434619002824 0.125 0.0037629350893697085 0.013157894736842105
0 0.42144873000940736 0.42105263157894735 0.005644402634054563 0.015350877192982455
0 0.4158043273753528 0.45614035087719296 0.005644402634054563 0.015350877192982455
0 0.3104421448730009 0.3793859649122807 0.005644402634054563 0.015350877192982455
0 0.2916274694261524 0.3925438596491228 0.00658513640639699 0.02412280701754386
0 0.19002822201317027 0.28728070175438597 0.00658513640639699 0.02412280701754386
0 0.9981185324553151 0.7324561403508771 0.00658513640639699 0.02631578947368421
0 0.5766698024459078 0.5153508771929824 0.005644402634054563 0.017543859649122806
0 0.14393226716839136 0.3508771929824561 0.00658513640639699 0.02412280701754386
0 0.13640639698965193 0.2916666666666667 0.00658513640639699 0.02412280701754386
0 0.10536218250235184 0.23684210526315788 0.00658513640639699 0.02412280701754386
0 0.8344308560677328 0.05921052631578947 0.005644402634054563 0.017543859649122806
0 0.20978363123236124 0.1118421052631579 0.004703668861712135 0.013157894736842105
0 0.17309501411100658 0.3026315789473684 0.00658513640639699 0.02412280701754386
0 0.47883349012229537 0.5241228070175439 0.005644402634054563 0.017543859649122806
0 0.3405456255879586 0.17105263157894737 0.0037629350893697085 0.013157894736842105
0 0.8137347130761995 0.6710526315789473 0.00940733772342427 0.02631578947368421
0 0.3603010348071496 0.015350877192982455 0.0037629350893697085 0.013157894736842105
0 0.014111006585136407 0.07675438596491228 0.004703668861712135 0.013157894736842105
0 0.38758231420507994 0.47368421052631576 0.005644402634054563 0.015350877192982455
0 0.4628410159924741 0.07017543859649122 0.0037629350893697085 0.013157894736842105
0 0.047036688617121354 0.16885964912280702 0.005644402634054563 0.017543859649122806
0 0.3584195672624647 0.5263157894736842 0.005644402634054563 0.015350877192982455
0 0.24459078080903104 0.07236842105263158 0.004703668861712135 0.013157894736842105
0 0.2013170272812794 0.4451754385964912 0.00658513640639699 0.02412280701754386
0 0.6114769520225776 0.6162280701754386 0.007525870178739417 0.021929824561403508
0 0.5070555032925682 0.46710526315789475 0.005644402634054563 0.017543859649122806
0 0.7149576669802445 0.6513157894736842 0.007525870178739417 0.021929824561403508
0 0.5512699905926622 0.48903508771929827 0.005644402634054563 0.017543859649122806
0 0.3019755409219191 0.02631578947368421 0.0037629350893697085 0.013157894736842105
0 0.8353715898400753 0.6666666666666666 0.00940733772342427 0.02631578947368421
0 0.742238946378175 0.5723684210526315 0.00940733772342427 0.02631578947368421
0 0.055503292568203196 0.40131578947368424 0.00658513640639699 0.02412280701754386
0 0.6886171213546566 0.5855263157894737 0.007525870178739417 0.021929824561403508
0 0.4760112888052681 0.5679824561403509 0.005644402634054563 0.017543859649122806
0 0.9746001881467544 0.8245614035087719 0.00658513640639699 0.02631578947368421
0 0.36688617121354655 0.12280701754385964 0.0037629350893697085 0.013157894736842105
0 0.26152398871119475 0.23903508771929824 0.00658513640639699 0.02412280701754386
0 0.49106302916274697 0.48903508771929827 0.005644402634054563 0.017543859649122806
0 0.5841956726246472 0.5021929824561403 0.005644402634054563 0.017543859649122806
0 0.33207902163687675 0.03508771929824561 0.0037629350893697085 0.013157894736842105
0 0.6302916274694261 0.5526315789473685 0.007525870178739417 0.021929824561403508
0 0.7629350893697083 0.706140350877193 0.00940733772342427 0.02631578947368421
0 0.5296331138287864 0.5153508771929824 0.005644402634054563 0.017543859649122806
0 0.1599247412982126 0.043859649122807015 0.004703668861712135 0.013157894736842105
0 0.46754468485418627 0.31359649122807015 0.004703668861712135 0.013157894736842105
0 0.01599247412982126 0.02850877192982456 0.004703668861712135 0.013157894736842105
0 0.8560677328316086 0.6469298245614035 0.00940733772342427 0.02631578947368421
0 0.005644402634054563 0.14912280701754385 0.004703668861712135 0.015350877192982455
0 0.28410159924741296 0.3991228070175439 0.00658513640639699 0.02412280701754386
0 0.23800564440263405 0.31798245614035087 0.00658513640639699 0.02412280701754386
0 0.6265286923800565 0.6008771929824561 0.007525870178739417 0.021929824561403508
0 0.8231420507996237 0.625 0.00940733772342427 0.02631578947368421
0 0.26528692380056446 0.2741228070175439 0.00658513640639699 0.02412280701754386
0 0.3236124176857949 0.041666666666666664 0.0037629350893697085 0.013157894736842105
0 0.19002822201317027 0.6096491228070176 0.017873941674506115 0.06359649122807018
0 0.4045155221072437 0.09649122807017543 0.0037629350893697085 0.013157894736842105
0 0.58137347130762 0.6337719298245614 0.007525870178739417 0.021929824561403508
0 0.6124176857949201 0.4956140350877193 0.007525870178739417 0.021929824561403508
0 0.3123236124176858 0.40350877192982454 0.005644402634054563 0.015350877192982455
0 0.8269049858889934 0.05482456140350877 0.005644402634054563 0.017543859649122806
0 0.896519285042333 0.7960526315789473 0.017873941674506115 0.05263157894736842
0 0.6782690498588899 0.6337719298245614 0.007525870178739417 0.021929824561403508
0 0.12605832549388524 0.375 0.00658513640639699 0.02412280701754386
0 0.1523988711194732 0.10087719298245613 0.004703668861712135 0.013157894736842105
0 0.7902163687676388 0.8070175438596491 0.017873941674506115 0.05263157894736842
0 0.8758231420507996 0.6359649122807017 0.00940733772342427 0.02631578947368421
0 0.16839134524929444 0.10307017543859649 0.004703668861712135 0.013157894736842105
0 0.9125117591721543 0.6622807017543859 0.00940733772342427 0.02631578947368421
0 0.2850423330197554 0.6973684210526315 0.03198494825964252 0.09210526315789473
0 0.3988711194731891 0.006578947368421052 0.0037629350893697085 0.013157894736842105
0 0.08466603951081844 0.3399122807017544 0.00658513640639699 0.02412280701754386
0 0.17685794920037629 0.10307017543859649 0.004703668861712135 0.013157894736842105
0 0.2850423330197554 0.45614035087719296 0.00658513640639699 0.02412280701754386
0 0.2878645343367827 0.03070175438596491 0.0037629350893697085 0.013157894736842105
0 0.2916274694261524 0.17982456140350878 0.004703668861712135 0.017543859649122806
0 0.9905926622765757 0.7105263157894737 0.00658513640639699 0.02631578947368421
0 0.1589840075258702 0.1513157894736842 0.004703668861712135 0.013157894736842105
0 0.7601128880526811 0.6271929824561403 0.00940733772342427 0.02631578947368421
0 0.3405456255879586 0.4100877192982456 0.005644402634054563 0.015350877192982455
0 0.041392285983066796 0.08771929824561403 0.004703668861712135 0.013157894736842105
0 0.5983066792097836 0.5109649122807017 0.007525870178739417 0.021929824561403508
0 0.535277516462841 0.47149122807017546 0.005644402634054563 0.017543859649122806
0 0.062088428974600186 0.24561403508771928 0.00658513640639699 0.02412280701754386
0 0.8579492003762935 0.03070175438596491 0.005644402634054563 0.017543859649122806
0 0.19285042333019756 0.25219298245614036 0.00658513640639699 0.02412280701754386
0 0.44402634054562556 0.42543859649122806 0.004703668861712135 0.013157894736842105
0 0.889934148635936 0.743421052631579 0.017873941674506115 0.05263157894736842
0 0.4609595484477893 0.44298245614035087 0.004703668861712135 0.015350877192982455
0 0.08372530573847602 0.20394736842105263 0.00658513640639699 0.02412280701754386
0 0.4082784571966134 0.1162280701754386 0.0037629350893697085 0.013157894736842105
0 0.5475070555032926 0.5372807017543859 0.005644402634054563 0.017543859649122806
0 0.047036688617121354 0.19078947368421054 0.00658513640639699 0.02412280701754386
0 0.8532455315145814 0.625 0.00940733772342427 0.02631578947368421
0 0.7102539981185324 0.618421052631579 0.007525870178739417 0.021929824561403508
0 0.2502351834430856 0.08333333333333333 0.0037629350893697085 0.013157894736842105
0 0.03292568203198495 0.13815789473684212 0.004703668861712135 0.013157894736842105
0 0.2699905926622766 0.3048245614035088 0.00658513640639699 0.02412280701754386
0 0.22859830667920977 0.2565789473684211 0.00658513640639699 0.02412280701754386
0 0.4261523988711195 0.4956140350877193 0.005644402634054563 0.015350877192982455
0 0.2389463781749765 0.08333333333333333 0.004703668861712135 0.013157894736842105
0 0.17685794920037629 0.006578947368421052 0.004703668861712135 0.013157894736842105
0 0.31890874882408277 0.5482456140350878 0.005644402634054563 0.017543859649122806
0 0.1317027281279398 0.3508771929824561 0.00658513640639699 0.02412280701754386
0 0.26904985888993416 0.08991228070175439 0.0037629350893697085 0.013157894736842105
0 0.3160865475070555 0.10526315789473684 0.0037629350893697085 0.013157894736842105
0 0.6227657572906867 0.12280701754385964 0.0037629350893697085 0.013157894736842105
0 0.9285042333019755 0.6907894736842105 0.00658513640639699 0.02631578947368421
0 0.27469426152398874 0.19956140350877194 0.00658513640639699 0.02412280701754386
0 0.2154280338664158 0.29605263157894735 0.00658513640639699 0.02412280701754386
0 0.14393226716839136 0.043859649122807015 0.004703668861712135 0.013157894736842105
0 0.7206020696142992 0.5570175438596491 0.007525870178739417 0.021929824561403508
0 0.8118532455315146 0.6403508771929824 0.00940733772342427 0.02631578947368421
0 0.7977422389463782 0.6162280701754386 0.00940733772342427 0.02631578947368421
0 0.07055503292568203 0.3267543859649123 0.00658513640639699 0.02412280701754386
0 0.4158043273753528 0.09868421052631579 0.0037629350893697085 0.013157894736842105
0 0.017873941674506115 0.20833333333333334 0.005644402634054563 0.017543859649122806
0 0.8410159924741298 0.7741228070175439 0.017873941674506115 0.05263157894736842
0 0.7902163687676388 0.6732456140350878 0.00940733772342427 0.02631578947368421
