0 0.11273792093704246 0.036603221083455345 0.0314787701317716 0.0629575402635432
0 0.14604685212298682 0.15739385065885797 0.06844802342606149 0.14128843338213762
0 0.04209370424597365 0.20571010248901903 0.0314787701317716 0.0629575402635432
0 0.2287701317715959 0.2964860907759883 0.08455344070278184 0.19399707174231332
0 0.890190336749634 0.46193265007320644 0.08455344070278184 0.19399707174231332
0 0.17935578330893118 0.1595900439238653 0.06844802342606149 0.14128843338213762
0 0.6669106881405563 0.19472913616398244 0.06149341142020498 0.16325036603221083
0 0.015007320644216691 0.11420204978038068 0.0314787701317716 0.0629575402635432
0 0.06515373352855051 0.06222547584187409 0.0314787701317716 0.0629575402635432
0 0.07869692532942898 0.9304538799414348 0.1848462664714495 0.2840409956076135
0 0.04868228404099561 0.48535871156661786 0.08455344070278184 0.19399707174231332
0 0.8576134699853587 0.21815519765739386 0.06149341142020498 0.16325036603221083
0 0.36054172767203513 0.01171303074670571 0.0314787701317716 0.0629575402635432
0 0.2726939970717423 0.08711566617862372 0.0314787701317716 0.0629575402635432
0 0.058931185944363106 0.7276720351390923 0.1848462664714495 0.2840409956076135
0 0.5234260614934114 0.23060029282576866 0.08455344070278184 0.19399707174231332
0 0.05710102489019034 0.015373352855051245 0.0314787701317716 0.0629575402635432
0 0.9410688140556369 0.25768667642752563 0.08455344070278184 0.19399707174231332
0 0.24414348462664714 0.5571010248901903 0.1848462664714495 0.3404099560761347
0 0.46486090775988287 0.0849194729136164 0.0314787701317716 0.0629575402635432
0 0.5523426061493412 0.22108345534407028 0.06149341142020498 0.16325036603221083
0 0.21632503660322108 0.11420204978038068 0.0314787701317716 0.0629575402635432
0 0.6299414348462665 0.07540263543191801 0.0314787701317716 0.0629575402635432
0 0.6954612005856515 0.45241581259150804 0.08455344070278184 0.19399707174231332
0 0.9381405563689604 0.7818448023426061 0.08455344070278184 0.19399707174231332
0 0.558199121522694 0.03367496339677892 0.0314787701317716 0.0629575402635432
0 0.3781112737920937 0.11346998535871157 0.1013909224011713 0.27232796486090777
0 0.3019765739385066 0.095900439238653 0.0314787701317716 0.0629575402635432
0 0.41544655929721813 0.03513909224011713 0.0314787701317716 0.0629575402635432
0 0.5486822840409956 0.821376281112738 0.1848462664714495 0.3404099560761347
0 0.626281112737921 0.4882869692532943 0.08455344070278184 0.232796486090776
0 0.8224743777452416 0.050512445095168376 0.0314787701317716 0.0629575402635432
0 0.32906295754026355 0.00951683748169839 0.0314787701317716 0.0629575402635432
0 0.08528550512445095 0.1903367496339678 0.06149341142020498 0.16325036603221083
0 0.575402635431918 0.13250366032210834 0.0314787701317716 0.0629575402635432
0 0.7840409956076134 0.16398243045387995 0.06844802342606149 0.14128843338213762
0 0.9326500732064422 0.046120058565153735 0.0314787701317716 0.0629575402635432
0 0.13396778916544655 0.022693997071742314 0.0314787701317716 0.0629575402635432
