0 0.9868686868686869 0.9517684887459807 0.07777777777777778 0.1495176848874598
0 0.4535353535353535 0.45819935691318325 0.03232323232323232 0.05787781350482315
0 0.2545454545454545 0.4903536977491961 0.05757575757575758 0.10932475884244373
0 0.7 0.5964630225080386 0.05757575757575758 0.10932475884244373
0 0.05858585858585859 0.5128617363344051 0.05757575757575758 0.10932475884244373
0 0.32727272727272727 0.5305466237942122 0.05757575757575758 0.10932475884244373
0 0.8080808080808081 0.905144694533762 0.07777777777777778 0.1495176848874598
0 0.5808080808080808 0.5305466237942122 0.05757575757575758 0.10932475884244373
0 0.39090909090909093 0.3778135048231511 0.03232323232323232 0.05787781350482315
0 0.44343434343434346 0.2877813504823151 0.01919191919191919 0.03376205787781351
0 0.49292929292929294 0.40353697749196143 0.03232323232323232 0.05787781350482315
0 0.2737373737373737 0.3135048231511254 0.01919191919191919 0.03376205787781351
0 0.3787878787878788 0.44212218649517687 0.03232323232323232 0.05787781350482315
0 0.4909090909090909 0.2459807073954984 0.01919191919191919 0.03376205787781351
0 0.3 0.2540192926045016 0.01919191919191919 0.03376205787781351
0 0.04242424242424243 0.9919614147909968 0.07272727272727272 0.1382636655948553
0 0.701010101010101 0.6993569131832797 0.07777777777777778 0.1495176848874598
0 0.3333333333333333 0.9356913183279743 0.07777777777777778 0.1495176848874598
0 0.3525252525252525 0.17363344051446947 0.01818181818181818 0.028938906752411574
0 0.09595959595959595 0.9453376205787781 0.07777777777777778 0.1495176848874598
0 0.5969696969696969 0.40836012861736337 0.03232323232323232 0.05787781350482315
0 0.4171717171717172 0.2282958199356913 0.01919191919191919 0.03376205787781351
0 0.32222222222222224 0.38263665594855306 0.03232323232323232 0.05787781350482315
0 0.592929292929293 0.4646302250803859 0.05757575757575758 0.10932475884244373
0 0.3181818181818182 0.26688102893890675 0.01919191919191919 0.03376205787781351
0 0.5595959595959596 0.43086816720257237 0.03232323232323232 0.05787781350482315
0 0.598989898989899 0.6720257234726688 0.06767676767676768 0.12861736334405144
0 0.36464646464646466 0.3102893890675241 0.01919191919191919 0.03376205787781351
0 0.198989898989899 0.6639871382636656 0.06262626262626263 0.1189710610932476
0 0.44747474747474747 0.12861736334405144 0.01818181818181818 0.028938906752411574
0 0.30707070707070705 0.31189710610932475 0.01919191919191919 0.03376205787781351
0 0.3090909090909091 0.6318327974276527 0.05757575757575758 0.10932475884244373
0 0.5292929292929293 0.45016077170418006 0.03232323232323232 0.05787781350482315
0 0.11616161616161616 0.7041800643086816 0.07777777777777778 0.1495176848874598
0 0.41818181818181815 0.4115755627009646 0.03232323232323232 0.05787781350482315
0 0.402020202020202 0.3167202572347267 0.01919191919191919 0.03376205787781351
0 0.403030303030303 0.2620578778135048 0.01919191919191919 0.03376205787781351
0 0.44646464646464645 0.3327974276527331 0.03232323232323232 0.05787781350482315
0 0.6282828282828283 0.8729903536977492 0.07777777777777778 0.1495176848874598
0 0.8818181818181818 0.9903536977491961 0.07777777777777778 0.1495176848874598
0 0.8717171717171717 0.8842443729903537 0.07777777777777778 0.1495176848874598
0 0.21212121212121213 0.3778135048231511 0.03232323232323232 0.05787781350482315
0 0.5444444444444444 0.34565916398713825 0.03232323232323232 0.05787781350482315
0 0.45656565656565656 0.6463022508038585 0.05757575757575758 0.10932475884244373
0 0.5111111111111111 0.3617363344051447 0.03232323232323232 0.05787781350482315
0 0.22121212121212122 0.7733118971061094 0.07777777777777778 0.1495176848874598
0 0.3383838383838384 0.32636655948553056 0.01919191919191919 0.03376205787781351
0 0.3393939393939394 0.3520900321543408 0.03232323232323232 0.05787781350482315
0 0.6282828282828283 0.40192926045016075 0.03232323232323232 0.05787781350482315
0 0.20606060606060606 0.4742765273311897 0.05757575757575758 0.10932475884244373
0 0.2515151515151515 0.2861736334405145 0.01919191919191919 0.03376205787781351
0 0.6555555555555556 0.4565916398713826 0.044444444444444446 0.08360128617363344
0 0.1505050505050505 0.49517684887459806 0.05757575757575758 0.10932475884244373
