0 0.886 0.7241379310344828 0.023 0.045454545454545456
0 0.325 0.43103448275862066 0.021 0.03605015673981191
0 0.32 0.08463949843260188 0.022 0.045454545454545456
0 0.234 0.36990595611285265 0.021 0.03605015673981191
0 0.434 0.20689655172413793 0.021 0.03605015673981191
0 0.863 0.2727272727272727 0.021 0.03605015673981191
0 0.329 0.5376175548589341 0.021 0.03605015673981191
0 0.788 0.17711598746081506 0.021 0.03605015673981191
0 0.014 0.2225705329153605 0.021 0.04075235109717868
0 0.75 0.09717868338557993 0.022 0.045454545454545456
0 0.687 0.5799373040752351 0.023 0.045454545454545456
0 0.5 0.322884012539185 0.021 0.03605015673981191
0 0.32 0.01567398119122257 0.022 0.045454545454545456
0 0.765 0.5736677115987461 0.023 0.045454545454545456
0 0.75 0.2852664576802508 0.021 0.03605015673981191
0 0.913 0.35266457680250785 0.021 0.03605015673981191
0 0.009 0.2664576802507837 0.021 0.03761755485893417
0 0.386 0.7272727272727273 0.023 0.045454545454545456
0 0.708 0.7288401253918495 0.023 0.045454545454545456
0 0.085 0.5595611285266457 0.023 0.045454545454545456
0 0.709 0.5031347962382445 0.021 0.03605015673981191
0 0.721 0.1724137931034483 0.021 0.03605015673981191
0 0.965 0.4169278996865204 0.021 0.03605015673981191
0 0.651 0.42476489028213166 0.021 0.03605015673981191
0 0.134 0.4153605015673981 0.021 0.03605015673981191
0 0.6 0.06269592476489028 0.022 0.045454545454545456
0 0.204 0.01567398119122257 0.022 0.045454545454545456
0 0.815 0.012539184952978056 0.022 0.045454545454545456
0 0.392 0.13479623824451412 0.022 0.045454545454545456
0 0.025 0.47962382445141066 0.022 0.04075235109717868
0 0.018 0.4278996865203762 0.021 0.03761755485893417
0 0.436 0.2507836990595611 0.021 0.03605015673981191
0 0.995 0.2445141065830721 0.021 0.03761755485893417
0 0.108 0.6018808777429467 0.023 0.045454545454545456
0 0.9 0.5924764890282131 0.023 0.045454545454545456
0 0.141 0.47648902821316613 0.021 0.03605015673981191
0 0.164 0.4200626959247649 0.021 0.03605015673981191
0 0.153 0.08934169278996865 0.022 0.045454545454545456
0 0.772 0.7178683385579937 0.023 0.045454545454545456
0 0.444 0.3949843260188088 0.021 0.03605015673981191
0 0.448 0.4278996865203762 0.021 0.03605015673981191
0 0.925 0.5862068965517241 0.023 0.045454545454545456
0 0.74 0.554858934169279 0.023 0.045454545454545456
0 0.217 0.41849529780564265 0.021 0.03605015673981191
0 0.528 0.3385579937304075 0.021 0.03605015673981191
0 0.863 0.032915360501567396 0.022 0.045454545454545456
0 0.993 0.6927899686520376 0.023 0.045454545454545456
0 0.625 0.25705329153605017 0.021 0.03605015673981191
0 0.879 0.5344827586206896 0.021 0.03605015673981191
0 0.573 0.7178683385579937 0.023 0.045454545454545456
0 0.455 0.4827586206896552 0.021 0.03605015673981191
0 0.944 0.7163009404388715 0.023 0.045454545454545456
0 0.995 0.1536050156739812 0.021 0.03761755485893417
0 0.815 0.07993730407523511 0.022 0.045454545454545456
0 0.083 0.35893416927899685 0.021 0.03605015673981191
0 0.038 0.5391849529780565 0.022 0.04231974921630094
0 0.284 0.47648902821316613 0.021 0.03605015673981191
0 0.544 0.10658307210031348 0.022 0.045454545454545456
0 0.564 0.26332288401253917 0.021 0.03605015673981191
0 0.935 0.3103448275862069 0.021 0.03605015673981191
0 0.843 0.13322884012539185 0.022 0.045454545454545456
0 0.012 0.3338557993730408 0.021 0.03605015673981191
0 0.991 0.5846394984326019 0.022 0.04231974921630094
0 0.608 0.19122257053291536 0.021 0.03605015673981191
0 0.863 0.16927899686520376 0.021 0.03605015673981191
0 0.783 0.542319749216301 0.021 0.03605015673981191
0 0.108 0.0768025078369906 0.022 0.045454545454545456
0 0.358 0.5250783699059561 0.021 0.03605015673981191
0 0.45 0.09404388714733543 0.022 0.045454545454545456
0 0.02 0.5799373040752351 0.022 0.04231974921630094
0 0.337 0.49843260188087773 0.021 0.03605015673981191
0 0.484 0.22727272727272727 0.021 0.03605015673981191
0 0.701 0.38557993730407525 0.021 0.03605015673981191
0 0.502 0.6630094043887147 0.023 0.045454545454545456
0 0.528 0.13479623824451412 0.022 0.045454545454545456
0 0.591 0.5470219435736677 0.023 0.045454545454545456
0 0.975 0.109717868338558 0.021 0.03761755485893417
0 0.088 0.08463949843260188 0.022 0.045454545454545456
0 0.102 0.012539184952978056 0.022 0.045454545454545456
0 0.504 0.04075235109717868 0.022 0.045454545454545456
0 0.817 0.5517241379310345 0.023 0.045454545454545456
0 0.276 0.12695924764890282 0.022 0.045454545454545456
0 0.74 0.01567398119122257 0.022 0.045454545454545456
0 0.943 0.050156739811912224 0.021 0.04075235109717868
0 0.986 0.29780564263322884 0.021 0.03605015673981191
0 0.719 0.08934169278996865 0.022 0.045454545454545456
0 0.529 0.4670846394984326 0.021 0.03605015673981191
0 0.308 0.21630094043887146 0.021 0.03605015673981191
0 0.935 0.006269592476489028 0.021 0.04231974921630094
0 0.921 0.15987460815047022 0.022 0.045454545454545456
0 0.905 0.1974921630094044 0.021 0.03605015673981191
0 0.655 0.10344827586206896 0.022 0.045454545454545456
0 0.199 0.37460815047021945 0.021 0.03605015673981191
0 0.128 0.15673981191222572 0.022 0.045454545454545456
0 0.452 0.04075235109717868 0.022 0.045454545454545456
0 0.078 0.3166144200626959 0.021 0.03605015673981191
0 0.294 0.15830721003134796 0.022 0.045454545454545456
0 0.631 0.029780564263322883 0.022 0.045454545454545456
0 0.817 0.2601880877742947 0.021 0.03605015673981191
0 0.516 0.18495297805642633 0.021 0.03605015673981191
0 0.314 0.2664576802507837 0.021 0.03605015673981191
0 0.234 0.670846394984326 0.023 0.045454545454545456
0 0.504 0.7398119122257053 0.023 0.045454545454545456
0 0.472 0.11442006269592477 0.022 0.045454545454545456
0 0.533 0.5235109717868338 0.021 0.03605015673981191
0 0.264 0.4231974921630094 0.021 0.03605015673981191
0 0.318 0.15047021943573669 0.022 0.045454545454545456
0 0.636 0.7037617554858934 0.023 0.045454545454545456
0 0.156 0.02821316614420063 0.022 0.045454545454545456
0 0.124 0.6081504702194357 0.023 0.045454545454545456
0 0.188 0.7272727272727273 0.023 0.045454545454545456
0 0.526 0.4043887147335423 0.021 0.03605015673981191
0 0.082 0.49216300940438873 0.021 0.03605015673981191
0 0.144 0.3338557993730408 0.021 0.03605015673981191
0 0.667 0.5642633228840125 0.023 0.045454545454545456
0 0.659 0.48589341692789967 0.021 0.03605015673981191
0 0.865 0.09717868338557993 0.022 0.045454545454545456
0 0.846 0.5172413793103449 0.021 0.03605015673981191
0 0.727 0.27899686520376177 0.021 0.03605015673981191
0 0.23 0.15673981191222572 0.022 0.045454545454545456
0 0.823 0.7178683385579937 0.023 0.045454545454545456
0 0.619 0.3275862068965517 0.021 0.03605015673981191
0 0.887 0.18495297805642633 0.021 0.03605015673981191
0 0.452 0.5987460815047022 0.023 0.045454545454545456
0 0.53 0.774294670846395 0.023 0.045454545454545456
0 0.142 0.274294670846395 0.021 0.03605015673981191
0 0.815 0.3401253918495298 0.021 0.03605015673981191
0 0.547 0.2225705329153605 0.021 0.03605015673981191
0 0.162 0.64576802507837 0.023 0.045454545454545456
0 0.679 0.034482758620689655 0.022 0.045454545454545456
0 0.066 0.13949843260188088 0.022 0.045454545454545456
0 0.37 0.16614420062695925 0.022 0.045454545454545456
0 0.939 0.18495297805642633 0.021 0.03605015673981191
0 0.224 0.23197492163009403 0.021 0.03605015673981191
0 0.997 0.6285266457680251 0.022 0.04231974921630094
0 0.933 0.6677115987460815 0.023 0.045454545454545456
0 0.423 0.15830721003134796 0.022 0.045454545454545456
0 0.526 0.06426332288401254 0.022 0.045454545454545456
0 0.744 0.047021943573667714 0.022 0.045454545454545456
0 0.366 0.21003134796238246 0.021 0.03605015673981191
0 0.767 0.10031347962382445 0.022 0.045454545454545456
0 0.096 0.14733542319749215 0.022 0.045454545454545456
0 0.703 0.13949843260188088 0.022 0.045454545454545456
0 0.18 0.09717868338557993 0.022 0.045454545454545456
0 0.798 0.23981191222570533 0.021 0.03605015673981191
0 0.3 0.6865203761755486 0.023 0.045454545454545456
0 0.212 0.3557993730407524 0.021 0.03605015673981191
0 0.214 0.493730407523511 0.021 0.03605015673981191
0 0.387 0.01567398119122257 0.022 0.045454545454545456
0 0.393 0.08463949843260188 0.022 0.045454545454545456
0 0.58 0.6175548589341693 0.023 0.045454545454545456
0 0.877 0.6206896551724138 0.023 0.045454545454545456
0 0.064 0.1786833855799373 0.021 0.03605015673981191
0 0.172 0.22727272727272727 0.021 0.03605015673981191
0 0.19 0.5109717868338558 0.021 0.03605015673981191
0 0.22 0.7304075235109718 0.023 0.045454545454545456
0 0.599 0.12852664576802508 0.022 0.045454545454545456
0 0.408 0.3557993730407524 0.021 0.03605015673981191
0 0.069 0.5219435736677116 0.021 0.03605015673981191
0 0.014 0.3761755485893417 0.021 0.03605015673981191
0 0.608 0.5047021943573667 0.021 0.03605015673981191
0 0.958 0.48589341692789967 0.021 0.03605015673981191
0 0.08 0.2884012539184953 0.021 0.03605015673981191
0 0.779 0.13636363636363635 0.022 0.045454545454545456
0 0.932 0.23981191222570533 0.021 0.03605015673981191
0 0.424 0.5517241379310345 0.023 0.045454545454545456
0 0.271 0.5031347962382445 0.021 0.03605015673981191
0 0.033 0.07366771159874608 0.021 0.04231974921630094
0 0.338 0.3103448275862069 0.021 0.03605015673981191
0 0.897 0.6802507836990596 0.023 0.045454545454545456
0 0.636 0.2225705329153605 0.021 0.03605015673981191
0 0.018 0.20689655172413793 0.021 0.04075235109717868
0 0.765 0.34169278996865204 0.021 0.03605015673981191
0 0.695 0.29780564263322884 0.021 0.03605015673981191
0 0.372 0.48746081504702193 0.021 0.03605015673981191
0 0.564 0.01567398119122257 0.022 0.045454545454545456
0 0.685 0.23981191222570533 0.021 0.03605015673981191
0 0.43 0.4890282131661442 0.021 0.03605015673981191
0 0.606 0.46238244514106586 0.021 0.03605015673981191
