0 0.3629032258064516 0.08958837772397095 0.00967741935483871 0.01937046004842615
0 0.6161290322580645 0.2009685230024213 0.03064516129032258 0.053268765133171914
0 0.3903225806451613 0.23002421307506055 0.05 0.0847457627118644
0 0.817741935483871 0.30024213075060535 0.08387096774193549 0.15254237288135594
0 0.7387096774193549 0.25907990314769974 0.03064516129032258 0.053268765133171914
0 0.38225806451612904 0.08232445520581114 0.00967741935483871 0.01937046004842615
0 0.646774193548387 0.27602905569007263 0.0467741935483871 0.06537530266343826
0 0.25483870967741934 0.2397094430992736 0.03870967741935484 0.0774818401937046
0 0.07096774193548387 0.19612590799031476 0.03870967741935484 0.0774818401937046
0 0.27903225806451615 0.08232445520581114 0.00967741935483871 0.01937046004842615
0 0.4935483870967742 0.13317191283292978 0.05 0.0847457627118644
0 0.19193548387096773 0.29539951573849876 0.03870967741935484 0.0774818401937046
0 0.3258064516129032 0.10411622276029056 0.00967741935483871 0.01937046004842615
0 0.15483870967741936 0.0774818401937046 0.05161290322580645 0.0774818401937046
0 0.3032258064516129 0.09927360774818401 0.00967741935483871 0.01937046004842615
