0 0.52734375 0.014973958333333334 0.01171875 0.022135416666666668
0 0.8994140625 0.014322916666666666 0.01171875 0.022135416666666668
0 0.97607421875 0.2877604166666667 0.01171875 0.018229166666666668
0 0.13623046875 0.4283854166666667 0.01416015625 0.022135416666666668
0 0.87939453125 0.888671875 0.015625 0.025390625
0 0.65673828125 0.8639322916666666 0.015625 0.025390625
0 0.46875 0.23763020833333334 0.01171875 0.018229166666666668
0 0.78125 0.3287760416666667 0.01171875 0.018229166666666668
0 0.396484375 0.14583333333333334 0.01171875 0.022135416666666668
0 0.63037109375 0.3151041666666667 0.01171875 0.018229166666666668
0 0.95068359375 0.6490885416666666 0.01220703125 0.022786458333333332
0 0.83154296875 0.9401041666666666 0.01318359375 0.022786458333333332
0 0.98583984375 0.055989583333333336 0.01171875 0.022135416666666668
0 0.5849609375 0.3919270833333333 0.01416015625 0.022135416666666668
0 0.92041015625 0.876953125 0.015625 0.025390625
0 0.400390625 0.9029947916666666 0.015625 0.025390625
0 0.787109375 0.16145833333333334 0.01171875 0.022135416666666668
0 0.33544921875 0.0006510416666666666 0.01171875 0.022135416666666668
0 0.65576171875 0.25 0.01171875 0.018229166666666668
0 0.56689453125 0.8138020833333334 0.015625 0.025390625
0 0.96826171875 0.017578125 0.01171875 0.022135416666666668
0 0.84423828125 0.12890625 0.01171875 0.022135416666666668
0 0.62744140625 0.9954427083333334 0.01318359375 0.022786458333333332
0 0.69091796875 0.9420572916666666 0.01318359375 0.022786458333333332
0 0.47412109375 0.9895833333333334 0.01318359375 0.022786458333333332
0 0.4990234375 0.224609375 0.01171875 0.018229166666666668
0 0.76806640625 0.8951822916666666 0.015625 0.025390625
0 0.7373046875 0.97265625 0.01318359375 0.022786458333333332
0 0.998046875 0.9322916666666666 0.01416015625 0.024088541666666668
0 0.7626953125 0.043619791666666664 0.01171875 0.022135416666666668
0 0.5361328125 0.904296875 0.015625 0.025390625
0 0.95947265625 0.3352864583333333 0.01416015625 0.022135416666666668
0 0.92529296875 0.927734375 0.01318359375 0.022786458333333332
0 0.73876953125 0.7102864583333334 0.0166015625 0.026041666666666668
0 0.953125 0.8111979166666666 0.015625 0.025390625
0 0.9111328125 0.375 0.01416015625 0.022135416666666668
0 0.82373046875 0.9700520833333334 0.01318359375 0.022786458333333332
0 0.3408203125 0.6985677083333334 0.0166015625 0.026041666666666668
0 0.53466796875 0.3450520833333333 0.01416015625 0.022135416666666668
0 0.17236328125 0.279296875 0.01171875 0.018229166666666668
0 0.30712890625 0.7005208333333334 0.0166015625 0.026041666666666668
0 0.6865234375 0.203125 0.01171875 0.018229166666666668
0 0.20458984375 0.005208333333333333 0.01171875 0.020182291666666668
0 0.56298828125 0.7044270833333334 0.0166015625 0.026041666666666668
0 0.181640625 0.3821614583333333 0.01416015625 0.022135416666666668
0 0.19873046875 0.8138020833333334 0.015625 0.025390625
0 0.681640625 0.8509114583333334 0.015625 0.025390625
0 0.33984375 0.3268229166666667 0.01171875 0.018229166666666668
0 0.65576171875 0.326171875 0.01171875 0.018229166666666668
0 0.4443359375 0.8977864583333334 0.015625 0.025390625
0 0.68212890625 0.802734375 0.015625 0.025390625
0 0.20263671875 0.2584635416666667 0.01171875 0.018229166666666668
0 0.2255859375 0.9440104166666666 0.01318359375 0.022786458333333332
0 0.49755859375 0.6901041666666666 0.0166015625 0.026041666666666668
0 0.62255859375 0.8092447916666666 0.015625 0.025390625
0 0.70361328125 0.2265625 0.01171875 0.018229166666666668
0 0.42724609375 0.9752604166666666 0.01318359375 0.022786458333333332
0 0.88427734375 0.3678385416666667 0.01416015625 0.022135416666666668
0 0.4716796875 0.8684895833333334 0.013671875 0.0234375
0 0.56689453125 0.022135416666666668 0.01171875 0.022135416666666668
0 0.798828125 0.7154947916666666 0.0166015625 0.026041666666666668
0 0.7822265625 0.8444010416666666 0.015625 0.025390625
0 0.1943359375 0.416015625 0.01416015625 0.022135416666666668
0 0.78564453125 0.9739583333333334 0.01318359375 0.022786458333333332
0 0.93017578125 0.8359375 0.015625 0.025390625
0 0.82177734375 0.3782552083333333 0.01416015625 0.022135416666666668
0 0.794921875 0.9446614583333334 0.01318359375 0.022786458333333332
0 0.8603515625 0.22330729166666666 0.01171875 0.018229166666666668
0 0.50244140625 0.14453125 0.01171875 0.022135416666666668
0 0.53271484375 0.22916666666666666 0.01171875 0.018229166666666668
0 0.4853515625 0.4049479166666667 0.01416015625 0.022135416666666668
0 0.12158203125 0.2786458333333333 0.01171875 0.018229166666666668
0 0.689453125 0.2819010416666667 0.01171875 0.018229166666666668
0 0.06298828125 0.9498697916666666 0.013671875 0.0234375
0 0.86279296875 0.2962239583333333 0.01171875 0.018229166666666668
0 0.4306640625 0.287109375 0.01171875 0.018229166666666668
0 0.197265625 0.943359375 0.01318359375 0.022786458333333332
0 0.52978515625 0.416015625 0.01416015625 0.022135416666666668
0 0.9775390625 0.4661458333333333 0.0126953125 0.022135416666666668
0 0.9521484375 0.045572916666666664 0.01171875 0.022135416666666668
0 0.70556640625 0.8229166666666666 0.015625 0.025390625
0 0.7666015625 0.7239583333333334 0.0166015625 0.026041666666666668
0 0.91796875 0.3033854166666667 0.01171875 0.018229166666666668
0 0.47119140625 0.022786458333333332 0.01171875 0.022135416666666668
0 0.50439453125 0.994140625 0.01318359375 0.022786458333333332
0 0.90966796875 0.3528645833333333 0.0126953125 0.020182291666666668
0 0.36279296875 0.13997395833333334 0.01171875 0.022135416666666668
0 0.34326171875 0.92578125 0.01318359375 0.022786458333333332
0 0.5810546875 0.24869791666666666 0.01171875 0.018229166666666668
0 0.90283203125 0.91015625 0.015625 0.025390625
0 0.43359375 0.22916666666666666 0.01171875 0.018229166666666668
0 0.4912109375 0.006510416666666667 0.01171875 0.022135416666666668
0 0.97900390625 0.583984375 0.01220703125 0.022786458333333332
0 0.63232421875 0.3444010416666667 0.01416015625 0.022135416666666668
0 0.2236328125 0.4479166666666667 0.01416015625 0.022135416666666668
0 0.00439453125 0.23177083333333334 0.01171875 0.018880208333333332
0 0.4560546875 0.9322916666666666 0.01318359375 0.022786458333333332
0 0.94384765625 0.033203125 0.01171875 0.022135416666666668
0 0.4423828125 0.357421875 0.01416015625 0.022135416666666668
0 0.70654296875 0.4303385416666667 0.01416015625 0.022135416666666668
0 0.513671875 0.9205729166666666 0.01318359375 0.022786458333333332
0 0.3291015625 0.689453125 0.0166015625 0.026041666666666668
0 0.93505859375 0.9895833333333334 0.01318359375 0.022786458333333332
0 0.970703125 0.22005208333333334 0.01220703125 0.018880208333333332
0 0.31787109375 0.7044270833333334 0.0166015625 0.026041666666666668
0 0.4306640625 0.94921875 0.01318359375 0.022786458333333332
0 0.2626953125 0.642578125 0.01220703125 0.022786458333333332
0 0.96875 0.6119791666666666 0.01220703125 0.022786458333333332
0 0.8916015625 0.4889322916666667 0.01220703125 0.022786458333333332
0 0.2705078125 0.022786458333333332 0.01171875 0.022135416666666668
0 0.76123046875 0.3600260416666667 0.01416015625 0.022135416666666668
0 0.5224609375 0.4544270833333333 0.01416015625 0.022135416666666668
0 0.3740234375 0.302734375 0.01171875 0.018229166666666668
0 0.3759765625 0.955078125 0.01318359375 0.022786458333333332
0 0.2763671875 0.00390625 0.01171875 0.022135416666666668
0 0.8955078125 0.283203125 0.01171875 0.018229166666666668
0 0.9111328125 0.7122395833333334 0.0166015625 0.026041666666666668
0 0.86865234375 0.8424479166666666 0.015625 0.025390625
0 0.0166015625 0.0006510416666666666 0.01171875 0.018880208333333332
0 0.62353515625 0.4576822916666667 0.01416015625 0.022135416666666668
0 0.61474609375 0.4147135416666667 0.01416015625 0.022135416666666668
0 0.97509765625 0.791015625 0.01611328125 0.025390625
0 0.701171875 0.6985677083333334 0.0166015625 0.026041666666666668
0 0.48828125 0.9680989583333334 0.01318359375 0.022786458333333332
0 0.34423828125 0.24934895833333334 0.01171875 0.018229166666666668
0 0.39013671875 0.7024739583333334 0.0166015625 0.026041666666666668
0 0.43212890625 0.01171875 0.01171875 0.022135416666666668
0 0.982421875 0.9615885416666666 0.01318359375 0.022786458333333332
0 0.3955078125 0.935546875 0.01318359375 0.022786458333333332
0 0.28662109375 0.265625 0.01171875 0.018229166666666668
0 0.93359375 0.9700520833333334 0.01318359375 0.022786458333333332
0 0.5859375 0.9876302083333334 0.01318359375 0.022786458333333332
0 0.76513671875 0.17447916666666666 0.01171875 0.018229166666666668
0 0.59716796875 0.939453125 0.01318359375 0.022786458333333332
0 0.20068359375 0.48046875 0.01220703125 0.022786458333333332
0 0.87109375 0.455078125 0.01416015625 0.022135416666666668
0 0.74560546875 0.3997395833333333 0.01416015625 0.022135416666666668
0 0.37890625 0.279296875 0.01171875 0.018229166666666668
0 0.92626953125 0.6100260416666666 0.01220703125 0.022786458333333332
0 0.8251953125 0.15559895833333334 0.01171875 0.022135416666666668
0 0.2724609375 0.7102864583333334 0.0166015625 0.026041666666666668
0 0.0830078125 0.3365885416666667 0.01416015625 0.022135416666666668
0 0.71875 0.4029947916666667 0.01416015625 0.022135416666666668
0 0.40673828125 0.986328125 0.01318359375 0.022786458333333332
0 0.60498046875 0.2630208333333333 0.01171875 0.018229166666666668
0 0.53173828125 0.9407552083333334 0.01318359375 0.022786458333333332
0 0.8447265625 0.4055989583333333 0.01416015625 0.022135416666666668
0 0.89013671875 0.9615885416666666 0.01318359375 0.022786458333333332
0 0.970703125 0.2526041666666667 0.01220703125 0.018880208333333332
0 0.9951171875 0.026041666666666668 0.01171875 0.022135416666666668
0 0.44873046875 0.4537760416666667 0.01416015625 0.022135416666666668
0 0.69384765625 0.7506510416666666 0.0166015625 0.026041666666666668
0 0.4091796875 0.6966145833333334 0.0166015625 0.026041666666666668
0 0.92431640625 0.896484375 0.015625 0.025390625
0 0.59228515625 0.15690104166666666 0.01171875 0.022135416666666668
0 0.2783203125 0.28515625 0.01171875 0.018229166666666668
0 0.2470703125 0.2623697916666667 0.01171875 0.018229166666666668
0 0.91796875 0.9934895833333334 0.01318359375 0.022786458333333332
0 0.876953125 0.5065104166666666 0.01220703125 0.022786458333333332
0 0.13330078125 0.24283854166666666 0.01171875 0.018229166666666668
0 0.36279296875 0.9596354166666666 0.01318359375 0.022786458333333332
0 0.86474609375 0.2584635416666667 0.01171875 0.018229166666666668
0 0.98583984375 0.7545572916666666 0.01611328125 0.025390625
0 0.83544921875 0.12630208333333334 0.01171875 0.022135416666666668
0 0.533203125 0.166015625 0.01171875 0.022135416666666668
0 0.43212890625 0.9264322916666666 0.01318359375 0.022786458333333332
0 0.2294921875 0.2936197916666667 0.01171875 0.018229166666666668
0 0.95703125 0.5286458333333334 0.01220703125 0.022786458333333332
0 0.27685546875 0.39453125 0.01416015625 0.022135416666666668
0 0.7451171875 0.044921875 0.01171875 0.022135416666666668
0 0.162109375 0.4654947916666667 0.01416015625 0.022135416666666668
0 0.4736328125 0.048828125 0.01171875 0.022135416666666668
0 0.37890625 0.9264322916666666 0.01318359375 0.022786458333333332
0 0.8505859375 0.8352864583333334 0.015625 0.025390625
0 0.69921875 0.458984375 0.01416015625 0.022135416666666668
0 0.7900390625 0.004557291666666667 0.01171875 0.022135416666666668
0 0.7861328125 0.9921875 0.01318359375 0.022786458333333332
0 0.96240234375 0.8561197916666666 0.015625 0.025390625
0 0.93603515625 0.05078125 0.01171875 0.022135416666666668
0 0.748046875 0.4303385416666667 0.01416015625 0.022135416666666668
0 0.8681640625 0.9720052083333334 0.01318359375 0.022786458333333332
0 0.75830078125 0.9856770833333334 0.01318359375 0.022786458333333332
0 0.90478515625 0.072265625 0.01171875 0.022135416666666668
0 0.67333984375 0.9375 0.01318359375 0.022786458333333332
0 0.67578125 0.044921875 0.01171875 0.022135416666666668
0 0.33056640625 0.8489583333333334 0.015625 0.025390625
0 0.6083984375 0.22395833333333334 0.01171875 0.018229166666666668
0 0.84033203125 0.9947916666666666 0.01318359375 0.022786458333333332
0 0.80126953125 0.19986979166666666 0.01171875 0.018229166666666668
0 0.15966796875 0.970703125 0.01318359375 0.022786458333333332
0 0.34716796875 0.7180989583333334 0.0166015625 0.026041666666666668
0 0.81396484375 0.3020833333333333 0.01171875 0.018229166666666668
0 0.05712890625 0.9765625 0.01318359375 0.022786458333333332
0 0.916015625 0.2643229166666667 0.01171875 0.018229166666666668
0 0.2392578125 0.0006510416666666666 0.01171875 0.020833333333333332
0 0.28857421875 0.9889322916666666 0.01318359375 0.022786458333333332
0 0.81787109375 0.4029947916666667 0.01416015625 0.022135416666666668
0 0.90576171875 0.8444010416666666 0.015625 0.025390625
0 0.57275390625 0.8313802083333334 0.015625 0.025390625
0 0.43505859375 0.6946614583333334 0.0166015625 0.026041666666666668
0 0.427734375 0.057942708333333336 0.01171875 0.022135416666666668
0 0.23828125 0.9921875 0.01318359375 0.022786458333333332
0 0.9638671875 0.9368489583333334 0.01318359375 0.022786458333333332
0 0.27197265625 0.4505208333333333 0.01416015625 0.022135416666666668
0 0.484375 0.9192708333333334 0.01318359375 0.022786458333333332
0 0.88818359375 0.08919270833333333 0.01171875 0.022135416666666668
0 0.4638671875 0.9934895833333334 0.01318359375 0.022786458333333332
0 0.38232421875 0.0013020833333333333 0.01171875 0.022135416666666668
0 0.291015625 0.7115885416666666 0.0166015625 0.026041666666666668
0 0.55908203125 0.3958333333333333 0.01416015625 0.022135416666666668
0 0.8681640625 0.19661458333333334 0.01171875 0.018229166666666668
0 0.94189453125 0.7102864583333334 0.0166015625 0.026041666666666668
0 0.6083984375 0.87109375 0.015625 0.025390625
0 0.2880859375 0.9381510416666666 0.01318359375 0.022786458333333332
0 0.9814453125 0.6236979166666666 0.01318359375 0.0234375
0 0.98876953125 0.0390625 0.01171875 0.022135416666666668
0 0.3095703125 0.4446614583333333 0.01416015625 0.022135416666666668
0 0.1669921875 0.23697916666666666 0.01171875 0.018229166666666668
0 0.00341796875 0.45703125 0.01318359375 0.020833333333333332
0 0.93505859375 0.24283854166666666 0.01171875 0.018229166666666668
0 0.69189453125 0.9856770833333334 0.01318359375 0.022786458333333332
0 0.42822265625 0.4296875 0.01416015625 0.022135416666666668
0 0.98388671875 0.541015625 0.01220703125 0.022786458333333332
0 0.69580078125 0.3046875 0.01171875 0.018229166666666668
0 0.37060546875 0.3352864583333333 0.01416015625 0.022135416666666668
0 0.24365234375 0.958984375 0.01318359375 0.022786458333333332
0 0.84716796875 0.20182291666666666 0.01171875 0.018229166666666668
0 0.541015625 0.8704427083333334 0.015625 0.025390625
0 0.5595703125 0.15234375 0.01171875 0.022135416666666668
0 0.91943359375 0.7916666666666666 0.01611328125 0.025390625
0 0.17236328125 0.9635416666666666 0.01318359375 0.022786458333333332
0 0.85546875 0.4055989583333333 0.01416015625 0.022135416666666668
0 0.728515625 0.28125 0.01171875 0.018229166666666668
0 0.62890625 0.8352864583333334 0.015625 0.025390625
0 0.88818359375 0.92578125 0.01318359375 0.022786458333333332
0 0.30126953125 0.7057291666666666 0.0166015625 0.026041666666666668
0 0.4287109375 0.8268229166666666 0.015625 0.025390625
0 0.935546875 0.314453125 0.01171875 0.018229166666666668
0 0.83544921875 0.904296875 0.015625 0.025390625
0 0.75830078125 0.95703125 0.01318359375 0.022786458333333332
0 0.9912109375 0.3854166666666667 0.0126953125 0.020182291666666668
0 0.796875 0.21875 0.01171875 0.018229166666666668
0 0.416015625 0.7141927083333334 0.0166015625 0.026041666666666668
0 0.5732421875 0.875 0.015625 0.025390625
0 0.8095703125 0.9192708333333334 0.01318359375 0.022786458333333332
0 0.78369140625 0.9010416666666666 0.015625 0.025390625
0 0.61083984375 0.039713541666666664 0.01171875 0.022135416666666668
0 0.05859375 0.375 0.01318359375 0.020833333333333332
0 0.47412109375 0.00390625 0.01171875 0.022135416666666668
0 0.64794921875 0.8782552083333334 0.015625 0.025390625
0 0.73486328125 0.8684895833333334 0.015625 0.025390625
0 0.57763671875 0.9192708333333334 0.01318359375 0.022786458333333332
0 0.7451171875 0.3131510416666667 0.01171875 0.018229166666666668
0 0.7890625 0.80078125 0.015625 0.025390625
0 0.78369140625 0.3860677083333333 0.01416015625 0.022135416666666668
0 0.92333984375 0.423828125 0.01416015625 0.022135416666666668
0 0.9140625 0.529296875 0.01220703125 0.022786458333333332
0 0.79345703125 0.033854166666666664 0.01171875 0.022135416666666668
0 0.87353515625 0.09244791666666667 0.01171875 0.022135416666666668
0 0.61083984375 0.828125 0.015625 0.025390625
0 0.953125 0.705078125 0.0166015625 0.026041666666666668
0 0.7548828125 0.1953125 0.01171875 0.018229166666666668
0 0.29296875 0.9134114583333334 0.015625 0.025390625
0 0.64697265625 0.9381510416666666 0.01318359375 0.022786458333333332
0 0.984375 0.8795572916666666 0.0146484375 0.024739583333333332
0 0.97265625 0.043619791666666664 0.01171875 0.022135416666666668
0 0.65966796875 0.962890625 0.01318359375 0.022786458333333332
0 0.23583984375 0.9537760416666666 0.01318359375 0.022786458333333332
0 0.611328125 0.9205729166666666 0.01318359375 0.022786458333333332
0 0.74365234375 0.8229166666666666 0.015625 0.025390625
0 0.720703125 0.8072916666666666 0.015625 0.025390625
0 0.869140625 0.020833333333333332 0.01171875 0.022135416666666668
0 0.27783203125 0.9700520833333334 0.01318359375 0.022786458333333332
0 0.70458984375 0.9720052083333334 0.01318359375 0.022786458333333332
0 0.890625 0.9921875 0.01318359375 0.022786458333333332
0 0.86474609375 0.7877604166666666 0.015625 0.025390625
0 0.80615234375 0.986328125 0.01318359375 0.022786458333333332
0 0.43994140625 0.150390625 0.01171875 0.022135416666666668
0 0.77001953125 0.3873697916666667 0.01416015625 0.022135416666666668
0 0.6953125 0.3860677083333333 0.01416015625 0.022135416666666668
0 0.81396484375 0.87890625 0.015625 0.025390625
0 0.6376953125 0.23372395833333334 0.01171875 0.018229166666666668
0 0.671875 0.012369791666666666 0.01171875 0.022135416666666668
0 0.66845703125 0.3899739583333333 0.01416015625 0.022135416666666668
0 0.47802734375 0.7233072916666666 0.0166015625 0.026041666666666668
0 0.26416015625 0.8873697916666666 0.015625 0.025390625
0 0.86376953125 0.431640625 0.01416015625 0.022135416666666668
0 0.93994140625 0.7506510416666666 0.0166015625 0.026041666666666668
0 0.052734375 0.3541666666666667 0.0126953125 0.020182291666666668
0 0.873046875 0.7578125 0.0166015625 0.026041666666666668
0 0.54638671875 0.994140625 0.01318359375 0.022786458333333332
0 0.9658203125 0.890625 0.015625 0.025390625
0 0.91064453125 0.8938802083333334 0.015625 0.025390625
0 0.712890625 0.15494791666666666 0.01171875 0.022135416666666668
0 0.51708984375 0.380859375 0.01416015625 0.022135416666666668
0 0.45458984375 0.970703125 0.01318359375 0.022786458333333332
0 0.85595703125 0.7669270833333334 0.0166015625 0.026041666666666668
0 0.064453125 0.017578125 0.01171875 0.022135416666666668
0 0.81201171875 0.8040364583333334 0.015625 0.025390625
0 0.5576171875 0.912109375 0.015625 0.025390625
0 0.6376953125 0.014322916666666666 0.01171875 0.022135416666666668
0 0.8408203125 0.014322916666666666 0.01171875 0.022135416666666668
