0 0.8574074074074074 0.7685185185185185 0.05486111111111111 0.09166666666666666
0 0.5525462962962963 0.8685185185185185 0.05486111111111111 0.09166666666666666
0 0.006712962962962963 0.12993827160493826 0.03194444444444444 0.05802469135802469
0 0.9782407407407407 0.03641975308641975 0.03194444444444444 0.05802469135802469
0 0.6736111111111112 0.026851851851851852 0.03194444444444444 0.05802469135802469
0 0.4423611111111111 0.016358024691358025 0.03194444444444444 0.05802469135802469
0 0.46458333333333335 0.007407407407407408 0.03194444444444444 0.05802469135802469
0 0.6798611111111111 0.8938271604938272 0.05486111111111111 0.09166666666666666
0 0.7006944444444444 0.9814814814814815 0.05486111111111111 0.09166666666666666
0 0.40046296296296297 0.5172839506172839 0.05115740740740741 0.07932098765432098
0 0.08449074074074074 0.4978395061728395 0.05115740740740741 0.07932098765432098
0 0.7421296296296296 0.2552469135802469 0.044675925925925924 0.07808641975308642
0 0.9340277777777778 0.3101851851851852 0.044675925925925924 0.07808641975308642
0 0.6680555555555555 0.6203703703703703 0.05115740740740741 0.07932098765432098
0 0.056712962962962965 0.532716049382716 0.05115740740740741 0.07932098765432098
0 0.26296296296296295 0.019444444444444445 0.03194444444444444 0.05802469135802469
0 0.9472222222222222 0.10864197530864197 0.03194444444444444 0.05802469135802469
0 0.6289351851851852 0.5373456790123456 0.05115740740740741 0.07932098765432098
0 0.6270833333333333 0.05864197530864197 0.03194444444444444 0.05802469135802469
0 0.23981481481481481 0.019444444444444445 0.03194444444444444 0.05802469135802469
0 0.594212962962963 0.5311728395061729 0.05115740740740741 0.07932098765432098
0 0.29421296296296295 0.6675925925925926 0.05115740740740741 0.07932098765432098
0 0.20810185185185184 0.15555555555555556 0.03194444444444444 0.05802469135802469
0 0.20092592592592592 0.04135802469135803 0.03194444444444444 0.05802469135802469
0 0.7761574074074075 0.11080246913580247 0.03194444444444444 0.05802469135802469
0 0.36944444444444446 0.12530864197530864 0.03194444444444444 0.05802469135802469
0 0.4395833333333333 0.059876543209876544 0.03194444444444444 0.05802469135802469
0 0.924537037037037 0.8243827160493827 0.05486111111111111 0.09166666666666666
0 0.7375 0.19197530864197532 0.03194444444444444 0.05802469135802469
0 0.8284722222222223 0.019753086419753086 0.03194444444444444 0.05802469135802469
0 0.4303240740740741 0.549074074074074 0.05115740740740741 0.07932098765432098
0 0.8493055555555555 0.020679012345679013 0.03194444444444444 0.05802469135802469
0 0.2222222222222222 0.4898148148148148 0.044675925925925924 0.07808641975308642
0 0.8826388888888889 0.604320987654321 0.05115740740740741 0.07932098765432098
0 0.9513888888888888 0.770679012345679 0.05486111111111111 0.09166666666666666
0 0.39282407407407405 0.204320987654321 0.03194444444444444 0.05802469135802469
0 0.41388888888888886 0.08117283950617284 0.03194444444444444 0.05802469135802469
0 0.7090277777777778 0.625 0.05115740740740741 0.07932098765432098
0 0.004861111111111111 0.5200617283950617 0.04791666666666667 0.0787037037037037
0 0.9972222222222222 0.6679012345679012 0.053009259259259256 0.08549382716049382
0 0.05162037037037037 0.45308641975308644 0.044675925925925924 0.07808641975308642
0 0.675 0.700925925925926 0.05115740740740741 0.07932098765432098
0 0.28125 0.2558641975308642 0.044675925925925924 0.07808641975308642
0 0.805324074074074 0.06172839506172839 0.03194444444444444 0.05802469135802469
0 0.30694444444444446 0.4817901234567901 0.044675925925925924 0.07808641975308642
0 0.6708333333333333 0.7904320987654321 0.05486111111111111 0.09166666666666666
0 0.2349537037037037 0.44814814814814813 0.044675925925925924 0.07808641975308642
0 0.20069444444444445 0.862037037037037 0.05486111111111111 0.09166666666666666
0 0.9152777777777777 0.662962962962963 0.05115740740740741 0.07932098765432098
0 0.059953703703703703 0.011728395061728396 0.03194444444444444 0.05802469135802469
0 0.5849537037037037 0.20308641975308642 0.03194444444444444 0.05802469135802469
0 0.5078703703703704 0.2660493827160494 0.044675925925925924 0.07808641975308642
0 0.8805555555555555 0.6496913580246914 0.05115740740740741 0.07932098765432098
0 0.14328703703703705 0.20185185185185187 0.03194444444444444 0.05802469135802469
0 0.22291666666666668 0.10462962962962963 0.03194444444444444 0.05802469135802469
0 0.6381944444444444 0.7231481481481481 0.052083333333333336 0.0824074074074074
0 0.19907407407407407 0.12438271604938271 0.03194444444444444 0.05802469135802469
0 0.9162037037037037 0.22530864197530864 0.044675925925925924 0.07808641975308642
0 0.9571759259259259 0.21820987654320986 0.03194444444444444 0.05802469135802469
0 0.8490740740740741 0.6046296296296296 0.05115740740740741 0.07932098765432098
0 0.5736111111111111 0.13364197530864197 0.03194444444444444 0.05802469135802469
0 0.9622685185185185 0.337037037037037 0.044675925925925924 0.07808641975308642
0 0.4930555555555556 0.006790123456790123 0.03194444444444444 0.05802469135802469
0 0.006481481481481481 0.45493827160493827 0.04953703703703704 0.07901234567901234
0 0.42291666666666666 0.6796296296296296 0.05115740740740741 0.07932098765432098
0 0.732175925925926 0.9166666666666666 0.05486111111111111 0.09166666666666666
0 0.9833333333333333 0.15 0.03194444444444444 0.05802469135802469
0 0.9912037037037037 0.758641975308642 0.053009259259259256 0.08549382716049382
0 0.23726851851851852 0.6092592592592593 0.05115740740740741 0.07932098765432098
0 0.6296296296296297 0.600925925925926 0.05115740740740741 0.07932098765432098
0 0.18958333333333333 0.6030864197530864 0.05115740740740741 0.07932098765432098
0 0.7652777777777777 0.06049382716049383 0.03194444444444444 0.05802469135802469
0 0.36689814814814814 0.24320987654320989 0.044675925925925924 0.07808641975308642
0 0.4136574074074074 0.9845679012345679 0.05486111111111111 0.09166666666666666
0 0.7965277777777777 0.1787037037037037 0.03194444444444444 0.05802469135802469
0 0.7930555555555555 0.725 0.05115740740740741 0.07932098765432098
0 0.3449074074074074 0.33055555555555555 0.044675925925925924 0.07808641975308642
0 0.8692129629629629 0.31635802469135804 0.044675925925925924 0.07808641975308642
0 0.33449074074074076 0.21666666666666667 0.03194444444444444 0.05802469135802469
0 0.6583333333333333 0.0941358024691358 0.03194444444444444 0.05802469135802469
0 0.39490740740740743 0.10401234567901235 0.03194444444444444 0.05802469135802469
0 0.5395833333333333 0.5879629629629629 0.05115740740740741 0.07932098765432098
0 0.5724537037037037 0.13117283950617284 0.03194444444444444 0.05802469135802469
0 0.4238425925925926 0.616358024691358 0.05115740740740741 0.07932098765432098
0 0.6372685185185185 0.018827160493827162 0.03194444444444444 0.05802469135802469
0 0.30648148148148147 0.044444444444444446 0.03194444444444444 0.05802469135802469
0 0.03935185185185185 0.1361111111111111 0.03194444444444444 0.05802469135802469
0 0.4391203703703704 0.9157407407407407 0.05486111111111111 0.09166666666666666
0 0.4738425925925926 0.5935185185185186 0.05115740740740741 0.07932098765432098
0 0.9738425925925925 0.1697530864197531 0.03194444444444444 0.05802469135802469
0 0.5921296296296297 0.06820987654320988 0.03194444444444444 0.05802469135802469
0 0.5444444444444444 0.2845679012345679 0.044675925925925924 0.07808641975308642
0 0.44074074074074077 0.2697530864197531 0.044675925925925924 0.07808641975308642
0 0.08726851851851852 0.005555555555555556 0.03194444444444444 0.05802469135802469
0 0.725 0.6697530864197531 0.05115740740740741 0.07932098765432098
0 0.5143518518518518 0.6608024691358024 0.05115740740740741 0.07932098765432098
0 0.2324074074074074 0.24475308641975307 0.044675925925925924 0.07808641975308642
