0 0.2984375 0.18938480096501809 0.0328125 0.054282267792521106
0 0.28828125 0.2545235223160434 0.04609375 0.06634499396863691
0 0.1390625 0.33775633293124246 0.04375 0.0735826296743064
0 0.46171875 0.195416164053076 0.03671875 0.05548854041013269
0 0.31484375 0.2810615199034982 0.04609375 0.06634499396863691
0 0.56484375 0.08082026537997587 0.03671875 0.05548854041013269
0 0.0546875 0.32448733413751507 0.04375 0.0735826296743064
0 0.94296875 0.3172496984318456 0.046875 0.07117008443908324
0 0.6375 0.16887816646562123 0.0375 0.05307599517490953
0 0.50625 0.045838359469240045 0.03671875 0.05548854041013269
0 0.37109375 0.27020506634499397 0.04609375 0.06634499396863691
0 0.025 0.3027744270205066 0.04375 0.0735826296743064
0 0.04765625 0.1218335343787696 0.02890625 0.04463208685162847
0 0.27421875 0.13751507840772015 0.0328125 0.054282267792521106
0 0.9015625 0.07117008443908324 0.03125 0.06513872135102533
0 0.58984375 0.1399276236429433 0.03671875 0.05548854041013269
0 0.8984375 0.42581423401688784 0.046875 0.07117008443908324
0 0.65859375 0.05186972255729795 0.0375 0.05307599517490953
0 0.7203125 0.10012062726176116 0.0375 0.05307599517490953
0 0.496875 0.2014475271411339 0.03671875 0.05548854041013269
0 0.94609375 0.008443908323281062 0.03828125 0.06031363088057901
0 0.159375 0.05790108564535585 0.03046875 0.06634499396863691
0 0.7875 0.49336550060313633 0.03984375 0.06634499396863691
0 0.16640625 0.008443908323281062 0.03046875 0.06634499396863691
0 0.321875 0.018094089264173704 0.03359375 0.054282267792521106
0 0.44921875 0.030156815440289506 0.03671875 0.05548854041013269
0 0.0046875 0.06875753920386007 0.02890625 0.04463208685162847
0 0.6296875 0.12665862484921592 0.0375 0.05307599517490953
0 0.5984375 0.045838359469240045 0.03671875 0.05548854041013269
0 0.81796875 0.29794933655006034 0.046875 0.07117008443908324
0 0.79609375 0.11821471652593486 0.0375 0.05307599517490953
0 0.47734375 0.22798552472858866 0.03671875 0.05548854041013269
0 0.1078125 0.0856453558504222 0.03046875 0.06634499396863691
0 0.11484375 0.3546441495778046 0.04375 0.0735826296743064
0 0.8046875 0.37273823884197826 0.03984375 0.06634499396863691
0 0.17265625 0.09047044632086852 0.03046875 0.06634499396863691
0 0.765625 0.020506634499396863 0.03125 0.06513872135102533
0 0.64140625 0.47165259348612787 0.03984375 0.06634499396863691
0 0.06171875 0.0856453558504222 0.03046875 0.06634499396863691
0 0.04453125 0.015681544028950542 0.03046875 0.06634499396863691
0 0.515625 0.1471652593486128 0.03671875 0.05548854041013269
0 0.06953125 0.2810615199034982 0.04375 0.0735826296743064
0 0.33515625 0.24728588661037396 0.04609375 0.06634499396863691
0 0.56328125 0.4752714113389626 0.03984375 0.06634499396863691
0 0.6328125 0.039806996381182146 0.0375 0.05307599517490953
0 0.68125 0.6501809408926418 0.03984375 0.06634499396863691
0 0.69453125 0.019300361881785282 0.03125 0.06513872135102533
0 0.35859375 0.2738238841978287 0.04609375 0.06634499396863691
0 0.12265625 0.0735826296743064 0.03046875 0.06634499396863691
0 0.2203125 0.316043425814234 0.04375 0.0735826296743064
0 0.10546875 0.012062726176115802 0.03046875 0.06634499396863691
0 0.82890625 0.033775633293124246 0.0375 0.05307599517490953
0 0.6984375 0.14837153196622438 0.0375 0.05307599517490953
0 0.278125 0.330518697225573 0.04609375 0.06634499396863691
0 0.18984375 0.31845597104945716 0.04375 0.0735826296743064
0 0.8125 0.3353437876960193 0.046875 0.07117008443908324
0 0.23984375 0.05910735826296743 0.02890625 0.04463208685162847
0 0.4140625 0.18938480096501809 0.0328125 0.054282267792521106
0 0.159375 0.29191797346200243 0.04375 0.0735826296743064
0 0.04921875 0.27020506634499397 0.04375 0.0735826296743064
