0 0.33164556962025316 0.6049661399548533 0.020253164556962026 0.04966139954853273
0 0.6303797468354431 0.5553047404063205 0.020253164556962026 0.04740406320541761
0 0.29873417721518986 0.38148984198645597 0.017721518987341773 0.03611738148984198
0 0.4050632911392405 0.4762979683972912 0.0189873417721519 0.040632054176072234
0 0.2772151898734177 0.4153498871331828 0.017721518987341773 0.03611738148984198
0 0.7050632911392405 0.3363431151241535 0.0189873417721519 0.02708803611738149
0 0.14556962025316456 0.33182844243792325 0.01139240506329114 0.024830699774266364
0 0.12278481012658228 0.3837471783295711 0.01139240506329114 0.024830699774266364
0 0.20126582278481012 0.6523702031602708 0.03164556962025317 0.05869074492099323
0 0.3265822784810127 0.3747178329571106 0.017721518987341773 0.03611738148984198
0 0.24556962025316456 0.3160270880361174 0.01139240506329114 0.024830699774266364
0 0.4810126582278481 0.327313769751693 0.01139240506329114 0.024830699774266364
0 0.7012658227848101 0.40857787810383744 0.0189873417721519 0.02708803611738149
0 0.7227848101265822 0.3115124153498871 0.0189873417721519 0.02708803611738149
0 0.8481012658227848 0.5214446952595937 0.024050632911392405 0.04740406320541761
0 0.28227848101265823 0.7404063205417607 0.024050632911392405 0.05869074492099323
0 0.6240506329113924 0.4762979683972912 0.017721518987341773 0.03611738148984198
0 0.5367088607594936 0.3792325056433409 0.017721518987341773 0.03611738148984198
0 0.1379746835443038 0.7178329571106095 0.02278481012658228 0.04966139954853273
0 0.2873417721518987 0.5011286681715575 0.0189873417721519 0.040632054176072234
0 0.7050632911392405 0.47404063205417607 0.024050632911392405 0.04740406320541761
0 0.3367088607594937 0.8555304740406321 0.030379746835443037 0.06772009029345373
0 0.2291139240506329 0.5033860045146726 0.0189873417721519 0.040632054176072234
0 0.4341772151898734 0.309255079006772 0.01139240506329114 0.024830699774266364
0 0.016455696202531647 0.29571106094808125 0.01139240506329114 0.024830699774266364
0 0.6772151898734177 0.3905191873589165 0.017721518987341773 0.03611738148984198
0 0.779746835443038 0.5440180586907449 0.020253164556962026 0.04740406320541761
0 0.10506329113924051 0.6320541760722348 0.03164556962025317 0.05869074492099323
0 0.6556962025316456 0.3611738148984199 0.017721518987341773 0.03611738148984198
0 0.43670886075949367 0.5846501128668171 0.020253164556962026 0.04966139954853273
0 0.5759493670886076 0.7381489841986456 0.03164556962025317 0.060948081264108354
0 0.29620253164556964 0.30699774266365687 0.01139240506329114 0.024830699774266364
0 0.09620253164556962 0.33860045146726864 0.01139240506329114 0.024830699774266364
0 0.8202531645569621 0.6343115124153499 0.035443037974683546 0.06320541760722348
0 0.31645569620253167 0.6749435665914221 0.024050632911392405 0.05869074492099323
0 0.8329113924050633 0.4650112866817156 0.024050632911392405 0.04740406320541761
0 0.049367088607594936 0.3476297968397291 0.01139240506329114 0.024830699774266364
0 0.5506329113924051 0.6117381489841986 0.020253164556962026 0.04966139954853273
0 0.34810126582278483 0.5485327313769752 0.020253164556962026 0.04966139954853273
0 0.14177215189873418 0.43340857787810383 0.0189873417721519 0.040632054176072234
0 0.6835443037974683 0.636568848758465 0.035443037974683546 0.06320541760722348
0 0.3379746835443038 0.4469525959367946 0.0189873417721519 0.040632054176072234
0 0.34050632911392403 0.3747178329571106 0.017721518987341773 0.03611738148984198
0 0.6037974683544304 0.6320541760722348 0.020253164556962026 0.04966139954853273
0 0.04683544303797468 0.4762979683972912 0.007594936708860759 0.022573363431151242
0 0.04556962025316456 0.2799097065462754 0.01139240506329114 0.024830699774266364
0 0.4670886075949367 0.345372460496614 0.017721518987341773 0.03611738148984198
0 0.7835443037974683 0.6930022573363431 0.035443037974683546 0.06320541760722348
0 0.2873417721518987 0.5778781038374717 0.020253164556962026 0.04966139954853273
0 0.15949367088607594 0.5395033860045146 0.03164556962025317 0.05869074492099323
0 0.620253164556962 0.40857787810383744 0.017721518987341773 0.03611738148984198
0 0.10379746835443038 0.5891647855530474 0.03164556962025317 0.05869074492099323
0 0.8670886075949367 0.9480812641083521 0.030379746835443037 0.07223476297968397
0 0.3430379746835443 0.672686230248307 0.024050632911392405 0.05869074492099323
0 0.9696202531645569 0.6659142212189616 0.035443037974683546 0.06320541760722348
0 0.02911392405063291 0.5801354401805869 0.03164556962025317 0.05869074492099323
0 0.4835443037974684 0.345372460496614 0.017721518987341773 0.03611738148984198
0 0.2721518987341772 0.5011286681715575 0.0189873417721519 0.040632054176072234
0 0.4316455696202532 0.40857787810383744 0.017721518987341773 0.03611738148984198
0 0.7632911392405063 0.40857787810383744 0.0189873417721519 0.02708803611738149
0 0.012658227848101266 0.4898419864559819 0.007594936708860759 0.022573363431151242
0 0.15822784810126583 0.4018058690744921 0.017721518987341773 0.03611738148984198
0 0.07341772151898734 0.5417607223476298 0.03164556962025317 0.05869074492099323
0 0.529113924050633 0.4018058690744921 0.017721518987341773 0.03611738148984198
0 0.6860759493670886 0.8645598194130926 0.030379746835443037 0.07223476297968397
0 0.3759493670886076 0.6817155756207675 0.024050632911392405 0.05869074492099323
0 0.28354430379746837 0.3363431151241535 0.01139240506329114 0.024830699774266364
0 0.389873417721519 0.41309255079006774 0.017721518987341773 0.03611738148984198
0 0.5278481012658228 0.31376975169300225 0.01139240506329114 0.024830699774266364
0 0.5987341772151898 0.48306997742663654 0.017721518987341773 0.03611738148984198
0 0.49493670886075947 0.636568848758465 0.020253164556962026 0.04966139954853273
0 0.05063291139240506 0.8984198645598194 0.03417721518987342 0.0835214446952596
0 0.24936708860759493 0.45146726862302483 0.0189873417721519 0.040632054176072234
0 0.7734177215189874 0.5079006772009029 0.020253164556962026 0.04740406320541761
0 0.4962025316455696 0.3002257336343115 0.01139240506329114 0.024830699774266364
0 0.189873417721519 0.8058690744920993 0.030379746835443037 0.06772009029345373
0 0.6253164556962025 0.909706546275395 0.030379746835443037 0.07223476297968397
0 0.16075949367088607 0.4492099322799097 0.0189873417721519 0.040632054176072234
0 0.30759493670886073 0.6162528216704289 0.020253164556962026 0.04966139954853273
0 0.8936708860759494 0.7404063205417607 0.035443037974683546 0.06320541760722348
0 0.0379746835443038 0.4288939051918736 0.007594936708860759 0.022573363431151242
0 0.7 0.5665914221218962 0.020253164556962026 0.04740406320541761
0 0.529113924050633 0.47404063205417607 0.0189873417721519 0.040632054176072234
0 0.6430379746835443 0.5891647855530474 0.020253164556962026 0.04740406320541761
0 0.35443037974683544 0.345372460496614 0.017721518987341773 0.03611738148984198
0 0.3721518987341772 0.7900677200902935 0.030379746835443037 0.06772009029345373
0 0.012658227848101266 0.33182844243792325 0.0189873417721519 0.02708803611738149
0 0.11772151898734177 0.309255079006772 0.01139240506329114 0.024830699774266364
0 0.9240506329113924 0.5349887133182845 0.024050632911392405 0.04740406320541761
0 0.7810126582278482 0.4018058690744921 0.0189873417721519 0.02708803611738149
0 0.40759493670886077 0.5214446952595937 0.0189873417721519 0.040632054176072234
0 0.5658227848101266 0.7990970654627539 0.03164556962025317 0.060948081264108354
0 0.2683544303797468 0.3860045146726862 0.017721518987341773 0.03611738148984198
0 0.5265822784810127 0.5575620767494357 0.020253164556962026 0.04966139954853273
0 0.41139240506329117 0.44243792325056436 0.0189873417721519 0.040632054176072234
0 0.2759493670886076 0.37020316027088035 0.017721518987341773 0.03611738148984198
0 0.25443037974683547 0.8419864559819413 0.030379746835443037 0.06772009029345373
0 0.7708860759493671 0.3724604966139955 0.0189873417721519 0.02708803611738149
0 0.12151898734177215 0.5507900677200903 0.03164556962025317 0.05869074492099323
0 0.7835443037974683 0.6523702031602708 0.035443037974683546 0.06320541760722348
0 0.2468354430379747 0.5146726862302483 0.0189873417721519 0.040632054176072234
0 0.7468354430379747 0.871331828442438 0.030379746835443037 0.07223476297968397
0 0.6354430379746835 0.3476297968397291 0.017721518987341773 0.03611738148984198
0 0.6455696202531646 0.7065462753950339 0.03164556962025317 0.060948081264108354
0 0.18227848101265823 0.5191873589164786 0.0189873417721519 0.040632054176072234
0 0.11772151898734177 0.6794582392776524 0.02278481012658228 0.04966139954853273
0 0.4911392405063291 0.6952595936794582 0.03164556962025317 0.060948081264108354
0 0.12278481012658228 0.7539503386004515 0.02278481012658228 0.04966139954853273
0 0.13924050632911392 0.6117381489841986 0.03164556962025317 0.05869074492099323
0 0.5810126582278481 0.3340857787810384 0.01139240506329114 0.024830699774266364
0 0.5126582278481012 0.37020316027088035 0.017721518987341773 0.03611738148984198
0 0.6556962025316456 0.5169300225733634 0.020253164556962026 0.04740406320541761
0 0.8582278481012658 0.6704288939051919 0.035443037974683546 0.06320541760722348
0 0.23037974683544304 0.29345372460496616 0.01139240506329114 0.024830699774266364
0 0.7253164556962025 0.6817155756207675 0.035443037974683546 0.06320541760722348
0 0.024050632911392405 0.39954853273137697 0.007594936708860759 0.022573363431151242
0 0.6873417721518987 0.7562076749435666 0.035443037974683546 0.06320541760722348
0 0.5139240506329114 0.2618510158013544 0.01139240506329114 0.024830699774266364
0 0.1620253164556962 0.3002257336343115 0.01139240506329114 0.024830699774266364
0 0.030379746835443037 0.6591422121896162 0.03164556962025317 0.05869074492099323
0 0.3810126582278481 0.5395033860045146 0.020253164556962026 0.04966139954853273
0 0.16329113924050634 0.37020316027088035 0.017721518987341773 0.03611738148984198
0 0.1860759493670886 0.3905191873589165 0.017721518987341773 0.03611738148984198
0 0.28354430379746837 0.45598194130925507 0.0189873417721519 0.040632054176072234
0 0.5607594936708861 0.39954853273137697 0.017721518987341773 0.03611738148984198
0 0.010126582278481013 0.435665914221219 0.007594936708860759 0.022573363431151242
0 0.28354430379746837 0.6613995485327314 0.024050632911392405 0.05869074492099323
0 0.15822784810126583 0.3115124153498871 0.01139240506329114 0.024830699774266364
0 0.6506329113924051 0.4288939051918736 0.017721518987341773 0.03611738148984198
0 0.41139240506329117 0.29571106094808125 0.01139240506329114 0.024830699774266364
0 0.4088607594936709 0.5846501128668171 0.020253164556962026 0.04966139954853273
0 0.7772151898734178 0.3340857787810384 0.0189873417721519 0.02708803611738149
0 0.13924050632911392 0.48081264108352145 0.0189873417721519 0.040632054176072234
0 0.6063291139240506 0.5665914221218962 0.020253164556962026 0.04966139954853273
0 0.43924050632911393 0.6636568848758465 0.03164556962025317 0.060948081264108354
0 0.3569620253164557 0.4853273137697517 0.0189873417721519 0.040632054176072234
0 0.5848101265822785 0.5327313769751693 0.020253164556962026 0.04740406320541761
0 0.769620253164557 0.5959367945823928 0.020253164556962026 0.04740406320541761
0 0.18227848101265823 0.7268623024830699 0.02278481012658228 0.04966139954853273
0 0.1759493670886076 0.5801354401805869 0.03164556962025317 0.05869074492099323
0 0.020253164556962026 0.35891647855530473 0.01139240506329114 0.024830699774266364
0 0.3822784810126582 0.35214446952595935 0.017721518987341773 0.03611738148984198
0 0.06835443037974684 0.9774266365688488 0.03417721518987342 0.0835214446952596
0 0.15822784810126583 0.8532731376975169 0.030379746835443037 0.06772009029345373
0 0.4620253164556962 0.7945823927765236 0.03164556962025317 0.060948081264108354
0 0.3822784810126582 0.38148984198645597 0.017721518987341773 0.03611738148984198
0 0.1848101265822785 0.4604966139954853 0.0189873417721519 0.040632054176072234
0 0.4481012658227848 0.45372460496614 0.0189873417721519 0.040632054176072234
0 0.8139240506329114 0.3431151241534989 0.0189873417721519 0.02708803611738149
0 0.039240506329113925 0.309255079006772 0.01139240506329114 0.024830699774266364
0 0.20126582278481012 0.36794582392776526 0.017721518987341773 0.03611738148984198
0 0.33164556962025316 0.7381489841986456 0.024050632911392405 0.05869074492099323
0 0.3139240506329114 0.4966139954853273 0.0189873417721519 0.040632054176072234
0 0.24556962025316456 0.690744920993228 0.02278481012658228 0.04966139954853273
0 0.017721518987341773 0.6230248306997742 0.03164556962025317 0.05869074492099323
0 0.5974683544303797 0.3905191873589165 0.017721518987341773 0.03611738148984198
0 0.1962025316455696 0.5056433408577878 0.0189873417721519 0.040632054176072234
0 0.4962025316455696 0.4108352144469526 0.017721518987341773 0.03611738148984198
0 0.04810126582278481 0.5079006772009029 0.007594936708860759 0.022573363431151242
0 0.21772151898734177 0.8081264108352144 0.030379746835443037 0.06772009029345373
0 0.017721518987341773 0.9706546275395034 0.03417721518987342 0.0835214446952596
0 0.4873417721518987 0.5643340857787811 0.020253164556962026 0.04966139954853273
0 0.4962025316455696 0.4650112866817156 0.0189873417721519 0.040632054176072234
0 0.6886075949367089 0.5191873589164786 0.020253164556962026 0.04740406320541761
0 0.18354430379746836 0.3182844243792325 0.01139240506329114 0.024830699774266364
0 0.47468354430379744 0.4762979683972912 0.0189873417721519 0.040632054176072234
0 0.4582278481012658 0.28442437923250563 0.01139240506329114 0.024830699774266364
0 0.09367088607594937 0.3724604966139955 0.01139240506329114 0.024830699774266364
0 0.36075949367088606 0.4153498871331828 0.017721518987341773 0.03611738148984198
0 0.05443037974683544 0.3002257336343115 0.01139240506329114 0.024830699774266364
0 0.23417721518987342 0.4018058690744921 0.017721518987341773 0.03611738148984198
0 0.7493670886075949 0.46952595936794583 0.024050632911392405 0.04740406320541761
0 0.19873417721518988 0.42437923250564336 0.0189873417721519 0.040632054176072234
