0 0.6217391304347826 0.37948717948717947 0.010144927536231883 0.023076923076923078
0 0.7188405797101449 0.3974358974358974 0.013043478260869565 0.038461538461538464
0 0.8057971014492754 0.44358974358974357 0.02608695652173913 0.06666666666666667
0 0.07681159420289856 0.3974358974358974 0.020289855072463767 0.03076923076923077
0 0.8391304347826087 0.38974358974358975 0.010144927536231883 0.017948717948717947
0 0.5710144927536231 0.4205128205128205 0.013043478260869565 0.038461538461538464
0 0.4260869565217391 0.4230769230769231 0.013043478260869565 0.038461538461538464
0 0.6159420289855072 0.34102564102564104 0.010144927536231883 0.023076923076923078
0 0.672463768115942 0.4076923076923077 0.013043478260869565 0.038461538461538464
0 0.6985507246376812 0.3564102564102564 0.010144927536231883 0.023076923076923078
0 0.5507246376811594 0.3564102564102564 0.010144927536231883 0.023076923076923078
0 0.7927536231884058 0.40512820512820513 0.013043478260869565 0.038461538461538464
0 0.7014492753623188 0.5051282051282051 0.02608695652173913 0.06666666666666667
0 0.48695652173913045 0.3128205128205128 0.010144927536231883 0.023076923076923078
0 0.8768115942028986 0.41025641025641024 0.013043478260869565 0.038461538461538464
0 0.2579710144927536 0.44358974358974357 0.02608695652173913 0.06666666666666667
0 0.5971014492753624 0.36666666666666664 0.010144927536231883 0.023076923076923078
0 0.8536231884057971 0.5025641025641026 0.02608695652173913 0.06666666666666667
0 0.4608695652173913 0.36923076923076925 0.010144927536231883 0.023076923076923078
0 0.44782608695652176 0.4 0.013043478260869565 0.038461538461538464
0 0.5043478260869565 0.37435897435897436 0.010144927536231883 0.023076923076923078
0 0.5956521739130435 0.4205128205128205 0.013043478260869565 0.038461538461538464
0 0.8869565217391304 0.4128205128205128 0.013043478260869565 0.038461538461538464
0 0.6318840579710145 0.3974358974358974 0.013043478260869565 0.038461538461538464
0 0.527536231884058 0.36923076923076925 0.010144927536231883 0.023076923076923078
0 0.6536231884057971 0.4256410256410256 0.013043478260869565 0.038461538461538464
0 0.7260869565217392 0.44871794871794873 0.02608695652173913 0.06666666666666667
0 0.32608695652173914 0.4666666666666667 0.02608695652173913 0.06666666666666667
0 0.8159420289855073 0.3717948717948718 0.010144927536231883 0.023076923076923078
0 0.3927536231884058 0.4205128205128205 0.013043478260869565 0.038461538461538464
0 0.5753623188405798 0.3487179487179487 0.010144927536231883 0.023076923076923078
0 0.3565217391304348 0.48717948717948717 0.02608695652173913 0.06666666666666667
0 0.8347826086956521 0.43333333333333335 0.02608695652173913 0.06666666666666667
0 0.5840579710144927 0.3717948717948718 0.010144927536231883 0.023076923076923078
0 0.8028985507246377 0.36153846153846153 0.010144927536231883 0.023076923076923078
0 0.7855072463768116 0.4794871794871795 0.02608695652173913 0.06666666666666667
0 0.5492753623188406 0.41794871794871796 0.013043478260869565 0.038461538461538464
0 0.755072463768116 0.3769230769230769 0.010144927536231883 0.023076923076923078
0 0.5449275362318841 0.3974358974358974 0.013043478260869565 0.038461538461538464
0 0.3536231884057971 0.34615384615384615 0.010144927536231883 0.023076923076923078
0 0.38405797101449274 0.3641025641025641 0.010144927536231883 0.023076923076923078
0 0.30434782608695654 0.35384615384615387 0.010144927536231883 0.023076923076923078
0 0.463768115942029 0.441025641025641 0.02608695652173913 0.06666666666666667
0 0.8130434782608695 0.40512820512820513 0.013043478260869565 0.038461538461538464
0 0.6173913043478261 0.4205128205128205 0.013043478260869565 0.038461538461538464
0 0.6884057971014492 0.41025641025641024 0.013043478260869565 0.038461538461538464
0 0.48840579710144927 0.4282051282051282 0.013043478260869565 0.038461538461538464
0 0.2 0.45384615384615384 0.02608695652173913 0.06666666666666667
0 0.6579710144927536 0.39487179487179486 0.013043478260869565 0.038461538461538464
0 0.7376811594202899 0.3384615384615385 0.010144927536231883 0.023076923076923078
0 0.32318840579710145 0.4282051282051282 0.013043478260869565 0.038461538461538464
0 0.4217391304347826 0.37948717948717947 0.010144927536231883 0.023076923076923078
0 0.30144927536231886 0.41025641025641024 0.013043478260869565 0.038461538461538464
0 0.4782608695652174 0.4153846153846154 0.013043478260869565 0.038461538461538464
0 0.6434782608695652 0.35384615384615387 0.010144927536231883 0.023076923076923078
0 0.17971014492753623 0.49743589743589745 0.02608695652173913 0.06666666666666667
0 0.06811594202898551 0.5230769230769231 0.02608695652173913 0.06666666666666667
0 0.5057971014492754 0.4256410256410256 0.013043478260869565 0.038461538461538464
0 0.6898550724637681 0.37948717948717947 0.010144927536231883 0.023076923076923078
0 0.4753623188405797 0.3717948717948718 0.010144927536231883 0.023076923076923078
0 0.5579710144927537 0.4256410256410256 0.013043478260869565 0.038461538461538464
0 0.12608695652173912 0.6743589743589744 0.02608695652173913 0.06666666666666667
0 0.7260869565217392 0.3641025641025641 0.010144927536231883 0.023076923076923078
0 0.9101449275362319 0.4205128205128205 0.013043478260869565 0.038461538461538464
0 0.29130434782608694 0.43846153846153846 0.02608695652173913 0.06666666666666667
0 0.7594202898550725 0.3487179487179487 0.010144927536231883 0.023076923076923078
0 0.7739130434782608 0.40512820512820513 0.013043478260869565 0.038461538461538464
0 0.8695652173913043 0.4153846153846154 0.013043478260869565 0.038461538461538464
0 0.7579710144927536 0.4076923076923077 0.013043478260869565 0.038461538461538464
0 0.4318840579710145 0.3871794871794872 0.010144927536231883 0.023076923076923078
0 0.5507246376811594 0.4461538461538462 0.02608695652173913 0.06666666666666667
0 0.3507246376811594 0.4153846153846154 0.013043478260869565 0.038461538461538464
0 0.4608695652173913 0.4897435897435897 0.02608695652173913 0.06666666666666667
0 0.48405797101449277 0.46153846153846156 0.02608695652173913 0.06666666666666667
0 0.6101449275362318 0.382051282051282 0.010144927536231883 0.023076923076923078
0 0.2898550724637681 0.5102564102564102 0.02608695652173913 0.06666666666666667
0 0.5797101449275363 0.4564102564102564 0.02608695652173913 0.06666666666666667
0 0.6710144927536232 0.36666666666666664 0.010144927536231883 0.023076923076923078
0 0.8318840579710145 0.4025641025641026 0.013043478260869565 0.038461538461538464
0 0.8231884057971014 0.36666666666666664 0.010144927536231883 0.023076923076923078
0 0.44782608695652176 0.3641025641025641 0.010144927536231883 0.023076923076923078
0 0.4956521739130435 0.382051282051282 0.010144927536231883 0.023076923076923078
0 0.7347826086956522 0.3871794871794872 0.010144927536231883 0.023076923076923078
0 0.7681159420289855 0.4564102564102564 0.02608695652173913 0.06666666666666667
0 0.4217391304347826 0.47692307692307695 0.02608695652173913 0.06666666666666667
0 0.4057971014492754 0.37948717948717947 0.010144927536231883 0.023076923076923078
0 0.7072463768115942 0.441025641025641 0.02608695652173913 0.06666666666666667
0 0.7869565217391304 0.36666666666666664 0.010144927536231883 0.023076923076923078
0 0.644927536231884 0.4025641025641026 0.013043478260869565 0.038461538461538464
0 0.7 0.4 0.013043478260869565 0.038461538461538464
0 0.8463768115942029 0.39487179487179486 0.013043478260869565 0.038461538461538464
0 0.48985507246376814 0.3564102564102564 0.010144927536231883 0.023076923076923078
0 0.4623188405797101 0.4076923076923077 0.013043478260869565 0.038461538461538464
0 0.5246376811594203 0.4256410256410256 0.013043478260869565 0.038461538461538464
0 0.5318840579710145 0.48717948717948717 0.02608695652173913 0.06666666666666667
0 0.9072463768115943 0.5128205128205128 0.02608695652173913 0.06666666666666667
0 0.563768115942029 0.38461538461538464 0.010144927536231883 0.023076923076923078
0 0.6420289855072464 0.47692307692307695 0.02608695652173913 0.06666666666666667
0 0.7130434782608696 0.36923076923076925 0.010144927536231883 0.023076923076923078
0 0.763768115942029 0.4307692307692308 0.013043478260869565 0.038461538461538464
0 0.3695652173913043 0.3923076923076923 0.013043478260869565 0.038461538461538464
