0 0.049166666666666664 0.57375 0.0175 0.03
0 0.215 0.46875 0.005833333333333334 0.01
0 0.5141666666666667 0.51875 0.01 0.0175
0 0.53 0.41875 0.005 0.00875
0 0.2991666666666667 0.4725 0.01 0.0175
0 0.95 0.51625 0.01 0.0175
0 0.8633333333333333 0.54 0.0175 0.03
0 0.5833333333333334 0.595 0.0175 0.03
0 0.7275 0.525 0.01 0.0175
0 0.2966666666666667 0.435 0.005 0.00875
0 0.645 0.5475 0.0175 0.03
0 0.6533333333333333 0.465 0.005 0.00875
0 0.8941666666666667 0.54375 0.0175 0.03
0 0.2916666666666667 0.4825 0.01 0.0175
0 0.185 0.48125 0.01 0.0175
0 0.375 0.4175 0.005 0.00875
0 0.5808333333333333 0.4475 0.005 0.00875
0 0.605 0.4675 0.005 0.00875
0 0.5491666666666667 0.46625 0.005 0.00875
0 0.98 0.57125 0.0175 0.03
0 0.525 0.4175 0.005 0.00875
0 0.6216666666666667 0.435 0.005 0.00875
0 0.8433333333333334 0.4775 0.01 0.0175
0 0.08416666666666667 0.44875 0.005 0.00875
0 0.9366666666666666 0.5125 0.01 0.0175
0 0.7066666666666667 0.85375 0.04 0.07
0 0.4075 0.3325 0.0016666666666666668 0.00375
0 0.3616666666666667 0.71125 0.0175 0.03
0 0.2325 0.43375 0.005 0.00875
0 0.6183333333333333 0.49125 0.01 0.0175
0 0.5333333333333333 0.55875 0.0175 0.03
0 0.43333333333333335 0.57875 0.0175 0.03
0 0.705 0.4475 0.005 0.00875
0 0.5633333333333334 0.46125 0.005 0.00875
0 0.9216666666666666 0.54375 0.0175 0.03
0 0.35 0.6825 0.0175 0.03
0 0.5125 0.43625 0.005 0.00875
0 0.5733333333333334 0.60125 0.0175 0.03
0 0.24916666666666668 0.4875 0.01 0.0175
0 0.8941666666666667 0.50625 0.01 0.0175
0 0.7108333333333333 0.46625 0.005 0.00875
0 0.6133333333333333 0.4225 0.005 0.00875
0 0.605 0.555 0.0175 0.03
0 0.5866666666666667 0.49375 0.01 0.0175
0 0.04833333333333333 0.4475 0.0075 0.0125
0 0.14416666666666667 0.45 0.005 0.00875
0 0.875 0.575 0.0175 0.03
0 0.5716666666666667 0.57375 0.0175 0.03
0 0.2841666666666667 0.4375 0.005 0.00875
0 0.6625 0.475 0.01 0.0175
0 0.21333333333333335 0.49 0.01 0.0175
0 0.5583333333333333 0.43125 0.005 0.00875
0 0.4608333333333333 0.73125 0.04 0.07
0 0.6758333333333333 0.56875 0.0175 0.03
0 0.105 0.54625 0.0175 0.03
0 0.1875 0.44 0.005 0.00875
0 0.35833333333333334 0.45 0.005 0.00875
0 0.3958333333333333 0.56125 0.0175 0.03
0 0.36916666666666664 0.45375 0.005 0.00875
0 0.5025 0.44 0.005 0.00875
0 0.5783333333333334 0.4425 0.005 0.00875
0 0.7925 0.56125 0.0175 0.03
0 0.2991666666666667 0.4275 0.005 0.00875
0 0.4975 0.47 0.0075 0.0125
0 0.5591666666666667 0.5125 0.01 0.0175
0 0.4483333333333333 0.4375 0.005 0.00875
0 0.3275 0.44375 0.005 0.00875
0 0.8458333333333333 0.5275 0.01 0.0175
0 0.8683333333333333 0.5925 0.0175 0.03
0 0.17666666666666667 0.53875 0.0175 0.03
0 0.7575 0.49375 0.01 0.0175
0 0.6875 0.525 0.01 0.0175
0 0.44083333333333335 0.445 0.005 0.00875
0 0.5058333333333334 0.4575 0.005 0.00875
0 0.5158333333333334 0.5025 0.01 0.0175
0 0.6883333333333334 0.5025 0.01 0.0175
0 0.20083333333333334 0.485 0.01 0.0175
0 0.3283333333333333 0.4325 0.005 0.00875
0 0.3 0.44625 0.005 0.00875
0 0.30583333333333335 0.43375 0.005 0.00875
0 0.22416666666666665 0.435 0.005 0.00875
0 0.3233333333333333 0.43875 0.005 0.00875
0 0.9433333333333334 0.63875 0.0175 0.03
0 0.06333333333333334 0.46125 0.005 0.00875
0 0.6691666666666667 0.48625 0.01 0.0175
0 0.16833333333333333 0.4925 0.01 0.0175
0 0.8125 0.49875 0.01 0.0175
0 0.7708333333333334 0.5675 0.0175 0.03
0 0.9058333333333334 0.43625 0.01 0.0175
0 0.6158333333333333 0.43375 0.005 0.00875
0 0.9433333333333334 0.825 0.04 0.07
0 0.4241666666666667 0.32875 0.0016666666666666668 0.00375
0 0.3425 0.59875 0.0175 0.03
0 0.7966666666666666 0.64375 0.0175 0.03
0 0.8175 0.5325 0.0175 0.03
0 0.2625 0.44625 0.005 0.00875
0 0.3358333333333333 0.45375 0.005 0.00875
0 0.6358333333333334 0.4625 0.005 0.00875
0 0.9291666666666667 0.495 0.01 0.0175
0 0.32416666666666666 0.4525 0.005 0.00875
0 0.875 0.83375 0.04 0.07
0 0.82 0.47625 0.01 0.0175
0 0.2625 0.4375 0.005 0.00875
0 0.44916666666666666 0.4925 0.01 0.0175
0 0.6875 0.63125 0.0175 0.03
0 0.1225 0.46 0.005 0.00875
0 0.4925 0.69375 0.0175 0.03
0 0.5533333333333333 0.605 0.0175 0.03
0 0.8741666666666666 0.6225 0.0175 0.03
0 0.48083333333333333 0.50125 0.01 0.0175
0 0.79 0.4925 0.01 0.0175
0 0.4816666666666667 0.93625 0.04 0.07
0 0.40166666666666667 0.41875 0.005 0.00875
0 0.6116666666666667 0.4425 0.005 0.00875
0 0.5966666666666667 0.45375 0.005 0.00875
0 0.3458333333333333 0.42375 0.005 0.00875
0 0.52 0.39875 0.0016666666666666668 0.00375
0 0.43166666666666664 0.4825 0.01 0.0175
0 0.31166666666666665 0.44375 0.005 0.00875
0 0.5758333333333333 0.49375 0.01 0.0175
0 0.6958333333333333 0.7425 0.04 0.07
0 0.5341666666666667 0.59375 0.0175 0.03
0 0.615 0.445 0.005 0.00875
0 0.27416666666666667 0.45375 0.005 0.00875
0 0.4125 0.4175 0.005 0.00875
0 0.4816666666666667 0.49375 0.01 0.0175
0 0.22916666666666666 0.445 0.005 0.00875
0 0.2925 0.4325 0.005 0.00875
0 0.35833333333333334 0.42 0.005 0.00875
0 0.7241666666666666 0.4425 0.005 0.00875
0 0.5291666666666667 0.45875 0.005 0.00875
0 0.23166666666666666 0.475 0.01 0.0175
0 0.7825 0.52 0.01 0.0175
0 0.0775 0.51 0.01 0.0175
0 0.9183333333333333 0.50375 0.01 0.0175
0 0.6116666666666667 0.4725 0.01 0.0175
0 0.7741666666666667 0.5375 0.0175 0.03
0 0.44083333333333335 0.4925 0.01 0.0175
0 0.42083333333333334 0.51125 0.01 0.0175
0 0.5708333333333333 0.4775 0.01 0.0175
0 0.6925 0.4325 0.005 0.00875
0 0.5641666666666667 0.495 0.01 0.0175
0 0.23833333333333334 0.43875 0.005 0.00875
0 0.6558333333333334 0.71 0.0175 0.03
0 0.1725 0.4725 0.01 0.0175
0 0.4475 0.41125 0.0016666666666666668 0.00375
0 0.6425 0.82625 0.04 0.07
0 0.44 0.50125 0.01 0.0175
0 0.5941666666666666 0.41875 0.005 0.00875
0 0.6316666666666667 0.56 0.0175 0.03
0 0.6308333333333334 0.49 0.01 0.0175
0 0.8266666666666667 0.45625 0.005 0.00875
0 0.3308333333333333 0.46875 0.005833333333333334 0.01
0 0.4175 0.33625 0.0016666666666666668 0.00375
0 0.155 0.5425 0.0175 0.03
0 0.5816666666666667 0.64 0.0175 0.03
0 0.8016666666666666 0.50375 0.01 0.0175
0 0.535 0.4775 0.01 0.0175
0 0.43083333333333335 0.4475 0.005 0.00875
0 0.0725 0.475 0.01 0.0175
0 0.4425 0.4325 0.005 0.00875
0 0.4583333333333333 0.53625 0.0175 0.03
0 0.4666666666666667 0.575 0.0175 0.03
0 0.6525 0.44375 0.005 0.00875
0 0.21916666666666668 0.52125 0.01 0.0175
0 0.5508333333333333 0.48375 0.01 0.0175
0 0.5791666666666667 0.475 0.01 0.0175
0 0.10916666666666666 0.4875 0.01 0.0175
0 0.3908333333333333 0.41375 0.004166666666666667 0.0075
0 0.9558333333333333 0.54125 0.0175 0.03
0 0.43083333333333335 0.4975 0.01 0.0175
0 0.405 0.43 0.005 0.00875
0 0.4033333333333333 0.40625 0.0016666666666666668 0.00375
0 0.37083333333333335 0.41375 0.005 0.00875
0 0.5591666666666667 0.55125 0.0175 0.03
0 0.05333333333333334 0.63125 0.0175 0.03
0 0.7175 0.46375 0.005 0.00875
0 0.5866666666666667 0.53375 0.0175 0.03
0 0.45666666666666667 0.4375 0.005 0.00875
0 0.13166666666666665 0.4475 0.005 0.00875
0 0.5633333333333334 0.44125 0.005 0.00875
0 0.4225 0.4725 0.01 0.0175
0 0.5575 0.5725 0.0175 0.03
0 0.61 0.4475 0.005 0.00875
0 0.6558333333333334 0.4875 0.01 0.0175
0 0.8158333333333333 0.59625 0.0175 0.03
0 0.4125 0.43 0.005 0.00875
0 0.6083333333333333 0.43375 0.005 0.00875
0 0.2891666666666667 0.45 0.005 0.00875
0 0.6516666666666666 0.63875 0.0175 0.03
0 0.8133333333333334 0.635 0.0175 0.03
0 0.6075 0.5225 0.01 0.0175
0 0.4683333333333333 0.46875 0.008333333333333333 0.015
0 0.4058333333333333 0.4025 0.0016666666666666668 0.00375
0 0.595 0.435 0.005 0.00875
0 0.47833333333333333 0.41 0.0016666666666666668 0.00375
0 0.5216666666666666 0.49 0.01 0.0175
0 0.095 0.62 0.0175 0.03
0 0.2525 0.4725 0.01 0.0175
0 0.39416666666666667 0.50125 0.01 0.0175
0 0.6966666666666667 0.52625 0.01 0.0175
0 0.9575 0.63875 0.0175 0.03
0 0.4875 0.42625 0.005 0.00875
0 0.6441666666666667 0.44125 0.005 0.00875
0 0.24 0.4325 0.005 0.00875
0 0.7175 0.50625 0.01 0.0175
0 0.10166666666666667 0.4475 0.005 0.00875
0 0.2525 0.445 0.005 0.00875
0 0.6866666666666666 0.49125 0.01 0.0175
0 0.6516666666666666 0.57 0.0175 0.03
0 0.5883333333333334 0.5075 0.01 0.0175
0 0.6275 0.4375 0.005 0.00875
0 0.8 0.57 0.0175 0.03
0 0.8333333333333334 0.46625 0.005 0.00875
0 0.575 0.4475 0.005 0.00875
0 0.7608333333333334 0.43125 0.005 0.00875
0 0.4925 0.43875 0.005 0.00875
0 0.8 0.47125 0.01 0.0175
0 0.6483333333333333 0.43 0.005 0.00875
0 0.9883333333333333 0.52375 0.015 0.02625
0 0.9733333333333334 0.6125 0.0175 0.03
0 0.64 0.49125 0.01 0.0175
0 0.19416666666666665 0.46 0.005 0.00875
0 0.5466666666666666 0.43875 0.005 0.00875
0 0.39416666666666667 0.42 0.005 0.00875
0 0.5058333333333334 0.49375 0.01 0.0175
0 0.6908333333333333 0.4475 0.005 0.00875
0 0.5458333333333333 0.4525 0.005 0.00875
0 0.27 0.435 0.005 0.00875
0 0.39916666666666667 0.39875 0.0016666666666666668 0.00375
0 0.09166666666666666 0.48375 0.01 0.0175
0 0.2683333333333333 0.4475 0.005 0.00875
0 0.6625 0.58875 0.0175 0.03
0 0.5666666666666667 0.4525 0.005 0.00875
0 0.5066666666666667 0.48125 0.01 0.0175
0 0.5833333333333334 0.4125 0.005 0.00875
0 0.0 0.50375 0.011666666666666667 0.02
0 0.6791666666666667 0.44375 0.005 0.00875
0 0.5091666666666667 0.44 0.005 0.00875
0 0.2025 0.47 0.0075 0.0125
0 0.6875 0.47125 0.01 0.0175
0 0.3275 0.6225 0.0175 0.03
0 0.5041666666666667 0.4025 0.0016666666666666668 0.00375
0 0.675 0.50625 0.01 0.0175
0 0.49416666666666664 0.45 0.005 0.00875
0 0.5591666666666667 0.4675 0.005 0.00875
0 0.42916666666666664 0.43375 0.005 0.00875
0 0.6208333333333333 0.555 0.0175 0.03
0 0.1475 0.60125 0.0175 0.03
0 0.715 0.43875 0.005 0.00875
0 0.5516666666666666 0.43375 0.005 0.00875
0 0.2125 0.44875 0.005 0.00875
0 0.5091666666666667 0.40375 0.0016666666666666668 0.00375
0 0.5433333333333333 0.525 0.01 0.0175
0 0.4975 0.435 0.005 0.00875
0 0.8191666666666667 0.48625 0.01 0.0175
0 0.3358333333333333 0.43375 0.005 0.00875
0 0.5158333333333334 0.59375 0.0175 0.03
0 0.3883333333333333 0.47 0.0075 0.0125
0 0.6733333333333333 0.435 0.005 0.00875
0 0.6991666666666667 0.50875 0.01 0.0175
0 0.19666666666666666 0.52125 0.01 0.0175
0 0.07083333333333333 0.52875 0.01 0.0175
0 0.26916666666666667 0.43875 0.005 0.00875
0 0.5133333333333333 0.47 0.005833333333333334 0.01
0 0.6825 0.44875 0.005 0.00875
0 0.525 0.435 0.005 0.00875
0 0.355 0.44 0.005 0.00875
0 0.49833333333333335 0.49 0.01 0.0175
0 0.5825 0.51625 0.01 0.0175
0 0.2825 0.445 0.005 0.00875
0 0.36333333333333334 0.4175 0.005 0.00875
0 0.485 0.41875 0.005 0.00875
0 0.4975 0.42375 0.005 0.00875
0 0.8308333333333333 0.53 0.01 0.0175
0 0.4625 0.475 0.01 0.0175
0 0.6933333333333334 0.575 0.0175 0.03
0 0.4841666666666667 0.4025 0.0016666666666666668 0.00375
0 0.365 0.52 0.01 0.0175
0 0.025833333333333333 0.495 0.01 0.0175
0 0.44166666666666665 0.40375 0.0016666666666666668 0.00375
0 0.395 0.4925 0.01 0.0175
0 0.43916666666666665 0.33 0.0016666666666666668 0.00375
0 0.5383333333333333 0.495 0.01 0.0175
0 0.545 0.43 0.005 0.00875
0 0.7491666666666666 0.45875 0.005 0.00875
0 0.16166666666666665 0.46875 0.005833333333333334 0.01
0 0.63 0.47375 0.01 0.0175
0 0.18833333333333332 0.44625 0.005 0.00875
0 0.38 0.4175 0.005 0.00875
0 0.9083333333333333 0.6775 0.0175 0.03
0 0.7391666666666666 0.51375 0.01 0.0175
0 0.42833333333333334 0.31875 0.0016666666666666668 0.00375
0 0.8608333333333333 0.62125 0.0175 0.03
0 0.36833333333333335 0.435 0.005 0.00875
0 0.9141666666666667 0.435 0.01 0.0175
0 0.595 0.50875 0.01 0.0175
0 0.78 0.59875 0.0175 0.03
0 0.495 0.39875 0.0016666666666666668 0.00375
0 0.5391666666666667 0.4575 0.005 0.00875
0 0.5066666666666667 0.465 0.005 0.00875
0 0.5516666666666666 0.495 0.01 0.0175
0 0.875 0.885 0.04 0.07
0 0.275 0.48875 0.01 0.0175
0 0.2758333333333333 0.4325 0.005 0.00875
0 0.25833333333333336 0.455 0.005 0.00875
0 0.4716666666666667 0.8525 0.04 0.07
0 0.7008333333333333 0.4475 0.005 0.00875
0 0.6766666666666666 0.775 0.04 0.07
0 0.4558333333333333 0.41875 0.005 0.00875
0 0.26416666666666666 0.62 0.0175 0.03
0 0.39166666666666666 0.6175 0.0175 0.03
0 0.39166666666666666 0.4025 0.0033333333333333335 0.00625
0 0.2675 0.47375 0.01 0.0175
0 0.5375 0.47625 0.01 0.0175
0 0.5325 0.44375 0.005 0.00875
0 0.5783333333333334 0.4 0.005 0.00875
0 0.43666666666666665 0.4175 0.005 0.00875
0 0.21333333333333335 0.65125 0.0175 0.03
0 0.5175 0.43625 0.005 0.00875
0 0.5966666666666667 0.69875 0.0175 0.03
0 0.7516666666666667 0.55 0.0175 0.03
0 0.3775 0.41125 0.005 0.00875
0 0.7566666666666667 0.4675 0.005 0.00875
0 0.11083333333333334 0.6075 0.0175 0.03
0 0.57 0.46375 0.005 0.00875
0 0.38916666666666666 0.42125 0.005 0.00875
0 0.4083333333333333 0.64375 0.0175 0.03
0 0.20333333333333334 0.465 0.005 0.00875
0 0.4116666666666667 0.4375 0.005 0.00875
0 0.6641666666666667 0.4625 0.005 0.00875
0 0.4925 0.415 0.0016666666666666668 0.00375
0 0.6175 0.72625 0.04 0.07
0 0.25666666666666665 0.43875 0.005 0.00875
0 0.3441666666666667 0.43375 0.005 0.00875
0 0.3875 0.405 0.004166666666666667 0.0075
0 0.4691666666666667 0.48875 0.01 0.0175
0 0.3225 0.43 0.005 0.00875
0 0.6733333333333333 0.44125 0.005 0.00875
0 0.7166666666666667 0.5175 0.01 0.0175
0 0.0425 0.5025 0.01 0.0175
0 0.7066666666666667 0.45 0.005 0.00875
0 0.8816666666666667 0.645 0.0175 0.03
0 0.4891666666666667 0.46 0.005 0.00875
0 0.6733333333333333 0.45125 0.005 0.00875
0 0.7108333333333333 0.4375 0.005 0.00875
0 0.5741666666666667 0.4175 0.005 0.00875
0 0.8866666666666667 0.57875 0.0175 0.03
0 0.9625 0.51 0.01 0.0175
0 0.7575 0.5075 0.01 0.0175
0 0.6733333333333333 0.52875 0.01 0.0175
0 0.18 0.45375 0.005 0.00875
0 0.3775 0.4275 0.005 0.00875
0 0.5408333333333334 0.395 0.0016666666666666668 0.00375
0 0.52 0.42 0.005 0.00875
0 0.5875 0.4475 0.005 0.00875
0 0.5616666666666666 0.4725 0.01 0.0175
0 0.385 0.415 0.005 0.00875
0 0.5166666666666667 0.495 0.01 0.0175
0 0.8108333333333333 0.4625 0.005 0.00875
0 0.5408333333333334 0.44125 0.005 0.00875
0 0.6475 0.51875 0.01 0.0175
0 0.48583333333333334 0.44 0.005 0.00875
0 0.5825 0.4575 0.005 0.00875
0 0.5875 0.4325 0.005 0.00875
0 0.09583333333333334 0.4825 0.01 0.0175
0 0.9933333333333333 0.605 0.0175 0.03
0 0.3016666666666667 0.60875 0.0175 0.03
0 0.29083333333333333 0.4375 0.005 0.00875
0 0.505 0.44 0.005 0.00875
0 0.5816666666666667 0.4675 0.005 0.00875
0 0.5308333333333334 0.4525 0.005 0.00875
0 0.8083333333333333 0.51875 0.01 0.0175
0 0.3958333333333333 0.4325 0.005 0.00875
0 0.5266666666666666 0.445 0.005 0.00875
0 0.5741666666666667 0.43 0.005 0.00875
0 0.16333333333333333 0.52625 0.01 0.0175
0 0.685 0.4375 0.005 0.00875
0 0.20333333333333334 0.4525 0.005 0.00875
0 0.2941666666666667 0.4625 0.005 0.00875
0 0.7358333333333333 0.635 0.0175 0.03
0 0.43583333333333335 0.435 0.005 0.00875
0 0.8383333333333334 0.52625 0.01 0.0175
0 0.5058333333333334 0.43125 0.005 0.00875
0 0.5566666666666666 0.47125 0.01 0.0175
0 0.5125 0.4475 0.005 0.00875
0 0.49166666666666664 0.43 0.005 0.00875
0 0.7266666666666667 0.67875 0.0175 0.03
0 0.535 0.54125 0.0175 0.03
0 0.5016666666666667 0.4375 0.005 0.00875
0 0.7825 0.46875 0.01 0.0175
0 0.5441666666666667 0.4675 0.005 0.00875
0 0.5908333333333333 0.40875 0.005 0.00875
0 0.5583333333333333 0.4375 0.005 0.00875
0 0.030833333333333334 0.4475 0.0075 0.0125
0 0.3525 0.4325 0.005 0.00875
0 0.5475 0.4925 0.01 0.0175
0 0.6633333333333333 0.445 0.005 0.00875
0 0.6358333333333334 0.44125 0.005 0.00875
0 0.8283333333333334 0.58 0.0175 0.03
0 0.22583333333333333 0.53125 0.01 0.0175
0 0.89 0.69625 0.0175 0.03
0 0.48583333333333334 0.47875 0.01 0.0175
0 0.47333333333333333 0.42375 0.005 0.00875
0 0.5125 0.4175 0.005 0.00875
0 0.3858333333333333 0.435 0.005 0.00875
0 0.39416666666666667 0.40625 0.004166666666666667 0.0075
0 0.6133333333333333 0.67375 0.0175 0.03
0 0.765 0.4875 0.01 0.0175
0 0.5558333333333333 0.42625 0.005 0.00875
0 0.435 0.47375 0.01 0.0175
0 0.46 0.515 0.01 0.0175
0 0.5041666666666667 0.4175 0.005 0.00875
0 0.2758333333333333 0.44375 0.005 0.00875
0 0.5466666666666666 0.40125 0.0016666666666666668 0.00375
0 0.515 0.53625 0.0175 0.03
0 0.7966666666666666 0.5325 0.0175 0.03
0 0.5 0.405 0.0016666666666666668 0.00375
0 0.8616666666666667 0.4775 0.01 0.0175
0 0.3616666666666667 0.42375 0.005 0.00875
0 0.9691666666666666 0.64625 0.0175 0.03
0 0.11166666666666666 0.46875 0.0075 0.0125
0 0.8841666666666667 0.52375 0.01 0.0175
0 0.10666666666666667 0.50875 0.01 0.0175
0 0.5641666666666667 0.65125 0.0175 0.03
0 0.21166666666666667 0.50375 0.01 0.0175
0 0.31583333333333335 0.48 0.01 0.0175
0 0.34 0.42375 0.005 0.00875
0 0.7416666666666667 0.45375 0.005 0.00875
0 0.9616666666666667 0.755 0.04 0.07
0 0.19583333333333333 0.4425 0.005 0.00875
0 0.5358333333333334 0.44125 0.005 0.00875
0 0.7491666666666666 0.47 0.005833333333333334 0.01
0 0.4275 0.46 0.005 0.00875
0 0.5208333333333334 0.46125 0.005 0.00875
0 0.35 0.42375 0.005 0.00875
0 0.9508333333333333 0.4875 0.01 0.0175
0 0.8133333333333334 0.50125 0.01 0.0175
0 0.5775 0.415 0.005 0.00875
0 0.7616666666666667 0.56875 0.0175 0.03
0 0.535 0.655 0.0175 0.03
0 0.64 0.525 0.01 0.0175
0 0.7408333333333333 0.4875 0.01 0.0175
0 0.7583333333333333 0.61875 0.0175 0.03
0 0.7441666666666666 0.53 0.01 0.0175
0 0.5925 0.47125 0.01 0.0175
0 0.605 0.42625 0.005 0.00875
0 0.8291666666666667 0.5075 0.01 0.0175
0 0.5125 0.40125 0.0016666666666666668 0.00375
0 0.6275 0.505 0.01 0.0175
0 0.7433333333333333 0.44625 0.005 0.00875
0 0.17083333333333334 0.45375 0.005 0.00875
0 0.62 0.4675 0.005 0.00875
0 0.7258333333333333 0.5675 0.0175 0.03
0 0.8091666666666667 0.68875 0.0175 0.03
0 0.7833333333333333 0.735 0.04 0.07
0 0.4475 0.42375 0.005 0.00875
0 0.7041666666666667 0.47125 0.01 0.0175
0 0.43666666666666665 0.40375 0.0016666666666666668 0.00375
0 0.7633333333333333 0.5325 0.0175 0.03
0 0.16833333333333333 0.57625 0.0175 0.03
0 0.024166666666666666 0.46875 0.008333333333333333 0.015
0 0.6483333333333333 0.49 0.01 0.0175
0 0.5983333333333334 0.4275 0.005 0.00875
0 0.6816666666666666 0.5075 0.01 0.0175
0 0.08 0.46625 0.005 0.00875
0 0.4116666666666667 0.83 0.04 0.07
0 0.8541666666666666 0.4625 0.005 0.00875
0 0.605 0.49125 0.01 0.0175
0 0.215 0.4375 0.005 0.00875
0 0.6225 0.45125 0.005 0.00875
0 0.2425 0.4425 0.005 0.00875
0 0.4091666666666667 0.39625 0.0016666666666666668 0.00375
0 0.3641666666666667 0.44125 0.005 0.00875
0 0.31583333333333335 0.46 0.005 0.00875
0 0.0575 0.48 0.01 0.0175
0 0.05416666666666667 0.5125 0.01 0.0175
0 0.37166666666666665 0.4275 0.005 0.00875
0 0.6441666666666667 0.4675 0.005 0.00875
0 0.5025 0.4275 0.005 0.00875
0 0.7175 0.54875 0.0175 0.03
0 0.3275 0.425 0.005 0.00875
0 0.775 0.46625 0.005 0.00875
0 0.9091666666666667 0.57 0.0175 0.03
0 0.4633333333333333 0.315 0.0016666666666666668 0.00375
0 0.6216666666666667 0.44375 0.005 0.00875
0 0.22166666666666668 0.45 0.005 0.00875
0 0.7941666666666667 0.92625 0.04 0.07
0 0.73 0.50625 0.01 0.0175
0 0.11083333333333334 0.43875 0.005 0.00875
0 0.8016666666666666 0.48625 0.01 0.0175
0 0.205 0.43625 0.005 0.00875
0 0.5283333333333333 0.50875 0.01 0.0175
0 0.66 0.435 0.005 0.00875
0 0.6183333333333333 0.44 0.005 0.00875
0 0.0675 0.48875 0.01 0.0175
0 0.4791666666666667 0.58 0.0175 0.03
0 0.9808333333333333 0.53875 0.0175 0.03
0 0.43 0.5075 0.01 0.0175
0 0.005 0.54625 0.011666666666666667 0.02
0 0.6758333333333333 0.5425 0.0175 0.03
0 0.42083333333333334 0.32 0.0016666666666666668 0.00375
0 0.6375 0.45125 0.005 0.00875
0 0.17916666666666667 0.445 0.005 0.00875
0 0.9925 0.5625 0.0175 0.03
0 0.33166666666666667 0.4275 0.005 0.00875
0 0.6733333333333333 0.635 0.0175 0.03
0 0.3858333333333333 0.41 0.005 0.00875
0 0.505 0.4375 0.005 0.00875
0 0.5075 0.53875 0.0175 0.03
0 0.5166666666666667 0.39875 0.0016666666666666668 0.00375
0 0.3675 0.4225 0.005 0.00875
0 0.41833333333333333 0.425 0.005 0.00875
0 0.1175 0.53875 0.0175 0.03
0 0.04583333333333333 0.4725 0.01 0.0175
0 0.49166666666666664 0.63625 0.0175 0.03
0 0.9183333333333333 0.63 0.0175 0.03
0 0.71 0.4875 0.01 0.0175
0 0.22416666666666665 0.42625 0.005 0.00875
0 0.375 0.4425 0.005 0.00875
0 0.8241666666666667 0.5525 0.0175 0.03
0 0.575 0.44125 0.005 0.00875
0 0.16666666666666666 0.45875 0.005 0.00875
0 0.30583333333333335 0.4825 0.01 0.0175
0 0.7058333333333333 0.60375 0.0175 0.03
0 0.49583333333333335 0.57625 0.0175 0.03
0 0.43416666666666665 0.3325 0.0016666666666666668 0.00375
0 0.24166666666666667 0.45875 0.005 0.00875
0 0.38083333333333336 0.62125 0.0175 0.03
0 0.7208333333333333 0.62125 0.0175 0.03
0 0.595 0.60125 0.0175 0.03
0 0.7816666666666666 0.56 0.0175 0.03
0 0.5375 0.41125 0.0016666666666666668 0.00375
0 0.29333333333333333 0.52 0.01 0.0175
0 0.8516666666666667 0.51 0.01 0.0175
0 0.63 0.69875 0.0175 0.03
0 0.23833333333333334 0.47875 0.01 0.0175
0 0.7691666666666667 0.6125 0.0175 0.03
0 0.595 0.55 0.0175 0.03
0 0.15583333333333332 0.45125 0.005 0.00875
0 0.0725 0.4475 0.005 0.00875
0 0.9666666666666667 0.555 0.0175 0.03
0 0.37 0.48 0.01 0.0175
0 0.15083333333333335 0.48875 0.01 0.0175
0 0.9408333333333333 0.59875 0.0175 0.03
0 0.14583333333333334 0.46375 0.005 0.00875
0 0.5208333333333334 0.44625 0.005 0.00875
0 0.6375 0.61 0.0175 0.03
0 0.4275 0.40875 0.0016666666666666668 0.00375
0 0.7441666666666666 0.51 0.01 0.0175
0 0.85 0.5575 0.0175 0.03
0 0.5275 0.4825 0.01 0.0175
0 0.5516666666666666 0.44625 0.005 0.00875
0 0.7308333333333333 0.445 0.005 0.00875
0 0.6191666666666666 0.47875 0.01 0.0175
0 0.31583333333333335 0.4375 0.005 0.00875
0 0.12416666666666666 0.45125 0.005 0.00875
0 0.735 0.5625 0.0175 0.03
0 0.1775 0.4625 0.005 0.00875
0 0.4091666666666667 0.40375 0.0016666666666666668 0.00375
0 0.72 0.48625 0.01 0.0175
0 0.31583333333333335 0.4275 0.005 0.00875
0 0.57 0.42875 0.005 0.00875
0 0.5658333333333333 0.4325 0.005 0.00875
0 0.5791666666666667 0.495 0.01 0.0175
0 0.235 0.46 0.005 0.00875
0 0.5191666666666667 0.45375 0.005 0.00875
0 0.5041666666666667 0.55625 0.0175 0.03
0 0.13666666666666666 0.48625 0.01 0.0175
0 0.71 0.455 0.005 0.00875
0 0.5108333333333334 0.455 0.005 0.00875
0 0.89 0.48 0.01 0.0175
0 0.9266666666666666 0.58375 0.0175 0.03
0 0.8716666666666667 0.47625 0.01 0.0175
0 0.24333333333333335 0.72125 0.0175 0.03
0 0.5508333333333333 0.505 0.01 0.0175
0 0.9141666666666667 0.4925 0.01 0.0175
0 0.49333333333333335 0.345 0.0016666666666666668 0.00375
0 0.4766666666666667 0.44875 0.005 0.00875
0 0.3433333333333333 0.45 0.005 0.00875
0 0.4141666666666667 0.54375 0.0175 0.03
0 0.7141666666666666 0.44625 0.005 0.00875
0 0.43916666666666665 0.455 0.005 0.00875
