0 0.41451612903225804 0.6561743341404358 0.02258064516129032 0.0387409200968523
0 0.932258064516129 0.8038740920096852 0.02258064516129032 0.0387409200968523
0 0.853225806451613 0.8208232445520581 0.02258064516129032 0.0387409200968523
0 0.5887096774193549 0.8305084745762712 0.02258064516129032 0.0387409200968523
0 0.17903225806451614 0.6682808716707022 0.02258064516129032 0.0387409200968523
0 0.10161290322580645 0.5302663438256658 0.02258064516129032 0.0387409200968523
0 0.5387096774193548 0.6198547215496368 0.02258064516129032 0.0387409200968523
0 0.054838709677419356 0.7360774818401937 0.02258064516129032 0.0387409200968523
0 0.8870967741935484 0.6852300242130751 0.02258064516129032 0.0387409200968523
0 0.4467741935483871 0.837772397094431 0.02258064516129032 0.0387409200968523
0 0.22580645161290322 0.5472154963680388 0.02258064516129032 0.0387409200968523
0 0.1629032258064516 0.87409200968523 0.02258064516129032 0.0387409200968523
0 0.7467741935483871 0.8087167070217918 0.02258064516129032 0.0387409200968523
0 0.8435483870967742 0.5690072639225182 0.02258064516129032 0.0387409200968523
0 0.5516129032258065 0.2009685230024213 0.02258064516129032 0.0387409200968523
0 0.6403225806451613 0.9079903147699758 0.02258064516129032 0.0387409200968523
0 0.7306451612903225 0.7820823244552058 0.02258064516129032 0.0387409200968523
0 0.10161290322580645 0.8619854721549637 0.02258064516129032 0.0387409200968523
0 0.4854838709677419 0.6731234866828087 0.02258064516129032 0.0387409200968523
0 0.08548387096774193 0.5641646489104116 0.02258064516129032 0.0387409200968523
0 0.5145161290322581 0.7820823244552058 0.02258064516129032 0.0387409200968523
0 0.9580645161290322 0.6949152542372882 0.02258064516129032 0.0387409200968523
0 0.8935483870967742 0.8426150121065376 0.02258064516129032 0.0387409200968523
0 0.3241935483870968 0.0774818401937046 0.02258064516129032 0.0387409200968523
0 0.3403225806451613 0.7021791767554479 0.02258064516129032 0.0387409200968523
0 0.25967741935483873 0.5447941888619855 0.02258064516129032 0.0387409200968523
0 0.4 0.8861985472154964 0.02258064516129032 0.0387409200968523
0 0.42096774193548386 0.847457627118644 0.02258064516129032 0.0387409200968523
0 0.6725806451612903 0.6634382566585957 0.02258064516129032 0.0387409200968523
0 0.24193548387096775 0.87409200968523 0.02258064516129032 0.0387409200968523
0 0.01935483870967742 0.5617433414043583 0.02258064516129032 0.0387409200968523
0 0.7387096774193549 0.9079903147699758 0.02258064516129032 0.0387409200968523
0 0.38870967741935486 0.6440677966101694 0.02258064516129032 0.0387409200968523
0 0.5467741935483871 0.5617433414043583 0.02258064516129032 0.0387409200968523
0 0.16774193548387098 0.5423728813559322 0.02258064516129032 0.0387409200968523
0 0.7758064516129032 0.8886198547215496 0.02258064516129032 0.0387409200968523
0 0.06129032258064516 0.6174334140435835 0.02258064516129032 0.0387409200968523
0 0.7919354838709678 0.7142857142857143 0.02258064516129032 0.0387409200968523
0 0.7903225806451613 0.6731234866828087 0.02258064516129032 0.0387409200968523
0 0.7387096774193549 0.8619854721549637 0.02258064516129032 0.0387409200968523
0 0.27580645161290324 0.6150121065375302 0.02258064516129032 0.0387409200968523
0 0.24193548387096775 0.5351089588377724 0.02258064516129032 0.0387409200968523
0 0.4612903225806452 0.5883777239709443 0.02258064516129032 0.0387409200968523
0 0.9161290322580645 0.5786924939467313 0.02258064516129032 0.0387409200968523
0 0.36612903225806454 0.7288135593220338 0.02258064516129032 0.0387409200968523
0 0.10967741935483871 0.6949152542372882 0.02258064516129032 0.0387409200968523
0 0.9693548387096774 0.910411622276029 0.02258064516129032 0.0387409200968523
0 0.5564516129032258 0.6658595641646489 0.02258064516129032 0.0387409200968523
0 0.1629032258064516 0.6682808716707022 0.02258064516129032 0.0387409200968523
0 0.25967741935483873 0.8135593220338984 0.02258064516129032 0.0387409200968523
0 0.8774193548387097 0.8692493946731235 0.02258064516129032 0.0387409200968523
0 0.4080645161290323 0.7723970944309927 0.02258064516129032 0.0387409200968523
0 0.3032258064516129 0.9007263922518159 0.02258064516129032 0.0387409200968523
0 0.07903225806451612 0.8111380145278451 0.02258064516129032 0.0387409200968523
0 0.5629032258064516 0.864406779661017 0.02258064516129032 0.0387409200968523
0 0.5016129032258064 0.5665859564164649 0.02258064516129032 0.0387409200968523
0 0.22096774193548388 0.8256658595641646 0.02258064516129032 0.0387409200968523
0 0.6580645161290323 0.8038740920096852 0.02258064516129032 0.0387409200968523
0 0.20483870967741935 0.8135593220338984 0.02258064516129032 0.0387409200968523
0 0.9725806451612903 0.6828087167070218 0.02258064516129032 0.0387409200968523
0 0.3903225806451613 0.5544794188861986 0.02258064516129032 0.0387409200968523
0 0.31451612903225806 0.5375302663438256 0.02258064516129032 0.0387409200968523
0 0.603225806451613 0.9079903147699758 0.02258064516129032 0.0387409200968523
0 0.2467741935483871 0.801452784503632 0.02258064516129032 0.0387409200968523
0 0.13064516129032258 0.549636803874092 0.02258064516129032 0.0387409200968523
0 0.8032258064516129 0.8595641646489104 0.02258064516129032 0.0387409200968523
0 0.9193548387096774 0.8983050847457628 0.02258064516129032 0.0387409200968523
0 0.7032258064516129 0.7941888619854721 0.02258064516129032 0.0387409200968523
0 0.5629032258064516 0.7699757869249395 0.02258064516129032 0.0387409200968523
0 0.1693548387096774 0.7433414043583535 0.02258064516129032 0.0387409200968523
0 0.2903225806451613 0.6779661016949152 0.02258064516129032 0.0387409200968523
0 0.8016129032258065 0.2033898305084746 0.02258064516129032 0.0387409200968523
0 0.8145161290322581 0.8886198547215496 0.02258064516129032 0.0387409200968523
0 0.3548387096774194 0.8765133171912833 0.02258064516129032 0.0387409200968523
0 0.8241935483870968 0.5786924939467313 0.02258064516129032 0.0387409200968523
0 0.23870967741935484 0.6876513317191283 0.02258064516129032 0.0387409200968523
0 0.717741935483871 0.8983050847457628 0.02258064516129032 0.0387409200968523
0 0.8016129032258065 0.7675544794188862 0.02258064516129032 0.0387409200968523
0 0.5467741935483871 0.45278450363196127 0.02258064516129032 0.0387409200968523
0 0.7048387096774194 0.7336561743341404 0.02258064516129032 0.0387409200968523
0 0.014516129032258065 0.8062953995157385 0.02258064516129032 0.0387409200968523
0 0.03870967741935484 0.6803874092009685 0.02258064516129032 0.0387409200968523
0 0.6403225806451613 0.6828087167070218 0.02258064516129032 0.0387409200968523
0 0.4403225806451613 0.9007263922518159 0.02258064516129032 0.0387409200968523
0 0.9919354838709677 0.7336561743341404 0.01935483870967742 0.031476997578692496
0 0.3435483870967742 0.7820823244552058 0.02258064516129032 0.0387409200968523
0 0.44193548387096776 0.6634382566585957 0.02258064516129032 0.0387409200968523
0 0.041935483870967745 0.23728813559322035 0.02258064516129032 0.0387409200968523
0 0.04516129032258064 0.5544794188861986 0.02258064516129032 0.0387409200968523
0 0.4306451612903226 0.6077481840193705 0.02258064516129032 0.0387409200968523
0 0.15 0.801452784503632 0.02258064516129032 0.0387409200968523
0 0.6790322580645162 0.8498789346246973 0.02258064516129032 0.0387409200968523
0 0.6209677419354839 0.7239709443099274 0.02258064516129032 0.0387409200968523
0 0.9241935483870968 0.7651331719128329 0.02258064516129032 0.0387409200968523
0 0.3919354838709677 0.7966101694915254 0.02258064516129032 0.0387409200968523
0 0.7758064516129032 0.6585956416464891 0.02258064516129032 0.0387409200968523
0 0.20483870967741935 0.8886198547215496 0.02258064516129032 0.0387409200968523
0 0.17903225806451614 0.8401937046004843 0.02258064516129032 0.0387409200968523
0 0.8790322580645161 0.8111380145278451 0.02258064516129032 0.0387409200968523
0 0.7709677419354839 0.559322033898305 0.02258064516129032 0.0387409200968523
0 0.18064516129032257 0.5690072639225182 0.02258064516129032 0.0387409200968523
0 0.6129032258064516 0.8232445520581114 0.02258064516129032 0.0387409200968523
0 0.0032258064516129032 0.7191283292978208 0.020967741935483872 0.03389830508474576
0 0.7532258064516129 0.7070217917675545 0.02258064516129032 0.0387409200968523
0 0.8338709677419355 0.6973365617433414 0.02258064516129032 0.0387409200968523
0 0.482258064516129 0.46731234866828086 0.02258064516129032 0.0387409200968523
0 0.7564516129032258 0.7506053268765133 0.02258064516129032 0.0387409200968523
0 0.43709677419354837 0.7917675544794189 0.02258064516129032 0.0387409200968523
0 0.17903225806451614 0.7796610169491526 0.02258064516129032 0.0387409200968523
0 0.4338709677419355 0.7457627118644068 0.02258064516129032 0.0387409200968523
0 0.9838709677419355 0.801452784503632 0.01935483870967742 0.031476997578692496
0 0.3564516129032258 0.6803874092009685 0.02258064516129032 0.0387409200968523
0 0.17580645161290323 0.6295399515738499 0.02258064516129032 0.0387409200968523
0 0.11774193548387096 0.7554479418886199 0.02258064516129032 0.0387409200968523
0 0.614516129032258 0.7917675544794189 0.02258064516129032 0.0387409200968523
0 0.967741935483871 0.7723970944309927 0.02258064516129032 0.0387409200968523
0 0.4467741935483871 0.5569007263922519 0.02258064516129032 0.0387409200968523
0 0.9048387096774193 0.639225181598063 0.02258064516129032 0.0387409200968523
0 0.0064516129032258064 0.8619854721549637 0.02258064516129032 0.0387409200968523
0 0.06612903225806452 0.6585956416464891 0.02258064516129032 0.0387409200968523
0 0.2467741935483871 0.8934624697336562 0.02258064516129032 0.0387409200968523
0 0.5161290322580645 0.8595641646489104 0.02258064516129032 0.0387409200968523
0 0.4790322580645161 0.8886198547215496 0.02258064516129032 0.0387409200968523
0 0.0016129032258064516 0.5690072639225182 0.020967741935483872 0.03389830508474576
0 0.317741935483871 0.8256658595641646 0.02258064516129032 0.0387409200968523
0 0.0016129032258064516 0.648910411622276 0.020967741935483872 0.03389830508474576
0 0.3790322580645161 0.8789346246973365 0.02258064516129032 0.0387409200968523
0 0.49838709677419357 0.7239709443099274 0.02258064516129032 0.0387409200968523
0 0.7016129032258065 0.6949152542372882 0.02258064516129032 0.0387409200968523
0 0.5032258064516129 0.8184019370460048 0.02258064516129032 0.0387409200968523
0 0.9032258064516129 0.7312348668280871 0.02258064516129032 0.0387409200968523
0 0.6806451612903226 0.5641646489104116 0.02258064516129032 0.0387409200968523
0 0.9403225806451613 0.8886198547215496 0.02258064516129032 0.0387409200968523
0 0.03387096774193549 0.8789346246973365 0.02258064516129032 0.0387409200968523
0 0.2032258064516129 0.7820823244552058 0.02258064516129032 0.0387409200968523
0 0.8709677419354839 0.5738498789346247 0.02258064516129032 0.0387409200968523
0 0.33225806451612905 0.9661016949152542 0.02258064516129032 0.0387409200968523
0 0.782258064516129 0.8498789346246973 0.02258064516129032 0.0387409200968523
0 0.8258064516129032 0.7312348668280871 0.02258064516129032 0.0387409200968523
0 0.9709677419354839 0.8547215496368039 0.02258064516129032 0.0387409200968523
0 0.6854838709677419 0.7239709443099274 0.02258064516129032 0.0387409200968523
0 0.532258064516129 0.8837772397094431 0.02258064516129032 0.0387409200968523
0 0.5774193548387097 0.559322033898305 0.02258064516129032 0.0387409200968523
0 0.8516129032258064 0.6537530266343826 0.02258064516129032 0.0387409200968523
0 0.5483870967741935 0.7409200968523002 0.02258064516129032 0.0387409200968523
0 0.6483870967741936 0.8765133171912833 0.02258064516129032 0.0387409200968523
0 0.6661290322580645 0.5351089588377724 0.02258064516129032 0.0387409200968523
0 0.29516129032258065 0.5690072639225182 0.02258064516129032 0.0387409200968523
0 0.19516129032258064 0.5205811138014528 0.02258064516129032 0.0387409200968523
0 0.38387096774193546 0.17191283292978207 0.02258064516129032 0.0387409200968523
0 0.9274193548387096 0.7191283292978208 0.02258064516129032 0.0387409200968523
0 0.7241935483870968 0.6803874092009685 0.02258064516129032 0.0387409200968523
0 0.3241935483870968 0.6731234866828087 0.02258064516129032 0.0387409200968523
0 0.31290322580645163 0.7288135593220338 0.02258064516129032 0.0387409200968523
0 0.9741935483870968 0.5351089588377724 0.02258064516129032 0.0387409200968523
0 0.6064516129032258 0.738498789346247 0.02258064516129032 0.0387409200968523
0 0.6790322580645162 0.8886198547215496 0.02258064516129032 0.0387409200968523
0 0.7354838709677419 0.5714285714285714 0.02258064516129032 0.0387409200968523
0 0.785483870967742 0.7723970944309927 0.02258064516129032 0.0387409200968523
0 0.6290322580645161 0.5690072639225182 0.02258064516129032 0.0387409200968523
0 0.3387096774193548 0.5786924939467313 0.02258064516129032 0.0387409200968523
0 0.9483870967741935 0.6101694915254238 0.02258064516129032 0.0387409200968523
