0 0.578125 0.4666666666666667 0.009375 0.016666666666666666
0 0.5703125 0.5805555555555556 0.0125 0.025
0 0.6234375 0.06111111111111111 0.0046875 0.005555555555555556
0 0.5 0.08333333333333333 0.0046875 0.005555555555555556
0 0.909375 0.044444444444444446 0.0046875 0.005555555555555556
0 0.9390625 0.2222222222222222 0.0046875 0.005555555555555556
0 0.7328125 0.30833333333333335 0.009375 0.016666666666666666
0 0.4140625 0.8083333333333333 0.0046875 0.005555555555555556
0 0.434375 0.12222222222222222 0.0046875 0.005555555555555556
0 0.84375 0.075 0.0046875 0.005555555555555556
0 0.6171875 0.625 0.0125 0.025
0 0.84375 0.8138888888888889 0.0171875 0.03611111111111111
0 0.71875 0.3111111111111111 0.009375 0.016666666666666666
0 0.5234375 0.9305555555555556 0.00625 0.005555555555555556
0 0.1234375 0.65 0.0234375 0.044444444444444446
0 0.5671875 0.6611111111111111 0.0125 0.025
0 0.9109375 0.8972222222222223 0.0171875 0.03611111111111111
0 0.8546875 0.7833333333333333 0.0171875 0.03611111111111111
0 0.6078125 0.4722222222222222 0.009375 0.016666666666666666
0 0.4828125 0.10833333333333334 0.0046875 0.005555555555555556
0 0.153125 0.7361111111111112 0.0234375 0.044444444444444446
0 0.590625 0.030555555555555555 0.0046875 0.005555555555555556
0 0.7234375 0.6527777777777778 0.0125 0.025
0 0.5421875 0.8111111111111111 0.00625 0.005555555555555556
0 0.696875 0.6 0.0125 0.025
0 0.85625 0.013888888888888888 0.0046875 0.005555555555555556
0 0.5859375 0.05 0.0046875 0.005555555555555556
0 0.4984375 0.1638888888888889 0.0109375 0.025
0 0.8078125 0.7222222222222222 0.0171875 0.03611111111111111
0 0.7265625 0.9888888888888889 0.00625 0.005555555555555556
0 0.7578125 0.46111111111111114 0.009375 0.016666666666666666
0 0.7265625 0.725 0.0171875 0.03611111111111111
0 0.8953125 0.1111111111111111 0.0046875 0.005555555555555556
0 0.5359375 0.05555555555555555 0.0046875 0.005555555555555556
0 0.3 0.34444444444444444 0.0234375 0.044444444444444446
0 0.5671875 0.05 0.0046875 0.005555555555555556
0 0.4046875 0.17777777777777778 0.0109375 0.025
0 0.8359375 0.07222222222222222 0.0046875 0.005555555555555556
0 0.640625 0.06666666666666667 0.0046875 0.005555555555555556
0 0.6453125 0.33611111111111114 0.009375 0.016666666666666666
0 0.6671875 0.5111111111111111 0.009375 0.016666666666666666
0 0.7015625 0.5472222222222223 0.0125 0.025
0 0.6890625 0.5 0.009375 0.016666666666666666
0 0.6703125 0.5972222222222222 0.0125 0.025
0 0.915625 0.7666666666666667 0.0171875 0.03611111111111111
0 0.7171875 0.37777777777777777 0.009375 0.016666666666666666
0 0.909375 0.21666666666666667 0.0046875 0.005555555555555556
0 0.209375 0.45 0.0234375 0.044444444444444446
0 0.8703125 0.9944444444444445 0.0046875 0.005555555555555556
0 0.615625 0.5194444444444445 0.0125 0.025
0 0.4484375 0.825 0.00625 0.005555555555555556
0 0.6828125 0.45 0.009375 0.016666666666666666
0 0.728125 0.8333333333333334 0.0171875 0.03611111111111111
0 0.540625 0.13055555555555556 0.0046875 0.005555555555555556
0 0.7046875 0.6777777777777778 0.0125 0.025
0 0.4484375 0.20555555555555555 0.0109375 0.025
0 0.6828125 0.3972222222222222 0.009375 0.016666666666666666
0 0.7671875 0.49444444444444446 0.009375 0.016666666666666666
0 0.7828125 0.5416666666666666 0.0125 0.025
0 0.5234375 0.06388888888888888 0.0046875 0.005555555555555556
0 0.3921875 0.125 0.0234375 0.044444444444444446
0 0.4421875 0.08888888888888889 0.0046875 0.005555555555555556
0 0.7796875 0.575 0.0125 0.025
0 0.3484375 0.1388888888888889 0.0234375 0.044444444444444446
0 0.671875 0.37222222222222223 0.009375 0.016666666666666666
0 0.3015625 0.1638888888888889 0.0234375 0.044444444444444446
0 0.4828125 0.8638888888888889 0.00625 0.005555555555555556
0 0.4984375 0.8222222222222222 0.00625 0.005555555555555556
0 0.5890625 0.55 0.0125 0.025
0 0.5140625 0.19444444444444445 0.0109375 0.025
0 0.6640625 0.2361111111111111 0.0046875 0.005555555555555556
0 0.8078125 0.6638888888888889 0.00625 0.005555555555555556
0 0.7890625 0.5333333333333333 0.0125 0.025
