0 0.17762237762237762 0.4547563805104408 0.011188811188811189 0.02088167053364269
0 0.3090909090909091 0.43155452436194897 0.011188811188811189 0.02088167053364269
0 0.38741258741258744 0.6148491879350348 0.022377622377622378 0.04640371229698376
0 0.25874125874125875 0.4895591647331787 0.013986013986013986 0.03248259860788863
0 0.4405594405594406 0.4037122969837587 0.011188811188811189 0.02088167053364269
0 0.8685314685314686 0.6705336426914154 0.022377622377622378 0.04640371229698376
0 0.593006993006993 0.4222737819025522 0.011188811188811189 0.02088167053364269
0 0.8111888111888111 0.5893271461716937 0.033566433566433566 0.05568445475638051
0 0.9566433566433566 0.5498839907192575 0.013986013986013986 0.03248259860788863
0 0.862937062937063 0.48491879350348027 0.013986013986013986 0.03248259860788863
0 0.5412587412587413 0.5266821345707656 0.013986013986013986 0.03248259860788863
0 0.1258741258741259 0.4593967517401392 0.011188811188811189 0.02088167053364269
0 0.43776223776223777 0.6032482598607889 0.022377622377622378 0.04640371229698376
0 0.7496503496503496 0.6078886310904872 0.022377622377622378 0.04640371229698376
0 0.7524475524475525 0.6310904872389791 0.022377622377622378 0.04640371229698376
0 0.5258741258741259 0.5243619489559165 0.013986013986013986 0.03248259860788863
0 0.1048951048951049 0.44779582366589327 0.011188811188811189 0.02088167053364269
0 0.03776223776223776 0.6519721577726219 0.019580419580419582 0.03944315545243619
0 0.9272727272727272 0.43155452436194897 0.011188811188811189 0.02088167053364269
0 0.16783216783216784 0.5707656612529002 0.013986013986013986 0.03248259860788863
0 0.2783216783216783 0.41531322505800466 0.011188811188811189 0.02088167053364269
0 0.8923076923076924 0.5522041763341067 0.013986013986013986 0.03248259860788863
0 0.820979020979021 0.6450116009280742 0.022377622377622378 0.04640371229698376
0 0.5062937062937063 0.6241299303944315 0.022377622377622378 0.04640371229698376
0 0.9916083916083916 0.44547563805104406 0.011188811188811189 0.02088167053364269
0 0.2867132867132867 0.4385150812064965 0.011188811188811189 0.02088167053364269
0 0.9846153846153847 0.740139211136891 0.03776223776223776 0.12993039443155452
0 0.3034965034965035 0.6473317865429234 0.022377622377622378 0.04640371229698376
0 0.9076923076923077 0.6589327146171694 0.022377622377622378 0.04640371229698376
0 0.8699300699300699 0.5522041763341067 0.013986013986013986 0.03248259860788863
0 0.9384615384615385 0.6357308584686775 0.022377622377622378 0.04640371229698376
0 0.45734265734265733 0.6403712296983759 0.01818181818181818 0.048723897911832945
0 0.8839160839160839 0.5359628770301624 0.013986013986013986 0.03248259860788863
0 0.12027972027972028 0.6125290023201856 0.03496503496503497 0.07192575406032482
0 0.36083916083916084 0.419953596287703 0.011188811188811189 0.02088167053364269
0 0.3944055944055944 0.41067285382830626 0.011188811188811189 0.02088167053364269
0 0.6573426573426573 0.45243619489559167 0.011188811188811189 0.02088167053364269
0 0.7328671328671329 0.5220417633410673 0.013986013986013986 0.03248259860788863
0 0.9538461538461539 0.42691415313225056 0.011188811188811189 0.02088167053364269
0 0.7692307692307693 0.7006960556844548 0.022377622377622378 0.04640371229698376
0 0.07692307692307693 0.6032482598607889 0.022377622377622378 0.04640371229698376
0 0.8853146853146853 0.4037122969837587 0.011188811188811189 0.02088167053364269
0 0.9706293706293706 0.5707656612529002 0.013986013986013986 0.03248259860788863
0 0.18181818181818182 0.11832946635730858 0.004195804195804196 0.009280742459396751
0 0.7622377622377622 0.5522041763341067 0.013986013986013986 0.03248259860788863
0 0.3230769230769231 0.6194895591647331 0.022377622377622378 0.04640371229698376
0 0.8153846153846154 0.5127610208816705 0.013986013986013986 0.03248259860788863
0 0.5342657342657343 0.6589327146171694 0.022377622377622378 0.04640371229698376
0 0.43636363636363634 0.5452436194895591 0.013986013986013986 0.03248259860788863
0 0.7440559440559441 0.4431554524361949 0.011188811188811189 0.02088167053364269
0 0.3384615384615385 0.580046403712297 0.008391608391608392 0.009280742459396751
0 0.6363636363636364 0.6009280742459396 0.027972027972027972 0.05568445475638051
0 0.9888111888111888 0.531322505800464 0.013986013986013986 0.03248259860788863
0 0.5944055944055944 0.5266821345707656 0.013986013986013986 0.03248259860788863
0 0.5608391608391609 0.43387470997679817 0.011188811188811189 0.02088167053364269
0 0.8587412587412587 0.4245939675174014 0.011188811188811189 0.02088167053364269
0 0.386013986013986 0.7262180974477959 0.022377622377622378 0.04640371229698376
0 0.9384615384615385 0.6821345707656613 0.022377622377622378 0.04640371229698376
0 0.13426573426573427 0.11600928074245939 0.004195804195804196 0.009280742459396751
0 0.013986013986013986 0.6519721577726219 0.019580419580419582 0.03944315545243619
0 0.9692307692307692 0.4176334106728538 0.011188811188811189 0.02088167053364269
0 0.5132867132867133 0.48491879350348027 0.013986013986013986 0.03248259860788863
0 0.25594405594405595 0.4547563805104408 0.011188811188811189 0.02088167053364269
0 0.2573426573426573 0.6473317865429234 0.022377622377622378 0.04640371229698376
0 0.7356643356643356 0.5916473317865429 0.033566433566433566 0.05568445475638051
0 0.793006993006993 0.5754060324825986 0.013986013986013986 0.03248259860788863
0 0.8615384615384616 0.6032482598607889 0.022377622377622378 0.04640371229698376
0 0.6755244755244755 0.5382830626450116 0.013986013986013986 0.03248259860788863
0 0.1944055944055944 0.12529002320185614 0.004195804195804196 0.009280742459396751
0 0.6461538461538462 0.54292343387471 0.013986013986013986 0.03248259860788863
0 0.5230769230769231 0.4547563805104408 0.011188811188811189 0.02088167053364269
0 0.4909090909090909 0.5986078886310905 0.027972027972027972 0.05568445475638051
0 0.14545454545454545 0.4709976798143852 0.011188811188811189 0.02088167053364269
0 0.5594405594405595 0.5336426914153132 0.013986013986013986 0.03248259860788863
0 0.406993006993007 0.419953596287703 0.011188811188811189 0.02088167053364269
0 0.6867132867132867 0.43155452436194897 0.011188811188811189 0.02088167053364269
0 0.6993006993006993 0.41299303944315546 0.011188811188811189 0.02088167053364269
0 0.2629370629370629 0.5522041763341067 0.013986013986013986 0.03248259860788863
0 0.8377622377622378 0.5893271461716937 0.033566433566433566 0.05568445475638051
0 0.9608391608391609 0.6241299303944315 0.022377622377622378 0.04640371229698376
0 0.7944055944055944 0.5359628770301624 0.013986013986013986 0.03248259860788863
0 0.620979020979021 0.46867749419953597 0.011188811188811189 0.02088167053364269
0 0.8349650349650349 0.48491879350348027 0.013986013986013986 0.03248259860788863
0 0.9874125874125874 0.6218097447795824 0.022377622377622378 0.04640371229698376
0 0.34685314685314683 0.41299303944315546 0.011188811188811189 0.02088167053364269
0 0.7118881118881119 0.5382830626450116 0.013986013986013986 0.03248259860788863
0 0.35104895104895106 0.7053364269141531 0.022377622377622378 0.04640371229698376
0 0.3958041958041958 0.6450116009280742 0.022377622377622378 0.04640371229698376
0 0.2125874125874126 0.3874709976798144 0.011188811188811189 0.02088167053364269
0 0.8839160839160839 0.6218097447795824 0.022377622377622378 0.04640371229698376
0 0.22797202797202798 0.6264501160092807 0.043356643356643354 0.07192575406032482
0 0.27972027972027974 0.39443155452436196 0.011188811188811189 0.02088167053364269
0 0.32867132867132864 0.642691415313225 0.022377622377622378 0.04640371229698376
0 0.4307692307692308 0.41299303944315546 0.011188811188811189 0.02088167053364269
0 0.3104895104895105 0.4733178654292343 0.011188811188811189 0.02088167053364269
0 0.7258741258741259 0.6264501160092807 0.022377622377622378 0.04640371229698376
0 0.7678321678321678 0.6519721577726219 0.022377622377622378 0.04640371229698376
0 0.6391608391608392 0.6589327146171694 0.026573426573426574 0.048723897911832945
0 0.6601398601398601 0.5475638051044084 0.013986013986013986 0.03248259860788863
0 0.13706293706293707 0.5359628770301624 0.013986013986013986 0.03248259860788863
0 0.7748251748251749 0.5730858468677494 0.013986013986013986 0.03248259860788863
0 0.386013986013986 0.5614849187935035 0.013986013986013986 0.03248259860788863
0 0.2601398601398601 0.4222737819025522 0.011188811188811189 0.02088167053364269
0 0.38741258741258744 0.4872389791183295 0.013986013986013986 0.03248259860788863
0 0.6321678321678321 0.45243619489559167 0.011188811188811189 0.02088167053364269
0 0.3258741258741259 0.4709976798143852 0.011188811188811189 0.02088167053364269
0 0.5818181818181818 0.5545243619489559 0.013986013986013986 0.03248259860788863
0 0.765034965034965 0.5939675174013921 0.033566433566433566 0.05568445475638051
0 0.6167832167832168 0.6380510440835266 0.022377622377622378 0.04640371229698376
0 0.2125874125874126 0.3689095127610209 0.011188811188811189 0.02088167053364269
0 0.3832167832167832 0.5290023201856149 0.013986013986013986 0.03248259860788863
0 0.8657342657342657 0.5336426914153132 0.013986013986013986 0.03248259860788863
0 0.3020979020979021 0.5475638051044084 0.013986013986013986 0.03248259860788863
0 0.6559440559440559 0.6310904872389791 0.022377622377622378 0.04640371229698376
0 0.5272727272727272 0.7099767981438515 0.022377622377622378 0.04640371229698376
0 0.6629370629370629 0.6728538283062645 0.022377622377622378 0.04640371229698376
0 0.634965034965035 0.5290023201856149 0.013986013986013986 0.03248259860788863
0 0.5412587412587413 0.4756380510440835 0.011188811188811189 0.02088167053364269
0 0.9342657342657342 0.568445475638051 0.013986013986013986 0.03248259860788863
0 0.5748251748251748 0.5707656612529002 0.013986013986013986 0.03248259860788863
0 0.3300699300699301 0.419953596287703 0.011188811188811189 0.02088167053364269
0 0.12867132867132866 0.54292343387471 0.013986013986013986 0.03248259860788863
0 0.16083916083916083 0.11832946635730858 0.004195804195804196 0.009280742459396751
0 0.42377622377622376 0.6380510440835266 0.022377622377622378 0.04640371229698376
0 0.7804195804195804 0.5846867749419954 0.033566433566433566 0.05568445475638051
0 0.5832167832167832 0.62877030162413 0.02097902097902098 0.05568445475638051
0 0.3832167832167832 0.44779582366589327 0.011188811188811189 0.02088167053364269
0 0.6083916083916084 0.4779582366589327 0.013986013986013986 0.03248259860788863
0 0.11048951048951049 0.5174013921113689 0.013986013986013986 0.03248259860788863
0 0.26853146853146853 0.48491879350348027 0.013986013986013986 0.03248259860788863
0 0.7902097902097902 0.654292343387471 0.022377622377622378 0.04640371229698376
