0 0.462 0.6530278232405892 0.009 0.019639934533551555
0 0.571 0.337152209492635 0.003 0.006546644844517185
0 0.234 0.3404255319148936 0.003 0.006546644844517185
0 0.486 0.47299509001636664 0.007 0.01309328968903437
0 0.683 0.5662847790507365 0.007 0.01309328968903437
0 0.387 0.3502454991816694 0.003 0.006546644844517185
0 0.667 0.563011456628478 0.007 0.01309328968903437
0 0.112 0.6268412438625205 0.009 0.019639934533551555
0 0.514 0.6775777414075287 0.009 0.019639934533551555
0 0.31 0.33878887070376434 0.003 0.006546644844517185
0 0.872 0.9296235679214403 0.011 0.024549918166939442
0 0.142 0.9165302782324058 0.011 0.024549918166939442
0 0.347 0.7250409165302782 0.009 0.019639934533551555
0 0.528 0.5711947626841244 0.007 0.01309328968903437
0 0.631 0.9541734860883797 0.011 0.024549918166939442
0 0.527 0.2700490998363339 0.003 0.006546644844517185
0 0.624 0.7643207855973814 0.009 0.019639934533551555
0 0.92 0.46481178396072015 0.007 0.01309328968903437
0 0.352 0.9885433715220949 0.011 0.024549918166939442
0 0.388 0.6939443535188216 0.009 0.019639934533551555
0 0.462 0.3911620294599018 0.003 0.006546644844517185
0 0.295 0.3109656301145663 0.003 0.006546644844517185
0 0.218 0.8805237315875614 0.011 0.024549918166939442
0 0.53 0.3060556464811784 0.003 0.006546644844517185
0 0.243 0.8477905073649754 0.011 0.024549918166939442
0 0.255 0.8870703764320785 0.011 0.024549918166939442
0 0.522 0.5859247135842881 0.009 0.019639934533551555
0 0.585 0.35842880523731585 0.003 0.006546644844517185
0 0.72 0.7054009819967266 0.009 0.019639934533551555
0 0.924 0.5515548281505729 0.007 0.01309328968903437
0 0.408 0.9509001636661211 0.011 0.024549918166939442
0 0.698 0.9492635024549918 0.011 0.024549918166939442
0 0.603 0.6121112929623568 0.009 0.019639934533551555
0 0.349 0.3158756137479542 0.003 0.006546644844517185
0 0.399 0.42225859247135844 0.007 0.01309328968903437
0 0.226 0.6317512274959084 0.009 0.019639934533551555
0 0.578 0.381342062193126 0.003 0.006546644844517185
0 0.363 0.5891980360065466 0.009 0.019639934533551555
0 0.847 0.8625204582651391 0.011 0.024549918166939442
0 0.81 0.823240589198036 0.011 0.024549918166939442
0 0.425 0.8346972176759411 0.011 0.024549918166939442
0 0.885 0.4386252045826514 0.007 0.01309328968903437
0 0.413 0.3698854337152209 0.003 0.006546644844517185
0 0.418 0.36333878887070375 0.003 0.006546644844517185
0 0.826 0.5973813420621932 0.009 0.019639934533551555
0 0.21 0.8183306055646481 0.009 0.019639934533551555
0 0.534 0.2978723404255319 0.003 0.006546644844517185
0 0.327 0.9590834697217676 0.011 0.024549918166939442
0 0.373 0.27495908346972175 0.003 0.006546644844517185
0 0.187 0.353518821603928 0.003 0.006546644844517185
0 0.394 0.5270049099836334 0.008 0.016366612111292964
0 0.953 0.6857610474631751 0.009 0.019639934533551555
0 0.545 0.40098199672667756 0.007 0.01309328968903437
0 0.611 0.29623567921440264 0.003 0.006546644844517185
0 0.444 0.37152209492635024 0.003 0.006546644844517185
0 0.898 0.7332242225859247 0.009 0.019639934533551555
0 0.555 0.32896890343698854 0.003 0.006546644844517185
0 0.402 0.6595744680851063 0.009 0.019639934533551555
0 0.611 0.8641571194762684 0.011 0.024549918166939442
0 0.368 0.39279869067103107 0.003 0.006546644844517185
0 0.48 0.46808510638297873 0.007 0.01309328968903437
0 0.68 0.4533551554828151 0.007 0.01309328968903437
0 0.384 0.8968903436988543 0.011 0.024549918166939442
0 0.568 0.37643207855973815 0.003 0.006546644844517185
0 0.565 0.2896890343698854 0.003 0.006546644844517185
0 0.763 0.9689034369885434 0.011 0.024549918166939442
0 0.932 0.8805237315875614 0.011 0.024549918166939442
0 0.69 0.4337152209492635 0.007 0.01309328968903437
0 0.768 0.6972176759410802 0.009 0.019639934533551555
0 0.857 0.5810147299509002 0.009 0.019639934533551555
0 0.263 0.2995090016366612 0.003 0.006546644844517185
0 0.64 0.9328968903436988 0.011 0.024549918166939442
0 0.763 0.7839607201309329 0.009 0.019639934533551555
0 0.401 0.3027823240589198 0.003 0.006546644844517185
0 0.675 0.8134206219312602 0.009 0.019639934533551555
0 0.532 0.6006546644844517 0.009 0.019639934533551555
0 0.112 0.7692307692307693 0.009 0.019639934533551555
0 0.294 0.29132569558101473 0.003 0.006546644844517185
0 0.88 0.7970540098199672 0.009 0.019639934533551555
0 0.854 0.7201309328968903 0.009 0.019639934533551555
0 0.278 0.4157119476268412 0.007 0.01309328968903437
0 0.799 0.8248772504091653 0.011 0.024549918166939442
0 0.143 0.7823240589198036 0.009 0.019639934533551555
0 0.184 0.67430441898527 0.009 0.019639934533551555
0 0.261 0.6710310965630114 0.009 0.019639934533551555
0 0.413 0.6252045826513911 0.009 0.019639934533551555
0 0.564 0.5171849427168577 0.007 0.01309328968903437
0 0.327 0.32242225859247137 0.003 0.006546644844517185
0 0.204 0.35515548281505727 0.003 0.006546644844517185
0 0.627 0.5597381342062193 0.007 0.01309328968903437
0 0.694 0.6382978723404256 0.009 0.019639934533551555
0 0.299 0.03764320785597381 0.011 0.019639934533551555
0 0.735 0.5793780687397708 0.009 0.019639934533551555
0 0.841 0.5286415711947627 0.007 0.01309328968903437
0 0.428 0.29623567921440264 0.003 0.006546644844517185
0 0.665 0.5417348608837971 0.007 0.01309328968903437
0 0.272 0.4713584288052373 0.007 0.01309328968903437
0 0.432 0.574468085106383 0.009 0.019639934533551555
0 0.825 0.9607201309328969 0.011 0.024549918166939442
0 0.645 0.6923076923076923 0.009 0.019639934533551555
0 0.24 0.9198036006546645 0.011 0.024549918166939442
0 0.481 0.27168576104746317 0.003 0.006546644844517185
0 0.916 0.855973813420622 0.011 0.024549918166939442
0 0.186 0.5842880523731587 0.009 0.019639934533551555
0 0.651 0.5761047463175123 0.009 0.019639934533551555
0 0.385 0.530278232405892 0.008 0.016366612111292964
0 0.91 0.9296235679214403 0.011 0.024549918166939442
0 0.592 0.27495908346972175 0.003 0.006546644844517185
0 0.281 0.7610474631751227 0.009 0.019639934533551555
0 0.297 0.9034369885433715 0.011 0.024549918166939442
0 0.455 0.9067103109656302 0.011 0.024549918166939442
0 0.887 0.6153846153846154 0.009 0.019639934533551555
0 0.438 0.2700490998363339 0.003 0.006546644844517185
0 0.307 0.42716857610474634 0.007 0.01309328968903437
0 0.974 0.8756137479541735 0.011 0.024549918166939442
0 0.328 0.027823240589198037 0.011 0.019639934533551555
0 0.828 0.37315875613747956 0.003 0.006546644844517185
0 0.399 0.7381342062193126 0.009 0.019639934533551555
0 0.315 0.6644844517184942 0.009 0.019639934533551555
0 0.789 0.8576104746317512 0.011 0.024549918166939442
0 0.756 0.31751227495908346 0.003 0.006546644844517185
0 0.65 0.5941080196399345 0.009 0.019639934533551555
0 0.466 0.3191489361702128 0.003 0.006546644844517185
0 0.571 0.5090016366612111 0.007 0.01309328968903437
0 0.22 0.5122749590834698 0.007 0.01309328968903437
0 0.847 0.3862520458265139 0.003 0.006546644844517185
0 0.688 0.6088379705400983 0.009 0.019639934533551555
0 0.364 0.33060556464811786 0.003 0.006546644844517185
0 0.378 0.353518821603928 0.003 0.006546644844517185
0 0.657 0.8379705400981997 0.011 0.024549918166939442
0 0.327 0.4779050736497545 0.007 0.01309328968903437
0 0.438 0.3649754500818331 0.003 0.006546644844517185
0 0.937 0.7299509001636661 0.009 0.019639934533551555
0 0.442 0.2896890343698854 0.003 0.006546644844517185
0 0.928 0.806873977086743 0.009 0.019639934533551555
0 0.295 0.972176759410802 0.011 0.024549918166939442
0 0.283 0.2864157119476268 0.003 0.006546644844517185
0 0.819 0.9034369885433715 0.011 0.024549918166939442
0 0.785 0.662847790507365 0.009 0.019639934533551555
0 0.258 0.7315875613747954 0.009 0.019639934533551555
0 0.364 0.6890343698854338 0.009 0.019639934533551555
0 0.402 0.2684124386252046 0.003 0.006546644844517185
0 0.732 0.9132569558101473 0.011 0.024549918166939442
0 0.843 0.6988543371522095 0.009 0.019639934533551555
0 0.581 0.7937806873977087 0.009 0.019639934533551555
0 0.38 0.26677577741407527 0.003 0.006546644844517185
0 0.311 0.47299509001636664 0.007 0.01309328968903437
0 0.872 0.8543371522094927 0.011 0.024549918166939442
0 0.142 0.8461538461538461 0.011 0.024549918166939442
0 0.457 0.4779050736497545 0.007 0.01309328968903437
0 0.802 0.779050736497545 0.009 0.019639934533551555
0 0.848 0.46481178396072015 0.007 0.01309328968903437
0 0.4 0.36661211129296234 0.003 0.006546644844517185
0 0.452 0.8870703764320785 0.011 0.024549918166939442
0 0.842 0.7577741407528642 0.009 0.019639934533551555
0 0.369 0.6350245499181669 0.009 0.019639934533551555
0 0.94 0.6612111292962357 0.009 0.019639934533551555
0 0.416 0.2896890343698854 0.003 0.006546644844517185
0 0.709 0.33387888707037644 0.003 0.006546644844517185
0 0.578 0.5728314238952537 0.008 0.01800327332242226
0 0.462 0.6121112929623568 0.009 0.019639934533551555
0 0.806 0.690671031096563 0.009 0.019639934533551555
0 0.8 0.67430441898527 0.009 0.019639934533551555
0 0.421 0.2684124386252046 0.003 0.006546644844517185
0 0.7 0.42225859247135844 0.007 0.01309328968903437
0 0.307 0.7921440261865794 0.009 0.019639934533551555
0 0.463 0.37315875613747956 0.003 0.006546644844517185
0 0.736 0.35515548281505727 0.003 0.006546644844517185
0 0.562 0.6006546644844517 0.009 0.019639934533551555
0 0.473 0.3469721767594108 0.003 0.006546644844517185
0 0.764 0.8445171849427169 0.011 0.024549918166939442
0 0.946 0.8461538461538461 0.011 0.024549918166939442
0 0.688 0.9230769230769231 0.011 0.024549918166939442
0 0.302 0.41734860883797054 0.007 0.01309328968903437
0 0.659 0.4779050736497545 0.007 0.01309328968903437
0 0.81 0.2978723404255319 0.003 0.006546644844517185
0 0.33 0.42225859247135844 0.007 0.01309328968903437
0 0.417 0.3453355155482815 0.003 0.006546644844517185
0 0.44 0.55810147299509 0.008 0.01800327332242226
0 0.305 0.35515548281505727 0.003 0.006546644844517185
0 0.357 0.37643207855973815 0.003 0.006546644844517185
0 0.673 0.7937806873977087 0.009 0.019639934533551555
0 0.236 0.46153846153846156 0.007 0.01309328968903437
0 0.797 0.7119476268412439 0.009 0.019639934533551555
0 0.764 0.8134206219312602 0.009 0.019639934533551555
0 0.723 0.4402618657937807 0.007 0.01309328968903437
0 0.153 0.6497545008183306 0.009 0.019639934533551555
0 0.567 0.6857610474631751 0.009 0.019639934533551555
0 0.856 0.8036006546644845 0.009 0.019639934533551555
0 0.542 0.2700490998363339 0.003 0.006546644844517185
0 0.557 0.3862520458265139 0.003 0.006546644844517185
0 0.327 0.353518821603928 0.003 0.006546644844517185
0 0.404 0.3436988543371522 0.003 0.006546644844517185
0 0.355 0.40098199672667756 0.007 0.01309328968903437
0 0.857 0.3617021276595745 0.003 0.006546644844517185
0 0.575 0.8314238952536824 0.011 0.024549918166939442
0 0.551 0.5106382978723404 0.007 0.01309328968903437
0 0.395 0.26677577741407527 0.003 0.006546644844517185
0 0.437 0.42225859247135844 0.007 0.01309328968903437
0 0.286 0.4337152209492635 0.007 0.01309328968903437
0 0.324 0.36661211129296234 0.003 0.006546644844517185
0 0.666 0.44353518821603927 0.007 0.01309328968903437
0 0.347 0.6153846153846154 0.009 0.019639934533551555
0 0.291 0.26677577741407527 0.003 0.006546644844517185
0 0.376 0.2700490998363339 0.003 0.006546644844517185
0 0.505 0.27823240589198034 0.003 0.006546644844517185
0 0.214 0.31260229132569556 0.003 0.006546644844517185
0 0.27 0.41734860883797054 0.007 0.01309328968903437
0 0.952 0.9689034369885434 0.011 0.024549918166939442
0 0.245 0.6235679214402619 0.009 0.019639934533551555
0 0.147 0.5548281505728314 0.007 0.01309328968903437
0 0.871 0.6988543371522095 0.009 0.019639934533551555
0 0.695 0.37479541734860883 0.003 0.006546644844517185
0 0.36 0.723404255319149 0.009 0.019639934533551555
0 0.452 0.8363338788870703 0.011 0.024549918166939442
0 0.918 0.662847790507365 0.009 0.019639934533551555
0 0.358 0.7823240589198036 0.009 0.019639934533551555
0 0.896 0.5171849427168577 0.007 0.01309328968903437
0 0.183 0.6104746317512275 0.008 0.01800327332242226
0 0.519 0.613747954173486 0.009 0.019639934533551555
0 0.768 0.3076923076923077 0.003 0.006546644844517185
0 0.368 0.4402618657937807 0.007 0.01309328968903437
0 0.374 0.33060556464811786 0.003 0.006546644844517185
0 0.332 0.31260229132569556 0.003 0.006546644844517185
0 0.451 0.5728314238952537 0.008 0.01800327332242226
0 0.326 0.8952536824877251 0.011 0.024549918166939442
0 0.218 0.5826513911620295 0.009 0.019639934533551555
0 0.196 0.5482815057283142 0.007 0.01309328968903437
0 0.241 0.7643207855973814 0.009 0.019639934533551555
0 0.392 0.2864157119476268 0.003 0.006546644844517185
0 0.352 0.3404255319148936 0.003 0.006546644844517185
0 0.396 0.3567921440261866 0.003 0.006546644844517185
0 0.163 0.6939443535188216 0.009 0.019639934533551555
0 0.765 0.7512274959083469 0.009 0.019639934533551555
0 0.206 0.3895253682487725 0.003 0.006546644844517185
0 0.638 0.5253682487725041 0.007 0.01309328968903437
0 0.776 0.4320785597381342 0.007 0.01309328968903437
0 0.411 0.9018003273322422 0.011 0.024549918166939442
0 0.615 0.618657937806874 0.009 0.019639934533551555
0 0.36 0.42225859247135844 0.007 0.01309328968903437
0 0.547 0.36824877250409166 0.003 0.006546644844517185
0 0.131 0.8265139116202946 0.011 0.024549918166939442
0 0.381 0.5793780687397708 0.008 0.01800327332242226
0 0.615 0.806873977086743 0.009 0.019639934533551555
0 0.266 0.4746317512274959 0.007 0.01309328968903437
0 0.637 0.7086743044189853 0.009 0.019639934533551555
0 0.564 0.5842880523731587 0.009 0.019639934533551555
0 0.276 0.8968903436988543 0.011 0.024549918166939442
0 0.623 0.3158756137479542 0.003 0.006546644844517185
0 0.552 0.795417348608838 0.009 0.019639934533551555
0 0.372 0.2684124386252046 0.003 0.006546644844517185
0 0.238 0.3469721767594108 0.003 0.006546644844517185
0 0.821 0.4451718494271686 0.007 0.01309328968903437
0 0.639 0.7283142389525368 0.009 0.019639934533551555
0 0.325 0.7806873977086743 0.009 0.019639934533551555
0 0.44 0.5859247135842881 0.009 0.019639934533551555
0 0.206 0.36824877250409166 0.003 0.006546644844517185
0 0.267 0.8363338788870703 0.011 0.024549918166939442
0 0.507 0.6530278232405892 0.009 0.019639934533551555
0 0.38 0.5941080196399345 0.008 0.01800327332242226
0 0.276 0.707037643207856 0.009 0.019639934533551555
0 0.326 0.4386252045826514 0.007 0.01309328968903437
0 0.442 0.6595744680851063 0.009 0.019639934533551555
0 0.544 0.32569558101472995 0.003 0.006546644844517185
0 0.405 0.613747954173486 0.009 0.019639934533551555
0 0.667 0.4500818330605565 0.007 0.01309328968903437
0 0.946 0.7692307692307693 0.009 0.019639934533551555
0 0.36 0.5548281505728314 0.007 0.01309328968903437
0 0.753 0.3027823240589198 0.003 0.006546644844517185
0 0.803 0.5286415711947627 0.007 0.01309328968903437
0 0.835 0.2945990180032733 0.003 0.006546644844517185
0 0.601 0.7741407528641571 0.009 0.019639934533551555
0 0.057 0.5728314238952537 0.008 0.01800327332242226
0 0.715 0.9099836333878887 0.011 0.024549918166939442
0 0.831 0.9230769230769231 0.011 0.024549918166939442
0 0.365 0.40098199672667756 0.007 0.01309328968903437
0 0.493 0.27823240589198034 0.003 0.006546644844517185
0 0.4 0.5270049099836334 0.007 0.014729950900163666
0 0.534 0.7299509001636661 0.009 0.019639934533551555
0 0.729 0.4369885433715221 0.007 0.01309328968903437
0 0.418 0.45662847790507366 0.007 0.01309328968903437
0 0.335 0.6824877250409165 0.009 0.019639934533551555
0 0.884 0.3469721767594108 0.003 0.006546644844517185
0 0.839 0.4369885433715221 0.007 0.01309328968903437
0 0.357 0.3453355155482815 0.003 0.006546644844517185
0 0.664 0.9509001636661211 0.011 0.024549918166939442
0 0.368 0.8183306055646481 0.009 0.019639934533551555
0 0.665 0.7037643207855974 0.009 0.019639934533551555
0 0.408 0.3355155482815057 0.003 0.006546644844517185
0 0.219 0.04582651391162029 0.011 0.019639934533551555
0 0.477 0.40916530278232405 0.007 0.01309328968903437
0 0.489 0.9312602291325696 0.011 0.024549918166939442
0 0.833 0.3960720130932897 0.003 0.006546644844517185
0 0.278 0.4369885433715221 0.007 0.01309328968903437
0 0.433 0.5941080196399345 0.009 0.019639934533551555
0 0.737 0.5384615384615384 0.007 0.01309328968903437
0 0.914 0.8330605564648118 0.011 0.024549918166939442
0 0.934 0.5237315875613748 0.007 0.01309328968903437
0 0.663 0.5171849427168577 0.007 0.01309328968903437
0 0.896 0.7512274959083469 0.009 0.019639934533551555
0 0.896 0.8723404255319149 0.011 0.024549918166939442
0 0.756 0.6775777414075287 0.009 0.019639934533551555
0 0.373 0.5351882160392799 0.008 0.016366612111292964
0 0.382 0.37479541734860883 0.003 0.006546644844517185
0 0.713 0.6219312602291326 0.009 0.019639934533551555
0 0.724 0.8265139116202946 0.011 0.024549918166939442
0 0.596 0.28805237315875615 0.003 0.006546644844517185
0 0.679 0.5286415711947627 0.007 0.01309328968903437
0 0.297 0.46153846153846156 0.007 0.01309328968903437
0 0.762 0.35515548281505727 0.003 0.006546644844517185
0 0.302 0.9869067103109657 0.011 0.024549918166939442
0 0.114 0.8330605564648118 0.011 0.024549918166939442
0 0.616 0.7430441898527005 0.009 0.019639934533551555
0 0.536 0.5777414075286416 0.009 0.019639934533551555
0 0.197 0.3895253682487725 0.003 0.006546644844517185
0 0.099 0.6857610474631751 0.009 0.019639934533551555
0 0.864 0.7266775777414075 0.009 0.019639934533551555
0 0.11 0.8985270049099836 0.011 0.024549918166939442
0 0.399 0.3158756137479542 0.003 0.006546644844517185
0 0.453 0.6824877250409165 0.009 0.019639934533551555
0 0.437 0.8772504091653028 0.011 0.024549918166939442
0 0.197 0.3355155482815057 0.003 0.006546644844517185
0 0.639 0.3944353518821604 0.003 0.006546644844517185
0 0.031 0.5597381342062193 0.008 0.01800327332242226
0 0.225 0.6072013093289689 0.009 0.019639934533551555
0 0.557 0.9181669394435352 0.011 0.024549918166939442
0 0.891 0.955810147299509 0.011 0.024549918166939442
0 0.183 0.49263502454991814 0.007 0.01309328968903437
0 0.405 0.27495908346972175 0.003 0.006546644844517185
0 0.893 0.7725040916530278 0.009 0.019639934533551555
0 0.409 0.36824877250409166 0.003 0.006546644844517185
0 0.798 0.9328968903436988 0.011 0.024549918166939442
0 0.175 0.3518821603927987 0.003 0.006546644844517185
0 0.136 0.7283142389525368 0.009 0.019639934533551555
0 0.513 0.26677577741407527 0.003 0.006546644844517185
0 0.41 0.27986906710310966 0.003 0.006546644844517185
0 0.418 0.29296235679214405 0.003 0.006546644844517185
0 0.281 0.3076923076923077 0.003 0.006546644844517185
0 0.655 0.9754500818330606 0.011 0.024549918166939442
0 0.866 0.4157119476268412 0.007 0.01309328968903437
0 0.373 0.7054009819967266 0.009 0.019639934533551555
0 0.689 0.955810147299509 0.011 0.024549918166939442
0 0.902 0.5499181669394435 0.007 0.01309328968903437
0 0.678 0.5908346972176759 0.009 0.019639934533551555
0 0.473 0.45171849427168576 0.007 0.01309328968903437
0 0.909 0.4762684124386252 0.007 0.01309328968903437
0 0.622 0.3780687397708674 0.003 0.006546644844517185
0 0.456 0.26677577741407527 0.003 0.006546644844517185
0 0.506 0.3862520458265139 0.003 0.006546644844517185
0 0.462 0.6873977086743044 0.009 0.019639934533551555
0 0.862 0.4026186579378069 0.007 0.01309328968903437
0 0.344 0.36333878887070375 0.003 0.006546644844517185
0 0.577 0.3060556464811784 0.003 0.006546644844517185
0 0.816 0.6513911620294599 0.009 0.019639934533551555
0 0.734 0.8625204582651391 0.011 0.024549918166939442
0 0.641 0.7643207855973814 0.009 0.019639934533551555
0 0.19 0.36824877250409166 0.003 0.006546644844517185
0 0.958 0.7741407528641571 0.009 0.019639934533551555
0 0.386 0.26677577741407527 0.003 0.006546644844517185
0 0.081 0.9181669394435352 0.011 0.024549918166939442
0 0.307 0.3191489361702128 0.003 0.006546644844517185
0 0.541 0.7970540098199672 0.009 0.019639934533551555
0 0.871 0.5990180032733224 0.009 0.019639934533551555
0 0.3 0.8527004909983633 0.011 0.024549918166939442
0 0.457 0.546644844517185 0.009 0.019639934533551555
0 0.339 0.4157119476268412 0.007 0.01309328968903437
0 0.319 0.36006546644844517 0.003 0.006546644844517185
0 0.848 0.32569558101472995 0.003 0.006546644844517185
0 0.804 0.9459901800327333 0.011 0.024549918166939442
0 0.685 0.4288052373158756 0.007 0.01309328968903437
0 0.986 0.6121112929623568 0.009 0.019639934533551555
0 0.589 0.8379705400981997 0.011 0.024549918166939442
0 0.233 0.4828150572831424 0.007 0.01309328968903437
0 0.62 0.3322422258592471 0.003 0.006546644844517185
0 0.806 0.4157119476268412 0.007 0.01309328968903437
0 0.108 0.983633387888707 0.011 0.024549918166939442
0 0.495 0.2635024549918167 0.003 0.006546644844517185
0 0.483 0.9623567921440261 0.011 0.024549918166939442
0 0.397 0.2733224222585925 0.003 0.006546644844517185
0 0.659 0.563011456628478 0.007 0.01309328968903437
0 0.472 0.27823240589198034 0.003 0.006546644844517185
0 0.467 0.44189852700491 0.007 0.01309328968903437
0 0.758 0.7364975450081833 0.009 0.019639934533551555
0 0.78 0.5597381342062193 0.007 0.01309328968903437
0 0.555 0.40098199672667756 0.007 0.01309328968903437
0 0.879 0.8985270049099836 0.011 0.024549918166939442
0 0.037 0.6677577741407529 0.009 0.019639934533551555
0 0.563 0.38461538461538464 0.003 0.006546644844517185
0 0.803 0.33878887070376434 0.003 0.006546644844517185
0 0.583 0.618657937806874 0.009 0.019639934533551555
0 0.297 0.723404255319149 0.009 0.019639934533551555
0 0.534 0.3060556464811784 0.003 0.006546644844517185
0 0.511 0.3158756137479542 0.003 0.006546644844517185
0 0.181 0.8330605564648118 0.011 0.024549918166939442
0 0.275 0.46153846153846156 0.007 0.01309328968903437
0 0.232 0.35842880523731585 0.003 0.006546644844517185
0 0.923 0.613747954173486 0.009 0.019639934533551555
0 0.794 0.7937806873977087 0.009 0.019639934533551555
0 0.888 0.662847790507365 0.009 0.019639934533551555
0 0.19 0.8739770867430442 0.011 0.024549918166939442
0 0.862 0.7643207855973814 0.009 0.019639934533551555
0 0.71 0.5826513911620295 0.009 0.019639934533551555
0 0.979 0.5810147299509002 0.009 0.019639934533551555
0 0.39 0.024549918166939442 0.011 0.019639934533551555
0 0.479 0.3486088379705401 0.003 0.006546644844517185
0 0.365 0.019639934533551555 0.011 0.019639934533551555
0 0.531 0.6824877250409165 0.009 0.019639934533551555
0 0.557 0.8428805237315876 0.011 0.024549918166939442
0 0.206 0.46808510638297873 0.007 0.01309328968903437
0 0.4 0.33387888707037644 0.003 0.006546644844517185
0 0.349 0.33060556464811786 0.003 0.006546644844517185
0 0.098 0.530278232405892 0.007 0.014729950900163666
0 0.552 0.3895253682487725 0.003 0.006546644844517185
0 0.417 0.3911620294599018 0.003 0.006546644844517185
0 0.558 0.31260229132569556 0.003 0.006546644844517185
0 0.034 0.7659574468085106 0.009 0.019639934533551555
0 0.526 0.7299509001636661 0.009 0.019639934533551555
0 0.656 0.5253682487725041 0.007 0.01309328968903437
0 0.126 0.5597381342062193 0.007 0.01309328968903437
0 0.935 0.9378068739770867 0.011 0.024549918166939442
0 0.911 0.574468085106383 0.009 0.019639934533551555
0 0.87 0.4664484451718494 0.007 0.01309328968903437
0 0.384 0.4451718494271686 0.007 0.01309328968903437
0 0.75 0.5957446808510638 0.009 0.019639934533551555
0 0.941 0.6170212765957447 0.009 0.019639934533551555
0 0.216 0.5450081833060556 0.008 0.016366612111292964
0 0.994 0.5188216039279869 0.008 0.016366612111292964
0 0.777 0.7643207855973814 0.009 0.019639934533551555
0 0.284 0.5515548281505729 0.007 0.01309328968903437
0 0.782 0.5237315875613748 0.007 0.01309328968903437
0 0.804 0.2700490998363339 0.003 0.006546644844517185
0 0.459 0.3158756137479542 0.003 0.006546644844517185
0 0.338 0.353518821603928 0.003 0.006546644844517185
0 0.843 0.39279869067103107 0.003 0.006546644844517185
0 0.353 0.8216039279869067 0.009 0.019639934533551555
0 0.676 0.5646481178396072 0.007 0.01309328968903437
0 0.445 0.6939443535188216 0.009 0.019639934533551555
0 0.461 0.7184942716857611 0.009 0.019639934533551555
0 0.363 0.3436988543371522 0.003 0.006546644844517185
0 0.961 0.67430441898527 0.009 0.019639934533551555
0 0.116 0.44353518821603927 0.007 0.01309328968903437
0 0.187 0.39279869067103107 0.003 0.006546644844517185
0 0.457 0.939443535188216 0.011 0.024549918166939442
0 0.352 0.32569558101472995 0.003 0.006546644844517185
0 0.508 0.3649754500818331 0.003 0.006546644844517185
0 0.838 0.6055646481178396 0.009 0.019639934533551555
0 0.219 0.5613747954173486 0.008 0.016366612111292964
0 0.436 0.8036006546644845 0.009 0.019639934533551555
0 0.14 0.48117839607201307 0.007 0.01309328968903437
0 0.727 0.3567921440261866 0.003 0.006546644844517185
0 0.925 0.513911620294599 0.007 0.01309328968903437
0 0.039 0.8870703764320785 0.011 0.024549918166939442
0 0.467 0.5564648117839607 0.007 0.01309328968903437
0 0.125 0.43044189852700493 0.007 0.01309328968903437
0 0.803 0.4337152209492635 0.007 0.01309328968903437
0 0.046 0.8150572831423896 0.01 0.02127659574468085
0 0.486 0.33387888707037644 0.003 0.006546644844517185
0 0.252 0.48117839607201307 0.007 0.01309328968903437
0 0.595 0.6497545008183306 0.009 0.019639934533551555
0 0.756 0.27168576104746317 0.003 0.006546644844517185
0 0.486 0.3436988543371522 0.003 0.006546644844517185
0 0.433 0.3076923076923077 0.003 0.006546644844517185
0 0.784 0.9148936170212766 0.011 0.024549918166939442
0 0.536 0.28477905073649756 0.003 0.006546644844517185
0 0.36 0.3191489361702128 0.003 0.006546644844517185
0 0.559 0.9607201309328969 0.011 0.024549918166939442
0 0.269 0.45662847790507366 0.007 0.01309328968903437
0 0.671 0.2684124386252046 0.003 0.006546644844517185
0 0.196 0.618657937806874 0.009 0.019639934533551555
0 0.467 0.5793780687397708 0.009 0.019639934533551555
0 0.427 0.32733224222585927 0.003 0.006546644844517185
0 0.482 0.44353518821603927 0.007 0.01309328968903437
0 0.69 0.32569558101472995 0.003 0.006546644844517185
0 0.699 0.8101472995090017 0.009 0.019639934533551555
0 0.052 0.6939443535188216 0.009 0.019639934533551555
0 0.708 0.4353518821603928 0.007 0.01309328968903437
0 0.159 0.4337152209492635 0.007 0.01309328968903437
0 0.21 0.662847790507365 0.009 0.019639934533551555
0 0.492 0.47299509001636664 0.007 0.01309328968903437
0 0.689 0.36661211129296234 0.003 0.006546644844517185
0 0.953 0.5924713584288053 0.009 0.019639934533551555
0 0.955 0.4582651391162029 0.007 0.01309328968903437
0 0.444 0.027823240589198037 0.011 0.019639934533551555
0 0.175 0.48117839607201307 0.007 0.01309328968903437
0 0.53 0.36333878887070375 0.003 0.006546644844517185
0 0.422 0.4386252045826514 0.007 0.01309328968903437
0 0.7 0.3878887070376432 0.003 0.006546644844517185
0 0.647 0.7921440261865794 0.009 0.019639934533551555
0 0.587 0.3698854337152209 0.003 0.006546644844517185
0 0.556 0.6923076923076923 0.009 0.019639934533551555
0 0.922 0.6808510638297872 0.009 0.019639934533551555
0 0.955 0.8854337152209493 0.011 0.024549918166939442
0 0.662 0.33060556464811786 0.003 0.006546644844517185
0 0.169 0.8085106382978723 0.009 0.019639934533551555
0 0.415 0.32242225859247137 0.003 0.006546644844517185
0 0.968 0.6563011456628478 0.009 0.019639934533551555
0 0.924 0.7855973813420621 0.009 0.019639934533551555
0 0.824 0.36661211129296234 0.003 0.006546644844517185
0 0.011 0.546644844517185 0.008 0.01800327332242226
0 0.451 0.5204582651391162 0.008 0.016366612111292964
0 0.803 0.4664484451718494 0.007 0.01309328968903437
0 0.082 0.8166939443535188 0.009 0.019639934533551555
0 0.069 0.6923076923076923 0.009 0.019639934533551555
0 0.813 0.6252045826513911 0.009 0.019639934533551555
0 0.726 0.8445171849427169 0.011 0.024549918166939442
0 0.679 0.03273322422258593 0.011 0.019639934533551555
0 0.373 0.3044189852700491 0.003 0.006546644844517185
0 0.447 0.32733224222585927 0.003 0.006546644844517185
0 0.799 0.7283142389525368 0.009 0.019639934533551555
0 0.828 0.6808510638297872 0.009 0.019639934533551555
0 0.449 0.6153846153846154 0.009 0.019639934533551555
0 0.091 0.7839607201309329 0.009 0.019639934533551555
0 0.257 0.5400981996726678 0.007 0.01309328968903437
0 0.886 0.5859247135842881 0.009 0.019639934533551555
0 0.782 0.2700490998363339 0.003 0.006546644844517185
0 0.736 0.6530278232405892 0.009 0.019639934533551555
0 0.505 0.6170212765957447 0.009 0.019639934533551555
0 0.029 0.839607201309329 0.011 0.024549918166939442
0 0.591 0.9345335515548282 0.011 0.024549918166939442
0 0.562 0.6366612111292962 0.009 0.019639934533551555
0 0.438 0.28477905073649756 0.003 0.006546644844517185
0 0.184 0.7774140752864157 0.009 0.019639934533551555
0 0.258 0.03436988543371522 0.011 0.019639934533551555
0 0.562 0.309328968903437 0.003 0.006546644844517185
0 0.55 0.32405891980360063 0.003 0.006546644844517185
0 0.232 0.6513911620294599 0.009 0.019639934533551555
0 0.79 0.6873977086743044 0.009 0.019639934533551555
0 0.286 0.2733224222585925 0.003 0.006546644844517185
0 0.392 0.8805237315875614 0.011 0.024549918166939442
0 0.739 0.5090016366612111 0.007 0.01309328968903437
0 0.4 0.9819967266775778 0.011 0.024549918166939442
0 0.789 0.4320785597381342 0.007 0.01309328968903437
0 0.653 0.43044189852700493 0.007 0.01309328968903437
0 0.856 0.6268412438625205 0.009 0.019639934533551555
0 0.508 0.2700490998363339 0.003 0.006546644844517185
0 0.556 0.337152209492635 0.003 0.006546644844517185
0 0.452 0.5941080196399345 0.009 0.019639934533551555
0 0.619 0.88379705400982 0.011 0.024549918166939442
0 0.812 0.8543371522094927 0.011 0.024549918166939442
0 0.196 0.4909983633387889 0.007 0.01309328968903437
0 0.221 0.6432078559738135 0.009 0.019639934533551555
0 0.652 0.6153846153846154 0.009 0.019639934533551555
0 0.329 0.707037643207856 0.009 0.019639934533551555
0 0.285 0.3011456628477905 0.003 0.006546644844517185
0 0.829 0.7872340425531915 0.009 0.019639934533551555
0 0.877 0.5188216039279869 0.007 0.01309328968903437
