0 0.30572916666666666 0.9814814814814815 0.03697916666666667 0.07962962962962963
0 0.6552083333333333 0.6805555555555556 0.025 0.049074074074074076
0 0.8557291666666667 0.5962962962962963 0.01875 0.044444444444444446
0 0.0140625 0.774074074074074 0.027604166666666666 0.05740740740740741
0 0.48854166666666665 0.6824074074074075 0.025 0.049074074074074076
0 0.86875 0.7759259259259259 0.05520833333333333 0.10925925925925926
0 0.6552083333333333 0.799074074074074 0.04114583333333333 0.08981481481481482
0 0.38177083333333334 0.7527777777777778 0.04114583333333333 0.08981481481481482
0 0.7578125 0.8601851851851852 0.05520833333333333 0.10925925925925926
0 0.8234375 0.6175925925925926 0.01875 0.044444444444444446
0 0.9947916666666666 0.612037037037037 0.027604166666666666 0.06018518518518518
0 0.46822916666666664 0.7148148148148148 0.025 0.049074074074074076
0 0.9177083333333333 0.8851851851851852 0.05520833333333333 0.10925925925925926
0 0.7875 0.6601851851851852 0.01875 0.044444444444444446
0 0.628125 0.6592592592592592 0.025 0.049074074074074076
0 0.6161458333333333 0.9731481481481481 0.04114583333333333 0.08981481481481482
0 0.5244791666666667 0.8027777777777778 0.04114583333333333 0.08981481481481482
0 0.5494791666666666 0.6888888888888889 0.025 0.049074074074074076
0 0.9697916666666667 0.5638888888888889 0.01875 0.044444444444444446
0 0.9942708333333333 0.47685185185185186 0.01875 0.044444444444444446
0 0.7260416666666667 0.6518518518518519 0.01875 0.044444444444444446
0 0.6385416666666667 0.8898148148148148 0.04114583333333333 0.08981481481481482
0 0.8635416666666667 0.6296296296296297 0.01875 0.044444444444444446
0 0.5395833333333333 0.7685185185185185 0.04114583333333333 0.08981481481481482
0 0.9848958333333333 0.7212962962962963 0.01875 0.044444444444444446
0 0.9416666666666667 0.6925925925925925 0.01875 0.044444444444444446
0 0.978125 0.7731481481481481 0.05520833333333333 0.10925925925925926
0 0.8484375 0.6666666666666666 0.01875 0.044444444444444446
0 0.925 0.6222222222222222 0.01875 0.044444444444444446
0 0.884375 0.637962962962963 0.01875 0.044444444444444446
0 0.6182291666666667 0.7620370370370371 0.04114583333333333 0.08981481481481482
0 0.5713541666666667 0.6564814814814814 0.025 0.049074074074074076
0 0.7364583333333333 0.7564814814814815 0.027604166666666666 0.06018518518518518
0 0.6567708333333333 0.7222222222222222 0.025 0.049074074074074076
0 0.8010416666666667 0.6972222222222222 0.01875 0.044444444444444446
0 0.3645833333333333 0.8324074074074074 0.04114583333333333 0.08981481481481482
0 0.6661458333333333 0.6527777777777778 0.025 0.049074074074074076
0 0.45416666666666666 0.8231481481481482 0.04114583333333333 0.08981481481481482
0 0.8786458333333333 0.6111111111111112 0.01875 0.044444444444444446
0 0.7776041666666667 0.6398148148148148 0.01875 0.044444444444444446
