0 0.15472972972972973 0.22235576923076922 0.02702702702702703 0.051682692307692304
0 0.1831081081081081 0.45913461538461536 0.05540540540540541 0.10336538461538461
0 0.7108108108108108 0.37259615384615385 0.03310810810810811 0.05889423076923077
0 0.6 0.20072115384615385 0.02702702702702703 0.051682692307692304
0 0.4966216216216216 0.17548076923076922 0.01891891891891892 0.037259615384615384
0 0.677027027027027 0.3004807692307692 0.03310810810810811 0.05889423076923077
0 0.5797297297297297 0.2403846153846154 0.02702702702702703 0.051682692307692304
0 0.5885135135135136 0.16947115384615385 0.01891891891891892 0.037259615384615384
0 0.654054054054054 0.38341346153846156 0.03310810810810811 0.05889423076923077
0 0.7675675675675676 0.3076923076923077 0.03310810810810811 0.05889423076923077
0 0.02364864864864865 0.4338942307692308 0.03310810810810811 0.05889423076923077
0 0.21283783783783783 0.12259615384615384 0.01891891891891892 0.037259615384615384
0 0.4506756756756757 0.6382211538461539 0.05540540540540541 0.10336538461538461
0 0.8641891891891892 0.5865384615384616 0.05540540540540541 0.10336538461538461
0 0.08783783783783784 0.29927884615384615 0.03310810810810811 0.05889423076923077
0 0.8587837837837838 0.8810096153846154 0.07364864864864865 0.1466346153846154
0 0.7162162162162162 0.2980769230769231 0.03310810810810811 0.05889423076923077
0 0.2527027027027027 0.17427884615384615 0.01891891891891892 0.037259615384615384
0 0.6608108108108108 0.3161057692307692 0.03310810810810811 0.05889423076923077
0 0.5547297297297298 0.2091346153846154 0.02702702702702703 0.051682692307692304
0 0.42567567567567566 0.42427884615384615 0.03310810810810811 0.05889423076923077
0 0.47364864864864864 0.38100961538461536 0.03310810810810811 0.05889423076923077
0 0.031081081081081083 0.671875 0.05540540540540541 0.10336538461538461
0 0.11081081081081082 0.15625 0.01891891891891892 0.037259615384615384
0 0.5081081081081081 0.6610576923076923 0.05540540540540541 0.10336538461538461
0 0.07162162162162163 0.38100961538461536 0.03310810810810811 0.05889423076923077
0 0.3668918918918919 0.3713942307692308 0.03310810810810811 0.05889423076923077
0 0.2608108108108108 0.3112980769230769 0.03310810810810811 0.05889423076923077
0 0.0918918918918919 0.23918269230769232 0.02702702702702703 0.051682692307692304
0 0.7695945945945946 0.9567307692307693 0.07364864864864865 0.1466346153846154
0 0.3918918918918919 0.19591346153846154 0.02702702702702703 0.051682692307692304
0 0.23513513513513515 0.34134615384615385 0.03310810810810811 0.05889423076923077
0 0.6885135135135135 0.24158653846153846 0.02702702702702703 0.051682692307692304
0 0.6189189189189189 0.19591346153846154 0.02702702702702703 0.051682692307692304
0 0.8418918918918918 0.6790865384615384 0.05540540540540541 0.10336538461538461
0 0.5682432432432433 0.27403846153846156 0.02702702702702703 0.051682692307692304
0 0.14527027027027026 0.7055288461538461 0.05540540540540541 0.10336538461538461
0 0.4864864864864865 0.25961538461538464 0.02702702702702703 0.051682692307692304
0 0.06891891891891892 0.2403846153846154 0.02702702702702703 0.051682692307692304
0 0.6885135135135135 0.17668269230769232 0.02702702702702703 0.051682692307692304
0 0.14932432432432433 0.9771634615384616 0.07364864864864865 0.1466346153846154
0 0.49932432432432433 0.7199519230769231 0.05540540540540541 0.10336538461538461
0 0.4797297297297297 0.18629807692307693 0.02702702702702703 0.051682692307692304
0 0.060810810810810814 0.19230769230769232 0.02702702702702703 0.051682692307692304
0 0.16148648648648647 0.140625 0.01891891891891892 0.037259615384615384
0 0.5932432432432433 0.9651442307692307 0.07364864864864865 0.1466346153846154
0 0.49527027027027026 0.5024038461538461 0.05540540540540541 0.10336538461538461
0 0.9932432432432432 0.8149038461538461 0.07364864864864865 0.1466346153846154
0 0.4141891891891892 0.17548076923076922 0.01891891891891892 0.037259615384615384
0 0.7094594594594594 0.8725961538461539 0.07364864864864865 0.1466346153846154
0 0.39594594594594595 0.2692307692307692 0.02702702702702703 0.051682692307692304
0 0.35945945945945945 0.20072115384615385 0.02702702702702703 0.051682692307692304
0 0.2831081081081081 0.2608173076923077 0.02702702702702703 0.051682692307692304
0 0.5074324324324324 0.3473557692307692 0.03310810810810811 0.05889423076923077
0 0.4263513513513513 0.23557692307692307 0.02702702702702703 0.051682692307692304
0 0.14256756756756755 0.27403846153846156 0.02702702702702703 0.051682692307692304
0 0.629054054054054 0.5841346153846154 0.05540540540540541 0.10336538461538461
0 0.6837837837837838 0.7415865384615384 0.07364864864864865 0.1466346153846154
0 0.629054054054054 0.22596153846153846 0.02702702702702703 0.051682692307692304
0 0.03783783783783784 0.21634615384615385 0.02702702702702703 0.051682692307692304
0 0.3777027027027027 0.4423076923076923 0.03310810810810811 0.05889423076923077
0 0.20405405405405405 0.39663461538461536 0.03310810810810811 0.05889423076923077
0 0.33175675675675675 0.17307692307692307 0.01891891891891892 0.037259615384615384
0 0.5385135135135135 0.3125 0.03310810810810811 0.05889423076923077
0 0.047972972972972976 0.5997596153846154 0.05540540540540541 0.10336538461538461
0 0.05 0.24278846153846154 0.02702702702702703 0.051682692307692304
0 0.00472972972972973 0.35216346153846156 0.031081081081081083 0.056490384615384616
0 0.1966216216216216 0.6862980769230769 0.05540540540540541 0.10336538461538461
0 0.38716216216216215 0.5012019230769231 0.05540540540540541 0.10336538461538461
0 0.9148648648648648 0.3269230769230769 0.03310810810810811 0.05889423076923077
0 0.7337837837837838 0.23677884615384615 0.02702702702702703 0.051682692307692304
0 0.22297297297297297 0.14903846153846154 0.01891891891891892 0.037259615384615384
0 0.04391891891891892 0.15504807692307693 0.02702702702702703 0.051682692307692304
0 0.9074324324324324 0.46033653846153844 0.05540540540540541 0.10336538461538461
0 0.020945945945945947 0.2932692307692308 0.03310810810810811 0.05889423076923077
0 0.26554054054054055 0.3798076923076923 0.03310810810810811 0.05889423076923077
0 0.3587837837837838 0.6334134615384616 0.05540540540540541 0.10336538461538461
0 0.6736486486486486 0.20793269230769232 0.02702702702702703 0.051682692307692304
0 0.497972972972973 0.4170673076923077 0.03310810810810811 0.05889423076923077
0 0.8364864864864865 0.2980769230769231 0.03310810810810811 0.05889423076923077
0 0.7878378378378378 0.2668269230769231 0.02702702702702703 0.051682692307692304
0 0.24932432432432433 0.2932692307692308 0.03310810810810811 0.05889423076923077
0 0.8864864864864865 0.33052884615384615 0.03310810810810811 0.05889423076923077
0 0.4722972972972973 0.6141826923076923 0.05540540540540541 0.10336538461538461
0 0.5912162162162162 0.5841346153846154 0.05540540540540541 0.10336538461538461
0 0.30202702702702705 0.39903846153846156 0.03310810810810811 0.05889423076923077
0 0.28716216216216217 0.33052884615384615 0.03310810810810811 0.05889423076923077
0 0.2554054054054054 0.140625 0.01891891891891892 0.037259615384615384
0 0.518918918918919 0.8605769230769231 0.07364864864864865 0.1466346153846154
0 0.4027027027027027 0.9603365384615384 0.07364864864864865 0.1466346153846154
0 0.23310810810810811 0.28125 0.02702702702702703 0.051682692307692304
0 0.1581081081081081 0.33653846153846156 0.03310810810810811 0.05889423076923077
0 0.3716216216216216 0.23557692307692307 0.02702702702702703 0.051682692307692304
0 0.037162162162162164 0.3701923076923077 0.03310810810810811 0.05889423076923077
0 0.1662162162162162 0.28365384615384615 0.02702702702702703 0.051682692307692304
0 0.3 0.17548076923076922 0.01891891891891892 0.037259615384615384
0 0.8304054054054054 0.9675480769230769 0.07364864864864865 0.1466346153846154
0 0.34256756756756757 0.23677884615384615 0.02702702702702703 0.051682692307692304
0 0.5135135135135135 0.18509615384615385 0.02702702702702703 0.051682692307692304
0 0.6459459459459459 0.33653846153846156 0.03310810810810811 0.05889423076923077
0 0.5878378378378378 0.3016826923076923 0.03310810810810811 0.05889423076923077
0 0.37094594594594593 0.28365384615384615 0.02702702702702703 0.051682692307692304
0 0.0033783783783783786 0.1466346153846154 0.025 0.04807692307692308
0 0.6006756756756757 0.38461538461538464 0.03310810810810811 0.05889423076923077
0 0.9 0.5456730769230769 0.05540540540540541 0.10336538461538461
0 0.6202702702702703 0.7271634615384616 0.05540540540540541 0.10336538461538461
0 0.5304054054054054 0.21394230769230768 0.02702702702702703 0.051682692307692304
0 0.22702702702702704 0.19591346153846154 0.02702702702702703 0.051682692307692304
0 0.547972972972973 0.18028846153846154 0.02702702702702703 0.051682692307692304
0 0.6358108108108108 0.27884615384615385 0.02702702702702703 0.051682692307692304
0 0.09797297297297297 0.2091346153846154 0.02702702702702703 0.051682692307692304
0 0.14797297297297296 0.3701923076923077 0.03310810810810811 0.05889423076923077
0 0.9864864864864865 0.5745192307692307 0.05540540540540541 0.10336538461538461
0 0.23716216216216215 0.6382211538461539 0.05540540540540541 0.10336538461538461
0 0.9405405405405406 0.36538461538461536 0.03310810810810811 0.05889423076923077
0 0.831081081081081 0.3581730769230769 0.03310810810810811 0.05889423076923077
0 0.3277027027027027 0.2776442307692308 0.02702702702702703 0.051682692307692304
0 0.15202702702702703 0.5889423076923077 0.05540540540540541 0.10336538461538461
0 0.37972972972972974 0.1658653846153846 0.01891891891891892 0.037259615384615384
0 0.07905405405405405 0.45552884615384615 0.05540540540540541 0.10336538461538461
0 0.754054054054054 0.5252403846153846 0.05540540540540541 0.10336538461538461
0 0.27905405405405403 0.9290865384615384 0.07364864864864865 0.1466346153846154
0 0.5141891891891892 0.5841346153846154 0.05540540540540541 0.10336538461538461
0 0.4560810810810811 0.22235576923076922 0.02702702702702703 0.051682692307692304
0 0.7128378378378378 0.5216346153846154 0.05540540540540541 0.10336538461538461
0 0.010135135135135136 0.22115384615384615 0.02837837837837838 0.052884615384615384
0 0.7432432432432432 0.27524038461538464 0.02702702702702703 0.051682692307692304
0 0.32094594594594594 0.21754807692307693 0.02702702702702703 0.051682692307692304
0 0.8 0.28846153846153844 0.02702702702702703 0.051682692307692304
0 0.5560810810810811 0.4098557692307692 0.03310810810810811 0.05889423076923077
0 0.2668918918918919 0.22115384615384615 0.02702702702702703 0.051682692307692304
0 0.3945945945945946 0.6081730769230769 0.05540540540540541 0.10336538461538461
0 0.8729729729729729 0.7632211538461539 0.07364864864864865 0.1466346153846154
0 0.21554054054054053 0.22355769230769232 0.02702702702702703 0.051682692307692304
0 0.5675675675675675 0.31490384615384615 0.03310810810810811 0.05889423076923077
0 0.7513513513513513 0.2980769230769231 0.03310810810810811 0.05889423076923077
0 0.06486486486486487 0.13822115384615385 0.01891891891891892 0.037259615384615384
0 0.7831081081081082 0.8088942307692307 0.07364864864864865 0.1466346153846154
0 0.7952702702702703 0.33413461538461536 0.03310810810810811 0.05889423076923077
0 0.13918918918918918 0.16706730769230768 0.01891891891891892 0.037259615384615384
0 0.20810810810810812 0.33052884615384615 0.03310810810810811 0.05889423076923077
0 0.9608108108108108 0.3798076923076923 0.03310810810810811 0.05889423076923077
0 0.02837837837837838 0.5204326923076923 0.05540540540540541 0.10336538461538461
0 0.5864864864864865 0.4951923076923077 0.05540540540540541 0.10336538461538461
0 0.675 0.5456730769230769 0.05540540540540541 0.10336538461538461
0 0.3858108108108108 0.3401442307692308 0.03310810810810811 0.05889423076923077
0 0.8682432432432432 0.47115384615384615 0.05540540540540541 0.10336538461538461
0 0.10810810810810811 0.8497596153846154 0.07364864864864865 0.1466346153846154
0 0.23445945945945945 0.11298076923076923 0.01891891891891892 0.037259615384615384
0 0.6047297297297297 0.24278846153846154 0.02702702702702703 0.051682692307692304
0 0.4486486486486487 0.1778846153846154 0.02702702702702703 0.051682692307692304
0 0.10540540540540541 0.265625 0.02702702702702703 0.051682692307692304
0 0.8641891891891892 0.3161057692307692 0.03310810810810811 0.05889423076923077
0 0.41081081081081083 0.3389423076923077 0.03310810810810811 0.05889423076923077
0 0.28378378378378377 0.16105769230769232 0.01891891891891892 0.037259615384615384
