0 0.215625 0.4776470588235294 0.0234375 0.047058823529411764
0 0.0625 0.07058823529411765 0.0234375 0.047058823529411764
0 0.6875 0.7717647058823529 0.0234375 0.047058823529411764
0 0.703125 0.34352941176470586 0.0234375 0.047058823529411764
0 0.3046875 0.7035294117647058 0.0234375 0.047058823529411764
0 0.9796875 0.7223529411764706 0.0234375 0.047058823529411764
0 0.1578125 0.5952941176470589 0.0234375 0.047058823529411764
0 0.4203125 0.0988235294117647 0.0234375 0.047058823529411764
0 0.7453125 0.2611764705882353 0.0234375 0.047058823529411764
0 0.059375 0.6988235294117647 0.0234375 0.047058823529411764
0 0.434375 0.5882352941176471 0.0234375 0.047058823529411764
0 0.0359375 0.2847058823529412 0.0234375 0.047058823529411764
0 0.5828125 0.8211764705882353 0.0234375 0.047058823529411764
0 0.1125 0.7152941176470589 0.0234375 0.047058823529411764
0 0.1265625 0.004705882352941176 0.0171875 0.04
0 0.5375 0.6423529411764706 0.0234375 0.047058823529411764
0 0.61875 0.5270588235294118 0.0234375 0.047058823529411764
0 0.3375 0.8470588235294118 0.0234375 0.047058823529411764
0 0.071875 0.33647058823529413 0.0234375 0.047058823529411764
0 0.6609375 0.8376470588235294 0.0234375 0.047058823529411764
0 0.9609375 0.6635294117647059 0.0234375 0.047058823529411764
0 0.6359375 0.4376470588235294 0.0234375 0.047058823529411764
0 0.990625 0.6070588235294118 0.0203125 0.047058823529411764
0 0.4140625 0.009411764705882352 0.0171875 0.04
0 0.878125 0.7835294117647059 0.0234375 0.047058823529411764
0 0.7703125 0.6258823529411764 0.0234375 0.047058823529411764
0 0.546875 0.5105882352941177 0.0234375 0.047058823529411764
0 0.2828125 0.6329411764705882 0.0234375 0.047058823529411764
0 0.6 0.3976470588235294 0.0234375 0.047058823529411764
0 0.5203125 0.14352941176470588 0.0234375 0.047058823529411764
0 0.846875 0.3411764705882353 0.0234375 0.047058823529411764
0 0.653125 0.12941176470588237 0.0234375 0.047058823529411764
0 0.015625 0.08 0.0234375 0.047058823529411764
0 0.2953125 0.04470588235294118 0.0234375 0.047058823529411764
0 0.984375 0.3458823529411765 0.0203125 0.047058823529411764
0 0.6765625 0.7270588235294118 0.0234375 0.047058823529411764
0 0.5828125 0.17176470588235293 0.0234375 0.047058823529411764
0 0.9484375 0.4164705882352941 0.0234375 0.047058823529411764
0 0.353125 0.6047058823529412 0.0234375 0.047058823529411764
0 0.4796875 0.5835294117647059 0.0234375 0.047058823529411764
0 0.240625 0.7482352941176471 0.0234375 0.047058823529411764
0 0.6671875 0.5976470588235294 0.0234375 0.047058823529411764
0 0.590625 0.6235294117647059 0.0234375 0.047058823529411764
0 0.1046875 0.007058823529411765 0.0171875 0.04
0 0.9171875 0.33176470588235296 0.0234375 0.047058823529411764
0 0.64375 0.46588235294117647 0.0234375 0.047058823529411764
0 0.8703125 0.6 0.0234375 0.047058823529411764
0 0.8859375 0.7341176470588235 0.0234375 0.047058823529411764
0 0.7546875 0.7082352941176471 0.0234375 0.047058823529411764
0 0.0078125 0.38823529411764707 0.0171875 0.04
0 0.2125 0.7576470588235295 0.0234375 0.047058823529411764
0 0.15 0.26823529411764707 0.0234375 0.047058823529411764
0 0.8203125 0.5858823529411765 0.0234375 0.047058823529411764
0 0.5171875 0.3341176470588235 0.0234375 0.047058823529411764
0 0.084375 0.48470588235294115 0.0234375 0.047058823529411764
0 0.2109375 0.06352941176470588 0.0234375 0.047058823529411764
0 0.740625 0.10352941176470588 0.0234375 0.047058823529411764
0 0.0390625 0.04470588235294118 0.0234375 0.047058823529411764
0 0.0984375 0.5976470588235294 0.0234375 0.047058823529411764
0 0.840625 0.6423529411764706 0.0234375 0.047058823529411764
0 0.753125 0.8376470588235294 0.0234375 0.047058823529411764
0 0.8375 0.4988235294117647 0.0234375 0.047058823529411764
0 0.3890625 0.788235294117647 0.0234375 0.047058823529411764
0 0.6859375 0.4211764705882353 0.0234375 0.047058823529411764
0 0.6953125 0.11058823529411765 0.0234375 0.047058823529411764
0 0.834375 0.46588235294117647 0.0234375 0.047058823529411764
0 0.2875 0.6705882352941176 0.0234375 0.047058823529411764
0 0.90625 0.5176470588235295 0.0234375 0.047058823529411764
0 0.484375 0.1011764705882353 0.0234375 0.047058823529411764
0 0.621875 0.38588235294117645 0.0234375 0.047058823529411764
0 0.31875 0.01647058823529412 0.0171875 0.04
0 0.2140625 0.6752941176470588 0.0234375 0.047058823529411764
0 0.4234375 0.7176470588235294 0.0234375 0.047058823529411764
0 0.0546875 0.3764705882352941 0.0234375 0.047058823529411764
0 0.7328125 0.6611764705882353 0.0234375 0.047058823529411764
0 0.559375 0.0 0.028125 0.05647058823529412
0 0.7828125 0.6094117647058823 0.0234375 0.047058823529411764
0 0.0015625 0.5223529411764706 0.0171875 0.04
0 0.18125 0.6211764705882353 0.0234375 0.047058823529411764
0 0.7109375 0.4188235294117647 0.0234375 0.047058823529411764
0 0.5015625 0.45647058823529413 0.0234375 0.047058823529411764
0 0.2453125 0.3247058823529412 0.0234375 0.047058823529411764
0 0.9953125 0.021176470588235293 0.0203125 0.047058823529411764
0 0.5328125 0.7764705882352941 0.0234375 0.047058823529411764
0 0.8546875 0.44 0.0234375 0.047058823529411764
0 0.8203125 0.8047058823529412 0.0234375 0.047058823529411764
0 0.525 0.7082352941176471 0.0234375 0.047058823529411764
0 0.8984375 0.26588235294117646 0.0234375 0.047058823529411764
0 0.19375 0.5152941176470588 0.0234375 0.047058823529411764
0 0.7640625 0.5929411764705882 0.0234375 0.047058823529411764
0 0.225 0.2917647058823529 0.0234375 0.047058823529411764
0 0.9609375 0.48 0.0234375 0.047058823529411764
0 0.6421875 0.7952941176470588 0.0234375 0.047058823529411764
0 0.9421875 0.668235294117647 0.0234375 0.047058823529411764
0 0.375 0.1011764705882353 0.0234375 0.047058823529411764
0 0.5546875 0.4470588235294118 0.0234375 0.047058823529411764
0 0.1703125 0.5317647058823529 0.0234375 0.047058823529411764
0 0.496875 0.5388235294117647 0.0234375 0.047058823529411764
0 0.6734375 0.5552941176470588 0.0234375 0.047058823529411764
0 0.7515625 0.12705882352941175 0.0234375 0.047058823529411764
0 0.090625 0.5388235294117647 0.0234375 0.047058823529411764
0 0.465625 0.788235294117647 0.0234375 0.047058823529411764
0 0.296875 0.4894117647058824 0.0234375 0.047058823529411764
0 0.746875 0.49411764705882355 0.0234375 0.047058823529411764
0 0.3703125 0.7482352941176471 0.0234375 0.047058823529411764
0 0.7125 0.5223529411764706 0.0234375 0.047058823529411764
0 0.73125 0.38823529411764707 0.0234375 0.047058823529411764
0 0.6140625 0.1011764705882353 0.0234375 0.047058823529411764
0 0.40625 0.14823529411764705 0.0234375 0.047058823529411764
0 0.1984375 0.3458823529411765 0.0234375 0.047058823529411764
0 0.9453125 0.009411764705882352 0.0171875 0.04
0 0.021875 0.6564705882352941 0.0234375 0.047058823529411764
0 0.059375 0.6352941176470588 0.0234375 0.047058823529411764
0 0.18125 0.4611764705882353 0.0234375 0.047058823529411764
0 0.9125 0.8235294117647058 0.0234375 0.047058823529411764
0 0.809375 0.6635294117647059 0.0234375 0.047058823529411764
0 0.0625 0.009411764705882352 0.0171875 0.04
0 0.890625 0.009411764705882352 0.0171875 0.04
0 0.3484375 0.1388235294117647 0.0234375 0.047058823529411764
0 0.859375 0.8141176470588235 0.0234375 0.047058823529411764
0 0.4703125 0.15058823529411763 0.0234375 0.047058823529411764
0 0.565625 0.5270588235294118 0.0234375 0.047058823529411764
0 0.0625 0.31058823529411766 0.0234375 0.047058823529411764
0 0.7953125 0.34352941176470586 0.0234375 0.047058823529411764
0 0.4421875 0.72 0.0234375 0.047058823529411764
0 0.8421875 0.01647058823529412 0.0171875 0.04
0 0.19375 0.6941176470588235 0.0234375 0.047058823529411764
0 0.2671875 0.021176470588235293 0.0234375 0.047058823529411764
0 0.4609375 0.6941176470588235 0.0234375 0.047058823529411764
0 0.2 0.4376470588235294 0.0234375 0.047058823529411764
0 0.3734375 0.17411764705882352 0.0234375 0.047058823529411764
0 0.35625 0.46588235294117647 0.0234375 0.047058823529411764
0 0.228125 0.3835294117647059 0.0234375 0.047058823529411764
0 0.95625 0.5129411764705882 0.0234375 0.047058823529411764
0 0.0984375 0.7717647058823529 0.0234375 0.047058823529411764
0 0.6453125 0.5011764705882353 0.0234375 0.047058823529411764
0 0.21875 0.24941176470588236 0.0234375 0.047058823529411764
0 0.575 0.7341176470588235 0.0234375 0.047058823529411764
0 0.26875 0.7129411764705882 0.0234375 0.047058823529411764
0 0.2984375 0.3458823529411765 0.0234375 0.047058823529411764
0 0.234375 0.12705882352941175 0.0234375 0.047058823529411764
0 0.265625 0.8376470588235294 0.0234375 0.047058823529411764
0 0.5046875 0.37176470588235294 0.0234375 0.047058823529411764
0 0.609375 0.03058823529411765 0.0234375 0.047058823529411764
0 0.31875 0.5811764705882353 0.0234375 0.047058823529411764
0 0.1375 0.7223529411764706 0.0234375 0.047058823529411764
0 0.171875 0.6635294117647059 0.0234375 0.047058823529411764
0 0.5109375 0.7435294117647059 0.0234375 0.047058823529411764
0 0.134375 0.7694117647058824 0.0234375 0.047058823529411764
0 0.8640625 0.24235294117647058 0.0234375 0.047058823529411764
0 0.728125 0.5905882352941176 0.0234375 0.047058823529411764
0 0.490625 0.8494117647058823 0.0234375 0.047058823529411764
0 0.81875 0.2635294117647059 0.0234375 0.047058823529411764
0 0.2828125 0.30823529411764705 0.0234375 0.047058823529411764
0 0.990625 0.8235294117647058 0.0203125 0.047058823529411764
0 0.328125 0.16470588235294117 0.0234375 0.047058823529411764
0 0.2703125 0.24941176470588236 0.0234375 0.047058823529411764
0 0.4578125 0.5035294117647059 0.0234375 0.047058823529411764
0 0.3890625 0.5388235294117647 0.0234375 0.047058823529411764
0 0.4046875 0.8282352941176471 0.0234375 0.047058823529411764
0 0.0046875 0.5788235294117647 0.0171875 0.04
0 0.9421875 0.611764705882353 0.0234375 0.047058823529411764
0 0.0765625 0.6094117647058823 0.0234375 0.047058823529411764
0 0.8875 0.6870588235294117 0.0234375 0.047058823529411764
0 0.9015625 0.6564705882352941 0.0234375 0.047058823529411764
0 0.1578125 0.021176470588235293 0.0234375 0.047058823529411764
0 0.7484375 0.6282352941176471 0.0234375 0.047058823529411764
0 0.7859375 0.8423529411764706 0.0234375 0.047058823529411764
0 0.3125 0.5317647058823529 0.0234375 0.047058823529411764
0 0.353125 0.04941176470588235 0.0234375 0.047058823529411764
0 0.409375 0.7435294117647059 0.0234375 0.047058823529411764
0 0.9296875 0.5882352941176471 0.0234375 0.047058823529411764
0 0.0453125 0.3552941176470588 0.0234375 0.047058823529411764
0 0.2 0.8070588235294117 0.0234375 0.047058823529411764
0 0.5484375 0.5905882352941176 0.0234375 0.047058823529411764
0 0.0734375 0.13176470588235295 0.0234375 0.047058823529411764
0 0.5359375 0.6847058823529412 0.0234375 0.047058823529411764
0 0.4015625 0.6541176470588236 0.0234375 0.047058823529411764
0 0.5859375 0.5129411764705882 0.0234375 0.047058823529411764
0 0.790625 0.2611764705882353 0.0234375 0.047058823529411764
0 0.790625 0.11764705882352941 0.0234375 0.047058823529411764
0 0.03125 0.33176470588235296 0.0234375 0.047058823529411764
0 0.5640625 0.7105882352941176 0.0234375 0.047058823529411764
0 0.5296875 0.5364705882352941 0.0234375 0.047058823529411764
0 0.5984375 0.7035294117647058 0.0234375 0.047058823529411764
0 0.35 0.6705882352941176 0.0234375 0.047058823529411764
0 0.6625 0.009411764705882352 0.0171875 0.04
0 0.534375 0.09647058823529411 0.0234375 0.047058823529411764
0 0.959375 0.7694117647058824 0.0234375 0.047058823529411764
0 0.5890625 0.7764705882352941 0.0234375 0.047058823529411764
0 0.6359375 0.25882352941176473 0.0234375 0.047058823529411764
0 0.7296875 0.8423529411764706 0.0234375 0.047058823529411764
0 0.1234375 0.48705882352941177 0.0234375 0.047058823529411764
0 0.1171875 0.12941176470588237 0.0234375 0.047058823529411764
0 0.3625 0.01647058823529412 0.0171875 0.04
0 0.803125 0.5929411764705882 0.0234375 0.047058823529411764
0 0.2296875 0.6447058823529411 0.0234375 0.047058823529411764
0 0.5703125 0.76 0.0234375 0.047058823529411764
0 0.325 0.7647058823529411 0.0234375 0.047058823529411764
0 0.8953125 0.7929411764705883 0.0234375 0.047058823529411764
0 0.709375 0.01647058823529412 0.0171875 0.04
0 0.0609375 0.4752941176470588 0.0234375 0.047058823529411764
0 0.85 0.7223529411764706 0.0234375 0.047058823529411764
0 0.55625 0.8329411764705882 0.0234375 0.047058823529411764
0 0.240625 0.004705882352941176 0.0171875 0.04
0 0.1546875 0.3058823529411765 0.0234375 0.047058823529411764
0 0.70625 0.6141176470588235 0.0234375 0.047058823529411764
0 0.76875 0.42823529411764705 0.0234375 0.047058823529411764
0 0.3625 0.8188235294117647 0.0234375 0.047058823529411764
0 0.1078125 0.14823529411764705 0.0234375 0.047058823529411764
0 0.134375 0.40705882352941175 0.0234375 0.047058823529411764
0 0.5421875 0.13176470588235295 0.0234375 0.047058823529411764
0 0.1609375 0.12 0.0234375 0.047058823529411764
0 0.2984375 0.5647058823529412 0.0234375 0.047058823529411764
0 0.478125 0.011764705882352941 0.0171875 0.04
0 0.24375 0.6070588235294118 0.0234375 0.047058823529411764
0 0.446875 0.5411764705882353 0.0234375 0.047058823529411764
0 0.5671875 0.30117647058823527 0.0234375 0.047058823529411764
0 0.2921875 0.7647058823529411 0.0234375 0.047058823529411764
0 0.525 0.47058823529411764 0.0234375 0.047058823529411764
