0 0.5140546006066734 0.4966887417218543 0.014762386248736097 0.026490066225165563
0 0.5132457027300303 0.4707505518763797 0.009908998988877654 0.019315673289183224
0 0.5146612740141557 0.5165562913907285 0.024469160768452982 0.048841059602649006
0 0.49605662285136504 0.4610927152317881 0.014964610717896865 0.01903973509933775
0 0.5633973710819009 0.45998896247240617 0.014964610717896865 0.01903973509933775
0 0.5138523761375127 0.4845474613686534 0.009908998988877654 0.019315673289183224
0 0.0705763397371082 0.45916114790286977 0.014762386248736097 0.024282560706401765
0 0.5233569261880687 0.4329470198675497 0.014964610717896865 0.01903973509933775
0 0.2948432760364004 0.47902869757174393 0.024266936299292215 0.03945916114790287
0 0.9522750252780586 0.44260485651214126 0.04186046511627907 0.05932671081677704
0 0.44408493427704754 0.4795805739514349 0.009908998988877654 0.019315673289183224
0 0.6364004044489383 0.46357615894039733 0.0525783619817998 0.0728476821192053
0 0.6335692618806875 0.48951434878587197 0.0525783619817998 0.0728476821192053
0 0.5415571284125379 0.43211920529801323 0.014964610717896865 0.01903973509933775
0 0.4622851365015167 0.4597130242825607 0.012335692618806876 0.01903973509933775
0 0.48938321536905965 0.45667770419426046 0.014964610717896865 0.01903973509933775
0 0.4072800808897877 0.47240618101545256 0.024266936299292215 0.03945916114790287
0 0.5743174924165824 0.47213024282560706 0.009908998988877654 0.019315673289183224
0 0.455005055611729 0.467439293598234 0.015975733063700707 0.024006622516556293
0 0.48270980788675427 0.4746136865342163 0.009908998988877654 0.019315673289183224
0 0.5729019211324571 0.45778145695364236 0.014964610717896865 0.01903973509933775
0 0.07987866531850354 0.4630242825607064 0.014762386248736097 0.024282560706401765
0 0.8163801820020222 0.4848233995584989 0.0525783619817998 0.0728476821192053
0 0.7779575328614763 0.5209713024282561 0.0525783619817998 0.0728476821192053
