0 0.46125 0.3625254582484725 0.01625 0.04073319755600815
0 0.145 0.725050916496945 0.01625 0.04073319755600815
0 0.7475 0.2769857433808554 0.01625 0.04073319755600815
0 0.41 0.25865580448065173 0.01625 0.04073319755600815
0 0.30375 0.5519348268839104 0.01625 0.04073319755600815
0 0.4425 0.7372708757637475 0.01625 0.04073319755600815
0 0.22 0.49490835030549896 0.01625 0.04073319755600815
0 0.66875 0.1934826883910387 0.01625 0.04073319755600815
0 0.33375 0.3727087576374745 0.01625 0.04073319755600815
0 0.9175 0.6965376782077393 0.01625 0.04073319755600815
0 0.5125 0.1629327902240326 0.01625 0.04073319755600815
0 0.83375 0.9164969450101833 0.01625 0.04073319755600815
0 0.9425 0.7393075356415478 0.01625 0.04073319755600815
0 0.14 0.1425661914460285 0.01625 0.04073319755600815
0 0.33 0.8289205702647657 0.01625 0.04073319755600815
0 0.2525 0.3788187372708758 0.01625 0.04073319755600815
0 0.36 0.2769857433808554 0.01625 0.04073319755600815
0 0.275 0.8329938900203666 0.01625 0.04073319755600815
0 0.99125 0.6028513238289206 0.01625 0.04073319755600815
0 0.8 0.35845213849287166 0.01625 0.04073319755600815
0 0.39875 0.4419551934826884 0.01625 0.04073319755600815
0 0.02625 0.8737270875763747 0.01625 0.04073319755600815
0 0.18375 0.3665987780040733 0.01625 0.04073319755600815
0 0.97125 0.06924643584521385 0.01625 0.04073319755600815
0 0.75375 0.034623217922606926 0.01625 0.04073319755600815
0 0.535 0.2525458248472505 0.01625 0.04073319755600815
0 0.86 0.04684317718940937 0.01625 0.04073319755600815
0 0.28625 0.28716904276985744 0.01625 0.04073319755600815
0 0.1725 0.7657841140529531 0.01625 0.04073319755600815
0 0.90375 0.06109979633401222 0.01625 0.04073319755600815
0 0.02125 0.3890020366598778 0.01625 0.04073319755600815
0 0.1225 0.05295315682281059 0.01625 0.04073319755600815
0 0.57125 0.07331975560081466 0.01625 0.04073319755600815
0 0.22125 0.9592668024439919 0.01625 0.04073319755600815
0 0.11625 0.20773930753564154 0.01625 0.04073319755600815
0 0.45 0.24439918533604887 0.01625 0.04073319755600815
0 0.84625 0.8085539714867617 0.01625 0.04073319755600815
0 0.79625 0.0835030549898167 0.01625 0.04073319755600815
0 0.47 0.9389002036659878 0.01625 0.04073319755600815
0 0.09 0.8329938900203666 0.01625 0.04073319755600815
0 0.86 0.31160896130346233 0.01625 0.04073319755600815
0 0.54375 0.4969450101832994 0.01625 0.04073319755600815
0 0.74625 0.7291242362525459 0.01625 0.04073319755600815
0 0.04875 0.1384928716904277 0.01625 0.04073319755600815
0 0.31375 0.6008146639511202 0.01625 0.04073319755600815
0 0.25125 0.26272912423625255 0.01625 0.04073319755600815
0 0.8075 0.20773930753564154 0.01625 0.04073319755600815
0 0.0025 0.6558044806517311 0.01625 0.04073319755600815
0 0.60125 0.879837067209776 0.01625 0.04073319755600815
0 0.88125 0.21181262729124237 0.01625 0.04073319755600815
0 0.99375 0.285132382892057 0.01625 0.04073319755600815
0 0.42875 0.026476578411405296 0.01625 0.04073319755600815
0 0.47375 0.8615071283095723 0.01625 0.04073319755600815
0 0.91875 0.2545824847250509 0.01625 0.04073319755600815
0 0.40625 0.7841140529531568 0.01625 0.04073319755600815
0 0.32125 0.9083503054989817 0.01625 0.04073319755600815
0 0.77125 0.6130346232179226 0.01625 0.04073319755600815
0 0.94625 0.6456211812627292 0.01625 0.04073319755600815
0 0.3925 0.7270875763747454 0.01625 0.04073319755600815
0 0.0875 0.09775967413441955 0.01625 0.04073319755600815
0 0.80125 0.5071283095723014 0.01625 0.04073319755600815
0 0.18125 0.40529531568228105 0.01625 0.04073319755600815
0 0.40375 0.9898167006109979 0.01625 0.04073319755600815
0 0.45 0.5906313645621182 0.01625 0.04073319755600815
0 0.115 0.6619144602851323 0.01625 0.04073319755600815
0 0.4675 0.034623217922606926 0.01625 0.04073319755600815
0 0.54875 0.9938900203665988 0.01625 0.04073319755600815
0 0.96375 0.02240325865580448 0.01625 0.04073319755600815
0 0.70375 0.8329938900203666 0.01625 0.04073319755600815
0 0.0125 0.879837067209776 0.01625 0.04073319755600815
0 0.51375 0.7128309572301426 0.01625 0.04073319755600815
0 0.7325 0.39918533604887985 0.01625 0.04073319755600815
0 0.54375 0.38085539714867617 0.01625 0.04073319755600815
0 0.01375 0.3421588594704684 0.01625 0.04073319755600815
0 0.51375 0.1425661914460285 0.01625 0.04073319755600815
0 0.06125 0.36863543788187375 0.01625 0.04073319755600815
0 0.52125 0.7983706720977597 0.01625 0.04073319755600815
0 0.8325 0.032586558044806514 0.01625 0.04073319755600815
0 0.76625 0.9042769857433809 0.01625 0.04073319755600815
0 0.94125 0.2158859470468432 0.01625 0.04073319755600815
0 0.56875 0.18533604887983707 0.01625 0.04073319755600815
0 0.30625 0.13034623217922606 0.01625 0.04073319755600815
0 0.87375 0.7006109979633401 0.01625 0.04073319755600815
0 0.1875 0.08961303462321792 0.01625 0.04073319755600815
0 0.045 0.6741344195519349 0.01625 0.04073319755600815
0 0.415 0.8615071283095723 0.01625 0.04073319755600815
0 0.98125 0.20162932790224034 0.01625 0.04073319755600815
0 0.40625 0.3543788187372709 0.01625 0.04073319755600815
0 0.0975 0.4847250509164969 0.01625 0.04073319755600815
0 0.1025 0.5498981670061099 0.01625 0.04073319755600815
0 0.24 0.7678207739307535 0.01625 0.04073319755600815
0 0.63125 0.835030549898167 0.01625 0.04073319755600815
0 0.76875 0.4439918533604888 0.01625 0.04073319755600815
0 0.87 0.0835030549898167 0.01625 0.04073319755600815
0 0.535 0.5234215885947047 0.01625 0.04073319755600815
0 0.455 0.3075356415478615 0.01625 0.04073319755600815
0 0.83 0.3258655804480652 0.01625 0.04073319755600815
0 0.085 0.9389002036659878 0.01625 0.04073319755600815
0 0.4575 0.6354378818737271 0.01625 0.04073319755600815
0 0.65625 0.11608961303462322 0.01625 0.04073319755600815
0 0.69 0.2953156822810591 0.01625 0.04073319755600815
0 0.57 0.6822810590631364 0.01625 0.04073319755600815
0 0.945 0.9185336048879837 0.01625 0.04073319755600815
0 0.84875 0.45213849287169044 0.01625 0.04073319755600815
0 0.01625 0.03054989816700611 0.01625 0.04073319755600815
0 0.77375 0.8065173116089613 0.01625 0.04073319755600815
0 0.97125 0.3788187372708758 0.01625 0.04073319755600815
0 0.385 0.15071283095723015 0.01625 0.04073319755600815
0 0.9925 0.1120162932790224 0.01625 0.04073319755600815
0 0.11875 0.2790224032586558 0.01625 0.04073319755600815
0 0.33875 0.6334012219959266 0.01625 0.04073319755600815
0 0.71875 0.45010183299389 0.01625 0.04073319755600815
0 0.93 0.6415478615071283 0.01625 0.04073319755600815
0 0.2075 0.21384928716904278 0.01625 0.04073319755600815
0 0.24 0.1364562118126273 0.01625 0.04073319755600815
0 0.825 0.615071283095723 0.01625 0.04073319755600815
0 0.0625 0.5824847250509165 0.01625 0.04073319755600815
0 0.6825 0.05091649694501019 0.01625 0.04073319755600815
0 0.96625 0.659877800407332 0.01625 0.04073319755600815
0 0.7925 0.5560081466395111 0.01625 0.04073319755600815
0 0.94375 0.3136456211812627 0.01625 0.04073319755600815
0 0.12375 0.16089613034623218 0.01625 0.04073319755600815
0 0.315 0.3054989816700611 0.01625 0.04073319755600815
0 0.1825 0.49490835030549896 0.01625 0.04073319755600815
0 0.3275 0.6822810590631364 0.01625 0.04073319755600815
0 0.6275 0.6680244399185336 0.01625 0.04073319755600815
0 0.22 0.4419551934826884 0.01625 0.04073319755600815
0 0.95625 0.5356415478615071 0.01625 0.04073319755600815
0 0.195 0.3014256619144603 0.01625 0.04073319755600815
0 0.9225 0.11608961303462322 0.01625 0.04073319755600815
0 0.12 0.23828920570264767 0.01625 0.04073319755600815
0 0.80125 0.8594704684317719 0.01625 0.04073319755600815
0 0.5425 0.04073319755600815 0.01625 0.04073319755600815
0 0.47 0.4663951120162933 0.01625 0.04073319755600815
0 0.3425 0.010183299389002037 0.01625 0.04073319755600815
0 0.00125 0.5519348268839104 0.01625 0.04073319755600815
0 0.82 0.059063136456211814 0.01625 0.04073319755600815
0 0.2025 0.7413441955193483 0.01625 0.04073319755600815
0 0.73875 0.10386965376782077 0.01625 0.04073319755600815
0 0.43 0.09979633401221996 0.01625 0.04073319755600815
0 0.8725 0.7637474541751528 0.01625 0.04073319755600815
0 0.06625 0.6130346232179226 0.01625 0.04073319755600815
0 0.17 0.5498981670061099 0.01625 0.04073319755600815
0 0.025 0.7780040733197556 0.01625 0.04073319755600815
0 0.6275 0.20162932790224034 0.01625 0.04073319755600815
0 0.91875 0.32179226069246436 0.01625 0.04073319755600815
0 0.175 0.6272912423625254 0.01625 0.04073319755600815
0 0.38875 0.6843177189409368 0.01625 0.04073319755600815
0 0.98625 0.845213849287169 0.01625 0.04073319755600815
0 0.54 0.8615071283095723 0.01625 0.04073319755600815
0 0.17625 0.19144602851323828 0.01625 0.04073319755600815
0 0.78 0.659877800407332 0.01625 0.04073319755600815
0 0.8075 0.16089613034623218 0.01625 0.04073319755600815
0 0.155 0.6008146639511202 0.01625 0.04073319755600815
0 0.9125 0.4134419551934827 0.01625 0.04073319755600815
0 0.92 0.8615071283095723 0.01625 0.04073319755600815
0 0.39625 0.32382892057026474 0.01625 0.04073319755600815
0 0.17375 0.6639511201629328 0.01625 0.04073319755600815
0 0.135 0.3258655804480652 0.01625 0.04073319755600815
0 0.115 0.769857433808554 0.01625 0.04073319755600815
0 0.635 0.41140529531568226 0.01625 0.04073319755600815
0 0.09625 0.4256619144602851 0.01625 0.04073319755600815
0 0.6425 0.3421588594704684 0.01625 0.04073319755600815
0 0.6925 0.6863543788187373 0.01625 0.04073319755600815
0 0.37875 0.5213849287169042 0.01625 0.04073319755600815
0 0.39375 0.6171079429735234 0.01625 0.04073319755600815
0 0.095 0.5906313645621182 0.01625 0.04073319755600815
0 0.25625 0.6211812627291242 0.01625 0.04073319755600815
0 0.45125 0.6965376782077393 0.01625 0.04073319755600815
0 0.16125 0.012219959266802444 0.01625 0.04073319755600815
0 0.56 0.4439918533604888 0.01625 0.04073319755600815
0 0.85375 0.11812627291242363 0.01625 0.04073319755600815
0 0.68125 0.8024439918533605 0.01625 0.04073319755600815
0 0.54375 0.31160896130346233 0.01625 0.04073319755600815
0 0.8625 0.3971486761710794 0.01625 0.04073319755600815
0 0.3225 0.04276985743380855 0.01625 0.04073319755600815
0 0.03875 0.4847250509164969 0.01625 0.04073319755600815
0 0.24375 0.6680244399185336 0.01625 0.04073319755600815
0 0.1175 0.6130346232179226 0.01625 0.04073319755600815
0 0.38125 0.570264765784114 0.01625 0.04073319755600815
0 0.21125 0.09572301425661914 0.01625 0.04073319755600815
0 0.25375 0.034623217922606926 0.01625 0.04073319755600815
0 0.61875 0.03665987780040733 0.01625 0.04073319755600815
0 0.99 0.9144602851323829 0.01625 0.04073319755600815
0 0.07 0.048879837067209775 0.01625 0.04073319755600815
0 0.51375 0.6537678207739308 0.01625 0.04073319755600815
0 0.78625 0.1384928716904277 0.01625 0.04073319755600815
0 0.5425 0.8167006109979633 0.01625 0.04073319755600815
0 0.9 0.8065173116089613 0.01625 0.04073319755600815
0 0.79125 0.2525458248472505 0.01625 0.04073319755600815
0 0.74125 0.5193482688391039 0.01625 0.04073319755600815
0 0.4975 0.024439918533604887 0.01625 0.04073319755600815
0 0.49625 0.07128309572301425 0.01625 0.04073319755600815
0 0.1575 0.45010183299389 0.01625 0.04073319755600815
0 0.0775 0.3014256619144603 0.01625 0.04073319755600815
0 0.23625 0.026476578411405296 0.01625 0.04073319755600815
0 0.75125 0.48268839103869654 0.01625 0.04073319755600815
0 0.58625 0.024439918533604887 0.01625 0.04073319755600815
0 0.30125 0.48676171079429736 0.01625 0.04073319755600815
0 0.6325 0.29124236252545826 0.01625 0.04073319755600815
0 0.16875 0.2484725050916497 0.01625 0.04073319755600815
0 0.46875 0.7718940936863544 0.01625 0.04073319755600815
0 0.17375 0.8818737270875764 0.01625 0.04073319755600815
0 0.58 0.37678207739307534 0.01625 0.04073319755600815
0 0.70375 0.15274949083503056 0.01625 0.04073319755600815
0 0.26 0.9694501018329938 0.01625 0.04073319755600815
0 0.025 0.24643584521384929 0.01625 0.04073319755600815
0 0.205 0.8411405295315683 0.01625 0.04073319755600815
0 0.88125 0.9307535641547862 0.01625 0.04073319755600815
0 0.61125 0.7942973523421588 0.01625 0.04073319755600815
0 0.0225 0.43380855397148677 0.01625 0.04073319755600815
0 0.8925 0.6965376782077393 0.01625 0.04073319755600815
0 0.365 0.3604887983706721 0.01625 0.04073319755600815
0 0.23625 0.6924643584521385 0.01625 0.04073319755600815
0 0.99 0.6883910386965377 0.01625 0.04073319755600815
0 0.115 0.3727087576374745 0.01625 0.04073319755600815
0 0.43625 0.164969450101833 0.01625 0.04073319755600815
0 0.8525 0.5723014256619144 0.01625 0.04073319755600815
0 0.5125 0.5885947046843177 0.01625 0.04073319755600815
0 0.06875 0.7046843177189409 0.01625 0.04073319755600815
0 0.04125 0.09164969450101833 0.01625 0.04073319755600815
0 0.67 0.37678207739307534 0.01625 0.04073319755600815
0 0.06375 0.2606924643584521 0.01625 0.04073319755600815
0 0.72875 0.1894093686354379 0.01625 0.04073319755600815
0 0.27125 0.31568228105906315 0.01625 0.04073319755600815
0 0.965 0.14663951120162932 0.01625 0.04073319755600815
0 0.9375 0.034623217922606926 0.01625 0.04073319755600815
0 0.28625 0.6761710794297352 0.01625 0.04073319755600815
0 0.81375 0.745417515274949 0.01625 0.04073319755600815
0 0.7175 0.6639511201629328 0.01625 0.04073319755600815
