0 0.6942675159235668 0.8845070422535212 0.028662420382165606 0.0676056338028169
0 0.28662420382165604 0.8056338028169014 0.028662420382165606 0.0676056338028169
0 0.06687898089171974 0.7915492957746478 0.028662420382165606 0.0676056338028169
0 0.893312101910828 0.9746478873239437 0.028662420382165606 0.0676056338028169
0 0.31687898089171973 0.30140845070422534 0.028662420382165606 0.059154929577464786
0 0.3869426751592357 0.4535211267605634 0.027070063694267517 0.0676056338028169
0 0.445859872611465 0.5802816901408451 0.027070063694267517 0.0676056338028169
0 0.85828025477707 0.5830985915492958 0.027070063694267517 0.0676056338028169
0 0.7085987261146497 0.6197183098591549 0.027070063694267517 0.0676056338028169
0 0.2484076433121019 0.5154929577464789 0.027070063694267517 0.0676056338028169
0 0.19904458598726116 0.4647887323943662 0.027070063694267517 0.0676056338028169
0 0.8296178343949044 0.5380281690140845 0.027070063694267517 0.0676056338028169
0 0.9920382165605095 0.7859154929577464 0.027070063694267517 0.0676056338028169
0 0.8996815286624203 0.6140845070422535 0.027070063694267517 0.0676056338028169
0 0.6050955414012739 0.8140845070422535 0.028662420382165606 0.0676056338028169
0 0.7117834394904459 0.6873239436619718 0.028662420382165606 0.0676056338028169
0 0.4124203821656051 0.6309859154929578 0.027070063694267517 0.0676056338028169
0 0.3375796178343949 0.7126760563380282 0.028662420382165606 0.0676056338028169
0 0.5366242038216561 0.8704225352112676 0.028662420382165606 0.0676056338028169
0 0.4394904458598726 0.4647887323943662 0.027070063694267517 0.0676056338028169
0 0.5031847133757962 0.6901408450704225 0.028662420382165606 0.0676056338028169
0 0.030254777070063694 0.6 0.027070063694267517 0.0676056338028169
0 0.5286624203821656 0.7605633802816901 0.028662420382165606 0.0676056338028169
0 0.19585987261146498 0.847887323943662 0.028662420382165606 0.0676056338028169
0 0.606687898089172 0.7549295774647887 0.028662420382165606 0.0676056338028169
0 0.3646496815286624 0.9830985915492958 0.028662420382165606 0.0676056338028169
0 0.37101910828025475 0.5408450704225352 0.027070063694267517 0.0676056338028169
0 0.006369426751592357 0.8450704225352113 0.027070063694267517 0.0676056338028169
0 0.22611464968152867 0.7577464788732394 0.028662420382165606 0.0676056338028169
0 0.5971337579617835 0.8760563380281691 0.028662420382165606 0.0676056338028169
0 0.05732484076433121 0.9211267605633803 0.028662420382165606 0.0676056338028169
0 0.7547770700636943 0.8873239436619719 0.028662420382165606 0.0676056338028169
0 0.9745222929936306 0.856338028169014 0.028662420382165606 0.0676056338028169
0 0.6719745222929936 0.6338028169014085 0.027070063694267517 0.0676056338028169
0 0.07484076433121019 0.6563380281690141 0.027070063694267517 0.0676056338028169
0 0.9219745222929936 0.9802816901408451 0.028662420382165606 0.0676056338028169
0 0.3471337579617834 0.8028169014084507 0.028662420382165606 0.0676056338028169
0 0.7404458598726115 0.9802816901408451 0.028662420382165606 0.0676056338028169
0 0.8121019108280255 0.4591549295774648 0.027070063694267517 0.0676056338028169
0 0.9012738853503185 0.4112676056338028 0.028662420382165606 0.059154929577464786
0 0.6464968152866242 0.532394366197183 0.027070063694267517 0.0676056338028169
0 0.4984076433121019 0.4253521126760563 0.027070063694267517 0.0676056338028169
0 0.13535031847133758 0.5830985915492958 0.027070063694267517 0.0676056338028169
0 0.8073248407643312 0.30985915492957744 0.028662420382165606 0.059154929577464786
0 0.3885350318471338 0.8338028169014085 0.028662420382165606 0.0676056338028169
0 0.3375796178343949 0.5971830985915493 0.027070063694267517 0.0676056338028169
0 0.8487261146496815 0.4394366197183099 0.027070063694267517 0.0676056338028169
0 0.1321656050955414 0.7267605633802817 0.028662420382165606 0.0676056338028169
0 0.6289808917197452 0.8985915492957747 0.028662420382165606 0.0676056338028169
0 0.3630573248407643 0.6366197183098592 0.027070063694267517 0.0676056338028169
0 0.3105095541401274 0.8535211267605634 0.028662420382165606 0.0676056338028169
0 0.46178343949044587 0.3126760563380282 0.028662420382165606 0.059154929577464786
0 0.07484076433121019 0.6028169014084507 0.027070063694267517 0.0676056338028169
0 0.40605095541401276 0.7746478873239436 0.028662420382165606 0.0676056338028169
0 0.428343949044586 0.8591549295774648 0.028662420382165606 0.0676056338028169
0 0.928343949044586 0.7746478873239436 0.028662420382165606 0.0676056338028169
0 0.012738853503184714 0.7830985915492957 0.027070063694267517 0.0676056338028169
0 0.36942675159235666 0.3267605633802817 0.028662420382165606 0.059154929577464786
0 0.2484076433121019 0.9380281690140845 0.028662420382165606 0.0676056338028169
0 0.5589171974522293 0.5098591549295775 0.027070063694267517 0.0676056338028169
0 0.43312101910828027 0.36619718309859156 0.028662420382165606 0.059154929577464786
0 0.7531847133757962 0.6394366197183099 0.027070063694267517 0.0676056338028169
0 0.9394904458598726 0.3295774647887324 0.028662420382165606 0.059154929577464786
0 0.12101910828025478 0.8591549295774648 0.028662420382165606 0.0676056338028169
0 0.4394904458598726 0.8056338028169014 0.028662420382165606 0.0676056338028169
0 0.2802547770700637 0.48450704225352115 0.027070063694267517 0.0676056338028169
0 0.8312101910828026 0.7070422535211267 0.028662420382165606 0.0676056338028169
0 0.7595541401273885 0.5887323943661972 0.027070063694267517 0.0676056338028169
0 0.9840764331210191 0.6366197183098592 0.027070063694267517 0.0676056338028169
0 0.5621019108280255 0.37464788732394366 0.028662420382165606 0.059154929577464786
0 0.8200636942675159 0.9690140845070423 0.028662420382165606 0.0676056338028169
0 0.5127388535031847 0.8112676056338028 0.028662420382165606 0.0676056338028169
0 0.5270700636942676 0.6788732394366197 0.028662420382165606 0.0676056338028169
0 0.5732484076433121 0.8140845070422535 0.028662420382165606 0.0676056338028169
0 0.8535031847133758 0.8366197183098592 0.028662420382165606 0.0676056338028169
0 0.5334394904458599 0.6338028169014085 0.027070063694267517 0.0676056338028169
0 0.009554140127388535 0.7126760563380282 0.027070063694267517 0.0676056338028169
0 0.8885350318471338 0.3323943661971831 0.028662420382165606 0.059154929577464786
0 0.9506369426751592 0.828169014084507 0.028662420382165606 0.0676056338028169
0 0.16719745222929935 0.9746478873239437 0.028662420382165606 0.0676056338028169
0 0.8678343949044586 0.8788732394366198 0.028662420382165606 0.0676056338028169
0 0.9633757961783439 0.36056338028169016 0.028662420382165606 0.059154929577464786
0 0.10509554140127389 0.49577464788732395 0.027070063694267517 0.0676056338028169
0 0.07484076433121019 0.1352112676056338 0.027070063694267517 0.0647887323943662
0 0.9187898089171974 0.30422535211267604 0.028662420382165606 0.059154929577464786
0 0.9920382165605095 0.4169014084507042 0.027070063694267517 0.061971830985915494
0 0.7197452229299363 0.9323943661971831 0.028662420382165606 0.0676056338028169
0 0.007961783439490446 0.647887323943662 0.027070063694267517 0.0676056338028169
0 0.1767515923566879 0.3323943661971831 0.028662420382165606 0.059154929577464786
0 0.04936305732484077 0.9746478873239437 0.028662420382165606 0.0676056338028169
0 0.3519108280254777 0.9464788732394366 0.028662420382165606 0.0676056338028169
0 0.5859872611464968 0.4084507042253521 0.028662420382165606 0.059154929577464786
0 0.3328025477707006 0.4535211267605634 0.027070063694267517 0.0676056338028169
0 0.964968152866242 0.5521126760563381 0.027070063694267517 0.0676056338028169
0 0.60828025477707 0.5802816901408451 0.027070063694267517 0.0676056338028169
0 0.39331210191082805 0.9070422535211268 0.028662420382165606 0.0676056338028169
0 0.18949044585987262 0.571830985915493 0.027070063694267517 0.0676056338028169
0 0.5764331210191083 0.7887323943661971 0.028662420382165606 0.0676056338028169
0 0.8200636942675159 0.38873239436619716 0.028662420382165606 0.059154929577464786
0 0.24363057324840764 0.6140845070422535 0.027070063694267517 0.0676056338028169
0 0.571656050955414 0.5746478873239437 0.027070063694267517 0.0676056338028169
0 0.10668789808917198 0.9802816901408451 0.028662420382165606 0.0676056338028169
0 0.856687898089172 0.971830985915493 0.028662420382165606 0.0676056338028169
0 0.802547770700637 0.36056338028169016 0.028662420382165606 0.059154929577464786
0 0.1751592356687898 0.48732394366197185 0.027070063694267517 0.0676056338028169
0 0.1305732484076433 0.6450704225352113 0.027070063694267517 0.0676056338028169
0 0.35828025477707004 0.4563380281690141 0.027070063694267517 0.0676056338028169
0 0.9028662420382165 0.14929577464788732 0.030254777070063694 0.059154929577464786
0 0.06687898089171974 0.3154929577464789 0.027070063694267517 0.0647887323943662
0 0.4681528662420382 0.952112676056338 0.028662420382165606 0.0676056338028169
0 0.40923566878980894 0.4056338028169014 0.028662420382165606 0.059154929577464786
0 0.9808917197452229 0.7492957746478873 0.028662420382165606 0.0676056338028169
0 0.19904458598726116 0.923943661971831 0.028662420382165606 0.0676056338028169
0 0.4713375796178344 0.6338028169014085 0.027070063694267517 0.0676056338028169
0 0.04777070063694268 0.30704225352112674 0.027070063694267517 0.0647887323943662
0 0.1767515923566879 0.7690140845070422 0.028662420382165606 0.0676056338028169
0 0.4538216560509554 0.8760563380281691 0.028662420382165606 0.0676056338028169
0 0.7022292993630573 0.5408450704225352 0.027070063694267517 0.0676056338028169
0 0.10191082802547771 0.923943661971831 0.028662420382165606 0.0676056338028169
0 0.9363057324840764 0.543661971830986 0.027070063694267517 0.0676056338028169
0 0.7659235668789809 0.5014084507042254 0.027070063694267517 0.0676056338028169
0 0.5302547770700637 0.5352112676056338 0.027070063694267517 0.0676056338028169
0 0.012738853503184714 0.43661971830985913 0.027070063694267517 0.0647887323943662
0 0.7006369426751592 0.4507042253521127 0.027070063694267517 0.0676056338028169
0 0.7993630573248408 0.8676056338028169 0.028662420382165606 0.0676056338028169
0 0.945859872611465 0.5943661971830986 0.027070063694267517 0.0676056338028169
0 0.8296178343949044 0.6366197183098592 0.027070063694267517 0.0676056338028169
0 0.42038216560509556 0.5295774647887324 0.027070063694267517 0.0676056338028169
0 0.9235668789808917 0.4169014084507042 0.028662420382165606 0.059154929577464786
0 0.821656050955414 0.2 0.028662420382165606 0.059154929577464786
0 0.10828025477707007 0.3295774647887324 0.028662420382165606 0.059154929577464786
0 0.9904458598726115 0.856338028169014 0.028662420382165606 0.0676056338028169
0 0.2818471337579618 0.9887323943661972 0.028662420382165606 0.0676056338028169
0 0.5238853503184714 0.9549295774647887 0.028662420382165606 0.0676056338028169
0 0.46656050955414013 0.4563380281690141 0.027070063694267517 0.0676056338028169
0 0.7929936305732485 0.27887323943661974 0.028662420382165606 0.059154929577464786
0 0.31528662420382164 0.5352112676056338 0.027070063694267517 0.0676056338028169
0 0.31369426751592355 0.6338028169014085 0.027070063694267517 0.0676056338028169
