0 0.17777777777777778 0.6962264150943396 0.03 0.06415094339622641
0 0.5833333333333334 0.2320754716981132 0.028888888888888888 0.052830188679245285
0 0.13333333333333333 0.3490566037735849 0.028888888888888888 0.05849056603773585
0 0.04666666666666667 0.20943396226415095 0.028888888888888888 0.052830188679245285
0 0.7933333333333333 0.44339622641509435 0.028888888888888888 0.05849056603773585
0 0.7533333333333333 0.2622641509433962 0.028888888888888888 0.052830188679245285
0 0.3088888888888889 0.11132075471698114 0.028888888888888888 0.052830188679245285
0 0.7711111111111111 0.5849056603773585 0.028888888888888888 0.05849056603773585
0 0.2677777777777778 0.11132075471698114 0.028888888888888888 0.052830188679245285
0 0.41333333333333333 0.6396226415094339 0.028888888888888888 0.05849056603773585
0 0.9744444444444444 0.06981132075471698 0.028888888888888888 0.052830188679245285
0 0.9444444444444444 0.9056603773584906 0.03 0.06415094339622641
0 0.33555555555555555 0.5716981132075472 0.028888888888888888 0.05849056603773585
0 0.4955555555555556 0.9849056603773585 0.03 0.06415094339622641
0 0.15555555555555556 0.8415094339622642 0.03 0.06415094339622641
0 0.12777777777777777 0.46037735849056605 0.028888888888888888 0.05849056603773585
0 0.5355555555555556 0.47924528301886793 0.028888888888888888 0.05849056603773585
0 0.2288888888888889 0.5037735849056604 0.028888888888888888 0.05849056603773585
0 0.7855555555555556 0.6584905660377358 0.028888888888888888 0.05849056603773585
0 0.6955555555555556 0.9773584905660377 0.03 0.06415094339622641
0 0.37444444444444447 0.48867924528301887 0.028888888888888888 0.05849056603773585
0 0.94 0.4188679245283019 0.028888888888888888 0.05849056603773585
0 0.4855555555555556 0.22641509433962265 0.028888888888888888 0.052830188679245285
0 0.3244444444444444 0.8226415094339623 0.03 0.06415094339622641
0 0.17666666666666667 0.024528301886792454 0.028888888888888888 0.052830188679245285
0 0.23666666666666666 0.6924528301886792 0.028888888888888888 0.06037735849056604
0 0.7055555555555556 0.3169811320754717 0.028888888888888888 0.052830188679245285
0 0.4955555555555556 0.8622641509433963 0.03 0.06415094339622641
0 0.2 0.2811320754716981 0.028888888888888888 0.052830188679245285
0 0.28555555555555556 0.6490566037735849 0.028888888888888888 0.05849056603773585
0 0.6622222222222223 0.2509433962264151 0.028888888888888888 0.052830188679245285
0 0.92 0.31886792452830187 0.028888888888888888 0.052830188679245285
0 0.034444444444444444 0.062264150943396226 0.028888888888888888 0.052830188679245285
0 0.5722222222222222 0.6188679245283019 0.028888888888888888 0.05849056603773585
0 0.9666666666666667 0.7679245283018868 0.03 0.06415094339622641
0 0.3377777777777778 0.4056603773584906 0.028888888888888888 0.05849056603773585
0 0.9944444444444445 0.15660377358490565 0.028888888888888888 0.052830188679245285
0 0.45111111111111113 0.37924528301886795 0.028888888888888888 0.05849056603773585
0 0.4588888888888889 0.4358490566037736 0.028888888888888888 0.05849056603773585
0 0.7166666666666667 0.5641509433962264 0.028888888888888888 0.05849056603773585
0 0.4677777777777778 0.7811320754716982 0.03 0.06415094339622641
0 0.06888888888888889 0.02830188679245283 0.028888888888888888 0.052830188679245285
0 0.013333333333333334 0.016981132075471698 0.028888888888888888 0.052830188679245285
0 0.8544444444444445 0.2 0.028888888888888888 0.052830188679245285
0 0.3411111111111111 0.6622641509433962 0.028888888888888888 0.05849056603773585
0 0.8622222222222222 0.4490566037735849 0.028888888888888888 0.05849056603773585
0 0.5311111111111111 0.730188679245283 0.03 0.06415094339622641
0 0.9433333333333334 0.6358490566037736 0.028888888888888888 0.05849056603773585
0 0.49333333333333335 0.9641509433962264 0.03 0.06415094339622641
0 0.4444444444444444 0.6188679245283019 0.028888888888888888 0.05849056603773585
0 0.023333333333333334 0.9207547169811321 0.03 0.06415094339622641
0 0.35 0.08490566037735849 0.028888888888888888 0.052830188679245285
0 0.5977777777777777 0.013207547169811321 0.028888888888888888 0.052830188679245285
0 0.22555555555555556 0.1509433962264151 0.028888888888888888 0.052830188679245285
0 0.7433333333333333 0.04150943396226415 0.028888888888888888 0.052830188679245285
0 0.6088888888888889 0.09056603773584905 0.028888888888888888 0.052830188679245285
0 0.9444444444444444 0.24150943396226415 0.028888888888888888 0.052830188679245285
0 0.8433333333333334 0.12452830188679245 0.028888888888888888 0.052830188679245285
0 0.16333333333333333 0.2 0.028888888888888888 0.052830188679245285
0 0.6611111111111111 0.6452830188679245 0.028888888888888888 0.05849056603773585
0 0.39222222222222225 0.969811320754717 0.03 0.06415094339622641
0 0.5588888888888889 0.5264150943396226 0.028888888888888888 0.05849056603773585
0 0.61 0.37358490566037733 0.028888888888888888 0.05849056603773585
0 0.49666666666666665 0.03773584905660377 0.028888888888888888 0.052830188679245285
0 0.20444444444444446 0.7943396226415095 0.028888888888888888 0.062264150943396226
0 0.5588888888888889 0.3849056603773585 0.028888888888888888 0.05849056603773585
0 0.24222222222222223 0.23962264150943396 0.028888888888888888 0.052830188679245285
0 0.06 0.7471698113207547 0.03 0.06415094339622641
0 0.09777777777777778 0.9 0.03 0.06415094339622641
0 0.7833333333333333 0.8981132075471698 0.03 0.06415094339622641
0 0.8022222222222222 0.3849056603773585 0.028888888888888888 0.05849056603773585
0 0.23777777777777778 0.4509433962264151 0.028888888888888888 0.05849056603773585
0 0.21777777777777776 0.6226415094339622 0.028888888888888888 0.05849056603773585
0 0.02666666666666667 0.7188679245283018 0.028888888888888888 0.06037735849056604
0 0.13777777777777778 0.5773584905660377 0.028888888888888888 0.05849056603773585
0 0.8777777777777778 0.2528301886792453 0.028888888888888888 0.052830188679245285
0 0.4022222222222222 0.4207547169811321 0.028888888888888888 0.05849056603773585
0 0.8711111111111111 0.6245283018867924 0.028888888888888888 0.05849056603773585
0 0.31555555555555553 0.7433962264150943 0.03 0.06415094339622641
0 0.027777777777777776 0.8566037735849057 0.03 0.06415094339622641
0 0.7477777777777778 0.10754716981132076 0.028888888888888888 0.052830188679245285
0 0.9911111111111112 0.06037735849056604 0.028888888888888888 0.052830188679245285
0 0.9266666666666666 0.7056603773584905 0.03 0.06415094339622641
0 0.14888888888888888 0.10566037735849057 0.028888888888888888 0.052830188679245285
0 0.6911111111111111 0.8377358490566038 0.03 0.06415094339622641
0 0.79 0.9566037735849057 0.03 0.06415094339622641
0 0.4533333333333333 0.3169811320754717 0.028888888888888888 0.052830188679245285
0 0.5577777777777778 0.1811320754716981 0.028888888888888888 0.052830188679245285
0 0.4922222222222222 0.13584905660377358 0.028888888888888888 0.052830188679245285
0 0.6911111111111111 0.05660377358490566 0.028888888888888888 0.052830188679245285
0 0.7088888888888889 0.439622641509434 0.028888888888888888 0.05849056603773585
0 0.37222222222222223 0.8056603773584906 0.03 0.06415094339622641
0 0.21777777777777776 0.7433962264150943 0.028888888888888888 0.062264150943396226
0 0.99 0.27547169811320754 0.028888888888888888 0.052830188679245285
0 0.8444444444444444 0.7245283018867924 0.03 0.06415094339622641
0 0.6977777777777778 0.7094339622641509 0.03 0.06415094339622641
0 0.5122222222222222 0.7566037735849057 0.03 0.06415094339622641
0 0.5133333333333333 0.6547169811320754 0.028888888888888888 0.05849056603773585
0 0.9044444444444445 0.5037735849056604 0.028888888888888888 0.05849056603773585
0 0.28888888888888886 0.539622641509434 0.028888888888888888 0.05849056603773585
0 0.027777777777777776 0.9132075471698113 0.03 0.06415094339622641
0 0.29777777777777775 0.2830188679245283 0.028888888888888888 0.052830188679245285
0 0.6844444444444444 0.8962264150943396 0.03 0.06415094339622641
0 0.11222222222222222 0.6264150943396226 0.028888888888888888 0.05849056603773585
0 0.6077777777777778 0.33773584905660375 0.028888888888888888 0.05849056603773585
0 0.33 0.23962264150943396 0.028888888888888888 0.052830188679245285
0 0.17 0.4339622641509434 0.028888888888888888 0.05849056603773585
0 0.9911111111111112 0.6075471698113207 0.028888888888888888 0.06037735849056604
0 0.24222222222222223 0.9018867924528302 0.03 0.06415094339622641
0 0.61 0.7226415094339622 0.03 0.06415094339622641
0 0.9411111111111111 0.12075471698113208 0.028888888888888888 0.052830188679245285
0 0.6588888888888889 0.8301886792452831 0.03 0.06415094339622641
0 0.2677777777777778 0.34150943396226413 0.028888888888888888 0.05849056603773585
0 0.7477777777777778 0.9377358490566038 0.03 0.06415094339622641
0 0.33666666666666667 0.6471698113207547 0.028888888888888888 0.05849056603773585
0 0.9966666666666667 0.47924528301886793 0.028888888888888888 0.05660377358490566
0 0.023333333333333334 0.6150943396226415 0.028888888888888888 0.06037735849056604
0 0.6433333333333333 0.15849056603773584 0.028888888888888888 0.052830188679245285
0 0.04777777777777778 0.8056603773584906 0.03 0.06415094339622641
0 0.8011111111111111 0.27547169811320754 0.028888888888888888 0.052830188679245285
0 0.6311111111111111 0.439622641509434 0.028888888888888888 0.05849056603773585
0 0.6655555555555556 0.035849056603773584 0.028888888888888888 0.052830188679245285
0 0.8188888888888889 0.5283018867924528 0.028888888888888888 0.05849056603773585
0 0.35888888888888887 0.909433962264151 0.03 0.06415094339622641
0 0.20666666666666667 0.9377358490566038 0.03 0.06415094339622641
0 0.36 0.13962264150943396 0.028888888888888888 0.052830188679245285
0 0.5788888888888889 0.47735849056603774 0.028888888888888888 0.05849056603773585
0 0.8922222222222222 0.3754716981132076 0.028888888888888888 0.05849056603773585
0 0.7744444444444445 0.045283018867924525 0.028888888888888888 0.052830188679245285
0 0.5333333333333333 0.27735849056603773 0.028888888888888888 0.052830188679245285
0 0.023333333333333334 0.6735849056603773 0.028888888888888888 0.05849056603773585
0 0.11555555555555555 0.27169811320754716 0.028888888888888888 0.052830188679245285
0 0.9133333333333333 0.5886792452830188 0.028888888888888888 0.05849056603773585
0 0.4266666666666667 0.730188679245283 0.03 0.06415094339622641
0 0.057777777777777775 0.38113207547169814 0.028888888888888888 0.05849056603773585
0 0.3877777777777778 0.8566037735849057 0.03 0.06415094339622641
0 0.025555555555555557 0.3283018867924528 0.028888888888888888 0.052830188679245285
0 0.07222222222222222 0.5283018867924528 0.028888888888888888 0.05849056603773585
0 0.42333333333333334 0.17358490566037735 0.028888888888888888 0.052830188679245285
0 0.5444444444444444 0.45660377358490567 0.028888888888888888 0.05849056603773585
0 0.044444444444444446 0.530188679245283 0.028888888888888888 0.05849056603773585
0 0.31555555555555553 0.8679245283018868 0.03 0.06415094339622641
0 0.4311111111111111 0.8962264150943396 0.03 0.06415094339622641
0 0.3977777777777778 0.6471698113207547 0.028888888888888888 0.05849056603773585
0 0.7844444444444445 0.12264150943396226 0.028888888888888888 0.052830188679245285
0 0.015555555555555555 0.3452830188679245 0.028888888888888888 0.052830188679245285
0 0.52 0.06792452830188679 0.028888888888888888 0.052830188679245285
0 0.14 0.7849056603773585 0.03 0.06415094339622641
0 0.86 0.0509433962264151 0.028888888888888888 0.052830188679245285
0 0.14 0.5132075471698113 0.028888888888888888 0.05849056603773585
0 0.2088888888888889 0.06415094339622641 0.028888888888888888 0.052830188679245285
0 0.8044444444444444 0.33962264150943394 0.028888888888888888 0.05849056603773585
0 0.7411111111111112 0.49433962264150944 0.028888888888888888 0.05849056603773585
0 0.5488888888888889 0.4056603773584906 0.028888888888888888 0.05849056603773585
0 0.043333333333333335 0.469811320754717 0.028888888888888888 0.05849056603773585
0 0.07555555555555556 0.1830188679245283 0.028888888888888888 0.052830188679245285
0 0.2688888888888889 0.018867924528301886 0.028888888888888888 0.052830188679245285
0 0.6066666666666667 0.6509433962264151 0.028888888888888888 0.05849056603773585
0 0.5655555555555556 0.1018867924528302 0.028888888888888888 0.052830188679245285
0 0.42777777777777776 0.11320754716981132 0.028888888888888888 0.052830188679245285
0 0.9388888888888889 0.27169811320754716 0.028888888888888888 0.052830188679245285
0 0.7788888888888889 0.7735849056603774 0.03 0.06415094339622641
0 0.37777777777777777 0.360377358490566 0.028888888888888888 0.05849056603773585
0 0.56 0.9358490566037736 0.03 0.06415094339622641
0 0.09111111111111111 0.25471698113207547 0.028888888888888888 0.052830188679245285
0 0.8711111111111111 0.8415094339622642 0.03 0.06415094339622641
0 0.8422222222222222 0.8358490566037736 0.03 0.06415094339622641
