0 0.921875 0.0687732342007435 0.0075 0.012081784386617101
0 0.235625 0.30111524163568776 0.006875 0.01486988847583643
0 0.113125 0.30855018587360594 0.006875 0.01486988847583643
0 0.4175 0.42657992565055763 0.010625 0.02137546468401487
0 0.338125 0.36988847583643125 0.006875 0.01486988847583643
0 0.958125 0.3513011152416357 0.0075 0.013940520446096654
0 0.248125 0.1654275092936803 0.0075 0.011152416356877323
0 0.049375 0.3252788104089219 0.006875 0.01486988847583643
0 0.13 0.09107806691449814 0.0075 0.011152416356877323
0 0.7775 0.137546468401487 0.0075 0.012081784386617101
0 0.8075 0.3466542750929368 0.0075 0.013940520446096654
0 0.94625 0.4275092936802974 0.0075 0.013940520446096654
0 0.285 0.2871747211895911 0.006875 0.01486988847583643
0 0.705 0.11617100371747212 0.0075 0.012081784386617101
0 0.0125 0.33643122676579923 0.006875 0.01486988847583643
0 0.389375 0.32342007434944237 0.006875 0.01486988847583643
0 0.174375 0.15613382899628253 0.0075 0.011152416356877323
0 0.136875 0.33736059479553904 0.006875 0.01486988847583643
0 0.75375 0.3587360594795539 0.0075 0.013940520446096654
0 0.5025 0.33271375464684017 0.006875 0.01486988847583643
0 0.22 0.13940520446096655 0.0075 0.011152416356877323
0 0.865 0.3559479553903346 0.0075 0.013940520446096654
0 0.82625 0.17936802973977695 0.0075 0.012081784386617101
0 0.08875 0.3048327137546468 0.006875 0.01486988847583643
0 0.961875 0.20631970260223048 0.0075 0.012081784386617101
0 0.205 0.31970260223048325 0.006875 0.01486988847583643
0 0.845625 0.2342007434944238 0.0075 0.012081784386617101
0 0.75375 0.1421933085501859 0.0075 0.012081784386617101
0 0.8225 0.4163568773234201 0.0075 0.013940520446096654
0 0.910625 0.46654275092936803 0.009375 0.015799256505576207
0 0.12375 0.44423791821561337 0.010625 0.02137546468401487
0 0.121875 0.3382899628252788 0.006875 0.01486988847583643
0 0.728125 0.35687732342007433 0.0075 0.013940520446096654
0 0.67875 0.3745353159851301 0.0075 0.013940520446096654
0 0.475625 0.40427509293680297 0.010625 0.02137546468401487
0 0.895 0.3513011152416357 0.0075 0.013940520446096654
0 0.305625 0.3299256505576208 0.006875 0.01486988847583643
0 0.2 0.3513011152416357 0.006875 0.01486988847583643
0 0.288125 0.12174721189591078 0.0075 0.011152416356877323
0 0.64 0.38382899628252787 0.006875 0.01486988847583643
0 0.26 0.09107806691449814 0.0075 0.011152416356877323
0 0.106875 0.1607806691449814 0.0075 0.011152416356877323
0 0.235 0.10408921933085502 0.0075 0.011152416356877323
0 0.8825 0.37825278810408924 0.0075 0.013940520446096654
0 0.93 0.35315985130111527 0.0075 0.013940520446096654
0 0.8 0.11245353159851301 0.0075 0.012081784386617101
0 0.605 0.3447955390334573 0.006875 0.01486988847583643
0 0.92125 0.15148698884758363 0.0075 0.012081784386617101
0 0.198125 0.17936802973977695 0.0075 0.011152416356877323
0 0.079375 0.17007434944237917 0.0075 0.011152416356877323
0 0.271875 0.32620817843866173 0.006875 0.01486988847583643
0 0.761875 0.3382899628252788 0.0075 0.013940520446096654
0 0.220625 0.9702602230483272 0.00875 0.017657992565055763
0 0.1675 0.36059479553903345 0.006875 0.01486988847583643
0 0.8975 0.11895910780669144 0.0075 0.012081784386617101
0 0.10375 0.11802973977695168 0.0075 0.011152416356877323
0 0.925 0.17565055762081785 0.0075 0.012081784386617101
0 0.948125 0.17007434944237917 0.0075 0.012081784386617101
0 0.850625 0.41263940520446096 0.0075 0.013940520446096654
0 0.6525 0.36895910780669144 0.006875 0.013940520446096654
0 0.50875 0.3736059479553903 0.006875 0.01486988847583643
0 0.8975 0.20631970260223048 0.0075 0.012081784386617101
0 0.18375 0.2983271375464684 0.006875 0.01486988847583643
0 0.79625 0.40892193308550184 0.0075 0.013940520446096654
0 0.728125 0.22769516728624536 0.0075 0.012081784386617101
0 0.48375 0.3503717472118959 0.006875 0.01486988847583643
0 0.298125 0.3643122676579926 0.006875 0.01486988847583643
0 0.753125 0.1737918215613383 0.0075 0.012081784386617101
0 0.420625 0.36059479553903345 0.006875 0.01486988847583643
0 0.850625 0.17657992565055763 0.0075 0.012081784386617101
0 0.38625 0.35687732342007433 0.006875 0.01486988847583643
0 0.26 0.1496282527881041 0.0075 0.011152416356877323
0 0.465 0.34014869888475835 0.006875 0.01486988847583643
0 0.24375 0.4079925650557621 0.010625 0.02137546468401487
0 0.8775 0.11617100371747212 0.0075 0.012081784386617101
0 0.2375 0.35687732342007433 0.006875 0.01486988847583643
0 0.56375 0.33643122676579923 0.006875 0.01486988847583643
0 0.2275 0.4154275092936803 0.010625 0.02137546468401487
0 0.515625 0.3215613382899628 0.006875 0.01486988847583643
0 0.2375 0.3243494423791822 0.006875 0.01486988847583643
0 0.966875 0.1412639405204461 0.0075 0.012081784386617101
0 0.499375 0.31970260223048325 0.006875 0.01486988847583643
0 0.360625 0.3587360594795539 0.006875 0.01486988847583643
0 0.571875 0.3754646840148699 0.006875 0.01486988847583643
0 0.441875 0.31691449814126393 0.006875 0.01486988847583643
0 0.22125 0.19144981412639406 0.0075 0.011152416356877323
0 0.8775 0.17007434944237917 0.0075 0.012081784386617101
0 0.72125 0.1607806691449814 0.0075 0.012081784386617101
0 0.763125 0.41356877323420077 0.0075 0.013940520446096654
0 0.20625 0.09386617100371747 0.0075 0.011152416356877323
0 0.199375 0.11988847583643122 0.0075 0.011152416356877323
0 0.94625 0.39312267657992567 0.0075 0.013940520446096654
0 0.133125 0.11431226765799256 0.0075 0.011152416356877323
0 0.90375 0.17286245353159851 0.0075 0.012081784386617101
0 0.80625 0.6942379182156134 0.013125 0.017657992565055763
0 0.03375 0.3048327137546468 0.006875 0.01486988847583643
0 0.123125 0.17565055762081785 0.0075 0.011152416356877323
0 0.60875 0.3745353159851301 0.006875 0.01486988847583643
0 0.92 0.11895910780669144 0.0075 0.012081784386617101
0 0.874375 0.14591078066914498 0.0075 0.012081784386617101
0 0.20125 0.14405204460966542 0.0075 0.011152416356877323
0 0.87125 0.20353159851301114 0.0075 0.012081784386617101
0 0.1825 0.09293680297397769 0.0075 0.011152416356877323
0 0.82125 0.3345724907063197 0.0075 0.013940520446096654
0 0.185625 0.3224907063197026 0.006875 0.01486988847583643
0 0.320625 0.27973977695167285 0.006875 0.01486988847583643
0 0.775625 0.23327137546468402 0.0075 0.012081784386617101
0 0.216875 0.33736059479553904 0.006875 0.01486988847583643
0 0.4225 0.3215613382899628 0.006875 0.01486988847583643
0 0.91 0.38661710037174724 0.0075 0.013940520446096654
0 0.15125 0.09014869888475836 0.0075 0.011152416356877323
0 0.9425 0.20631970260223048 0.0075 0.012081784386617101
0 0.534375 0.42657992565055763 0.010625 0.02137546468401487
0 0.7025 0.354089219330855 0.0075 0.013940520446096654
0 0.74375 0.32806691449814124 0.0075 0.013940520446096654
0 0.855625 0.3856877323420074 0.0075 0.013940520446096654
0 0.053125 0.2955390334572491 0.006875 0.01486988847583643
0 0.1625 0.11431226765799256 0.0075 0.011152416356877323
0 0.8375 0.35315985130111527 0.0075 0.013940520446096654
0 0.6875 0.10966542750929369 0.0075 0.012081784386617101
