0 0.48615384615384616 0.4975 0.016923076923076923 0.0325
0 0.39076923076923076 0.46 0.03230769230769231 0.0575
0 0.21846153846153846 0.515 0.024615384615384615 0.055
0 0.3230769230769231 0.51 0.009230769230769232 0.02
0 0.4523076923076923 0.51 0.016923076923076923 0.0325
0 0.25384615384615383 0.5025 0.009230769230769232 0.02
0 0.27692307692307694 0.515 0.009230769230769232 0.02
0 0.5523076923076923 0.4875 0.016923076923076923 0.0325
0 0.1 0.505 0.010769230769230769 0.02
0 0.6184615384615385 0.45 0.033846153846153845 0.065
0 0.5338461538461539 0.53 0.016923076923076923 0.0325
0 0.8569230769230769 0.545 0.015384615384615385 0.025
0 0.18615384615384614 0.48 0.024615384615384615 0.055
0 0.2969230769230769 0.52 0.009230769230769232 0.02
